# start_epoch=1786717045.432581  page_size=4096  cachestat=ok  fields=size,resident,shared,text,lib,data,dt,pagecache
1786717046.432829 172397 27175 7759 99 0 158392 0 1
1786717047.432766 172397 27175 7759 99 0 158392 0 1
1786717048.499958 2817668 49503 29789 99 0 161848 0 29886
1786717049.498332 2836008 67032 47312 99 0 161848 0 44020
1786717050.502229 2831342 55224 35489 99 0 163896 0 50152
1786717051.499126 2831342 62230 42495 99 0 163896 0 57215
1786717052.498996 2842941 52335 32599 99 0 163896 0 56624
1786717053.500211 2861226 69803 50067 99 0 163896 0 72188
1786717054.499939 2861226 80299 60563 99 0 163896 0 74004
1786717055.436629 2872728 68907 49283 99 0 163896 0 82581
1786717056.503614 2909267 101781 82149 99 0 163896 0 110689
1786717057.505741 2909267 104694 85062 99 0 163896 0 125273
1786717058.503968 2909267 107238 87606 99 0 163896 0 139208
1786717059.506339 2927567 121907 102273 99 0 163896 0 138052
1786717060.507025 2927567 123711 104077 99 0 163896 0 151442
1786717061.504567 2927567 126099 106463 99 0 163896 0 148608
1786717062.500770 2945852 140281 120645 99 0 163896 0 157430
1786717063.499506 2956495 85436 65767 99 0 163896 0 161083
1786717064.506296 4012491 108533 88863 99 0 163896 0 157987
1786717065.505410 2954356 104059 84389 99 0 163896 0 171919
1786717066.505836 2954356 106351 86676 99 0 163896 0 176783
1786717067.509037 4030806 123663 103988 99 0 163896 0 181539
1786717068.506071 2972671 125077 105453 99 0 163896 0 179373
1786717069.501071 2977268 82856 63258 99 0 163896 0 176733
1786717070.445990 3020442 102508 82910 99 0 163896 0 222412
1786717071.509798 2987137 104988 85380 99 0 163896 0 200744
1786717072.597574 2987137 107552 87944 99 0 163896 0 214593
1786717073.509708 3005422 121846 102233 99 0 163896 0 211969
1786717074.508494 3005422 123830 104217 99 0 163896 0 224558
1786717075.508402 3005422 125988 106387 99 0 163896 0 228774
1786717076.510624 3023737 140161 120557 99 0 163896 0 234152
1786717077.600974 3033121 106047 86486 99 0 163896 0 244679
1786717078.520799 3053762 87789 68235 99 0 163896 0 257439
1786717079.699209 3059586 103628 84128 99 0 163896 0 237313
1786717080.597786 3030478 105314 85814 99 0 163896 0 248790
1786717081.598514 3030478 107940 88440 99 0 163896 0 253195
1786717082.598317 3048778 124761 105256 99 0 163896 0 259667
1786717083.599230 3048778 129244 109739 99 0 163896 0 265142
1786717084.508448 3048778 133855 114350 99 0 163896 0 270930
1786717085.506682 3067078 149084 129577 99 0 163896 0 280800
1786717086.504485 3039650 70169 50699 99 0 163896 0 252999
1786717087.528259 3150765 88242 68772 99 0 163896 0 363508
1786717088.698601 3159935 103595 84138 99 0 163896 0 352738
1786717089.618215 3123785 105888 86464 99 0 163896 0 338408
1786717090.615011 3190085 109411 89987 99 0 163896 0 414694
1786717091.607765 3224488 112190 92761 99 0 163896 0 443742
1786717092.697666 3242788 126074 106645 99 0 163896 0 457366
1786717093.609185 3242788 128195 108764 99 0 163896 0 461355
1786717094.609799 3242788 130306 110874 99 0 163896 0 465226
1786717095.599880 3261088 144301 124881 99 0 163896 0 469121
1786717096.710147 3172446 72895 53536 99 0 163896 0 374157
1786717097.613891 3071084 77021 57662 99 0 163896 0 294299
1786717098.613684 3116111 93710 74345 99 0 163896 0 325669
1786717099.603625 3116111 99719 80354 99 0 163896 0 331347
1786717100.619465 3156038 103806 84446 99 0 163896 0 377839
1786717101.598973 3155011 117843 98493 99 0 163896 0 350838
1786717102.708929 3154368 78696 59346 99 0 163896 0 372499
1786717103.709866 3180529 84944 65594 99 0 163896 0 402987
1786717104.713993 3222360 102577 83221 99 0 163896 0 432857
1786717105.697802 3222360 107864 88508 99 0 163896 0 444340
1786717106.606957 3262755 113406 94048 99 0 163896 0 479326
1786717107.709438 3183186 118175 98815 99 0 163896 0 372427
1786717108.602205 3065235 74953 55563 99 0 163896 0 282655
1786717109.598557 3113306 79882 60516 99 0 163896 0 334399
1786717110.600741 3131591 94423 75248 99 0 163896 0 339895
1786717111.603889 3241555 113080 93905 99 0 163896 0 449610
1786717112.803264 3261306 121790 102618 99 0 163896 0 461452
1786717113.800767 3135508 74775 55603 99 0 163896 0 352787
1786717114.706492 3130107 78032 58860 99 0 163896 0 358050
1786717115.606494 3188477 95898 76719 99 0 163896 0 402182
1786717116.601382 3270111 104159 84978 99 0 163896 0 481944
1786717117.602881 3288411 123880 104709 99 0 163896 0 492655
1786717118.712490 3215055 101246 82074 99 0 163896 0 426529
1786717119.709191 3129402 86259 66844 99 0 163896 0 317219
1786717120.705627 3141988 81858 62443 99 0 163896 0 360015
1786717121.703732 3160288 98173 78758 99 0 163896 0 371949
1786717122.617980 3160288 101683 82312 99 0 163896 0 377362
1786717123.698883 3168225 115849 96508 99 0 163896 0 378527
1786717124.713053 3266150 78009 58668 99 0 163896 0 480475
1786717125.710285 3293769 84362 65021 99 0 163896 0 512622
1786717126.704538 3343114 93187 73841 99 0 163896 0 568389
1786717127.704994 3361414 112084 92737 99 0 163896 0 575928
1786717128.697720 3361414 119916 100577 99 0 163896 0 575856
1786717129.897491 3368322 137432 117845 99 0 163896 0 576143
1786717130.703588 3164329 103339 83799 99 0 163896 0 371535
1786717131.608277 3127061 78007 58467 99 0 163896 0 353861
1786717132.711865 3207099 97108 77563 99 0 163896 0 421616
1786717133.599152 3207099 100591 81056 99 0 163896 0 419464
1786717134.709648 3292196 117387 97852 99 0 163896 0 502937
1786717135.804144 3258624 119113 99567 99 0 163896 0 470007
1786717136.700220 3258624 122144 102598 99 0 163896 0 480937
1786717137.911499 3262735 81610 62056 99 0 163896 0 488131
1786717138.712639 3281020 100708 81154 99 0 163896 0 492761
1786717139.699636 3281020 105259 85661 99 0 163896 0 496359
1786717140.698951 3385589 124862 105264 99 0 163896 0 591904
1786717141.806893 3339954 128925 109347 99 0 163896 0 523083
1786717143.099582 3314247 105908 86330 99 0 163896 0 534137
1786717143.717354 3258981 80962 61384 99 0 163896 0 472480
1786717144.608940 3277266 96525 76940 99 0 163896 0 486034
1786717145.898767 3343704 103658 84073 99 0 163896 0 566462
1786717146.799894 3401698 111863 92276 99 0 163896 0 613193
1786717147.802514 3394117 126406 106864 99 0 163896 0 578539
1786717148.906908 3288516 118859 99315 99 0 163896 0 454637
1786717149.699316 3239139 78673 58674 99 0 163896 0 465090
1786717150.607842 3318840 96175 76272 99 0 163896 0 524848
1786717151.607448 3318840 102152 82249 99 0 163896 0 532293
1786717152.709068 3380738 121925 102022 99 0 163896 0 586405
1786717153.517085 3232242 122790 102898 99 0 163896 0 443560
1786717154.713944 3250527 139713 119807 99 0 163896 0 458661
1786717155.804167 3299522 143130 123224 99 0 163896 0 518927
1786717156.703689 3330957 98440 78534 99 0 163896 0 551970
1786717157.902756 3428238 114639 94727 99 0 163896 0 635239
1786717158.800493 3462968 121060 101148 99 0 163896 0 684333
1786717159.798489 3462968 128078 108164 99 0 163896 0 682742
1786717160.705383 3481268 147322 127335 99 0 163896 0 692811
1786717161.698348 3481268 155455 135487 99 0 163896 0 694101
1786717163.106541 3412133 145144 125151 99 0 163896 0 627129
1786717163.901558 3260208 99466 79473 99 0 163896 0 470042
1786717164.604963 3285817 97172 77182 99 0 163896 0 491058
1786717165.608157 3285817 100010 80020 99 0 163896 0 505252
1786717166.615315 3360862 116461 96471 99 0 163896 0 568049
1786717167.705066 3360862 124467 104477 99 0 163896 0 573589
1786717168.806865 3329888 128732 108737 99 0 163896 0 549303
1786717170.106732 3357413 127327 107332 99 0 163896 0 585914
1786717170.799217 3355622 100269 80274 99 0 163896 0 572650
1786717171.808561 3381618 106146 86144 99 0 163896 0 601692
1786717172.798531 3399918 121113 101111 99 0 163896 0 612960
1786717173.906462 3433430 126020 106016 99 0 163896 0 643684
1786717174.907361 3376426 128882 108889 99 0 163896 0 567372
1786717176.111951 3421653 125569 105576 99 0 163896 0 633640
1786717176.806626 3368265 95610 75610 99 0 163896 0 562861
1786717177.711457 3424423 100686 80686 99 0 163896 0 643780
1786717178.706790 3424423 104769 84767 99 0 163896 0 638876
1786717179.613220 3442723 120927 100935 99 0 163896 0 650750
1786717181.906975 3561108 131181 111182 99 0 163896 0 709156
1786717183.005963 3416032 82400 62401 99 0 163896 0 616321
1786717183.801869 3380399 96864 76865 99 0 163896 0 595653
1786717184.612915 3380399 100978 80971 99 0 163896 0 590222
1786717185.801692 3444965 104440 84433 99 0 163896 0 666705
1786717186.900769 3402957 120027 100047 99 0 163896 0 576235
1786717187.812246 3391512 122466 102486 99 0 163896 0 609210
1786717188.810548 3391512 126319 106339 99 0 163896 0 612910
1786717189.804386 3421738 85086 65100 99 0 163896 0 654850
1786717190.708125 3514945 104008 84021 99 0 163896 0 726773
1786717191.699188 4591380 125573 105597 99 0 163896 0 735239
1786717192.997783 3530151 128564 108592 99 0 163896 0 704888
1786717193.802513 3466632 79222 59250 99 0 163896 0 668197
1786717195.113764 3428175 81987 62015 99 0 163896 0 644471
1786717195.905528 3424202 97027 77054 99 0 163896 0 630393
1786717196.898696 3506028 101088 81108 99 0 163896 0 722967
1786717197.711643 3506028 106988 87018 99 0 163896 0 724256
1786717198.703438 3524324 126693 106723 99 0 163896 0 731462
1786717200.002331 3484334 94937 74967 99 0 163896 0 675593
1786717200.901083 3363460 78560 58590 99 0 163896 0 588884
1786717201.704887 3381745 94952 74982 99 0 163896 0 591346
1786717202.703441 3456482 98867 78899 99 0 163896 0 668119
1786717203.706800 3456482 103942 83974 99 0 163896 0 673016
1786717204.703789 3474764 122636 102667 99 0 163896 0 687559
1786717205.911436 3554171 127977 107997 99 0 163896 0 754305
1786717206.997840 3447258 128630 108650 99 0 163896 0 675622
1786717207.915974 3425655 105306 85405 99 0 163896 0 620442
1786717208.808986 3404897 92807 72906 99 0 163896 0 620192
1786717209.917200 3404897 98865 78959 99 0 163896 0 625072
1786717210.811378 3404897 106991 87085 99 0 163896 0 621772
1786717211.699935 3423182 127390 107481 99 0 163896 0 631817
1786717212.818503 3463361 131349 111548 99 0 163896 0 681442
1786717214.097822 3491703 135044 115243 99 0 163896 0 722111
1786717215.002154 3510003 150777 130974 99 0 163896 0 730775
1786717216.007716 3598644 154570 134761 99 0 163896 0 806428
1786717216.801696 3507593 103228 83419 99 0 163896 0 720416
1786717217.702235 3533385 126146 106355 99 0 163896 0 726208
1786717219.017978 3534804 127660 107895 99 0 163896 0 747975
1786717220.011988 3607124 131509 111744 99 0 163896 0 828754
1786717221.000643 3510176 107146 87374 99 0 163896 0 730745
1786717221.722829 3558196 84475 64710 99 0 163896 0 768961
1786717222.713487 3576481 102034 82268 99 0 163896 0 790547
1786717223.800465 3576481 107362 87596 99 0 163896 0 794082
1786717224.800493 3632410 123492 103725 99 0 163896 0 811369
1786717225.898083 3567807 125991 106219 99 0 163896 0 736342
1786717227.004509 3585938 130544 110772 99 0 163896 0 771327
1786717227.997796 3494118 83694 64002 99 0 163896 0 705074
1786717228.912046 3508332 100839 81184 99 0 163896 0 718490
1786717229.899794 3610937 108351 88695 99 0 163896 0 832791
1786717230.811210 3610937 114416 94758 99 0 163896 0 829457
1786717231.711818 3694735 129850 110208 99 0 163896 0 902660
1786717233.212604 3606716 132134 112490 99 0 163896 0 777744
1786717234.208703 3590399 126934 107290 99 0 163896 0 741227
1786717234.815926 3462111 91250 71605 99 0 163896 0 654719
1786717235.999032 3530634 95549 75897 99 0 163896 0 746211
1786717236.912539 3530634 100742 81089 99 0 163896 0 750134
1786717237.706012 3548934 119095 99454 99 0 163896 0 755052
1786717238.702415 3548934 127418 107777 99 0 163896 0 762605
1786717239.818879 3498951 131000 111389 99 0 163896 0 694336
1786717241.001330 3503657 107625 88012 99 0 163896 0 684588
1786717241.804517 3493780 95845 76232 99 0 163896 0 705337
1786717242.799356 3568129 100872 81260 99 0 163896 0 779076
1786717243.727206 3568129 104863 85251 99 0 163896 0 790776
1786717244.799897 3586429 122466 102854 99 0 163896 0 795607
1786717245.702687 3586429 127163 107551 99 0 163896 0 797775
1786717247.014020 3531418 130417 110801 99 0 163896 0 723321
1786717247.999347 3505912 146872 127255 99 0 163896 0 720416
1786717249.110873 3672330 153751 134133 99 0 163896 0 838055
1786717250.008216 3654418 106502 86876 99 0 163896 0 872774
1786717250.916305 3672718 121029 101403 99 0 163896 0 883272
1786717251.812810 3672718 125509 105902 99 0 163896 0 885830
1786717252.905162 3672718 128457 108848 99 0 163896 0 883779
1786717254.207513 3675436 131310 111698 99 0 163896 0 881623
1786717255.108914 3666369 81315 61703 99 0 163896 0 879423
1786717255.999460 3607586 93975 74355 99 0 163896 0 825204
1786717257.001834 3607586 98421 78792 99 0 163896 0 820008
1786717257.911562 3607586 104497 84868 99 0 163896 0 832247
1786717258.901376 4742463 128909 109278 99 0 163896 0 888296
1786717259.999451 3744767 129574 110047 99 0 163896 0 921069
1786717260.903180 3543178 130041 110514 99 0 163896 0 757803
1786717261.804386 3434822 131956 112429 99 0 163896 0 658292
1786717262.718143 3453107 147067 127539 99 0 163896 0 661943
1786717263.905885 3453107 151354 131823 99 0 163896 0 665624
1786717264.802646 3651295 106251 86748 99 0 163896 0 872739
1786717265.711977 3667696 122055 102580 99 0 163896 0 873231
1786717267.015566 3693366 130934 111466 99 0 163896 0 828468
1786717268.004620 3524608 132400 112932 99 0 163896 0 699145
1786717268.814909 3447092 136323 116855 99 0 163896 0 668779
1786717269.804948 3531826 117459 97994 99 0 163896 0 715640
1786717270.719033 3606287 99141 79676 99 0 163896 0 821907
1786717271.711312 3651904 116161 96696 99 0 163896 0 855169
1786717272.710511 3651904 123457 103991 99 0 163896 0 862383
1786717274.111004 3655768 127356 107882 99 0 163896 0 858710
1786717274.909221 4612536 134504 115033 99 0 163896 0 763461
1786717276.009605 3466760 147335 127863 99 0 163896 0 679728
1786717276.905498 3530098 152602 133123 99 0 163896 0 745110
1786717277.909777 3530098 156227 136748 99 0 163896 0 748036
1786717278.710983 4662063 128475 108996 99 0 163896 0 811885
1786717279.906293 3643270 126006 106505 99 0 163896 0 851085
1786717280.806751 3643270 130441 110940 99 0 163896 0 864861
1786717282.206418 4764021 142922 123421 99 0 163896 0 898823
1786717283.110296 3607771 122752 103245 99 0 163896 0 788773
1786717283.807756 3549487 98119 78624 99 0 163896 0 762160
1786717284.707299 3549487 102367 82872 99 0 163896 0 767141
1786717285.810918 3592464 119161 99665 99 0 163896 0 768845
1786717287.001921 3561227 124020 104524 99 0 163896 0 780772
1786717288.007467 3561227 128570 109074 99 0 163896 0 783371
1786717288.811426 3579512 143630 124128 99 0 163896 0 786858
1786717290.010423 3643399 103160 83658 99 0 163896 0 861987
1786717290.909466 3643399 109137 89635 99 0 163896 0 866339
1786717291.802429 3661684 126136 106641 99 0 163896 0 862187
1786717292.716073 3519700 128986 109491 99 0 163896 0 707467
1786717293.615584 3516556 145924 126428 99 0 163896 0 720835
1786717294.911342 4696537 152745 133232 99 0 163896 0 851912
1786717296.012120 3663281 170362 150849 99 0 163896 0 921917
1786717297.209599 3849062 177124 157611 99 0 163896 0 1020264
1786717297.899668 3710749 124783 105265 99 0 163896 0 920012
1786717299.108656 3702580 130544 111038 99 0 163896 0 932365
1786717300.107885 3720860 145775 126266 99 0 163896 0 926527
1786717300.907959 3720860 149869 130360 99 0 163896 0 937075
1786717301.899993 3720860 154292 134783 99 0 163896 0 941930
1786717302.804110 3873922 170406 150903 99 0 163896 0 1076999
1786717304.120164 3873922 175229 155726 99 0 163896 0 1092488
1786717304.901318 4871503 180184 160689 99 0 163896 0 1014742
1786717306.097935 3696578 190780 171288 99 0 163896 0 884207
1786717307.001174 3573878 191957 172465 99 0 163896 0 810395
1786717308.009024 3647656 196493 176996 99 0 163896 0 864306
1786717309.398714 3766512 177663 158165 99 0 163896 0 949947
1786717310.201451 3799072 137311 117813 99 0 163896 0 1018664
1786717311.302355 3842858 141052 121552 99 0 163896 0 1065630
1786717312.009015 3861155 157922 138422 99 0 163896 0 1071378
1786717313.198939 3920858 164640 145140 99 0 163896 0 1143714
1786717314.004248 3987612 171491 152013 99 0 163896 0 1206091
1786717315.511531 4019879 188166 168687 99 0 163896 0 1143200
1786717317.204852 3731018 169429 149950 99 0 163896 0 913628
1786717318.208945 3617861 161504 142018 99 0 163896 0 776831
1786717318.997668 3500323 111344 91858 99 0 163896 0 720031
1786717319.804735 4576721 122897 103410 99 0 163896 0 729130
1786717320.910846 3518597 126374 106885 99 0 163896 0 732801
1786717322.000637 3660548 129513 110024 99 0 163896 0 877161
1786717322.821806 3660548 131277 111788 99 0 163896 0 882279
1786717323.803392 3690217 145521 126037 99 0 163896 0 871658
1786717325.009006 3673593 149873 130389 99 0 163896 0 880186
1786717326.201709 3792210 167038 147550 99 0 163896 0 991732
1786717326.918329 3695489 152004 132516 99 0 163896 0 892100
1786717327.999263 4698074 107740 88246 99 0 163896 0 858285
1786717329.016059 3700651 117020 97526 99 0 163896 0 920169
1786717330.010758 3700651 121128 101632 99 0 163896 0 914864
1786717330.923902 4960176 135685 116188 99 0 163896 0 1110243
1786717332.214535 3902052 142484 122987 99 0 163896 0 1123313
1786717332.921620 3902052 146989 127505 99 0 163896 0 1117096
1786717333.910678 3987807 153088 133604 99 0 163896 0 1195753
1786717334.811843 4082977 170698 151212 99 0 163896 0 1295650
1786717336.812928 4221366 178680 159196 99 0 163896 0 1411505
1786717338.814775 4056879 193963 174479 99 0 163896 0 1181386
1786717340.403688 3769318 152597 133112 99 0 163896 0 942215
1786717341.007389 3618304 116888 97397 99 0 163896 0 832122
1786717341.911549 3618304 121069 101578 99 0 163896 0 836289
1786717342.806975 3636604 137362 117870 99 0 163896 0 847778
1786717343.799164 3636604 142390 122897 99 0 163896 0 852488
1786717344.898118 3702973 147575 128094 99 0 163896 0 845282
1786717346.014208 3610863 163181 143690 99 0 163896 0 818740
1786717346.899482 3610863 168071 148580 99 0 163896 0 830507
1786717347.911395 3610863 173422 153931 99 0 163896 0 834558
1786717349.112347 3712365 190263 170766 99 0 163896 0 923007
1786717350.305877 3827012 196774 177277 99 0 163896 0 1041103
1786717350.904014 3827012 201916 182419 99 0 163896 0 1042798
1786717351.908491 3907666 136195 116695 99 0 163896 0 1125156
1786717353.212821 3986819 152937 133437 99 0 163896 0 1199161
1786717353.909197 3986819 159659 140157 99 0 163896 0 1202913
1786717354.901324 4036849 166067 146565 99 0 163896 0 1243906
1786717356.600122 4007657 181057 161601 99 0 163896 0 1130036
1786717358.208085 3701989 159852 140396 99 0 163896 0 924829
1786717359.001515 3668685 114023 94557 99 0 163896 0 862948
1786717360.008871 3649978 117847 98381 99 0 163896 0 864648
1786717360.707949 3649978 121379 101934 99 0 163896 0 868927
1786717361.715484 3668278 136129 116683 99 0 163896 0 872850
1786717362.814838 3754553 138668 119221 99 0 163896 0 969153
1786717364.006283 3754553 141538 122091 99 0 163896 0 971864
1786717364.801649 3772853 160066 140618 99 0 163896 0 985939
1786717365.899801 3821491 167491 148053 99 0 163896 0 1028538
1786717367.208310 3858373 183625 164176 99 0 163896 0 957010
1786717367.810181 3734256 113343 93894 99 0 163896 0 937212
1786717369.104295 3717870 116847 97398 99 0 163896 0 939978
1786717369.905129 3717870 120033 100578 99 0 163896 0 940619
1786717371.114218 3799465 135501 116045 99 0 163896 0 1009194
1786717372.109391 3799465 139808 120352 99 0 163896 0 1020583
1786717373.099540 3799465 143820 124364 99 0 163896 0 1023173
1786717373.908426 3908619 159033 139596 99 0 163896 0 1117520
1786717375.114396 3945213 164528 145104 99 0 163896 0 1143309
1786717376.007926 3846860 166358 146934 99 0 163896 0 1007676
1786717377.105976 3729785 167728 148382 99 0 163896 0 913436
1786717378.005823 3760985 180491 161146 99 0 163896 0 978847
1786717379.000045 3776929 113830 94483 99 0 163896 0 986094
1786717380.217042 3776929 117038 97684 99 0 163896 0 996296
1786717380.898628 3776929 120813 101459 99 0 163896 0 997865
1786717381.901949 3776929 125932 106576 99 0 163896 0 1000836
1786717382.920966 3975244 144624 125278 99 0 163896 0 1182462
1786717383.820427 3975244 149696 130350 99 0 163896 0 1194076
1786717384.999565 3934366 164204 144865 99 0 163896 0 1067965
1786717385.705607 3670989 165201 145862 99 0 163896 0 877963
1786717387.107337 3686339 180748 161391 99 0 163896 0 891561
1786717388.101917 3759621 184897 165538 99 0 163896 0 975610
1786717388.999020 3855783 189128 169766 99 0 163896 0 1074173
1786717390.498266 3855783 193348 173981 99 0 163896 0 1050470
1786717392.300352 3956257 138816 119446 99 0 163896 0 1163018
1786717393.112580 3956257 143240 123870 99 0 163896 0 1173131
1786717394.309004 3956257 148431 129060 99 0 163896 0 1176702
1786717395.003540 3956257 153701 134330 99 0 163896 0 1186401
1786717396.005892 4081863 172488 153130 99 0 163896 0 1292424
1786717397.009724 4253195 180342 160979 99 0 163896 0 1477830
1786717397.913277 4271480 200284 180935 99 0 163896 0 1480715
1786717399.317755 4311074 207851 188488 99 0 163896 0 1467572
1786717400.608835 4217175 219798 200433 99 0 163896 0 1388012
1786717402.609921 4019925 210174 190802 99 0 163896 0 1227063
1786717404.216627 4056877 207050 187674 99 0 163896 0 1208183
1786717405.114251 3932710 186538 167172 99 0 163896 0 1091374
1786717405.804035 3836199 144502 125136 99 0 163896 0 1052803
1786717406.901300 3916379 159224 139856 99 0 163896 0 1119237
1786717407.904658 3916379 162231 142863 99 0 163896 0 1130546
1786717408.905509 3916379 164609 145241 99 0 163896 0 1132745
1786717410.405322 4048231 179896 160538 99 0 163896 0 1216030
1786717411.902301 4009378 181611 162193 99 0 163896 0 1139619
1786717413.213745 3926350 151296 131877 99 0 163896 0 1112360
1786717414.119246 3876173 146975 127550 99 0 163896 0 1057961
1786717414.912848 3823476 131015 111595 99 0 163896 0 1037665
1786717415.924310 3868477 134270 114846 99 0 163896 0 1091974
1786717417.103029 3868477 138069 118643 99 0 163896 0 1094193
1786717418.198978 3922434 154692 135265 99 0 163896 0 1134166
1786717419.111614 3922434 161293 141866 99 0 163896 0 1136921
1786717420.198027 3922434 164996 145569 99 0 163896 0 1147765
1786717420.810521 3922434 168633 149220 99 0 163896 0 1141221
1786717422.000777 4132900 185694 166279 99 0 163896 0 1346094
1786717422.715565 4017259 187498 168080 99 0 163896 0 1231536
1786717425.202379 4173553 194886 175453 99 0 163896 0 1337107
1786717426.902285 3952729 161005 141567 99 0 163896 0 1131689
1786717428.208182 3806101 149518 130080 99 0 163896 0 976930
1786717429.098914 3727059 129216 109776 99 0 163896 0 948193
1786717429.804181 3727059 132831 113405 99 0 163896 0 937261
1786717430.803422 3888357 151554 132128 99 0 163896 0 1100942
1786717431.905778 3973092 160207 140781 99 0 163896 0 1193970
1786717433.099267 3991377 178751 159325 99 0 163896 0 1200259
1786717434.401263 3987646 183579 164143 99 0 163896 0 1151788
1786717434.999597 3859122 185205 165769 99 0 163896 0 1024289
1786717436.102650 4841645 205356 185920 99 0 163896 0 1052588
1786717437.098454 3852938 202125 182689 99 0 163896 0 1023043
1786717438.107935 3882939 134249 114807 99 0 163896 0 1098977
1786717438.908121 3882939 137335 117893 99 0 163896 0 1107776
1786717440.097836 3901224 151565 132122 99 0 163896 0 1110949
1786717441.014677 3971107 155636 136245 99 0 163896 0 1182620
1786717441.912373 3971107 161109 141718 99 0 163896 0 1193057
1786717443.016191 3971107 166662 147271 99 0 163896 0 1187587
1786717443.999871 3989392 182219 162825 99 0 163896 0 1201207
1786717444.909325 4208829 189414 170034 99 0 163896 0 1420827
1786717445.910215 4208829 194591 175211 99 0 163896 0 1422476
1786717447.898899 4242238 210925 191527 99 0 163896 0 1424738
1786717449.205367 4029963 206851 187453 99 0 163896 0 1223725
1786717450.498985 3927942 153308 133910 99 0 163896 0 1131630
1786717452.210300 3951064 137138 117747 99 0 163896 0 1171995
1786717453.304001 5172754 149776 130383 99 0 163896 0 1327258
1786717454.106458 4114619 156832 137435 99 0 163896 0 1329302
1786717455.205260 4114619 159331 139932 99 0 163896 0 1330614
1786717456.107052 4207171 162624 143225 99 0 163896 0 1432649
1786717457.314956 4207171 166078 146679 99 0 163896 0 1425201
1786717457.905696 4317838 181781 162381 99 0 163896 0 1529066
1786717458.804626 4317838 186037 166645 99 0 163896 0 1501673
1786717460.109899 4155580 188430 169049 99 0 165944 0 1285350
1786717461.609325 4068040 189970 170613 99 0 165944 0 1211662
1786717462.802591 3815553 100541 81182 99 0 165944 0 1019347
1786717463.805967 3815553 102685 83325 99 0 165944 0 1020473
1786717464.802930 3815553 105725 86365 99 0 165944 0 1021858
1786717465.804367 3961304 111327 92512 99 0 165944 0 1136983
1786717466.624401 3719195 116887 98071 99 0 165944 0 917796
1786717467.613810 3752736 130502 111683 99 0 165944 0 957479
1786717468.622045 3752736 145548 126729 99 0 165944 0 956832
1786717469.505787 3791841 78099 59280 99 0 165944 0 989096
1786717470.508669 3799657 78080 59280 99 0 165944 0 996914
1786717471.481046 3900320 78695 59895 99 0 165944 0 1097577
1786717472.507582 3826713 32926 14128 99 0 165944 0 1023973
1786717473.508221 3826713 32926 14128 99 0 165944 0 1023973
1786717474.505068 3873935 33221 14422 99 0 165944 0 1071197
1786717475.499308 3726139 32346 13572 99 0 165944 0 923403
1786717476.499240 3726139 32346 13572 99 0 165944 0 923403
1786717477.499544 3726139 32346 13572 99 0 165944 0 923403
1786717478.499118 3726139 32346 13572 99 0 165944 0 923403
1786717479.507488 3856029 33199 14422 99 0 165944 0 1053294
1786717480.479074 3856029 33199 14422 99 0 165944 0 1053294
1786717481.502700 3786084 32830 14053 99 0 165944 0 983352
1786717482.476025 3786084 32830 14053 99 0 165944 0 983352
1786717483.505516 3832784 33130 14353 99 0 165944 0 1030052
1786717484.505975 3832784 33130 14353 99 0 165944 0 1030052
1786717485.507207 3832784 33130 14353 99 0 165944 0 1030052
1786717486.471427 3681244 32442 13665 99 0 165944 0 878517
1786717487.471403 3681244 32868 13665 99 0 165944 0 878517
1786717488.474666 3681244 32868 13665 99 0 165944 0 878517
1786717489.600997 3711180 33019 13830 99 0 165944 0 880382
1786717490.466760 3578948 32314 13102 99 0 165944 0 776225
1786717491.480940 3578948 32314 13102 99 0 165944 0 776225
1786717492.467326 3578948 32314 13102 99 0 165944 0 776225
1786717493.466764 3578948 32314 13102 99 0 165944 0 776225
1786717494.469763 3578948 32314 13102 99 0 165944 0 776225
1786717495.466855 3578948 32314 13102 99 0 165944 0 776225
1786717496.466864 3578948 32314 13102 99 0 165944 0 776225
1786717497.466725 3578948 32472 13102 99 0 165944 0 776225
1786717498.465740 3481259 34052 14677 99 0 166584 0 677898
1786717499.509625 3481259 34052 14677 99 0 166584 0 677898
1786717500.469271 3481259 34052 14677 99 0 166584 0 677898
1786717501.462650 3481259 34052 14677 99 0 166584 0 677898
1786717502.462544 3481259 34052 14677 99 0 166584 0 677898
1786717503.517043 3481259 34052 14677 99 0 166584 0 677898
1786717504.462457 3481259 34052 14677 99 0 166584 0 677898
1786717505.458566 3387384 35587 16210 99 0 167224 0 583384
1786717506.458649 3387384 35587 16210 99 0 167224 0 583384
1786717507.462441 3387384 35587 16210 99 0 167224 0 583384
1786717508.458678 3387384 35723 16210 99 0 167224 0 583384
1786717509.467153 3387384 35723 16210 99 0 167224 0 583384
1786717510.458668 3387384 35723 16210 99 0 167224 0 583384
1786717511.458464 3387384 35723 16210 99 0 167224 0 583384
1786717512.454799 3301820 37120 17606 99 0 167864 0 497182
1786717513.458859 3301820 37120 17606 99 0 167864 0 497182
1786717514.454736 3301820 37120 17606 99 0 167864 0 497182
1786717515.455178 3301820 37120 17606 99 0 167864 0 497182
1786717516.463032 3301820 37120 17606 99 0 167864 0 497182
1786717517.455001 3301820 37120 17606 99 0 167864 0 497182
1786717518.463841 3301820 37515 17606 99 0 167864 0 497182
1786717519.454806 3301820 37515 17606 99 0 167864 0 497182
1786717520.450823 3208020 39060 19150 99 0 168504 0 402743
1786717521.462758 3208020 39060 19150 99 0 168504 0 402743
1786717522.450827 3208020 39060 19150 99 0 168504 0 402743
1786717523.451330 3208020 39060 19150 99 0 168504 0 402743
1786717524.451170 3208020 39060 19150 99 0 168504 0 402743
1786717525.450546 3208020 39060 19150 99 0 168504 0 402743
1786717526.450638 3208020 39060 19150 99 0 168504 0 402743
1786717527.450675 3208020 39060 19150 99 0 168504 0 402743
1786717528.446587 3113603 40964 20749 99 0 168504 0 308328
1786717529.453863 3113603 40964 20749 99 0 168504 0 308328
1786717530.446673 3113603 40964 20749 99 0 168504 0 308328
1786717531.446681 3113603 40964 20749 99 0 168504 0 308328
1786717532.446626 3113603 40964 20749 99 0 168504 0 308328
1786717533.455469 3113603 40964 20749 99 0 168504 0 308328
1786717534.446586 3113603 40964 20749 99 0 168504 0 308328
1786717535.442288 3017321 42533 22318 99 0 168504 0 212047
1786717536.442254 3017321 42533 22318 99 0 168504 0 212047
1786717537.442234 3017321 42533 22318 99 0 168504 0 212047
1786717538.442427 3017321 42541 22318 99 0 168504 0 212047
1786717539.447016 3017321 42541 22318 99 0 168504 0 212047
1786717540.442260 3017321 42541 22318 99 0 168504 0 212047
1786717541.442165 3017321 42541 22318 99 0 168504 0 212047
1786717542.442451 3017321 42541 22318 99 0 168504 0 212047
1786717543.497373 2928750 53618 33407 99 0 168504 0 123478
1786717544.497211 2928750 67058 46847 99 0 168504 0 123478
1786717545.438568 2928750 81234 61023 99 0 168504 0 123478
1786717546.438594 2928750 95346 75135 99 0 168504 0 123478
1786717547.438567 2928750 109794 89583 99 0 168504 0 123478
1786717548.438451 2928750 123970 103759 99 0 168504 0 123478
1786717549.438264 2928750 138034 117823 99 0 168504 0 123478
1786717550.438307 2928750 151218 131007 99 0 168504 0 123478
1786717551.438474 2928750 151218 131007 99 0 168504 0 123478
1786717552.438416 2928750 151218 131007 99 0 168504 0 123478
1786717553.438550 2928750 151218 131007 99 0 168504 0 123478
1786717554.438508 2928750 151218 131007 99 0 168504 0 123478
1786717555.438508 2930799 151183 131007 99 0 170552 0 123478
1786717556.438531 2930799 151183 131007 99 0 170552 0 123478
1786717557.438443 2930799 151183 131007 99 0 170552 0 123478
1786717558.438377 2930799 151183 131007 99 0 170552 0 123478
1786717559.438341 2930799 151183 131007 99 0 170552 0 123478
1786717560.438345 2930799 151183 131007 99 0 170552 0 123478
1786717561.438566 2930799 151183 131007 99 0 170552 0 123478
1786717562.438527 2930799 151183 131007 99 0 170552 0 123478
1786717563.438506 2930799 151183 131007 99 0 170552 0 123478
1786717564.498396 2930799 151183 131007 99 0 170552 0 123478
1786717565.439876 2930799 151183 131007 99 0 170552 0 123478
1786717566.438437 2930799 151183 131007 99 0 170552 0 123478
1786717567.497260 2932848 151171 131007 99 0 172600 0 123478
1786717568.438658 2932848 151172 131007 99 0 172600 0 123478
1786717569.497664 2932848 151172 131007 99 0 172600 0 123478
1786717570.438345 2932848 151172 131007 99 0 172600 0 123478
1786717571.438549 2932848 151172 131007 99 0 172600 0 123478
1786717572.438510 2932848 151172 131007 99 0 172600 0 123478
1786717573.438315 2932848 151172 131007 99 0 172600 0 123478
1786717574.438406 2932848 151172 131007 99 0 172600 0 123478
1786717575.438402 2932848 151172 131007 99 0 172600 0 123478
1786717576.438317 2932848 151172 131007 99 0 172600 0 123478
1786717577.438617 2932848 151172 131007 99 0 172600 0 123478
1786717578.438553 2932848 151172 131007 99 0 172600 0 123478
1786717579.438488 2932848 151172 131007 99 0 172600 0 123478
1786717580.438367 2934897 151194 131023 99 0 174648 0 123478
1786717581.438484 2934897 151194 131023 99 0 174648 0 123478
1786717582.438329 2934897 151194 131023 99 0 174648 0 123478
1786717583.438424 2934897 151194 131023 99 0 174648 0 123478
1786717584.438358 2934897 151194 131023 99 0 174648 0 123478
1786717585.438452 2934897 151194 131023 99 0 174648 0 123478
1786717586.438573 2934897 151194 131023 99 0 174648 0 123478
1786717587.438574 2934897 151194 131023 99 0 174648 0 123478
1786717588.438516 2934897 151194 131023 99 0 174648 0 123478
1786717589.438523 2934897 151194 131023 99 0 174648 0 123478
1786717590.438472 2934897 151194 131023 99 0 174648 0 123478
1786717591.438456 2934897 151194 131023 99 0 174648 0 123478
1786717592.438430 2934897 151194 131023 99 0 174648 0 123478
1786717593.438462 2934897 151194 131023 99 0 174648 0 123478
1786717594.438565 2934897 151194 131023 99 0 174648 0 123478
1786717595.438580 2934897 151194 131023 99 0 174648 0 123478
1786717596.438578 2934897 151194 131023 99 0 174648 0 123478
1786717597.438527 2934897 151194 131023 99 0 174648 0 123478
1786717598.438444 2934897 151194 131023 99 0 174648 0 123478
1786717599.438440 2934897 151194 131023 99 0 174648 0 123478
1786717600.438603 2934897 151194 131023 99 0 174648 0 123478
1786717601.438639 2934897 151194 131023 99 0 174648 0 123478
1786717602.438559 2934897 151194 131023 99 0 174648 0 123478
1786717603.438542 2934897 151194 131023 99 0 174648 0 123478
1786717604.438502 2934897 151194 131023 99 0 174648 0 123478
1786717605.438535 2934897 151194 131023 99 0 174648 0 123478
1786717606.438503 2934897 151194 131023 99 0 174648 0 123478
1786717607.438425 2934897 151194 131023 99 0 174648 0 123478
1786717608.438367 2934897 151194 131023 99 0 174648 0 123478
1786717609.438379 2934897 151194 131023 99 0 174648 0 123478
1786717610.438395 2934897 151194 131023 99 0 174648 0 123478
1786717611.438488 2934897 151194 131023 99 0 174648 0 123478
1786717612.438489 2934897 151194 131023 99 0 174648 0 123478
1786717613.438444 2934897 151194 131023 99 0 174648 0 123478
1786717614.438455 2934897 151194 131023 99 0 174648 0 123478
1786717615.438484 2934897 151194 131023 99 0 174648 0 123478
1786717616.438370 2934897 151194 131023 99 0 174648 0 123478
1786717617.438355 2934897 151194 131023 99 0 174648 0 123478
1786717618.438305 2934897 151194 131023 99 0 174648 0 123478
1786717619.438497 2934897 151194 131023 99 0 174648 0 123478
1786717620.438441 2934897 151194 131023 99 0 174648 0 123478
1786717621.438328 2934897 151194 131023 99 0 174648 0 123478
1786717622.438344 2934897 151194 131023 99 0 174648 0 123478
1786717623.438313 2934897 151194 131023 99 0 174648 0 123478
1786717624.438594 2934897 151194 131023 99 0 174648 0 123478
1786717625.438556 2934897 151194 131023 99 0 174648 0 123478
1786717626.438312 2934897 151194 131023 99 0 174648 0 123478
1786717627.438549 2934897 151194 131023 99 0 174648 0 123478
1786717628.438464 2934897 151194 131023 99 0 174648 0 123478
1786717629.438462 2934897 151194 131023 99 0 174648 0 123478
1786717630.438435 2934897 151194 131023 99 0 174648 0 123478
1786717631.438500 2934897 151194 131023 99 0 174648 0 123478
1786717632.438596 2934897 151194 131023 99 0 174648 0 123478
1786717633.438516 2934897 151194 131023 99 0 174648 0 123478
1786717634.497508 2934897 151194 131023 99 0 174648 0 123478
1786717635.438339 2934897 151194 131023 99 0 174648 0 123478
1786717636.438356 2934897 151194 131023 99 0 174648 0 123478
1786717637.438370 2934897 151194 131023 99 0 174648 0 123478
1786717638.438276 2934897 151194 131023 99 0 174648 0 123478
1786717639.438549 2934897 151194 131023 99 0 174648 0 123478
1786717640.438310 2934897 151194 131023 99 0 174648 0 123478
1786717641.438503 2934897 151194 131023 99 0 174648 0 123478
1786717642.438507 2934897 151194 131023 99 0 174648 0 123478
1786717643.438456 2934897 151194 131023 99 0 174648 0 123478
1786717644.438305 2934897 151194 131023 99 0 174648 0 123478
1786717645.438401 2934897 151194 131023 99 0 174648 0 123478
1786717646.438324 2934897 151194 131023 99 0 174648 0 123478
1786717647.438326 2934897 151194 131023 99 0 174648 0 123478
1786717648.438535 2934897 151194 131023 99 0 174648 0 123478
1786717649.438520 2934897 151194 131023 99 0 174648 0 123478
1786717650.438513 2934897 151194 131023 99 0 174648 0 123478
1786717651.438490 2934897 151194 131023 99 0 174648 0 123478
1786717652.438353 2934897 151194 131023 99 0 174648 0 123478
1786717653.438430 2934897 151194 131023 99 0 174648 0 123478
1786717654.438425 2934897 151194 131023 99 0 174648 0 123478
1786717655.438411 2934897 151194 131023 99 0 174648 0 123478
1786717656.438398 2934897 151194 131023 99 0 174648 0 123478
1786717657.438539 2934897 151194 131023 99 0 174648 0 123478
1786717658.438454 2934897 151194 131023 99 0 174648 0 123478
1786717659.438504 2934897 151194 131023 99 0 174648 0 123478
1786717660.438430 2934897 151194 131023 99 0 174648 0 123478
1786717661.438414 2934897 151194 131023 99 0 174648 0 123478
1786717662.438370 2934897 151194 131023 99 0 174648 0 123478
1786717663.438620 2934897 151194 131023 99 0 174648 0 123478
1786717664.438528 2934897 151194 131023 99 0 174648 0 123478
1786717665.438489 2934897 151194 131023 99 0 174648 0 123478
1786717666.438496 2934897 151194 131023 99 0 174648 0 123478
1786717667.438315 2934897 151194 131023 99 0 174648 0 123478
1786717668.438500 2934897 151194 131023 99 0 174648 0 123478
1786717669.438422 2934897 151194 131023 99 0 174648 0 123478
1786717670.438379 2934897 151194 131023 99 0 174648 0 123478
1786717671.438519 2934897 151194 131023 99 0 174648 0 123478
1786717672.438347 2934897 151194 131023 99 0 174648 0 123478
1786717673.438548 2934897 151194 131023 99 0 174648 0 123478
1786717674.438439 2934897 151194 131023 99 0 174648 0 123478
1786717675.438317 2934897 151194 131023 99 0 174648 0 123478
1786717676.438284 2934897 151194 131023 99 0 174648 0 123478
1786717677.438367 2934897 151194 131023 99 0 174648 0 123478
1786717678.439492 2934897 151194 131023 99 0 174648 0 123478
1786717679.497463 2934897 151194 131023 99 0 174648 0 123478
1786717680.438551 2934897 151194 131023 99 0 174648 0 123478
1786717681.438372 2934897 151194 131023 99 0 174648 0 123478
1786717682.438520 2934897 151194 131023 99 0 174648 0 123478
1786717683.438322 2934897 151194 131023 99 0 174648 0 123478
1786717684.438336 2934897 151194 131023 99 0 174648 0 123478
1786717685.438355 2934897 151194 131023 99 0 174648 0 123478
1786717686.438650 2934897 151194 131023 99 0 174648 0 123478
