# start_epoch=1786136367.213749  page_size=4096  cachestat=ok  fields=size,resident,shared,text,lib,data,dt,pagecache
1786136368.214000 256356 23006 7644 99 0 242362 0 1
1786136369.213953 256356 23006 7644 99 0 242362 0 1
1786136370.218439 2932278 74135 53441 99 0 258106 0 72348
1786136371.219477 2955852 97231 76551 99 0 258106 0 88140
1786136372.220619 2965921 57870 37216 99 0 258106 0 109187
1786136373.224163 3038973 118534 98080 99 0 258106 0 166799
1786136374.226189 3061948 119522 99066 99 0 258106 0 200790
1786136375.227830 3135324 197157 176694 99 0 258106 0 246461
1786136376.231084 3106560 115870 95412 99 0 258106 0 247831
1786136377.231263 3179936 202426 181964 99 0 258106 0 293734
1786136378.235374 3171589 141290 120914 99 0 258106 0 311036
1786136379.235367 3185823 150869 130545 99 0 258106 0 324526
1786136380.233086 3222511 192347 172021 99 0 258106 0 341268
1786136381.235881 3200579 105949 85670 99 0 258106 0 340553
1786136382.237004 3242918 179685 159445 99 0 258106 0 372472
1786136383.236654 3249922 159244 138996 99 0 258106 0 389606
1786136384.240387 3356930 202446 182213 99 0 258106 0 432278
1786136385.243092 3320565 225130 204897 99 0 258106 0 465548
1786136386.238878 3326329 178897 158658 99 0 258106 0 443175
1786136387.241592 3326329 192976 172731 99 0 258106 0 452626
1786136388.239359 3326329 209980 189732 99 0 258106 0 458087
1786136389.242690 3340559 123880 103636 99 0 258106 0 471346
1786136390.246895 3408309 221397 201153 99 0 258106 0 532334
1786136391.241833 3436461 230862 210654 99 0 258106 0 558075
1786136392.244352 3406283 191633 171413 99 0 258106 0 526226
1786136393.243794 3406283 215616 195394 99 0 258106 0 532505
1786136394.247759 3369327 70336 50134 99 0 258106 0 515390
1786136395.251270 3439944 160907 140705 99 0 258106 0 577739
1786136396.252581 3481865 220056 200043 99 0 258106 0 632573
1786136397.253572 3563922 251030 229637 99 0 280122 0 643129
1786136398.253602 3533602 255990 234583 99 0 280122 0 645270
1786136399.254128 3560050 314042 292712 99 0 280122 0 688814
1786136400.254999 3588332 365370 344051 99 0 280122 0 725119
1786136401.251276 3473546 146177 124851 99 0 280122 0 595121
1786136402.254593 3560327 211985 189553 99 0 281658 0 649013
1786136403.291036 3536019 198301 175059 99 0 283194 0 658760
1786136404.259638 3622398 253530 230360 99 0 283194 0 724465
1786136405.256930 3590592 265912 242738 99 0 283194 0 687108
1786136406.260565 3617847 266256 242341 99 0 283194 0 719730
1786136407.252719 3580504 217327 193852 99 0 284730 0 684843
1786136408.256642 3580504 262994 237682 99 0 284730 0 697808
1786136409.256302 3640288 313818 288503 99 0 284730 0 753272
1786136410.259363 3573868 133033 109015 99 0 284730 0 665476
1786136411.259061 3596741 183287 159265 99 0 284730 0 699127
1786136412.269356 3672521 231987 209078 99 0 284730 0 777492
1786136413.270075 3705318 293537 269508 99 0 284730 0 780419
1786136414.276567 3672817 276580 252547 99 0 284730 0 795202
1786136415.269591 3756217 250413 226460 99 0 284730 0 886958
1786136416.281497 3843912 386931 363002 99 0 284730 0 978372
1786136417.282970 3947086 488098 465754 99 0 284730 0 1082379
1786136418.268984 3746086 277111 254794 99 0 284730 0 869840
1786136419.276582 3741213 275388 251935 99 0 284730 0 862051
1786136420.284030 3741213 313673 290214 99 0 284730 0 844647
1786136421.261348 3645128 99272 78024 99 0 284730 0 761265
1786136422.265292 3707457 191832 170584 99 0 284730 0 821460
1786136423.267462 3734685 213871 191879 99 0 284730 0 860424
1786136424.281495 3746253 210668 189309 99 0 284730 0 848882
1786136425.292123 3764303 264301 241695 99 0 284730 0 869800
1786136426.287171 3827313 335703 313094 99 0 284730 0 898762
1786136427.264387 3716356 113162 92697 99 0 284730 0 809554
1786136428.266637 3752459 190104 169639 99 0 284730 0 830108
1786136429.304753 3766940 165894 145141 99 0 284730 0 858847
1786136430.325098 3784444 216383 195317 99 0 284730 0 914668
1786136431.276249 3864086 257657 235396 99 0 284730 0 981827
1786136432.272258 3816074 213649 191369 99 0 284730 0 931631
1786136433.268358 3816781 210523 185836 99 0 284730 0 931936
1786136434.288181 3849403 259892 235194 99 0 284730 0 960113
1786136435.269461 3849403 301839 277138 99 0 284730 0 973975
1786136436.282103 3954421 276616 251935 99 0 284730 0 1085666
1786136437.269977 3776616 102124 77449 99 0 284730 0 890723
1786136438.274315 3879319 214777 190100 99 0 284730 0 991623
1786136439.274339 3927415 249029 224402 99 0 284730 0 1023249
1786136440.271650 3901762 253553 230288 99 0 284730 0 1012523
1786136441.273090 3920506 299852 275867 99 0 284730 0 1041265
1786136442.277917 3920506 340922 315832 99 0 284730 0 1019730
1786136443.290878 4056831 391546 366474 99 0 284730 0 1178262
1786136444.280699 3936665 219413 194332 99 0 284730 0 1045758
1786136445.278920 3968279 252999 230421 99 0 284730 0 1064741
1786136446.279215 3979883 260456 236052 99 0 284730 0 1100893
1786136447.294429 3956032 256132 233062 99 0 284730 0 1077946
1786136448.305721 3974128 312538 288349 99 0 284730 0 1107376
1786136449.287920 4132231 334443 311982 99 0 284730 0 1220407
1786136450.293046 4123734 362743 338444 99 0 284730 0 1252640
1786136451.296526 4219650 493931 469637 99 0 284730 0 1309629
1786136452.281684 4015275 253357 230878 99 0 284730 0 1095585
1786136453.306899 4013281 243613 222530 99 0 284730 0 1109993
1786136454.302651 4007825 280478 257369 99 0 284730 0 1125288
1786136455.310278 4041283 332511 309397 99 0 284730 0 1161218
1786136456.281528 4041283 366860 343693 99 0 284730 0 1159317
1786136457.278825 3923037 88977 67174 99 0 284730 0 1036720
1786136458.280704 4006961 170598 149427 99 0 284730 0 1082002
1786136459.285550 4025540 212494 191404 99 0 284730 0 1133405
1786136460.298352 4035983 223927 200338 99 0 284730 0 1144852
1786136461.308034 4085376 297156 273562 99 0 284730 0 1153213
1786136462.291197 4107384 250279 226706 99 0 284730 0 1228448
1786136463.288745 4145576 309596 286022 99 0 284730 0 1187683
1786136464.285661 4013418 172606 150734 99 0 284730 0 1132735
1786136465.298558 4085451 251326 227083 99 0 284730 0 1176458
1786136466.301325 4069550 258266 234020 99 0 284730 0 1195470
1786136467.306977 4096255 293047 268799 99 0 284730 0 1213378
1786136468.297322 4238519 334213 310707 99 0 284730 0 1240814
1786136469.284263 4033000 131475 107969 99 0 284730 0 1125318
1786136470.284598 4037885 156688 133182 99 0 284730 0 1131584
1786136471.282003 4009106 120429 95792 99 0 284730 0 1089155
1786136472.284771 4037661 175657 151019 99 0 284730 0 1126884
1786136473.280675 3987881 88995 66616 99 0 284730 0 1069419
1786136474.281225 3999497 134120 110897 99 0 284730 0 1101170
1786136475.280963 3953658 101985 76791 99 0 284730 0 1059368
1786136476.277720 3940024 113989 88801 99 0 284730 0 1038564
1786136477.279394 3937226 118322 93130 99 0 284730 0 1046238
1786136478.277553 3922691 106642 83006 99 0 284730 0 1024477
1786136479.279025 3937481 150888 125607 99 0 284730 0 1031516
1786136480.281499 3920758 164446 139162 99 0 284730 0 1018004
1786136481.276826 3905273 150598 125428 99 0 284730 0 1027505
1786136482.274242 3905457 148200 123029 99 0 284730 0 981970
1786136483.276632 3907167 204187 180129 99 0 284730 0 997020
1786136484.276324 3871998 140846 117482 99 0 284730 0 992184
1786136485.273772 3857302 126431 103439 99 0 284730 0 982490
1786136486.272563 3835041 105130 80175 99 0 284730 0 958185
1786136487.271636 3844945 152725 127769 99 0 284730 0 948541
1786136488.270652 3901645 220508 197457 99 0 284730 0 929181
1786136489.269424 3795801 97946 73038 99 0 284730 0 886191
1786136490.272390 3809917 128109 104343 99 0 284730 0 927189
1786136491.269538 3803276 157067 132118 99 0 284730 0 910095
1786136492.272854 3871745 254525 229576 99 0 284730 0 979634
1786136493.273881 3857711 299814 274821 99 0 284730 0 957446
1786136494.272408 3857711 361474 336481 99 0 284730 0 946831
1786136495.273886 3857711 429452 404609 99 0 284730 0 965646
1786136496.272914 3857711 497796 472922 99 0 284730 0 967960
1786136497.276180 4128221 454439 429416 99 0 284730 0 1209634
1786136498.271216 4114257 474612 449557 99 0 284730 0 1197948
1786136499.272345 4114257 511204 486149 99 0 284730 0 1206535
1786136500.272407 4114257 546116 521061 99 0 284730 0 1209641
1786136501.271814 4114257 573958 548949 99 0 284730 0 1193026
1786136502.271304 4114257 612950 588212 99 0 284730 0 1201406
1786136503.274663 4114257 648885 624148 99 0 284730 0 1210406
1786136504.272114 4114257 678904 654164 99 0 284730 0 1209653
1786136505.271228 4114257 709337 684596 99 0 284730 0 1197859
1786136506.272270 4114257 745367 720628 99 0 284730 0 1208841
1786136507.300765 4334790 654179 630545 99 0 284730 0 1394882
1786136508.262639 3721789 96978 72177 99 0 284730 0 813235
1786136509.265576 3769152 175030 149949 99 0 284730 0 843055
1786136510.256107 3778165 198948 173854 99 0 284730 0 873593
1786136511.258481 3792199 238848 213754 99 0 284730 0 873597
1786136512.258608 3778165 258212 233118 99 0 284730 0 861629
1786136513.255822 3778165 291681 267790 99 0 284730 0 870892
1786136514.256459 3778165 326693 302328 99 0 284730 0 880134
1786136515.261565 3919969 254640 231179 99 0 284730 0 967191
1786136516.251557 3701840 36009 12978 99 0 288826 0 776572
1786136517.251512 3701840 36009 12978 99 0 288826 0 776572
1786136518.251299 3701840 36009 12978 99 0 288826 0 776572
1786136519.251261 3701840 36319 12978 99 0 288826 0 776572
1786136520.254539 3705937 36191 12978 99 0 292922 0 776572
1786136521.251315 3705937 36191 12978 99 0 292922 0 776572
1786136522.251366 3705937 36191 12978 99 0 292922 0 776572
1786136523.251780 3705937 36191 12978 99 0 292922 0 776572
1786136524.251297 3710034 36198 12978 99 0 297018 0 776572
1786136525.251311 3710034 36198 12978 99 0 297018 0 776572
1786136526.251593 3710034 36198 12978 99 0 297018 0 776572
1786136527.251344 3710034 36198 12978 99 0 297018 0 776572
1786136528.251447 3714131 36201 12978 99 0 301114 0 776572
1786136529.251208 3714131 36201 12978 99 0 301114 0 776572
1786136530.251394 3714131 36201 12978 99 0 301114 0 776572
1786136531.251162 3714131 36201 12978 99 0 301114 0 776572
1786136532.251448 3714131 36201 12978 99 0 301114 0 776572
1786136533.251615 3714131 36201 12978 99 0 301114 0 776572
1786136534.251809 3714131 36201 12978 99 0 301114 0 776572
1786136535.251480 3714131 36201 12978 99 0 301114 0 776572
1786136536.251744 3714131 36201 12978 99 0 301114 0 776572
1786136537.251753 3714131 36201 12978 99 0 301114 0 776572
1786136538.251373 3714131 36201 12978 99 0 301114 0 776572
1786136539.251314 3714131 36201 12978 99 0 301114 0 776572
1786136540.251148 3714131 36201 12978 99 0 301114 0 776572
1786136541.252039 3714131 36201 12978 99 0 301114 0 776572
1786136542.251292 3714131 36201 12978 99 0 301114 0 776572
1786136543.251072 3714131 36201 12978 99 0 301114 0 776572
1786136544.251048 3714131 36201 12978 99 0 301114 0 776572
1786136545.251207 3714131 36201 12978 99 0 301114 0 776572
1786136546.251107 3714131 36201 12978 99 0 301114 0 776572
1786136547.251690 3714131 36201 12978 99 0 301114 0 776572
1786136548.251120 3714131 36201 12978 99 0 301114 0 776572
1786136549.251108 3714131 36201 12978 99 0 301114 0 776572
1786136550.250986 3714131 36201 12978 99 0 301114 0 776572
1786136551.250129 3714131 36198 12978 99 0 301114 0 776572
