# start_epoch=1786791587.677042  page_size=4096  cachestat=ok  fields=size,resident,shared,text,lib,data,dt,pagecache
1786791588.679715 447686 32644 3186 2109 0 443084 0 40407
1786791589.680551 453581 37559 3242 2109 0 448972 0 58289
1786791590.679743 453581 32735 3242 2109 0 448972 0 55808
1786791591.682350 454228 35589 3281 2109 0 449612 0 86082
1786791592.687529 460372 41462 3329 2109 0 455756 0 115386
1786791593.681595 460372 36310 3329 2109 0 455756 0 91773
1786791594.681986 460372 37598 3329 2109 0 455756 0 104024
1786791595.685174 461140 36109 3329 2109 0 456524 0 134297
1786791596.685857 461140 40300 3329 2109 0 456524 0 146547
1786791597.686549 461140 35010 3329 2109 0 456524 0 158799
1786791598.697596 461140 38148 3329 2109 0 456524 0 184502
1786791599.687317 461140 37373 3329 2109 0 456524 0 171049
1786791600.688884 461140 38285 3329 2109 0 456524 0 199105
1786791601.689656 461140 35117 3329 2109 0 456524 0 211357
1786791602.703722 461140 38826 3329 2109 0 456524 0 239109
1786791603.707608 462036 36831 3329 2109 0 457420 0 242912
1786791604.688911 462036 37355 3329 2109 0 457420 0 198121
1786791605.691760 462036 35361 3329 2109 0 457420 0 246418
1786791606.692419 462036 39638 3329 2109 0 457420 0 258668
1786791607.693353 462036 42353 3329 2109 0 457420 0 288212
1786791608.697259 462036 41892 3329 2109 0 457420 0 279894
1786791609.694404 462036 33476 3329 2109 0 457420 0 292626
1786791610.695543 463060 43136 3329 2109 0 458444 0 307634
1786791611.695891 463060 43372 3329 2109 0 458444 0 334628
1786791612.695292 463060 40126 3329 2109 0 458444 0 329375
1786791613.694941 463060 43795 3329 2109 0 458444 0 320851
1786791614.695550 463060 39707 3329 2109 0 458444 0 333102
1786791615.696210 463060 38027 3329 2109 0 458444 0 343859
1786791616.694440 463060 42330 3329 2109 0 458444 0 313827
1786791617.696652 463060 36361 3329 2109 0 458444 0 361129
1786791618.699124 463060 43756 3329 2109 0 458444 0 397140
1786791619.699443 463060 38326 3329 2109 0 458444 0 409390
1786791620.700209 463956 44650 3329 2109 0 459340 0 421641
1786791621.700842 463956 40483 3329 2109 0 459340 0 433892
1786791622.700446 463956 45287 3329 2109 0 459340 0 422450
1786791623.701013 463956 41044 3329 2109 0 459340 0 434701
1786791624.702600 463956 43466 3329 2109 0 459340 0 462948
1786791625.703158 463956 41124 3329 2109 0 459340 0 475199
1786791626.703669 463956 45043 3329 2109 0 459340 0 487450
1786791627.704680 463956 40980 3329 2109 0 459340 0 499701
1786791628.704648 463956 45090 3329 2109 0 459340 0 511952
1786791629.705790 463956 41455 3329 2109 0 459340 0 524203
1786791630.709971 465236 46046 3329 2109 0 460620 0 556013
1786791631.709797 465236 38370 3329 2109 0 460620 0 560763
1786791632.709774 465236 48036 3329 2109 0 460620 0 556073
1786791633.710098 465236 38866 3329 2109 0 460620 0 566931
1786791634.711194 465236 43298 3329 2109 0 460620 0 596677
1786791635.711809 465236 41236 3329 2109 0 460620 0 608930
1786791636.711602 465236 45614 3329 2109 0 460620 0 618216
1786791637.713292 465236 40390 3329 2109 0 460620 0 633687
1786791638.713816 465236 41018 3329 2109 0 460620 0 647729
1786791639.714370 466260 41947 3329 2109 0 461644 0 660748
1786791640.714897 466260 43284 3329 2109 0 461644 0 674278
1786791641.715544 466260 42884 3329 2109 0 461644 0 687297
1786791642.716262 466260 44290 3329 2109 0 461644 0 700924
1786791643.708335 467796 39202 3329 2109 0 463180 0 683792
1786791644.713792 467796 39375 3329 2109 0 463180 0 629422
1786791645.716151 467796 43419 3329 2109 0 463180 0 659698
1786791646.716796 467796 39563 3329 2109 0 463180 0 668574
1786791647.717447 467796 44330 3329 2109 0 463180 0 677869
1786791648.717976 467796 42028 3329 2109 0 463180 0 690120
1786791649.719307 467796 43481 3329 2109 0 463180 0 716289
1786791650.720098 467796 43449 3329 2109 0 463180 0 728541
1786791651.720691 467796 45728 3329 2109 0 463180 0 740791
1786791652.721423 467796 43720 3329 2109 0 463180 0 753042
1786791653.722178 467796 42320 3329 2109 0 463180 0 765293
1786791654.723012 467796 45571 3329 2109 0 463180 0 777544
1786791655.725102 467796 45593 3329 2109 0 463180 0 807343
1786791656.721469 467796 44228 3329 2109 0 463180 0 779637
1786791657.714952 467796 44826 3329 2109 0 463180 0 789795
1786791658.712112 467796 33647 3329 2109 0 463180 0 802044
1786791659.713541 467796 33647 3329 2109 0 463180 0 802044
1786791660.713922 467796 33647 3329 2109 0 463180 0 802046
1786791661.722914 469588 38048 3329 2109 0 464972 0 776894
1786791662.722275 469588 39416 3329 2109 0 464972 0 765305
1786791663.722916 469588 39763 3329 2109 0 464972 0 774190
1786791664.723506 469588 39792 3329 2109 0 464972 0 782849
1786791665.723975 469588 37437 3329 2109 0 464972 0 791503
1786791666.724808 469588 41686 3329 2109 0 464972 0 803756
1786791667.726653 469588 42861 3329 2109 0 464972 0 833812
1786791668.727029 469588 41204 3329 2109 0 464972 0 842377
1786791669.728083 469588 39550 3329 2109 0 464972 0 858603
1786791670.727515 469588 37508 3329 2109 0 464972 0 848480
1786791671.727971 469588 41937 3329 2109 0 464972 0 860731
1786791672.728496 469588 40100 3329 2109 0 464972 0 872982
1786791673.728422 469588 40945 3329 2109 0 464972 0 878347
1786791674.729595 469588 44079 3329 2109 0 464972 0 897485
1786791675.719024 469588 38195 3329 2109 0 464972 0 897486
1786791676.718977 469588 38356 3329 2109 0 464972 0 897487
1786791677.718779 469588 38483 3329 2109 0 464972 0 897488
1786791678.731381 469588 38741 3329 2109 0 464972 0 922935
1786791679.728399 469588 30155 3329 2109 0 464972 0 867461
1786791680.729930 469588 42267 3329 2109 0 464972 0 890478
1786791681.730006 469588 39424 3329 2109 0 464972 0 894857
1786791682.729543 469588 40186 3329 2109 0 464972 0 883243
1786791683.730167 469588 38119 3329 2109 0 464972 0 895495
1786791684.730411 469588 39580 3329 2109 0 464972 0 899362
1786791685.730710 469588 33973 3329 2109 0 464972 0 905529
1786791686.732285 469588 42200 3329 2109 0 464972 0 932527
1786791687.731064 469588 43704 3329 2109 0 464972 0 942678
1786791688.734247 469588 40517 3329 2109 0 464972 0 967060
1786791689.733553 469588 42358 3329 2109 0 464972 0 957031
1786791690.734320 469588 38365 3329 2109 0 464972 0 969282
1786791691.735182 469588 39648 3329 2109 0 464972 0 981533
1786791692.733608 469588 38742 3329 2109 0 464972 0 976456
1786791693.736420 469588 41240 3329 2109 0 464972 0 1006032
1786791694.738323 469588 44985 3329 2109 0 464972 0 1036306
1786791695.736958 469588 44416 3329 2109 0 464972 0 1008407
1786791696.739763 469588 43487 3329 2109 0 464972 0 1055598
1786791697.739512 469588 42492 3329 2109 0 464972 0 1050989
1786791698.737903 469588 41714 3329 2109 0 464972 0 1024771
1786791699.736921 469588 41545 3329 2109 0 464972 0 1011548
1786791700.738219 469588 43772 3329 2109 0 464972 0 1037236
1786791701.739024 469588 42000 3329 2109 0 464972 0 1049487
1786791702.736746 469588 43769 3329 2109 0 464972 0 1036123
1786791703.741629 469588 42031 3329 2109 0 464972 0 1073991
1786791704.740986 469588 46083 3329 2109 0 464972 0 1086243
1786791705.742409 469588 46506 3329 2109 0 464972 0 1098493
1786791706.743656 469588 44250 3329 2109 0 464972 0 1126758
1786791707.744292 469588 44028 3329 2109 0 464972 0 1136450
1786791708.732388 469588 42555 3329 2109 0 464972 0 1122999
1786791709.728727 469588 42386 3329 2109 0 464972 0 1113275
1786791710.729184 469588 42223 3329 2109 0 464972 0 1123001
1786791711.736364 469588 37717 3329 2109 0 464972 0 1093174
1786791712.739861 469588 42673 3329 2109 0 464972 0 1108389
1786791713.735584 469588 37742 3329 2109 0 464972 0 1093834
1786791714.736537 469588 41991 3329 2109 0 464972 0 1101800
1786791715.739029 469588 46325 3329 2109 0 464972 0 1125779
1786791716.742025 471636 43748 3329 2109 0 467020 0 1152137
1786791717.737118 471636 43095 3329 2109 0 467020 0 1109190
1786791718.738164 471636 42883 3329 2109 0 467020 0 1131805
1786791719.739491 471636 44740 3329 2109 0 467020 0 1146696
1786791720.739029 471636 44739 3329 2109 0 467020 0 1147408
1786791721.740883 471636 45056 3329 2109 0 467020 0 1171195
1786791722.742020 471636 44887 3329 2109 0 467020 0 1183446
1786791723.741811 471636 46837 3329 2109 0 467020 0 1195697
1786791724.733690 471636 44076 3329 2109 0 467020 0 1207947
1786791725.733712 471636 44588 3329 2109 0 467020 0 1207948
1786791726.733279 471636 44588 3329 2109 0 467020 0 1207948
1786791727.730586 471636 37230 3329 2109 0 467020 0 1220198
1786791728.732743 471636 37742 3329 2109 0 467020 0 1220199
1786791729.732688 471636 38212 3329 2109 0 467020 0 1212801
1786791730.732845 471636 38213 3329 2109 0 467020 0 1220200
1786791731.740210 471636 35090 3329 2109 0 467020 0 1153256
1786791732.742334 471636 41500 3329 2109 0 467020 0 1177975
1786791733.750914 471636 47459 3329 2109 0 467020 0 1201116
1786791734.746490 471636 45842 3329 2109 0 467020 0 1193074
1786791735.748815 471636 44298 3329 2109 0 467020 0 1210231
1786791736.749222 471636 44819 3329 2109 0 467020 0 1214425
1786791737.748291 471636 41641 3329 2109 0 467020 0 1199057
1786791738.748401 471636 44383 3329 2109 0 467020 0 1204589
1786791739.748921 471636 41907 3329 2109 0 467020 0 1210064
1786791740.749582 471636 44446 3329 2109 0 467020 0 1231963
1786791741.732218 475733 35726 3329 2109 0 471116 0 1225518
1786791742.729771 475733 35727 3329 2109 0 471116 0 1201063
1786791743.730799 475733 36335 3329 2109 0 471116 0 1225519
1786791744.730699 475733 36335 3329 2109 0 471116 0 1225520
1786791745.730808 475733 35616 3329 2109 0 471116 0 1225521
1786791746.730766 475733 35696 3329 2109 0 471116 0 1225522
1786791747.730815 475733 35696 3329 2109 0 471116 0 1225523
1786791748.732042 475733 35820 3329 2109 0 471116 0 1225524
1786791749.730768 475733 35821 3329 2109 0 471116 0 1225524
1786791750.730798 475733 35693 3329 2109 0 471116 0 1225525
1786791751.730774 475733 35693 3329 2109 0 471116 0 1225526
1786791752.727840 475733 36926 3329 2109 0 471116 0 1155759
1786791753.729265 475733 36980 3329 2109 0 471116 0 1191809
1786791754.729283 475733 36980 3329 2109 0 471116 0 1191810
1786791755.729596 475733 37492 3329 2109 0 471116 0 1191810
1786791756.730474 475733 37195 3329 2109 0 471116 0 1191811
1786791757.729383 475733 36891 3329 2109 0 471116 0 1191812
1786791758.729351 475733 36294 3329 2109 0 471116 0 1191813
1786791759.729280 475733 36946 3329 2109 0 471116 0 1191814
1786791760.728800 475733 36946 3329 2109 0 471116 0 1177067
1786791761.729529 475733 36716 3329 2109 0 471116 0 1191679
1786791762.729252 478293 37595 3329 2109 0 473676 0 1191818
1786791763.728503 478293 38176 3329 2109 0 473676 0 1171087
1786791764.730382 478293 37775 3329 2109 0 473676 0 1217271
1786791765.730445 478293 38038 3329 2109 0 473676 0 1217272
1786791766.730435 478293 38038 3329 2109 0 473676 0 1217272
1786791767.730406 478293 38038 3329 2109 0 473676 0 1217273
1786791768.730146 478293 38038 3329 2109 0 473676 0 1217273
1786791769.730465 478293 38549 3329 2109 0 473676 0 1217273
1786791770.730331 478293 38549 3329 2109 0 473676 0 1217274
1786791771.730270 478293 38121 3329 2109 0 473676 0 1217274
1786791772.730198 478293 38121 3329 2109 0 473676 0 1217275
1786791773.726588 478293 38173 3329 2109 0 473676 0 1118874
1786791774.727803 478293 38012 3329 2109 0 473676 0 1155651
1786791775.727580 478293 38012 3329 2109 0 473676 0 1155652
1786791776.727472 478293 38012 3329 2109 0 473676 0 1155653
1786791777.727719 478293 38012 3329 2109 0 473676 0 1155654
1786791778.727648 478293 38012 3329 2109 0 473676 0 1155655
1786791779.727616 478293 38012 3329 2109 0 473676 0 1155656
1786791780.727510 478293 37234 3329 2109 0 473676 0 1155656
1786791781.727675 478293 37630 3329 2109 0 473676 0 1155657
1786791782.727753 478293 37114 3329 2109 0 473676 0 1155658
1786791783.727617 478293 36968 3329 2109 0 473676 0 1155659
1786791784.722370 478293 38436 3329 2109 0 473676 0 1030413
1786791785.722857 478293 38645 3329 2109 0 473676 0 1048440
1786791786.723040 478293 38645 3329 2109 0 473676 0 1048441
1786791787.723020 478293 38645 3329 2109 0 473676 0 1048442
1786791788.722877 478293 38645 3329 2109 0 473676 0 1048443
1786791789.722910 478293 38645 3329 2109 0 473676 0 1048443
1786791790.723073 478293 39156 3329 2109 0 473676 0 1048444
1786791791.721368 478293 37123 3329 2109 0 473676 0 1010304
1786791792.721381 478293 36847 3329 2109 0 473676 0 1010305
1786791793.721214 478293 37046 3329 2109 0 473676 0 1010306
1786791794.719807 483421 53784 3368 2109 0 478796 0 976455
1786791795.719789 576093 148126 3368 2109 0 571468 0 976455
1786791796.719822 664669 240540 3368 2109 0 660044 0 976455
1786791797.719836 759901 329767 3368 2109 0 755276 0 976455
1786791798.719999 886365 419922 3368 2109 0 881740 0 976455
1786791799.719935 968285 513052 3368 2109 0 963660 0 976455
1786791800.719827 1070685 604892 3368 2109 0 1066060 0 976455
1786791801.719897 1190493 696703 3368 2109 0 1185868 0 976455
1786791802.720023 1190493 789904 3368 2109 0 1185868 0 976455
1786791803.719875 1327709 884497 3368 2109 0 1323084 0 976455
1786791804.719826 1494109 978932 3368 2109 0 1489484 0 976455
1786791805.719832 1501277 1073200 3368 2109 0 1496652 0 976455
1786791806.719937 1505374 1094292 3368 2109 0 1500748 0 976455
1786791807.719861 1505374 1094292 3368 2109 0 1500748 0 976455
1786791808.719824 1505374 1094292 3368 2109 0 1500748 0 976455
1786791809.719835 1505374 1094292 3368 2109 0 1500748 0 976455
1786791810.719801 1505374 1094292 3368 2109 0 1500748 0 976455
1786791811.719785 1505374 1094292 3368 2109 0 1500748 0 976455
1786791812.723049 1505374 1094292 3368 2109 0 1500748 0 976455
1786791813.719656 1505374 1094292 3368 2109 0 1500748 0 976455
1786791814.720108 1509471 1094290 3368 2109 0 1504844 0 976455
1786791815.720308 1509471 1094290 3368 2109 0 1504844 0 976455
1786791816.720243 1509471 1094290 3368 2109 0 1504844 0 976455
1786791817.720225 1509471 1094290 3368 2109 0 1504844 0 976455
1786791818.720199 1509471 1094290 3368 2109 0 1504844 0 976455
1786791819.720226 1509471 1094290 3368 2109 0 1504844 0 976455
1786791820.721772 1509471 1094290 3368 2109 0 1504844 0 976455
1786791821.720039 1509471 1094674 3368 2109 0 1504844 0 976455
1786791822.720374 1509471 1094674 3368 2109 0 1504844 0 976455
1786791823.720284 1513561 1094668 3361 2109 0 1508940 0 976455
1786791824.720292 1513561 1094668 3361 2109 0 1508940 0 976455
1786791825.720228 1513561 1094668 3361 2109 0 1508940 0 976455
1786791826.720243 1513561 1094668 3361 2109 0 1508940 0 976455
1786791827.721281 1513561 1094668 3361 2109 0 1508940 0 976455
1786791828.720194 1513561 1094668 3361 2109 0 1508940 0 976455
1786791829.720322 1513561 1094668 3361 2109 0 1508940 0 976455
1786791830.720056 1513561 1094668 3361 2109 0 1508940 0 976455
1786791831.720274 1513561 1095036 3361 2109 0 1508940 0 976455
1786791832.720220 1513561 1095036 3361 2109 0 1508940 0 976455
1786791833.720296 1513561 1095036 3361 2109 0 1508940 0 976455
1786791834.720341 1513561 1095036 3361 2109 0 1508940 0 976455
1786791835.720163 1513561 1095036 3361 2109 0 1508940 0 976455
1786791836.720114 1513561 1095036 3361 2109 0 1508940 0 976455
1786791837.720221 1513561 1095036 3361 2109 0 1508940 0 976455
1786791838.720147 1513561 1095036 3361 2109 0 1508940 0 976455
1786791839.720289 1513561 1095036 3361 2109 0 1508940 0 976455
1786791840.720417 1513561 1095036 3361 2109 0 1508940 0 976455
1786791841.720375 1513561 1095036 3361 2109 0 1508940 0 976455
1786791842.720211 1513561 1095036 3361 2109 0 1508940 0 976455
1786791843.720173 1513561 1095036 3361 2109 0 1508940 0 976455
1786791844.720214 1513561 1095036 3361 2109 0 1508940 0 976455
1786791845.720391 1513561 1095036 3361 2109 0 1508940 0 976455
1786791846.720200 1513561 1095036 3361 2109 0 1508940 0 976455
1786791847.720325 1513561 1095036 3361 2109 0 1508940 0 976455
1786791848.720334 1513561 1095036 3361 2109 0 1508940 0 976455
1786791849.720453 1513561 1095036 3361 2109 0 1508940 0 976455
1786791850.720361 1513561 1095036 3361 2109 0 1508940 0 976455
1786791851.720400 1513561 1095388 3361 2109 0 1508940 0 976455
1786791852.720301 1513561 1095388 3361 2109 0 1508940 0 976455
1786791853.720393 1513561 1095388 3361 2109 0 1508940 0 976455
1786791854.720140 1513561 1095388 3361 2109 0 1508940 0 976455
1786791855.720918 1513561 1095388 3361 2109 0 1508940 0 976455
1786791856.720290 1513561 1095388 3361 2109 0 1508940 0 976455
1786791857.720312 1513561 1095388 3361 2109 0 1508940 0 976455
1786791858.720156 1513561 1095388 3361 2109 0 1508940 0 976455
1786791859.720229 1513561 1095388 3361 2109 0 1508940 0 976455
1786791860.720232 1513561 1095388 3361 2109 0 1508940 0 976455
1786791861.720044 1513561 1095724 3361 2109 0 1508940 0 976455
1786791862.719899 1513561 1095724 3361 2109 0 1508940 0 976455
1786791863.719952 1513561 1095724 3361 2109 0 1508940 0 976455
1786791864.720186 1513561 1095724 3361 2109 0 1508940 0 976455
1786791865.720064 1513561 1095724 3361 2109 0 1508940 0 976455
1786791866.719935 1513561 1095724 3361 2109 0 1508940 0 976455
1786791867.720134 1513561 1095724 3361 2109 0 1508940 0 976455
1786791868.720029 1513561 1095724 3361 2109 0 1508940 0 976455
1786791869.720131 1513561 1095724 3361 2109 0 1508940 0 976455
1786791870.720023 1513561 1095724 3361 2109 0 1508940 0 976455
1786791871.720113 1513561 1095724 3361 2109 0 1508940 0 976455
1786791872.720131 1513561 1095724 3361 2109 0 1508940 0 976455
1786791873.720104 1513561 1095724 3361 2109 0 1508940 0 976455
1786791874.720314 1513561 1095724 3361 2109 0 1508940 0 976455
1786791875.720125 1513561 1095724 3361 2109 0 1508940 0 976455
1786791876.720187 1513561 1095724 3361 2109 0 1508940 0 976455
1786791877.719900 1513561 1095724 3361 2109 0 1508940 0 976455
1786791878.720024 1513561 1095724 3361 2109 0 1508940 0 976455
1786791879.720036 1513561 1095724 3361 2109 0 1508940 0 976455
1786791880.720023 1513561 1095724 3361 2109 0 1508940 0 976455
1786791881.720313 1513561 1095724 3361 2109 0 1508940 0 976455
1786791882.720706 1513561 1096044 3361 2109 0 1508940 0 976455
1786791883.720220 1513561 1096044 3361 2109 0 1508940 0 976455
1786791884.720396 1513561 1096044 3361 2109 0 1508940 0 976455
1786791885.720193 1513561 1096044 3361 2109 0 1508940 0 976455
1786791886.720243 1513561 1096044 3361 2109 0 1508940 0 976455
1786791887.720247 1513561 1096044 3361 2109 0 1508940 0 976455
1786791888.720047 1513561 1096044 3361 2109 0 1508940 0 976455
1786791889.720083 1513561 1096044 3361 2109 0 1508940 0 976455
1786791890.720338 1513561 1096044 3361 2109 0 1508940 0 976455
1786791891.720320 1513561 1096044 3361 2109 0 1508940 0 976455
1786791892.720191 1513561 1096348 3361 2109 0 1508940 0 976455
1786791893.720359 1513561 1096348 3361 2109 0 1508940 0 976455
1786791894.720094 1513561 1096348 3361 2109 0 1508940 0 976455
1786791895.720108 1513561 1096348 3361 2109 0 1508940 0 976455
1786791896.720191 1513561 1096348 3361 2109 0 1508940 0 976455
1786791897.720153 1513561 1096348 3361 2109 0 1508940 0 976455
1786791898.720066 1513561 1096348 3361 2109 0 1508940 0 976455
1786791899.720444 1513561 1096348 3361 2109 0 1508940 0 976455
1786791900.720172 1513561 1096348 3361 2109 0 1508940 0 976455
1786791901.720204 1513561 1096348 3361 2109 0 1508940 0 976455
1786791902.720307 1513561 1096348 3361 2109 0 1508940 0 976455
1786791903.720165 1513561 1096348 3361 2109 0 1508940 0 976455
1786791904.720040 1513561 1096348 3361 2109 0 1508940 0 976455
1786791905.719992 1513561 1096348 3361 2109 0 1508940 0 976455
1786791906.720218 1513561 1096348 3361 2109 0 1508940 0 976455
1786791907.722396 1513561 1096348 3361 2109 0 1508940 0 976455
1786791908.720200 1513561 1096348 3361 2109 0 1508940 0 976455
1786791909.720126 1513561 1096348 3361 2109 0 1508940 0 976455
1786791910.720063 1513561 1096348 3361 2109 0 1508940 0 976455
1786791911.720267 1513561 1096348 3361 2109 0 1508940 0 976455
1786791912.720035 1513561 1096348 3361 2109 0 1508940 0 976455
1786791913.720048 1513561 1096636 3361 2109 0 1508940 0 976455
1786791914.720325 1513561 1096636 3361 2109 0 1508940 0 976455
1786791915.720127 1513561 1096636 3361 2109 0 1508940 0 976455
1786791916.720346 1513561 1096636 3361 2109 0 1508940 0 976455
1786791917.720207 1513561 1096636 3361 2109 0 1508940 0 976455
1786791918.720002 1513561 1096636 3361 2109 0 1508940 0 976455
1786791919.720046 1513561 1096636 3361 2109 0 1508940 0 976455
1786791920.720145 1513561 1096636 3361 2109 0 1508940 0 976455
1786791921.720078 1513561 1096636 3361 2109 0 1508940 0 976455
1786791922.720279 1513561 1096636 3361 2109 0 1508940 0 976455
1786791923.719965 1513561 1096908 3361 2109 0 1508940 0 976455
1786791924.719954 1513561 1096908 3361 2109 0 1508940 0 976455
1786791925.720089 1513561 1096908 3361 2109 0 1508940 0 976455
1786791926.720306 1513561 1096908 3361 2109 0 1508940 0 976455
1786791927.720236 1513561 1096908 3361 2109 0 1508940 0 976455
1786791928.720290 1513561 1096908 3361 2109 0 1508940 0 976455
1786791929.719983 1513561 1096908 3361 2109 0 1508940 0 976455
1786791930.719930 1513561 1096908 3361 2109 0 1508940 0 976455
1786791931.720085 1513561 1096908 3361 2109 0 1508940 0 976455
1786791932.720298 1513561 1096908 3361 2109 0 1508940 0 976455
1786791933.720120 1513561 1096908 3361 2109 0 1508940 0 976455
1786791934.720059 1513561 1096908 3361 2109 0 1508940 0 976455
1786791935.720035 1513561 1096908 3361 2109 0 1508940 0 976455
1786791936.720177 1513561 1096908 3361 2109 0 1508940 0 976455
1786791937.720001 1513561 1096908 3361 2109 0 1508940 0 976455
1786791938.720037 1513561 1096908 3361 2109 0 1508940 0 976455
1786791939.720126 1513561 1096908 3361 2109 0 1508940 0 976455
1786791940.720179 1513561 1096908 3361 2109 0 1508940 0 976455
1786791941.720229 1513561 1096908 3361 2109 0 1508940 0 976455
1786791942.720068 1513561 1096908 3361 2109 0 1508940 0 976455
1786791943.720094 1513561 1097164 3361 2109 0 1508940 0 976455
1786791944.720016 1513561 1097164 3361 2109 0 1508940 0 976455
1786791945.720040 1513561 1097164 3361 2109 0 1508940 0 976455
1786791946.720025 1513561 1097164 3361 2109 0 1508940 0 976455
1786791947.720109 1513561 1097164 3361 2109 0 1508940 0 976455
1786791948.720108 1513561 1097164 3361 2109 0 1508940 0 976455
1786791949.720036 1513561 1097164 3361 2109 0 1508940 0 976455
1786791950.719952 1513561 1097164 3361 2109 0 1508940 0 976455
1786791951.720170 1513561 1097164 3361 2109 0 1508940 0 976455
1786791952.720007 1513561 1097164 3361 2109 0 1508940 0 976455
1786791953.719992 1513561 1097164 3361 2109 0 1508940 0 976455
1786791954.719962 1513561 1097404 3361 2109 0 1508940 0 976455
1786791955.720014 1513561 1097404 3361 2109 0 1508940 0 976455
1786791956.720261 1513561 1097404 3361 2109 0 1508940 0 976455
1786791957.720198 1513561 1097404 3361 2109 0 1508940 0 976455
1786791958.720123 1513561 1097404 3361 2109 0 1508940 0 976455
1786791959.720079 1513561 1097404 3361 2109 0 1508940 0 976455
1786791960.720157 1513561 1097404 3361 2109 0 1508940 0 976455
1786791961.720106 1513561 1097404 3361 2109 0 1508940 0 976455
1786791962.720072 1513561 1097404 3361 2109 0 1508940 0 976455
1786791963.720140 1513561 1097404 3361 2109 0 1508940 0 976455
1786791964.720913 1513561 1097404 3361 2109 0 1508940 0 976455
1786791965.720368 1513561 1097404 3361 2109 0 1508940 0 976455
1786791966.720172 1513561 1097404 3361 2109 0 1508940 0 976455
1786791967.720160 1513561 1097404 3361 2109 0 1508940 0 976455
1786791968.720155 1513561 1097404 3361 2109 0 1508940 0 976455
1786791969.720153 1513561 1097404 3361 2109 0 1508940 0 976455
1786791970.720063 1513561 1097404 3361 2109 0 1508940 0 976455
1786791971.720060 1513561 1097404 3361 2109 0 1508940 0 976455
1786791972.720845 1513561 1097404 3361 2109 0 1508940 0 976455
1786791973.720801 1513561 1097404 3361 2109 0 1508940 0 976455
1786791974.719978 1513561 1097628 3361 2109 0 1508940 0 976455
1786791975.719966 1513561 1097628 3361 2109 0 1508940 0 976455
1786791976.720265 1513561 1097628 3361 2109 0 1508940 0 976455
1786791977.720207 1513561 1097628 3361 2109 0 1508940 0 976455
1786791978.720060 1513561 1097628 3361 2109 0 1508940 0 976455
1786791979.719987 1513561 1097628 3361 2109 0 1508940 0 976455
1786791980.720225 1513561 1097628 3361 2109 0 1508940 0 976455
1786791981.720315 1513561 1097628 3361 2109 0 1508940 0 976455
1786791982.720428 1513561 1097628 3361 2109 0 1508940 0 976455
1786791983.720360 1513561 1097628 3361 2109 0 1508940 0 976455
1786791984.720090 1513561 1097836 3361 2109 0 1508940 0 976455
1786791985.720068 1513561 1097836 3361 2109 0 1508940 0 976455
1786791986.720135 1513561 1097836 3361 2109 0 1508940 0 976455
1786791987.720115 1513561 1097836 3361 2109 0 1508940 0 976455
1786791988.720253 1513561 1097836 3361 2109 0 1508940 0 976455
1786791989.720042 1513561 1097836 3361 2109 0 1508940 0 976455
1786791990.720390 1513561 1097836 3361 2109 0 1508940 0 976455
1786791991.720131 1513561 1097836 3361 2109 0 1508940 0 976455
1786791992.720408 1513561 1097836 3361 2109 0 1508940 0 976455
1786791993.720049 1513561 1097836 3361 2109 0 1508940 0 976455
1786791994.720341 1513561 1097836 3361 2109 0 1508940 0 976455
1786791995.720184 1513561 1097836 3361 2109 0 1508940 0 976455
1786791996.720349 1513561 1097836 3361 2109 0 1508940 0 976455
1786791997.720233 1513561 1097836 3361 2109 0 1508940 0 976455
1786791998.720291 1513561 1097836 3361 2109 0 1508940 0 976455
1786791999.720249 1513561 1097836 3361 2109 0 1508940 0 976455
1786792000.720177 1513561 1097836 3361 2109 0 1508940 0 976455
1786792001.720082 1513561 1097836 3361 2109 0 1508940 0 976455
1786792002.720006 1513561 1097836 3361 2109 0 1508940 0 976455
1786792003.720098 1513561 1097836 3361 2109 0 1508940 0 976455
1786792004.720003 1513561 1097836 3361 2109 0 1508940 0 976455
1786792005.720154 1513561 1098028 3361 2109 0 1508940 0 976455
1786792006.720234 1513561 1098028 3361 2109 0 1508940 0 976455
1786792007.722446 1513561 1098028 3361 2109 0 1508940 0 976455
1786792008.720041 1513561 1098028 3361 2109 0 1508940 0 976455
1786792009.720102 1513561 1098028 3361 2109 0 1508940 0 976455
1786792010.720106 1513561 1098028 3361 2109 0 1508940 0 976455
1786792011.720005 1513561 1098028 3361 2109 0 1508940 0 976455
1786792012.719955 1513561 1098028 3361 2109 0 1508940 0 976455
1786792013.720476 1513561 1098028 3361 2109 0 1508940 0 976455
1786792014.720252 1513561 1098028 3361 2109 0 1508940 0 976455
1786792015.720222 1513561 1098204 3361 2109 0 1508940 0 976455
1786792016.721092 1513561 1098204 3361 2109 0 1508940 0 976455
1786792017.720229 1513561 1098204 3361 2109 0 1508940 0 976455
1786792018.720187 1513561 1098204 3361 2109 0 1508940 0 976455
1786792019.720155 1513561 1098204 3361 2109 0 1508940 0 976455
1786792020.720194 1513561 1098204 3361 2109 0 1508940 0 976455
1786792021.720105 1513561 1098204 3361 2109 0 1508940 0 976455
1786792022.720336 1513561 1098204 3361 2109 0 1508940 0 976455
1786792023.720117 1513561 1098204 3361 2109 0 1508940 0 976455
1786792024.720507 1513561 1098204 3361 2109 0 1508940 0 976455
1786792025.720209 1513561 1098204 3361 2109 0 1508940 0 976455
1786792026.720125 1513561 1098204 3361 2109 0 1508940 0 976455
1786792027.720180 1513561 1098204 3361 2109 0 1508940 0 976455
1786792028.720167 1513561 1098204 3361 2109 0 1508940 0 976455
1786792029.720214 1513561 1098204 3361 2109 0 1508940 0 976455
1786792030.720231 1513561 1098204 3361 2109 0 1508940 0 976455
1786792031.720214 1513561 1098204 3361 2109 0 1508940 0 976455
1786792032.720964 1513561 1098204 3361 2109 0 1508940 0 976455
1786792033.720222 1513561 1098204 3361 2109 0 1508940 0 976455
1786792034.720324 1513561 1098204 3361 2109 0 1508940 0 976455
1786792035.720198 1513561 1098204 3361 2109 0 1508940 0 976455
1786792036.720915 1513561 1098364 3361 2109 0 1508940 0 976455
1786792037.720303 1513561 1098364 3361 2109 0 1508940 0 976455
1786792038.720148 1513561 1098364 3361 2109 0 1508940 0 976455
1786792039.720421 1513561 1098364 3361 2109 0 1508940 0 976455
1786792040.720261 1513561 1098364 3361 2109 0 1508940 0 976455
1786792041.720300 1513561 1098364 3361 2109 0 1508940 0 976455
1786792042.720975 1513561 1098364 3361 2109 0 1508940 0 976455
1786792043.720261 1513561 1098364 3361 2109 0 1508940 0 976455
1786792044.720177 1513561 1098364 3361 2109 0 1508940 0 976455
1786792045.720163 1513561 1098364 3361 2109 0 1508940 0 976455
1786792046.720357 1513561 1098508 3361 2109 0 1508940 0 976455
1786792047.720349 1513561 1098508 3361 2109 0 1508940 0 976455
1786792048.720089 1513561 1098508 3361 2109 0 1508940 0 976455
1786792049.720378 1513561 1098508 3361 2109 0 1508940 0 976455
1786792050.720254 1513561 1098508 3361 2109 0 1508940 0 976455
1786792051.720862 1513561 1098508 3361 2109 0 1508940 0 976455
1786792052.720736 1513561 1098508 3361 2109 0 1508940 0 976455
1786792053.720274 1513561 1098508 3361 2109 0 1508940 0 976455
1786792054.720214 1513561 1098508 3361 2109 0 1508940 0 976455
1786792055.720808 1513561 1098508 3361 2109 0 1508940 0 976455
1786792056.720368 1513561 1098508 3361 2109 0 1508940 0 976455
1786792057.720261 1513561 1098508 3361 2109 0 1508940 0 976455
1786792058.720147 1513561 1098508 3361 2109 0 1508940 0 976455
1786792059.720299 1513561 1098508 3361 2109 0 1508940 0 976455
1786792060.720288 1513561 1098508 3361 2109 0 1508940 0 976455
1786792061.720181 1513561 1098508 3361 2109 0 1508940 0 976455
1786792062.720222 1513561 1098508 3361 2109 0 1508940 0 976455
1786792063.720195 1513561 1098508 3361 2109 0 1508940 0 976455
1786792064.720350 1513561 1098508 3361 2109 0 1508940 0 976455
1786792065.720252 1513561 1098508 3361 2109 0 1508940 0 976455
1786792066.720251 1513561 1098636 3361 2109 0 1508940 0 976455
1786792067.720304 1513561 1098636 3361 2109 0 1508940 0 976455
1786792068.720187 1513561 1098636 3361 2109 0 1508940 0 976455
1786792069.720115 1513561 1098636 3361 2109 0 1508940 0 976455
1786792070.720138 1513561 1098636 3361 2109 0 1508940 0 976455
1786792071.720054 1513561 1098636 3361 2109 0 1508940 0 976455
1786792072.720254 1513561 1098636 3361 2109 0 1508940 0 976455
1786792073.720251 1513561 1098636 3361 2109 0 1508940 0 976455
1786792074.720190 1513561 1098636 3361 2109 0 1508940 0 976455
1786792075.720176 1513561 1098636 3361 2109 0 1508940 0 976455
1786792076.720224 1513561 1098636 3361 2109 0 1508940 0 976455
1786792077.720106 1513561 1098756 3361 2109 0 1508940 0 976455
1786792078.720241 1513561 1098756 3361 2109 0 1508940 0 976455
1786792079.720103 1513561 1098756 3361 2109 0 1508940 0 976455
1786792080.720274 1513561 1098756 3361 2109 0 1508940 0 976455
1786792081.720257 1513561 1098756 3361 2109 0 1508940 0 976455
1786792082.720353 1513561 1098756 3361 2109 0 1508940 0 976455
1786792083.720261 1513561 1098756 3361 2109 0 1508940 0 976455
1786792084.720054 1513561 1098756 3361 2109 0 1508940 0 976455
1786792085.720177 1513561 1098756 3361 2109 0 1508940 0 976455
1786792086.720095 1513561 1098756 3361 2109 0 1508940 0 976455
1786792087.719997 1513561 1098756 3361 2109 0 1508940 0 976455
1786792088.720199 1513561 1098756 3361 2109 0 1508940 0 976455
1786792089.720241 1513561 1098756 3361 2109 0 1508940 0 976455
1786792090.720336 1513561 1098756 3361 2109 0 1508940 0 976455
1786792091.720259 1513561 1098756 3361 2109 0 1508940 0 976455
1786792092.720286 1513561 1098756 3361 2109 0 1508940 0 976455
1786792093.720241 1513561 1098756 3361 2109 0 1508940 0 976455
1786792094.720134 1513561 1098756 3361 2109 0 1508940 0 976455
1786792095.720089 1513561 1098756 3361 2109 0 1508940 0 976455
1786792096.720129 1513561 1098756 3361 2109 0 1508940 0 976455
1786792097.720392 1513561 1098872 3361 2109 0 1508940 0 976455
1786792098.720035 1513561 1098872 3361 2109 0 1508940 0 976455
1786792099.720235 1513561 1098872 3361 2109 0 1508940 0 976455
1786792100.720481 1513561 1098872 3361 2109 0 1508940 0 976455
1786792101.720157 1513561 1098872 3361 2109 0 1508940 0 976455
1786792102.720142 1513561 1098872 3361 2109 0 1508940 0 976455
1786792103.720183 1513561 1098872 3361 2109 0 1508940 0 976455
1786792104.720094 1513561 1098872 3361 2109 0 1508940 0 976455
1786792105.720257 1513561 1098872 3361 2109 0 1508940 0 976455
