# start_epoch=1786792106.938250  page_size=4096  cachestat=ok  fields=size,resident,shared,text,lib,data,dt,pagecache
1786792107.942336 466893 43553 3306 2109 0 462284 0 62151
1786792108.944254 467796 40582 3313 2109 0 463180 0 94638
1786792109.945555 467796 41885 3313 2109 0 463180 0 117163
1786792110.948113 467796 46838 3313 2109 0 463180 0 160641
1786792111.950105 467796 44075 3377 2109 0 463180 0 193669
1786792112.952071 468820 42911 3377 2109 0 464204 0 226990
1786792113.954041 468820 44005 3377 2109 0 464204 0 259799
1786792114.955886 470100 51357 3377 2109 0 465484 0 292163
1786792115.957993 470100 47307 3377 2109 0 465484 0 325922
1786792116.959939 470100 45293 3377 2109 0 465484 0 358986
1786792117.961930 470100 44745 3377 2109 0 465484 0 392051
1786792118.963900 471636 45705 3377 2109 0 467020 0 424860
1786792119.965872 471636 50072 3377 2109 0 467020 0 458429
1786792120.967841 471636 45647 3377 2109 0 467020 0 491495
1786792121.969784 471636 47043 3377 2109 0 467020 0 524304
1786792122.971725 473428 46696 3377 2109 0 468812 0 557369
1786792123.972480 473428 52386 3377 2109 0 468812 0 572410
1786792124.975690 473428 49759 3377 2109 0 468812 0 623746
1786792125.977623 473428 47212 3377 2109 0 468812 0 656300
1786792126.979665 473428 48611 3377 2109 0 468812 0 688341
1786792127.981641 473428 50834 3377 2109 0 468812 0 721142
1786792128.983514 475476 48421 3377 2109 0 470860 0 753951
1786792129.986306 475476 54163 3377 2109 0 470860 0 786248
1786792130.986941 475476 54174 3377 2109 0 470860 0 800778
1786792131.989348 475476 49947 3377 2109 0 470860 0 851860
1786792132.991177 475476 56647 3377 2109 0 470860 0 883389
1786792133.978085 480213 36878 3393 2109 0 475596 0 890366
1786792134.978157 480981 37203 3393 2109 0 476364 0 890367
1786792135.978256 481877 37119 3393 2109 0 477260 0 890367
1786792136.977938 481877 36914 3393 2109 0 477260 0 890368
1786792137.977916 481877 37124 3393 2109 0 477260 0 890368
1786792138.977187 481877 37394 3393 2109 0 477260 0 874355
1786792139.977816 481877 37394 3393 2109 0 477260 0 890370
1786792140.977952 481877 37394 3393 2109 0 477260 0 890370
1786792141.978058 481877 37394 3393 2109 0 477260 0 890371
1786792142.977606 482901 37430 3393 2109 0 478284 0 884326
1786792143.977567 482901 37973 3393 2109 0 478284 0 884326
1786792144.977430 484181 37844 3393 2109 0 479564 0 884327
1786792145.977541 484181 37991 3393 2109 0 479564 0 884328
1786792146.977459 484181 37991 3393 2109 0 479564 0 884328
1786792147.977509 484181 37992 3393 2109 0 479564 0 884329
1786792148.977398 484181 38389 3393 2109 0 479564 0 884330
1786792149.977599 484181 38389 3393 2109 0 479564 0 884330
1786792150.977539 484181 38389 3393 2109 0 479564 0 884331
1786792151.977203 485717 26947 3393 2109 0 481100 0 878316
1786792152.977179 485717 27519 3393 2109 0 481100 0 878316
1786792153.977150 485717 27124 3393 2109 0 481100 0 878317
1786792154.977326 485717 27273 3393 2109 0 481100 0 878318
1786792155.977160 485717 27273 3393 2109 0 481100 0 878318
1786792156.977087 485717 27273 3393 2109 0 481100 0 878319
1786792157.977270 485717 27273 3393 2109 0 481100 0 878319
1786792158.977249 485717 27544 3393 2109 0 481100 0 878320
1786792159.977224 485717 27544 3393 2109 0 481100 0 878321
1786792160.976882 487509 29020 3393 2109 0 482892 0 872304
1786792161.976772 487509 29532 3393 2109 0 482892 0 872305
1786792162.976787 487509 29532 3393 2109 0 482892 0 872306
1786792163.976754 487509 29532 3393 2109 0 482892 0 872306
1786792164.976665 487509 29532 3393 2109 0 482892 0 872307
1786792165.976845 487509 29173 3393 2109 0 482892 0 872308
1786792166.976891 487509 29340 3393 2109 0 482892 0 872308
1786792167.976882 487509 29341 3393 2109 0 482892 0 872309
1786792168.976892 487509 29610 3393 2109 0 482892 0 872310
1786792169.976590 489557 28623 3393 2109 0 484940 0 866293
1786792170.977198 489557 29187 3393 2109 0 484940 0 866294
1786792171.976781 489557 29126 3393 2109 0 484940 0 866295
1786792172.975750 494685 59162 3400 2109 0 490060 0 846211
1786792173.975786 580189 144253 3400 2109 0 575564 0 846211
1786792174.975715 668765 232034 3400 2109 0 664140 0 846211
1786792175.975765 761949 318142 3400 2109 0 757324 0 846211
1786792176.975746 822877 404648 3400 2109 0 818252 0 846211
1786792177.975693 972381 491008 3400 2109 0 967756 0 846211
1786792178.975680 1074781 577262 3400 2109 0 1070156 0 846211
1786792179.975688 1074781 662347 3400 2109 0 1070156 0 846211
1786792180.975571 1194589 748341 3400 2109 0 1189964 0 846211
1786792181.975624 1325661 833697 3400 2109 0 1321036 0 846211
1786792182.975804 1331805 919441 3400 2109 0 1327180 0 846211
1786792183.975754 1495645 1005064 3400 2109 0 1491020 0 846211
1786792184.975724 1502813 1091059 3400 2109 0 1498188 0 846211
1786792185.975719 1701981 1176939 3400 2109 0 1697356 0 846211
1786792186.975615 1701981 1261150 3400 2109 0 1697356 0 846211
1786792187.975671 1939549 1345248 3400 2109 0 1934924 0 846211
1786792188.975619 1939549 1430768 3400 2109 0 1934924 0 846211
1786792189.975485 1939549 1515248 3400 2109 0 1934924 0 846211
1786792190.976443 2201693 1587350 3532 2109 0 2197068 0 846211
1786792191.975878 2211933 1657961 3532 2109 0 2207308 0 846211
1786792192.977710 2216030 1708230 3532 2109 0 2211404 0 846211
1786792193.975712 2216030 1708230 3532 2109 0 2211404 0 846211
1786792194.975791 2216030 1708230 3532 2109 0 2211404 0 846211
1786792195.975700 2216030 1708230 3532 2109 0 2211404 0 846211
1786792196.975717 2216030 1708230 3532 2109 0 2211404 0 846211
1786792197.975679 2216030 1708230 3532 2109 0 2211404 0 846211
1786792198.975861 2216030 1708230 3532 2109 0 2211404 0 846211
1786792199.975801 2216030 1708230 3532 2109 0 2211404 0 846211
1786792200.975726 2216030 1708230 3532 2109 0 2211404 0 846211
1786792201.976488 2216030 1708230 3532 2109 0 2211404 0 846211
1786792202.975719 2216030 1708230 3532 2109 0 2211404 0 846211
1786792203.975756 2216030 1708230 3532 2109 0 2211404 0 846211
1786792204.975511 2216030 1708230 3532 2109 0 2211404 0 846211
1786792205.977718 2220127 1708235 3532 2109 0 2215500 0 846211
1786792206.975725 2220127 1708235 3532 2109 0 2215500 0 846211
1786792207.975694 2220127 1708235 3532 2109 0 2215500 0 846211
1786792208.975755 2220127 1708235 3532 2109 0 2215500 0 846211
1786792209.975724 2220127 1708235 3532 2109 0 2215500 0 846211
1786792210.975647 2220127 1708235 3532 2109 0 2215500 0 846211
1786792211.975961 2220127 1708235 3532 2109 0 2215500 0 846211
1786792212.975720 2220127 1708235 3532 2109 0 2215500 0 846211
1786792213.975646 2220127 1708235 3532 2109 0 2215500 0 846211
1786792214.975525 2220127 1708235 3532 2109 0 2215500 0 846211
1786792215.975715 2220127 1708235 3532 2109 0 2215500 0 846211
1786792216.975662 2220127 1708235 3532 2109 0 2215500 0 846211
1786792217.975662 2220127 1708235 3532 2109 0 2215500 0 846211
1786792218.975546 2224217 1708227 3525 2109 0 2219596 0 846211
1786792219.975608 2224217 1708227 3525 2109 0 2219596 0 846211
1786792220.975573 2224217 1708227 3525 2109 0 2219596 0 846211
1786792221.975505 2224217 1708227 3525 2109 0 2219596 0 846211
1786792222.975519 2224217 1708227 3525 2109 0 2219596 0 846211
1786792223.975653 2224217 1708227 3525 2109 0 2219596 0 846211
1786792224.975738 2224217 1708227 3525 2109 0 2219596 0 846211
1786792225.975598 2224217 1708227 3525 2109 0 2219596 0 846211
1786792226.976158 2224217 1708227 3525 2109 0 2219596 0 846211
1786792227.975609 2224217 1708227 3525 2109 0 2219596 0 846211
1786792228.975536 2224217 1708227 3525 2109 0 2219596 0 846211
1786792229.975525 2224217 1708227 3525 2109 0 2219596 0 846211
1786792230.975566 2224217 1708227 3525 2109 0 2219596 0 846211
1786792231.975531 2224217 1708227 3525 2109 0 2219596 0 846211
1786792232.975689 2224217 1708227 3525 2109 0 2219596 0 846211
1786792233.975631 2224217 1708227 3525 2109 0 2219596 0 846211
1786792234.975575 2224217 1708227 3525 2109 0 2219596 0 846211
1786792235.975645 2224217 1708227 3525 2109 0 2219596 0 846211
1786792236.975899 2224217 1708227 3525 2109 0 2219596 0 846211
1786792237.975541 2224217 1708227 3525 2109 0 2219596 0 846211
1786792238.975549 2224217 1708227 3525 2109 0 2219596 0 846211
1786792239.975707 2224217 1708227 3525 2109 0 2219596 0 846211
1786792240.975552 2224217 1708227 3525 2109 0 2219596 0 846211
1786792241.975718 2224217 1708227 3525 2109 0 2219596 0 846211
1786792242.975674 2224217 1708227 3525 2109 0 2219596 0 846211
1786792243.975611 2224217 1708227 3525 2109 0 2219596 0 846211
1786792244.975653 2224217 1708227 3525 2109 0 2219596 0 846211
1786792245.975578 2224217 1708227 3525 2109 0 2219596 0 846211
1786792246.975568 2224217 1708227 3525 2109 0 2219596 0 846211
1786792247.975568 2224217 1708227 3525 2109 0 2219596 0 846211
1786792248.975499 2224217 1708227 3525 2109 0 2219596 0 846211
1786792249.975702 2224217 1708227 3525 2109 0 2219596 0 846211
1786792250.975724 2224217 1708227 3525 2109 0 2219596 0 846211
1786792251.975638 2224217 1708227 3525 2109 0 2219596 0 846211
1786792252.975646 2224217 1708227 3525 2109 0 2219596 0 846211
1786792253.975637 2224217 1708227 3525 2109 0 2219596 0 846211
1786792254.975638 2224217 1708227 3525 2109 0 2219596 0 846211
1786792255.975566 2224217 1708227 3525 2109 0 2219596 0 846211
1786792256.975405 2224217 1708227 3525 2109 0 2219596 0 846211
1786792257.975689 2224217 1708227 3525 2109 0 2219596 0 846211
1786792258.975593 2224217 1708227 3525 2109 0 2219596 0 846211
1786792259.975660 2224217 1708227 3525 2109 0 2219596 0 846211
1786792260.975583 2224217 1708227 3525 2109 0 2219596 0 846211
1786792261.975529 2224217 1708227 3525 2109 0 2219596 0 846211
1786792262.975518 2224217 1708227 3525 2109 0 2219596 0 846211
1786792263.975511 2224217 1708227 3525 2109 0 2219596 0 846211
1786792264.975508 2224217 1708227 3525 2109 0 2219596 0 846211
1786792265.975953 2224217 1708227 3525 2109 0 2219596 0 846211
1786792266.975648 2224217 1708227 3525 2109 0 2219596 0 846211
1786792267.975798 2224217 1708227 3525 2109 0 2219596 0 846211
1786792268.975611 2224217 1708227 3525 2109 0 2219596 0 846211
1786792269.975548 2224217 1708227 3525 2109 0 2219596 0 846211
1786792270.975622 2224217 1708227 3525 2109 0 2219596 0 846211
1786792271.975491 2224217 1708227 3525 2109 0 2219596 0 846211
1786792272.975470 2224217 1708227 3525 2109 0 2219596 0 846211
1786792273.975702 2224217 1708253 3525 2109 0 2219596 0 846211
1786792274.975658 2224217 1708253 3525 2109 0 2219596 0 846211
1786792275.975661 2224217 1708253 3525 2109 0 2219596 0 846211
1786792276.975585 2224217 1708253 3525 2109 0 2219596 0 846211
1786792277.975541 2224217 1708253 3525 2109 0 2219596 0 846211
1786792278.975391 2224217 1708253 3525 2109 0 2219596 0 846211
1786792279.975469 2224217 1708253 3525 2109 0 2219596 0 846211
1786792280.975412 2224217 1708253 3525 2109 0 2219596 0 846211
1786792281.975468 2224217 1708253 3525 2109 0 2219596 0 846211
1786792282.975615 2224217 1708253 3525 2109 0 2219596 0 846211
1786792283.975547 2224217 1708560 3525 2109 0 2219596 0 846211
1786792284.975506 2224217 1708560 3525 2109 0 2219596 0 846211
1786792285.975526 2224217 1708560 3525 2109 0 2219596 0 846211
1786792286.975544 2224217 1708560 3525 2109 0 2219596 0 846211
1786792287.975439 2224217 1708560 3525 2109 0 2219596 0 846211
1786792288.975401 2224217 1708560 3525 2109 0 2219596 0 846211
1786792289.975390 2224217 1708560 3525 2109 0 2219596 0 846211
1786792290.975664 2224217 1708560 3525 2109 0 2219596 0 846211
1786792291.975674 2224217 1708560 3525 2109 0 2219596 0 846211
1786792292.975622 2224217 1708560 3525 2109 0 2219596 0 846211
1786792293.975622 2224217 1708876 3525 2109 0 2219596 0 846211
1786792294.975635 2224217 1708876 3525 2109 0 2219596 0 846211
1786792295.975574 2224217 1708876 3525 2109 0 2219596 0 846211
1786792296.975444 2224217 1708876 3525 2109 0 2219596 0 846211
1786792297.975439 2224217 1708876 3525 2109 0 2219596 0 846211
1786792298.975498 2224217 1708876 3525 2109 0 2219596 0 846211
1786792299.975616 2224217 1708876 3525 2109 0 2219596 0 846211
1786792300.975581 2224217 1708876 3525 2109 0 2219596 0 846211
1786792301.975523 2224217 1708876 3525 2109 0 2219596 0 846211
1786792302.975509 2224217 1708876 3525 2109 0 2219596 0 846211
1786792303.975455 2224217 1708876 3525 2109 0 2219596 0 846211
1786792304.975482 2224217 1709372 3525 2109 0 2219596 0 846211
1786792305.975473 2224217 1709372 3525 2109 0 2219596 0 846211
1786792306.975395 2224217 1709372 3525 2109 0 2219596 0 846211
1786792307.975611 2224217 1709372 3525 2109 0 2219596 0 846211
1786792308.975343 2224217 1709372 3525 2109 0 2219596 0 846211
1786792309.975639 2224217 1709372 3525 2109 0 2219596 0 846211
1786792310.975494 2224217 1709372 3525 2109 0 2219596 0 846211
1786792311.975472 2224217 1709372 3525 2109 0 2219596 0 846211
1786792312.975470 2224217 1709372 3525 2109 0 2219596 0 846211
1786792313.977973 2224217 1709372 3525 2109 0 2219596 0 846211
1786792314.975812 2224217 1709372 3525 2109 0 2219596 0 846211
1786792315.975692 2224217 1709372 3525 2109 0 2219596 0 846211
1786792316.975718 2224217 1709372 3525 2109 0 2219596 0 846211
1786792317.975628 2224217 1709372 3525 2109 0 2219596 0 846211
1786792318.975604 2224217 1709372 3525 2109 0 2219596 0 846211
1786792319.975630 2224217 1709372 3525 2109 0 2219596 0 846211
1786792320.975710 2224217 1709372 3525 2109 0 2219596 0 846211
1786792321.975624 2224217 1709372 3525 2109 0 2219596 0 846211
1786792322.975550 2224217 1709372 3525 2109 0 2219596 0 846211
1786792323.975733 2224217 1709372 3525 2109 0 2219596 0 846211
1786792324.975653 2224217 1709852 3525 2109 0 2219596 0 846211
1786792325.975596 2224217 1709852 3525 2109 0 2219596 0 846211
1786792326.975640 2224217 1709852 3525 2109 0 2219596 0 846211
1786792327.975597 2224217 1709852 3525 2109 0 2219596 0 846211
1786792328.975442 2224217 1709852 3525 2109 0 2219596 0 846211
1786792329.975524 2224217 1709852 3525 2109 0 2219596 0 846211
1786792330.975491 2224217 1709852 3525 2109 0 2219596 0 846211
1786792331.975647 2224217 1709852 3525 2109 0 2219596 0 846211
1786792332.975687 2224217 1709852 3525 2109 0 2219596 0 846211
1786792333.975645 2224217 1709852 3525 2109 0 2219596 0 846211
1786792334.975600 2224217 1709852 3525 2109 0 2219596 0 846211
1786792335.975653 2224217 1709852 3525 2109 0 2219596 0 846211
1786792336.975611 2224217 1709852 3525 2109 0 2219596 0 846211
1786792337.975544 2224217 1709852 3525 2109 0 2219596 0 846211
1786792338.975510 2224217 1709852 3525 2109 0 2219596 0 846211
1786792339.975462 2224217 1709852 3525 2109 0 2219596 0 846211
1786792340.975688 2224217 1709852 3525 2109 0 2219596 0 846211
1786792341.975622 2224217 1709852 3525 2109 0 2219596 0 846211
1786792342.975462 2224217 1709852 3525 2109 0 2219596 0 846211
1786792343.975666 2224217 1709852 3525 2109 0 2219596 0 846211
1786792344.975542 2224217 1709852 3525 2109 0 2219596 0 846211
1786792345.975527 2224217 1709852 3525 2109 0 2219596 0 846211
1786792346.975531 2224217 1709852 3525 2109 0 2219596 0 846211
1786792347.975436 2224217 1709852 3525 2109 0 2219596 0 846211
1786792348.975762 2224217 1709852 3525 2109 0 2219596 0 846211
1786792349.975738 2224217 1709852 3525 2109 0 2219596 0 846211
1786792350.975683 2224217 1709852 3525 2109 0 2219596 0 846211
1786792351.975769 2224217 1709852 3525 2109 0 2219596 0 846211
1786792352.975580 2224217 1709852 3525 2109 0 2219596 0 846211
1786792353.975554 2224217 1709852 3525 2109 0 2219596 0 846211
1786792354.975554 2224217 1709852 3525 2109 0 2219596 0 846211
1786792355.975472 2224217 1709852 3525 2109 0 2219596 0 846211
1786792356.975631 2224217 1709852 3525 2109 0 2219596 0 846211
1786792357.975651 2224217 1709852 3525 2109 0 2219596 0 846211
1786792358.975622 2224217 1709852 3525 2109 0 2219596 0 846211
1786792359.975643 2224217 1709852 3525 2109 0 2219596 0 846211
1786792360.975592 2224217 1709852 3525 2109 0 2219596 0 846211
1786792361.975525 2224217 1709852 3525 2109 0 2219596 0 846211
1786792362.975547 2224217 1709852 3525 2109 0 2219596 0 846211
1786792363.975683 2224217 1709852 3525 2109 0 2219596 0 846211
1786792364.975789 2224217 1709852 3525 2109 0 2219596 0 846211
1786792365.975705 2224217 1709852 3525 2109 0 2219596 0 846211
1786792366.975652 2224217 1709852 3525 2109 0 2219596 0 846211
1786792367.975657 2224217 1709852 3525 2109 0 2219596 0 846211
1786792368.975710 2224217 1709852 3525 2109 0 2219596 0 846211
1786792369.975583 2224217 1709852 3525 2109 0 2219596 0 846211
1786792370.975539 2224217 1709852 3525 2109 0 2219596 0 846211
1786792371.975518 2224217 1709852 3525 2109 0 2219596 0 846211
1786792372.975770 2224217 1709852 3525 2109 0 2219596 0 846211
1786792373.975484 2224217 1709852 3525 2109 0 2219596 0 846211
1786792374.975687 2224217 1709852 3525 2109 0 2219596 0 846211
1786792375.975659 2224217 1709852 3525 2109 0 2219596 0 846211
1786792376.975701 2224217 1709852 3525 2109 0 2219596 0 846211
1786792377.975690 2224217 1709852 3525 2109 0 2219596 0 846211
1786792378.975605 2224217 1709852 3525 2109 0 2219596 0 846211
1786792379.975700 2224217 1709852 3525 2109 0 2219596 0 846211
1786792380.975537 2224217 1709852 3525 2109 0 2219596 0 846211
1786792381.975472 2224217 1709852 3525 2109 0 2219596 0 846211
1786792382.975686 2224217 1709852 3525 2109 0 2219596 0 846211
1786792383.975476 2224217 1709852 3525 2109 0 2219596 0 846211
1786792384.975588 2224217 1709852 3525 2109 0 2219596 0 846211
1786792385.977151 2224217 1709852 3525 2109 0 2219596 0 846211
1786792386.975425 2224217 1709852 3525 2109 0 2219596 0 846211
1786792387.975496 2224217 1709852 3525 2109 0 2219596 0 846211
1786792388.975508 2224217 1709852 3525 2109 0 2219596 0 846211
1786792389.975696 2224217 1709852 3525 2109 0 2219596 0 846211
1786792390.975667 2224217 1709852 3525 2109 0 2219596 0 846211
1786792391.975669 2224217 1709852 3525 2109 0 2219596 0 846211
1786792392.975637 2224217 1709852 3525 2109 0 2219596 0 846211
1786792393.975549 2224217 1709852 3525 2109 0 2219596 0 846211
1786792394.975552 2224217 1709852 3525 2109 0 2219596 0 846211
1786792395.975377 2224217 1709852 3525 2109 0 2219596 0 846211
1786792396.975543 2224217 1709852 3525 2109 0 2219596 0 846211
1786792397.975781 2224217 1709852 3525 2109 0 2219596 0 846211
1786792398.975681 2224217 1709852 3525 2109 0 2219596 0 846211
1786792399.975660 2224217 1709852 3525 2109 0 2219596 0 846211
1786792400.975519 2224217 1709852 3525 2109 0 2219596 0 846211
1786792401.975615 2224217 1709852 3525 2109 0 2219596 0 846211
1786792402.975640 2224217 1709852 3525 2109 0 2219596 0 846211
1786792403.975642 2224217 1709852 3525 2109 0 2219596 0 846211
1786792404.975717 2224217 1709852 3525 2109 0 2219596 0 846211
1786792405.975568 2224217 1709852 3525 2109 0 2219596 0 846211
1786792406.975626 2224217 1709852 3525 2109 0 2219596 0 846211
1786792407.975368 2224217 1709852 3525 2109 0 2219596 0 846211
1786792408.975616 2224217 1709852 3525 2109 0 2219596 0 846211
1786792409.975715 2224217 1709852 3525 2109 0 2219596 0 846211
1786792410.975613 2224217 1709852 3525 2109 0 2219596 0 846211
1786792411.975598 2224217 1709852 3525 2109 0 2219596 0 846211
1786792412.975539 2224217 1709852 3525 2109 0 2219596 0 846211
1786792413.975734 2224217 1709852 3525 2109 0 2219596 0 846211
1786792414.975627 2224217 1709852 3525 2109 0 2219596 0 846211
1786792415.975697 2224217 1709852 3525 2109 0 2219596 0 846211
1786792416.975694 2224217 1709852 3525 2109 0 2219596 0 846211
1786792417.975725 2224217 1709852 3525 2109 0 2219596 0 846211
1786792418.975646 2224217 1709852 3525 2109 0 2219596 0 846211
1786792419.976709 2224217 1709852 3525 2109 0 2219596 0 846211
1786792420.975548 2224217 1709852 3525 2109 0 2219596 0 846211
1786792421.975578 2224217 1709852 3525 2109 0 2219596 0 846211
1786792422.975673 2224217 1709852 3525 2109 0 2219596 0 846211
1786792423.975683 2224217 1709852 3525 2109 0 2219596 0 846211
1786792424.975636 2224217 1709852 3525 2109 0 2219596 0 846211
1786792425.976636 2224217 1709852 3525 2109 0 2219596 0 846211
1786792426.975746 2224217 1709852 3525 2109 0 2219596 0 846211
1786792427.975431 2224217 1709852 3525 2109 0 2219596 0 846211
1786792428.976487 2224217 1709852 3525 2109 0 2219596 0 846211
1786792429.975545 2224217 1709852 3525 2109 0 2219596 0 846211
1786792430.975549 2224217 1709852 3525 2109 0 2219596 0 846211
1786792431.976746 2224217 1709852 3525 2109 0 2219596 0 846211
1786792432.975711 2224217 1709852 3525 2109 0 2219596 0 846211
1786792433.975585 2224217 1709852 3525 2109 0 2219596 0 846211
1786792434.975648 2224217 1709852 3525 2109 0 2219596 0 846211
1786792435.975595 2224217 1709852 3525 2109 0 2219596 0 846211
1786792436.975581 2224217 1709852 3525 2109 0 2219596 0 846211
1786792437.975580 2224217 1709852 3525 2109 0 2219596 0 846211
1786792438.975649 2224217 1709852 3525 2109 0 2219596 0 846211
1786792439.975728 2224217 1709852 3525 2109 0 2219596 0 846211
1786792440.975674 2224217 1709852 3525 2109 0 2219596 0 846211
1786792441.975742 2224217 1709852 3525 2109 0 2219596 0 846211
1786792442.975617 2224217 1709852 3525 2109 0 2219596 0 846211
1786792443.975540 2224217 1709852 3525 2109 0 2219596 0 846211
1786792444.975732 2224217 1709852 3525 2109 0 2219596 0 846211
1786792445.975596 2224217 1709852 3525 2109 0 2219596 0 846211
1786792446.975601 2224217 1709852 3525 2109 0 2219596 0 846211
1786792447.975651 2224217 1709852 3525 2109 0 2219596 0 846211
1786792448.975505 2224217 1709852 3525 2109 0 2219596 0 846211
1786792449.975655 2224217 1709852 3525 2109 0 2219596 0 846211
1786792450.975634 2224217 1709852 3525 2109 0 2219596 0 846211
1786792451.975498 2224217 1709852 3525 2109 0 2219596 0 846211
1786792452.975567 2224217 1709852 3525 2109 0 2219596 0 846211
1786792453.975439 2224217 1709852 3525 2109 0 2219596 0 846211
1786792454.975554 2224217 1709852 3525 2109 0 2219596 0 846211
1786792455.975543 2224217 1709852 3525 2109 0 2219596 0 846211
1786792456.975774 2224217 1709852 3525 2109 0 2219596 0 846211
1786792457.975611 2224217 1709852 3525 2109 0 2219596 0 846211
1786792458.975523 2224217 1709852 3525 2109 0 2219596 0 846211
1786792459.975696 2224217 1709852 3525 2109 0 2219596 0 846211
1786792460.975601 2224217 1709852 3525 2109 0 2219596 0 846211
1786792461.975733 2224217 1709852 3525 2109 0 2219596 0 846211
1786792462.975494 2224217 1709852 3525 2109 0 2219596 0 846211
1786792463.975523 2224217 1709852 3525 2109 0 2219596 0 846211
1786792464.975707 2224217 1709852 3525 2109 0 2219596 0 846211
1786792465.975662 2224217 1709852 3525 2109 0 2219596 0 846211
1786792466.975682 2224217 1709852 3525 2109 0 2219596 0 846211
1786792467.975597 2224217 1709852 3525 2109 0 2219596 0 846211
1786792468.975627 2224217 1709852 3525 2109 0 2219596 0 846211
1786792469.975581 2224217 1709852 3525 2109 0 2219596 0 846211
1786792470.975595 2224217 1709852 3525 2109 0 2219596 0 846211
1786792471.975715 2224217 1709852 3525 2109 0 2219596 0 846211
1786792472.975834 2224217 1709852 3525 2109 0 2219596 0 846211
1786792473.975731 2224217 1709852 3525 2109 0 2219596 0 846211
1786792474.975651 2224217 1709852 3525 2109 0 2219596 0 846211
1786792475.975601 2224217 1709852 3525 2109 0 2219596 0 846211
1786792476.975665 2224217 1709852 3525 2109 0 2219596 0 846211
1786792477.975601 2224217 1709852 3525 2109 0 2219596 0 846211
1786792478.975538 2224217 1709852 3525 2109 0 2219596 0 846211
1786792479.975553 2224217 1709852 3525 2109 0 2219596 0 846211
1786792480.975690 2224217 1710312 3525 2109 0 2219596 0 846211
1786792481.975834 2224217 1710312 3525 2109 0 2219596 0 846211
1786792482.975740 2224217 1710312 3525 2109 0 2219596 0 846211
1786792483.975672 2224217 1710312 3525 2109 0 2219596 0 846211
1786792484.975706 2224217 1710312 3525 2109 0 2219596 0 846211
1786792485.975741 2224217 1710312 3525 2109 0 2219596 0 846211
1786792486.975724 2224217 1710312 3525 2109 0 2219596 0 846211
1786792487.975582 2224217 1710312 3525 2109 0 2219596 0 846211
1786792488.975593 2224217 1710312 3525 2109 0 2219596 0 846211
1786792489.975705 2224217 1710312 3525 2109 0 2219596 0 846211
1786792490.975652 2224217 1710312 3525 2109 0 2219596 0 846211
1786792491.975696 2224217 1710312 3525 2109 0 2219596 0 846211
1786792492.975569 2224217 1710312 3525 2109 0 2219596 0 846211
1786792493.975596 2224217 1710312 3525 2109 0 2219596 0 846211
1786792494.975585 2224217 1710312 3525 2109 0 2219596 0 846211
1786792495.975510 2224217 1710312 3525 2109 0 2219596 0 846211
1786792496.975572 2224217 1710312 3525 2109 0 2219596 0 846211
1786792497.975681 2224217 1710312 3525 2109 0 2219596 0 846211
1786792498.975728 2224217 1710312 3525 2109 0 2219596 0 846211
1786792499.975822 2224217 1710312 3525 2109 0 2219596 0 846211
1786792500.975697 2224217 1710312 3525 2109 0 2219596 0 846211
1786792501.975630 2224217 1710312 3525 2109 0 2219596 0 846211
1786792502.975521 2224217 1710312 3525 2109 0 2219596 0 846211
1786792503.975584 2224217 1710312 3525 2109 0 2219596 0 846211
1786792504.975475 2224217 1710312 3525 2109 0 2219596 0 846211
1786792505.975732 2224217 1710312 3525 2109 0 2219596 0 846211
1786792506.975727 2224217 1710312 3525 2109 0 2219596 0 846211
1786792507.975657 2224217 1710312 3525 2109 0 2219596 0 846211
1786792508.975878 2224217 1710312 3525 2109 0 2219596 0 846211
1786792509.975617 2224217 1710312 3525 2109 0 2219596 0 846211
1786792510.975572 2224217 1710312 3525 2109 0 2219596 0 846211
1786792511.975576 2224217 1710312 3525 2109 0 2219596 0 846211
1786792512.975467 2224217 1710312 3525 2109 0 2219596 0 846211
1786792513.975603 2224217 1710312 3525 2109 0 2219596 0 846211
1786792514.975706 2224217 1710312 3525 2109 0 2219596 0 846211
1786792515.975632 2224217 1710312 3525 2109 0 2219596 0 846211
1786792516.975661 2224217 1710312 3525 2109 0 2219596 0 846211
1786792517.975628 2224217 1710312 3525 2109 0 2219596 0 846211
1786792518.975454 2224217 1710312 3525 2109 0 2219596 0 846211
1786792519.975592 2224217 1710312 3525 2109 0 2219596 0 846211
1786792520.975621 2224217 1710312 3525 2109 0 2219596 0 846211
1786792521.975508 2224217 1710312 3525 2109 0 2219596 0 846211
1786792522.975734 2224217 1710312 3525 2109 0 2219596 0 846211
1786792523.975717 2224217 1710312 3525 2109 0 2219596 0 846211
1786792524.975716 2224217 1710312 3525 2109 0 2219596 0 846211
1786792525.975642 2224217 1710312 3525 2109 0 2219596 0 846211
1786792526.975674 2224217 1710312 3525 2109 0 2219596 0 846211
