# start_epoch=1786268875.643803  page_size=4096  cachestat=ok  fields=size,resident,shared,text,lib,data,dt,pagecache
1786268876.645124 42897 27198 2593 1589 0 38910 0 19053
1786268877.645644 52753 29928 2754 1589 0 48766 0 31303
1786268878.646179 53521 32233 2754 1589 0 49534 0 43553
1786268879.646689 53521 31793 2818 1589 0 49534 0 55822
1786268880.647862 53521 32356 2865 1589 0 49534 0 68072
1786268881.656560 53521 35179 2865 1589 0 49534 0 95308
1786268882.663431 53521 32356 2865 1589 0 49534 0 100809
1786268883.653814 53521 32876 2865 1589 0 49534 0 92572
1786268884.650055 54161 32834 2865 1589 0 50174 0 104016
1786268885.650743 54161 34882 2865 1589 0 50174 0 116267
1786268886.664589 54161 34980 2865 1589 0 50174 0 136338
1786268887.652618 54161 35036 2865 1589 0 50174 0 128517
1786268888.652266 54161 35285 2865 1589 0 50174 0 140768
1786268889.653683 54161 35350 2865 1589 0 50174 0 161862
1786268890.653579 54161 31767 2865 1589 0 50174 0 175302
1786268891.652760 54161 34107 2865 1589 0 50174 0 163054
1786268892.654435 54161 34432 2865 1589 0 50174 0 175304
1786268893.655027 54161 37158 2865 1589 0 50174 0 201772
1786268894.655834 60305 34159 2865 1589 0 56318 0 209928
1786268895.654437 61073 35545 2865 1589 0 57086 0 198101
1786268896.655475 61073 33625 2865 1589 0 57086 0 210352
1786268897.656194 61073 37559 2865 1589 0 57086 0 222602
1786268898.656894 61969 36668 2865 1589 0 57982 0 234852
1786268899.716540 61969 38204 2865 1589 0 57982 0 265124
1786268900.703413 61969 33613 2865 1589 0 57982 0 265923
1786268901.657639 61969 33867 2865 1589 0 57982 0 257079
1786268902.660574 61969 35923 2865 1589 0 57982 0 269329
1786268903.699924 61969 33662 2865 1589 0 57982 0 289656
1786268904.661427 61969 35021 2865 1589 0 57982 0 280564
1786268905.660312 61969 37326 2865 1589 0 57982 0 292815
1786268906.706208 61969 37412 2865 1589 0 57982 0 319539
1786268907.704954 61969 37885 2865 1589 0 57982 0 325137
1786268908.662889 61969 36253 2865 1589 0 57982 0 317317
1786268909.663693 61969 36787 2865 1589 0 57982 0 329568
1786268910.701087 61969 39059 2865 1589 0 57982 0 359363
1786268911.696132 62865 37712 2865 1589 0 58878 0 360429
1786268912.664689 62865 37712 2865 1589 0 58878 0 349796
1786268913.663621 62865 37676 2865 1589 0 58878 0 361027
1786268914.664244 62865 38967 2865 1589 0 58878 0 373276
1786268915.699365 62865 41024 2865 1589 0 58878 0 402303
1786268916.703174 62865 40217 2865 1589 0 58878 0 412762
1786268917.701329 62865 39294 2865 1589 0 58878 0 422198
1786268918.704717 62865 36212 2865 1589 0 58878 0 432145
1786268919.702750 62865 40600 2865 1589 0 58878 0 443114
1786268920.667640 62865 40140 2865 1589 0 58878 0 434525
1786268921.668454 62865 42793 2865 1589 0 58878 0 446777
1786268922.668493 62865 39327 2865 1589 0 58878 0 451108
1786268923.703274 62865 42407 2865 1589 0 58878 0 480135
1786268924.707822 62865 40652 2865 1589 0 58878 0 537353
1786268925.702744 62865 40645 2865 1589 0 58878 0 495952
1786268926.670168 62865 37811 2865 1589 0 58878 0 485827
1786268927.671172 62865 42450 2865 1589 0 58878 0 498078
1786268928.671457 62865 38850 2865 1589 0 58878 0 510330
1786268929.709270 62865 42508 2865 1589 0 58878 0 540125
1786268930.708036 62865 43058 2865 1589 0 58878 0 549047
1786268931.709830 62865 37321 2865 1589 0 58878 0 557716
1786268932.673470 62865 42084 2865 1589 0 58878 0 547080
1786268933.674181 62865 37713 2865 1589 0 58878 0 559331
1786268934.675021 62865 42218 2865 1589 0 58878 0 571581
1786268935.713029 62865 42870 2865 1589 0 58878 0 600352
1786268936.709674 63889 37588 2865 1589 0 59902 0 587566
1786268937.678594 63889 40927 2865 1589 0 59902 0 580001
1786268938.676100 63889 35015 2865 1589 0 59902 0 590253
1786268939.711239 63889 40151 2865 1589 0 59902 0 616209
1786268940.713143 63889 40667 2865 1589 0 59902 0 623595
1786268941.677088 63889 36628 2865 1589 0 59902 0 614750
1786268942.677630 63889 33508 2865 1589 0 59902 0 625032
1786268943.678382 63889 42513 2865 1589 0 59902 0 637283
1786268944.714084 63889 42518 2865 1589 0 59902 0 662727
1786268945.715056 63889 37085 2865 1589 0 59902 0 670372
1786268946.680049 63889 43263 2865 1589 0 59902 0 661784
1786268947.680810 63889 36396 2865 1589 0 59902 0 674034
1786268948.676328 63889 43129 2865 1589 0 59902 0 686284
1786268949.676438 63889 43166 2865 1589 0 59902 0 686284
1786268950.684662 63889 43166 2865 1589 0 59902 0 686284
1786268951.675113 64913 33990 2865 1589 0 60926 0 698536
1786268952.676111 64913 33990 2865 1589 0 60926 0 698536
1786268953.676019 64913 33990 2865 1589 0 60926 0 698536
1786268954.676252 64913 33990 2865 1589 0 60926 0 698536
1786268955.676171 64913 33990 2865 1589 0 60926 0 698536
1786268956.714463 66193 36495 2865 1589 0 62206 0 687041
1786268957.683998 66193 38811 2865 1589 0 62206 0 678196
1786268958.681068 66193 37242 2865 1589 0 62206 0 688989
1786268959.717660 66193 41603 2865 1589 0 62206 0 716481
1786268960.716804 66193 39362 2865 1589 0 62206 0 724380
1786268961.678347 66193 39203 2865 1589 0 62206 0 711523
1786268962.682513 66193 39263 2865 1589 0 62206 0 723774
1786268963.684068 66193 41321 2865 1589 0 62206 0 736025
1786268964.719875 66193 43387 2865 1589 0 62206 0 764284
1786268965.720555 66193 42143 2865 1589 0 62206 0 775835
1786268966.709677 66193 35296 2865 1589 0 62206 0 778021
1786268967.686226 66193 39751 2865 1589 0 62206 0 771054
1786268968.682658 66193 34459 2865 1589 0 62206 0 781149
1786268969.720566 66193 42547 2865 1589 0 62206 0 810944
1786268970.721397 66193 41479 2865 1589 0 62206 0 818176
1786268971.720409 66193 40425 2865 1589 0 62206 0 825978
1786268972.680786 66193 40761 2865 1589 0 62206 0 813850
1786268973.682407 66193 40764 2865 1589 0 62206 0 813851
1786268974.683864 66193 40764 2865 1589 0 62206 0 813851
1786268975.690588 66193 30003 2865 1589 0 62206 0 826103
1786268976.681352 66193 30003 2865 1589 0 62206 0 826103
1786268977.692753 66193 30003 2865 1589 0 62206 0 826103
1786268978.682502 66193 30003 2865 1589 0 62206 0 826103
1786268979.680967 66193 30003 2865 1589 0 62206 0 826103
1786268980.687906 66193 30003 2865 1589 0 62206 0 826103
1786268981.684430 66193 31027 2865 1589 0 62206 0 826103
1786268982.681085 66193 32571 2865 1589 0 62206 0 826103
1786268983.682212 66193 34627 2865 1589 0 62206 0 826103
1786268984.682193 66193 31350 2865 1589 0 62206 0 838353
1786268985.682323 66193 31350 2865 1589 0 62206 0 838353
1786268986.722762 67729 32742 2865 1589 0 63742 0 859540
1786268987.722718 67729 39951 2865 1589 0 63742 0 809187
1786268988.690617 67729 39182 2865 1589 0 63742 0 798298
1786268989.687305 67729 37378 2865 1589 0 63742 0 808288
1786268990.688379 67729 43345 2865 1589 0 63742 0 820538
1786268991.723398 67729 45649 2865 1589 0 63742 0 850333
1786268992.690538 67729 38479 2865 1589 0 63742 0 841977
1786268993.727300 67729 40336 2865 1589 0 63742 0 865118
1786268994.690107 67729 40344 2865 1589 0 63742 0 854229
1786268995.691465 67729 41262 2865 1589 0 63742 0 866479
1786268996.691912 67729 39275 2865 1589 0 63742 0 875457
1786268997.728477 67729 44222 2865 1589 0 63742 0 905730
1786268998.728191 67729 42335 2865 1589 0 63742 0 912641
1786268999.728200 67729 41499 2865 1589 0 63742 0 920461
1786269000.692932 67729 38993 2865 1589 0 63742 0 911106
1786269001.694988 67729 45925 2865 1589 0 63742 0 923356
1786269002.727443 67729 45983 2865 1589 0 63742 0 952639
1786269003.732992 67729 41068 2865 1589 0 63742 0 956581
1786269004.732292 67729 39766 2865 1589 0 63742 0 963847
1786269005.695414 67729 38991 2865 1589 0 63742 0 954143
1786269006.696971 67729 42339 2865 1589 0 63742 0 966394
1786269007.732742 67729 45338 2865 1589 0 63742 0 996666
1786269008.732301 67729 42133 2865 1589 0 63742 0 1003928
1786269009.690792 67729 41747 2865 1589 0 63742 0 988942
1786269010.688197 67729 41747 2865 1589 0 63742 0 988942
1786269011.691659 67729 41747 2865 1589 0 63742 0 988942
1786269012.689514 67729 41747 2865 1589 0 63742 0 988942
1786269013.689510 67729 41748 2865 1589 0 63742 0 988942
1786269014.690119 67729 33789 2865 1589 0 63742 0 1001192
1786269015.689791 67729 33789 2865 1589 0 63742 0 1001192
1786269016.689597 67729 33789 2865 1589 0 63742 0 1001192
1786269017.689855 67729 33789 2865 1589 0 63742 0 1001192
1786269018.690186 67729 33789 2865 1589 0 63742 0 1001192
1786269019.689751 67729 33789 2865 1589 0 63742 0 1001192
1786269020.689262 67729 33789 2865 1589 0 63742 0 1001192
1786269021.689464 67729 33789 2865 1589 0 63742 0 1001192
1786269022.690080 67729 33789 2865 1589 0 63742 0 1001192
1786269023.689391 67729 33789 2865 1589 0 63742 0 1001192
1786269024.731295 69521 41499 2865 1589 0 65534 0 969888
1786269025.708861 69521 41780 2865 1589 0 65534 0 958230
1786269026.699209 69521 39039 2865 1589 0 65534 0 966367
1786269027.715646 69521 41095 2865 1589 0 65534 0 978617
1786269028.740069 69521 41095 2865 1589 0 65534 0 1004061
1786269029.702574 69521 39048 2865 1589 0 65534 0 987942
1786269030.706413 69521 41192 2865 1589 0 65534 0 1000192
1786269031.701875 69521 41170 2865 1589 0 65534 0 1008927
1786269032.737374 69521 41697 2865 1589 0 65534 0 1034883
1786269033.730792 69521 43570 2865 1589 0 65534 0 1039126
1786269034.703060 69521 39978 2865 1589 0 65534 0 1032408
1786269035.709087 69521 41572 2865 1589 0 65534 0 1044657
1786269036.738369 69521 42084 2865 1589 0 65534 0 1100613
1786269037.739779 69521 41132 2865 1589 0 65534 0 1072442
1786269038.709731 69521 40509 2865 1589 0 65534 0 1064878
1786269039.709132 69521 43129 2865 1589 0 65534 0 1077130
1786269040.737531 69521 43423 2865 1589 0 65534 0 1099915
1786269041.739054 69521 38035 2865 1589 0 65534 0 1104745
1786269042.704344 69521 40265 2865 1589 0 65534 0 1090385
1786269043.705804 69521 40605 2865 1589 0 65534 0 1102635
1786269044.740503 69521 44710 2865 1589 0 65534 0 1148162
1786269045.739693 69521 41692 2865 1589 0 65534 0 1138895
1786269046.742925 69521 39635 2865 1589 0 65534 0 1147562
1786269047.696645 69521 43320 2865 1589 0 65534 0 1138206
1786269048.696540 69521 43320 2865 1589 0 65534 0 1133515
1786269049.696599 69521 43320 2865 1589 0 65534 0 1133515
1786269050.696734 69521 43320 2865 1589 0 65534 0 1133515
1786269051.696490 69521 43320 2865 1589 0 65534 0 1133515
1786269052.696025 69521 32350 2865 1589 0 65534 0 1145766
1786269053.696442 69521 32350 2865 1589 0 65534 0 1145766
1786269054.696414 69521 32350 2865 1589 0 65534 0 1145766
1786269055.696671 69521 32350 2865 1589 0 65534 0 1145766
1786269056.696493 69521 32350 2865 1589 0 65534 0 1145766
1786269057.696588 69521 32350 2865 1589 0 65534 0 1145766
1786269058.696759 69521 32350 2865 1589 0 65534 0 1145766
1786269059.696704 69521 32351 2865 1589 0 65534 0 1145766
1786269060.696881 69521 32351 2865 1589 0 65534 0 1145766
1786269061.700992 69521 32351 2865 1589 0 65534 0 1145766
1786269062.699223 69521 33375 2865 1589 0 65534 0 1145766
1786269063.820548 69521 38390 2865 1589 0 65534 0 1152762
1786269064.702948 69521 39940 2865 1589 0 65534 0 1097227
1786269065.719365 69521 39424 2865 1589 0 65534 0 1109477
1786269066.742446 69521 44048 2865 1589 0 65534 0 1135433
1786269067.740380 69521 42010 2865 1589 0 65534 0 1141832
1786269068.711807 69521 36607 2865 1589 0 65534 0 1132476
1786269069.705450 69521 41231 2865 1589 0 65534 0 1141272
1786269070.742653 69521 41751 2865 1589 0 65534 0 1169531
1786269071.743590 69521 37631 2865 1589 0 65534 0 1173082
1786269072.707138 69521 41710 2865 1589 0 65534 0 1160774
1786269073.707682 69521 39902 2865 1589 0 65534 0 1173024
1786269074.744487 69521 45806 2865 1589 0 65534 0 1212922
1786269075.744768 69521 43001 2865 1589 0 65534 0 1206396
1786269076.739128 69521 40317 2865 1589 0 65534 0 1214214
1786269077.708532 69521 43701 2865 1589 0 65534 0 1205195
1786269078.709794 69521 39918 2865 1589 0 65534 0 1213049
1786269079.734443 69521 44054 2865 1589 0 65534 0 1225298
1786269080.698581 69521 29716 2865 1589 0 65534 0 1218852
1786269081.698343 69521 29716 2865 1589 0 65534 0 1215362
1786269082.698696 69521 29716 2865 1589 0 65534 0 1211222
1786269083.700007 69521 28922 2865 1589 0 65534 0 1207136
1786269084.700866 69521 28922 2865 1589 0 65534 0 1190703
1786269085.697629 69521 29084 2865 1589 0 65534 0 1204148
1786269086.697539 69521 29084 2865 1589 0 65534 0 1199126
1786269087.698197 69521 29084 2865 1589 0 65534 0 1195553
1786269088.697532 69521 29084 2865 1589 0 65534 0 1195553
1786269089.699171 69521 28624 2865 1589 0 65534 0 1189998
1786269090.696941 69521 28845 2865 1589 0 65534 0 1184436
1786269091.697396 69521 28897 2865 1589 0 65534 0 1177299
1786269092.697092 69521 28897 2865 1589 0 65534 0 1177299
1786269093.696462 69521 28897 2865 1589 0 65534 0 1171831
1786269094.696365 69521 28897 2865 1589 0 65534 0 1171831
1786269095.696570 69521 28897 2865 1589 0 65534 0 1171831
1786269096.696401 69521 28897 2865 1589 0 65534 0 1171831
1786269097.696512 69521 28897 2865 1589 0 65534 0 1171831
1786269098.696509 69521 28897 2865 1589 0 65534 0 1171831
1786269099.697656 69521 28897 2865 1589 0 65534 0 1171831
1786269100.696334 69521 28897 2865 1589 0 65534 0 1171831
1786269101.696177 69521 28897 2865 1589 0 65534 0 1171831
1786269102.696235 69521 28897 2865 1589 0 65534 0 1171831
1786269103.696160 69521 28897 2865 1589 0 65534 0 1171831
1786269104.697999 69521 30495 2865 1589 0 65534 0 1135652
1786269105.697859 69521 29812 2865 1589 0 65534 0 1129686
1786269106.694566 69521 29816 2865 1589 0 65534 0 1126599
1786269107.695383 69521 29816 2865 1589 0 65534 0 1126599
1786269108.695856 69521 29816 2865 1589 0 65534 0 1160447
1786269109.695850 69521 29816 2865 1589 0 65534 0 1160447
1786269110.695966 69521 29816 2865 1589 0 65534 0 1160447
1786269111.696190 69521 29816 2865 1589 0 65534 0 1160448
1786269112.696251 69521 29816 2865 1589 0 65534 0 1160448
1786269113.695953 69521 29816 2865 1589 0 65534 0 1160448
1786269114.696156 69521 29816 2865 1589 0 65534 0 1160448
1786269115.695818 69521 29816 2865 1589 0 65534 0 1160448
1786269116.695730 69521 29816 2865 1589 0 65534 0 1160448
1786269117.695795 69521 29816 2865 1589 0 65534 0 1160448
1786269118.695850 69521 29816 2865 1589 0 65534 0 1160448
1786269119.694981 71569 29681 2865 1589 0 67582 0 1067916
1786269120.692108 71569 29683 2865 1589 0 67582 0 1061503
1786269121.691773 71569 29683 2865 1589 0 67582 0 1061503
1786269122.693310 71569 29686 2865 1589 0 67582 0 1103641
1786269123.693545 71569 29686 2865 1589 0 67582 0 1103641
1786269124.693502 71569 29686 2865 1589 0 67582 0 1103641
1786269125.693537 71569 29686 2865 1589 0 67582 0 1103641
1786269126.693641 71569 29686 2865 1589 0 67582 0 1103641
1786269127.693564 71569 29686 2865 1589 0 67582 0 1103641
1786269128.693680 71569 29686 2865 1589 0 67582 0 1103641
1786269129.693663 71569 29686 2865 1589 0 67582 0 1103641
1786269130.696915 71569 29686 2865 1589 0 67582 0 1103641
1786269131.693516 71569 29686 2865 1589 0 67582 0 1103642
1786269132.693421 71569 29686 2865 1589 0 67582 0 1103642
1786269133.698394 71569 29703 2865 1589 0 67582 0 1020812
1786269134.689633 71569 29706 2865 1589 0 67582 0 1004382
1786269135.689113 71569 29706 2865 1589 0 67582 0 1004382
1786269136.689162 71569 29706 2865 1589 0 67582 0 1004382
1786269137.689033 71569 29706 2865 1589 0 67582 0 1004382
1786269138.689470 71569 29706 2865 1589 0 67582 0 1004382
1786269139.689561 71569 29706 2865 1589 0 67582 0 1004382
1786269140.690930 126353 89875 2881 1589 0 122366 0 976271
1786269141.687922 255377 215827 2881 1589 0 251390 0 976271
1786269142.687782 405905 341779 2881 1589 0 401918 0 976271
1786269143.687729 556945 467731 2881 1589 0 552958 0 976271
1786269144.699482 659345 592655 2877 1589 0 655358 0 976271
1786269145.690921 781201 719111 2869 1589 0 777214 0 976271
1786269146.687836 918417 843015 2869 1589 0 914430 0 976271
1786269147.687835 1082257 967943 2869 1589 0 1078270 0 976271
1786269148.690715 1288082 1068797 2869 1589 0 1284094 0 976271
1786269149.690749 1288082 1068797 2869 1589 0 1284094 0 976271
1786269150.690715 1288082 1068797 2869 1589 0 1284094 0 976271
1786269151.690723 1288082 1068797 2869 1589 0 1284094 0 976271
1786269152.690813 1288082 1068797 2869 1589 0 1284094 0 976271
1786269153.689796 1288082 1068797 2869 1589 0 1284094 0 976271
1786269154.690726 1290131 1068791 2869 1589 0 1286142 0 976271
1786269155.687825 1290131 1068791 2869 1589 0 1286142 0 976271
1786269156.690691 1290131 1068791 2869 1589 0 1286142 0 976271
1786269157.690660 1290131 1068791 2869 1589 0 1286142 0 976271
1786269158.690711 1290131 1068791 2869 1589 0 1286142 0 976271
1786269159.692521 1290131 1068791 2869 1589 0 1286142 0 976271
1786269160.689871 1292180 1068791 2869 1589 0 1288190 0 976271
1786269161.687667 1292180 1068791 2869 1589 0 1288190 0 976271
1786269162.687610 1292180 1068791 2869 1589 0 1288190 0 976271
1786269163.687563 1292180 1068791 2869 1589 0 1288190 0 976271
1786269164.687871 1292180 1068791 2869 1589 0 1288190 0 976271
1786269165.687725 1292180 1068791 2869 1589 0 1288190 0 976271
1786269166.687841 1292180 1068791 2869 1589 0 1288190 0 976271
1786269167.687836 1292180 1068791 2869 1589 0 1288190 0 976271
1786269168.687797 1292180 1068791 2869 1589 0 1288190 0 976271
1786269169.687771 1292180 1068791 2869 1589 0 1288190 0 976271
1786269170.687957 1292180 1068791 2869 1589 0 1288190 0 976271
1786269171.687831 1292180 1068791 2869 1589 0 1288190 0 976271
1786269172.687661 1292180 1068791 2869 1589 0 1288190 0 976271
1786269173.687693 1292180 1068791 2869 1589 0 1288190 0 976271
1786269174.687512 1292180 1068791 2869 1589 0 1288190 0 976271
1786269175.687531 1292180 1068791 2869 1589 0 1288190 0 976271
1786269176.687802 1292180 1068791 2869 1589 0 1288190 0 976271
1786269177.687603 1292180 1068791 2869 1589 0 1288190 0 976271
1786269178.687563 1292180 1068791 2869 1589 0 1288190 0 976271
1786269179.687542 1292180 1068791 2869 1589 0 1288190 0 976271
1786269180.687445 1292180 1068791 2869 1589 0 1288190 0 976271
1786269181.689833 1292180 1068791 2869 1589 0 1288190 0 976271
1786269182.687934 1292180 1068791 2869 1589 0 1288190 0 976271
1786269183.689810 1292180 1068791 2869 1589 0 1288190 0 976271
1786269184.687616 1292180 1068791 2869 1589 0 1288190 0 976271
1786269185.689851 1292180 1068791 2869 1589 0 1288190 0 976271
1786269186.687686 1292180 1068791 2869 1589 0 1288190 0 976271
1786269187.687518 1292180 1068791 2869 1589 0 1288190 0 976271
1786269188.687786 1292180 1068791 2869 1589 0 1288190 0 976271
1786269189.687812 1292180 1068791 2869 1589 0 1288190 0 976271
1786269190.687724 1292180 1068791 2869 1589 0 1288190 0 976271
1786269191.687836 1292180 1068791 2869 1589 0 1288190 0 976271
1786269192.687738 1292180 1068791 2869 1589 0 1288190 0 976271
1786269193.687594 1292180 1068791 2869 1589 0 1288190 0 976271
1786269194.687620 1292180 1068791 2869 1589 0 1288190 0 976271
1786269195.688046 1292180 1068791 2869 1589 0 1288190 0 976271
1786269196.687935 1292180 1068791 2869 1589 0 1288190 0 976271
1786269197.688184 1292180 1068791 2869 1589 0 1288190 0 976271
1786269198.688123 1292180 1068791 2869 1589 0 1288190 0 976271
1786269199.688353 1292180 1068791 2869 1589 0 1288190 0 976271
1786269200.687831 1292180 1068791 2869 1589 0 1288190 0 976271
1786269201.688085 1292180 1068791 2869 1589 0 1288190 0 976271
1786269202.687880 1292180 1068791 2869 1589 0 1288190 0 976271
1786269203.688000 1292180 1068791 2869 1589 0 1288190 0 976271
1786269204.687789 1292180 1068791 2869 1589 0 1288190 0 976271
1786269205.688065 1292180 1068791 2869 1589 0 1288190 0 976271
1786269206.687922 1292180 1068791 2869 1589 0 1288190 0 976271
1786269207.687923 1292180 1068791 2869 1589 0 1288190 0 976271
1786269208.687887 1292180 1068791 2869 1589 0 1288190 0 976271
1786269209.688498 1292180 1068791 2869 1589 0 1288190 0 976271
1786269210.688330 1292180 1068791 2869 1589 0 1288190 0 976271
1786269211.688138 1292180 1068791 2869 1589 0 1288190 0 976271
1786269212.688238 1292180 1068791 2869 1589 0 1288190 0 976271
1786269213.688311 1292180 1068791 2869 1589 0 1288190 0 976271
1786269214.688146 1292180 1068791 2869 1589 0 1288190 0 976271
1786269215.688119 1292180 1068791 2869 1589 0 1288190 0 976271
1786269216.687998 1292180 1068791 2869 1589 0 1288190 0 976271
1786269217.688076 1292180 1068791 2869 1589 0 1288190 0 976271
1786269218.687893 1292180 1068791 2869 1589 0 1288190 0 976271
1786269219.687929 1292180 1068791 2869 1589 0 1288190 0 976271
1786269220.687945 1292180 1068791 2869 1589 0 1288190 0 976271
1786269221.688054 1292180 1068791 2869 1589 0 1288190 0 976271
1786269222.688032 1292180 1068791 2869 1589 0 1288190 0 976271
1786269223.688265 1292180 1068791 2869 1589 0 1288190 0 976271
1786269224.687855 1292180 1068791 2869 1589 0 1288190 0 976271
1786269225.688137 1292180 1068791 2869 1589 0 1288190 0 976271
1786269226.687840 1292180 1068791 2869 1589 0 1288190 0 976271
1786269227.688179 1292180 1068791 2869 1589 0 1288190 0 976271
1786269228.688050 1292180 1068791 2869 1589 0 1288190 0 976271
1786269229.688213 1292180 1068791 2869 1589 0 1288190 0 976271
1786269230.687957 1292180 1068791 2869 1589 0 1288190 0 976271
1786269231.687946 1292180 1068791 2869 1589 0 1288190 0 976271
1786269232.687932 1292180 1068791 2869 1589 0 1288190 0 976271
1786269233.688116 1292180 1068791 2869 1589 0 1288190 0 976271
1786269234.687879 1292180 1068791 2869 1589 0 1288190 0 976271
1786269235.687915 1292180 1068791 2869 1589 0 1288190 0 976271
1786269236.687879 1292180 1068791 2869 1589 0 1288190 0 976271
1786269237.687862 1292180 1068791 2869 1589 0 1288190 0 976271
1786269238.687910 1292180 1068791 2869 1589 0 1288190 0 976271
1786269239.687930 1292180 1068791 2869 1589 0 1288190 0 976271
1786269240.688471 1292180 1068791 2869 1589 0 1288190 0 976271
1786269241.687707 1292180 1068791 2869 1589 0 1288190 0 976271
1786269242.687915 1292180 1068791 2869 1589 0 1288190 0 976271
1786269243.687818 1292180 1068791 2869 1589 0 1288190 0 976271
1786269244.687911 1292180 1068791 2869 1589 0 1288190 0 976271
1786269245.687828 1292180 1068791 2869 1589 0 1288190 0 976271
1786269246.687953 1292180 1068791 2869 1589 0 1288190 0 976271
1786269247.687913 1292180 1068791 2869 1589 0 1288190 0 976271
1786269248.687635 1292180 1068791 2869 1589 0 1288190 0 976271
1786269249.687746 1292180 1068791 2869 1589 0 1288190 0 976271
1786269250.687743 1292180 1068791 2869 1589 0 1288190 0 976271
1786269251.687789 1292180 1068791 2869 1589 0 1288190 0 976271
1786269252.687699 1292180 1068791 2869 1589 0 1288190 0 976271
1786269253.687918 1292180 1068791 2869 1589 0 1288190 0 976271
1786269254.687887 1292180 1068791 2869 1589 0 1288190 0 976271
1786269255.688018 1292180 1068791 2869 1589 0 1288190 0 976271
1786269256.687977 1292180 1068791 2869 1589 0 1288190 0 976271
1786269257.687858 1292180 1068791 2869 1589 0 1288190 0 976271
1786269258.688108 1292180 1068791 2869 1589 0 1288190 0 976271
1786269259.687897 1292180 1068791 2869 1589 0 1288190 0 976271
1786269260.688117 1292180 1068791 2869 1589 0 1288190 0 976271
1786269261.687723 1292180 1068791 2869 1589 0 1288190 0 976271
1786269262.687780 1292180 1068791 2869 1589 0 1288190 0 976271
1786269263.687726 1292180 1068791 2869 1589 0 1288190 0 976271
1786269264.687826 1292180 1068791 2869 1589 0 1288190 0 976271
1786269265.687831 1292180 1068791 2869 1589 0 1288190 0 976271
1786269266.687804 1292180 1068791 2869 1589 0 1288190 0 976271
1786269267.687844 1292180 1068791 2869 1589 0 1288190 0 976271
1786269268.687832 1292180 1068791 2869 1589 0 1288190 0 976271
1786269269.688012 1292180 1068791 2869 1589 0 1288190 0 976271
1786269270.688009 1292180 1068791 2869 1589 0 1288190 0 976271
1786269271.688044 1292180 1068791 2869 1589 0 1288190 0 976271
1786269272.687802 1292180 1068791 2869 1589 0 1288190 0 976271
1786269273.688094 1292180 1068791 2869 1589 0 1288190 0 976271
1786269274.687967 1292180 1068791 2869 1589 0 1288190 0 976271
1786269275.687827 1292180 1068791 2869 1589 0 1288190 0 976271
1786269276.689861 1292180 1068791 2869 1589 0 1288190 0 976271
1786269277.689985 1292180 1068791 2869 1589 0 1288190 0 976271
1786269278.689837 1292180 1068791 2869 1589 0 1288190 0 976271
1786269279.687856 1292180 1068791 2869 1589 0 1288190 0 976271
1786269280.687782 1292180 1068791 2869 1589 0 1288190 0 976271
1786269281.690065 1292180 1068791 2869 1589 0 1288190 0 976271
1786269282.690289 1292180 1068791 2869 1589 0 1288190 0 976271
1786269283.688038 1292180 1068791 2869 1589 0 1288190 0 976271
1786269284.689886 1292180 1068791 2869 1589 0 1288190 0 976271
1786269285.687807 1292180 1068791 2869 1589 0 1288190 0 976271
1786269286.689930 1292180 1068791 2869 1589 0 1288190 0 976271
1786269287.687726 1292180 1068791 2869 1589 0 1288190 0 976271
1786269288.689972 1292180 1068791 2869 1589 0 1288190 0 976271
1786269289.690002 1292180 1068791 2869 1589 0 1288190 0 976271
1786269290.687806 1292180 1068791 2869 1589 0 1288190 0 976271
1786269291.687781 1292180 1068791 2869 1589 0 1288190 0 976271
1786269292.687774 1292180 1068791 2869 1589 0 1288190 0 976271
1786269293.687713 1292180 1068791 2869 1589 0 1288190 0 976271
1786269294.687736 1292180 1068791 2869 1589 0 1288190 0 976271
1786269295.687917 1292180 1068791 2869 1589 0 1288190 0 976271
1786269296.687644 1292180 1068791 2869 1589 0 1288190 0 976271
1786269297.687671 1292180 1068791 2869 1589 0 1288190 0 976271
1786269298.687980 1292180 1068791 2869 1589 0 1288190 0 976271
1786269299.687985 1292180 1068791 2869 1589 0 1288190 0 976271
1786269300.689895 1292180 1068791 2869 1589 0 1288190 0 976271
1786269301.690761 1292180 1068791 2869 1589 0 1288190 0 976271
1786269302.689781 1292180 1068791 2869 1589 0 1288190 0 976271
1786269303.687524 1292180 1068791 2869 1589 0 1288190 0 976271
1786269304.687460 1292180 1068791 2869 1589 0 1288190 0 976271
1786269305.687432 1292180 1068791 2869 1589 0 1288190 0 976271
1786269306.687439 1292180 1068791 2869 1589 0 1288190 0 976271
1786269307.687846 1292180 1068791 2869 1589 0 1288190 0 976271
1786269308.687779 1292180 1068791 2869 1589 0 1288190 0 976271
1786269309.687398 1292180 1068791 2869 1589 0 1288190 0 976271
1786269310.687727 1292180 1068791 2869 1589 0 1288190 0 976271
1786269311.687497 1292180 1068791 2869 1589 0 1288190 0 976271
1786269312.687706 1292180 1068791 2869 1589 0 1288190 0 976271
1786269313.687694 1292180 1068791 2869 1589 0 1288190 0 976271
1786269314.687640 1292180 1068791 2869 1589 0 1288190 0 976271
1786269315.687972 1292180 1068791 2869 1589 0 1288190 0 976271
1786269316.687797 1292180 1068791 2869 1589 0 1288190 0 976271
1786269317.687733 1292180 1068791 2869 1589 0 1288190 0 976271
1786269318.687509 1292180 1068791 2869 1589 0 1288190 0 976271
1786269319.687598 1292180 1068791 2869 1589 0 1288190 0 976271
1786269320.687591 1292180 1068791 2869 1589 0 1288190 0 976271
1786269321.687506 1292180 1068791 2869 1589 0 1288190 0 976271
1786269322.687504 1292180 1068791 2869 1589 0 1288190 0 976271
1786269323.687938 1292180 1068791 2869 1589 0 1288190 0 976271
1786269324.687585 1292180 1068791 2869 1589 0 1288190 0 976271
1786269325.687575 1292180 1068791 2869 1589 0 1288190 0 976271
1786269326.687771 1292180 1068811 2869 1589 0 1288190 0 976271
1786269327.687776 1292180 1068811 2869 1589 0 1288190 0 976271
1786269328.687921 1292180 1068811 2869 1589 0 1288190 0 976271
1786269329.687728 1292180 1068811 2869 1589 0 1288190 0 976271
1786269330.687649 1292180 1068811 2869 1589 0 1288190 0 976271
1786269331.687772 1292180 1068811 2869 1589 0 1288190 0 976271
1786269332.687728 1292180 1068811 2869 1589 0 1288190 0 976271
1786269333.687741 1292180 1068811 2869 1589 0 1288190 0 976271
1786269334.687762 1292180 1068811 2869 1589 0 1288190 0 976271
1786269335.687793 1292180 1068811 2869 1589 0 1288190 0 976271
1786269336.687791 1292180 1068811 2869 1589 0 1288190 0 976271
1786269337.687703 1292180 1068811 2869 1589 0 1288190 0 976271
1786269338.687572 1292180 1068811 2869 1589 0 1288190 0 976271
1786269339.687553 1292180 1068811 2869 1589 0 1288190 0 976271
1786269340.687509 1292180 1068811 2869 1589 0 1288190 0 976271
1786269341.687838 1292180 1068811 2869 1589 0 1288190 0 976271
1786269342.687866 1292180 1068811 2869 1589 0 1288190 0 976271
1786269343.687868 1292180 1068811 2869 1589 0 1288190 0 976271
1786269344.687727 1292180 1068811 2869 1589 0 1288190 0 976271
1786269345.687771 1292180 1068811 2869 1589 0 1288190 0 976271
1786269346.687710 1292180 1068811 2869 1589 0 1288190 0 976271
1786269347.688305 1292180 1068811 2869 1589 0 1288190 0 976271
1786269348.687609 1292180 1068811 2869 1589 0 1288190 0 976271
1786269349.687743 1292180 1068811 2869 1589 0 1288190 0 976271
1786269350.687650 1292180 1068811 2869 1589 0 1288190 0 976271
1786269351.687610 1292180 1068811 2869 1589 0 1288190 0 976271
1786269352.687837 1292180 1068811 2869 1589 0 1288190 0 976271
1786269353.687647 1292180 1068811 2869 1589 0 1288190 0 976271
1786269354.687552 1292180 1068811 2869 1589 0 1288190 0 976271
1786269355.687830 1292180 1068811 2869 1589 0 1288190 0 976271
1786269356.687670 1292180 1068811 2869 1589 0 1288190 0 976271
1786269357.687605 1292180 1068811 2869 1589 0 1288190 0 976271
1786269358.688196 1292180 1068811 2869 1589 0 1288190 0 976271
1786269359.687784 1292180 1068811 2869 1589 0 1288190 0 976271
1786269360.687738 1292180 1068811 2869 1589 0 1288190 0 976271
1786269361.696100 1292180 1068811 2869 1589 0 1288190 0 976271
1786269362.687558 1292180 1068811 2869 1589 0 1288190 0 976271
1786269363.687654 1292180 1068811 2869 1589 0 1288190 0 976271
1786269364.687862 1292180 1068811 2869 1589 0 1288190 0 976271
1786269365.687682 1292180 1068811 2869 1589 0 1288190 0 976271
1786269366.687642 1292180 1068811 2869 1589 0 1288190 0 976271
1786269367.687586 1292180 1068811 2869 1589 0 1288190 0 976271
1786269368.687399 1292180 1068811 2869 1589 0 1288190 0 976271
1786269369.687750 1292180 1068811 2869 1589 0 1288190 0 976271
1786269370.687939 1292180 1068811 2869 1589 0 1288190 0 976271
1786269371.687645 1292180 1068811 2869 1589 0 1288190 0 976271
1786269372.687719 1292180 1068811 2869 1589 0 1288190 0 976271
1786269373.687552 1292180 1068811 2869 1589 0 1288190 0 976271
1786269374.687736 1292180 1068811 2869 1589 0 1288190 0 976271
1786269375.687943 1292180 1068811 2869 1589 0 1288190 0 976271
1786269376.687565 1292180 1068811 2869 1589 0 1288190 0 976271
1786269377.687652 1292180 1068811 2869 1589 0 1288190 0 976271
1786269378.687563 1292180 1068811 2869 1589 0 1288190 0 976271
1786269379.687508 1292180 1068811 2869 1589 0 1288190 0 976271
1786269380.687518 1292180 1068811 2869 1589 0 1288190 0 976271
1786269381.687452 1292180 1068811 2869 1589 0 1288190 0 976271
1786269382.687428 1292180 1068811 2869 1589 0 1288190 0 976271
1786269383.687709 1292180 1068811 2869 1589 0 1288190 0 976271
1786269384.687788 1292180 1068811 2869 1589 0 1288190 0 976271
1786269385.687760 1292180 1068811 2869 1589 0 1288190 0 976271
1786269386.687722 1292180 1068811 2869 1589 0 1288190 0 976271
1786269387.687833 1292180 1068811 2869 1589 0 1288190 0 976271
1786269388.687857 1292180 1068811 2869 1589 0 1288190 0 976271
1786269389.687649 1292180 1068811 2869 1589 0 1288190 0 976271
1786269390.687628 1292180 1068811 2869 1589 0 1288190 0 976271
1786269391.687522 1292180 1068811 2869 1589 0 1288190 0 976271
1786269392.687558 1292180 1068811 2869 1589 0 1288190 0 976271
1786269393.687620 1292180 1068811 2869 1589 0 1288190 0 976271
1786269394.687625 1292180 1068811 2869 1589 0 1288190 0 976271
1786269395.687969 1292180 1068811 2869 1589 0 1288190 0 976271
1786269396.687519 1292180 1068811 2869 1589 0 1288190 0 976271
1786269397.687413 1292180 1068811 2869 1589 0 1288190 0 976271
1786269398.687428 1292180 1068811 2869 1589 0 1288190 0 976271
1786269399.687652 1292180 1068811 2869 1589 0 1288190 0 976271
1786269400.687854 1292180 1068811 2869 1589 0 1288190 0 976271
1786269401.687807 1292180 1068811 2869 1589 0 1288190 0 976271
1786269402.687972 1292180 1068811 2869 1589 0 1288190 0 976271
1786269403.688073 1292180 1068811 2869 1589 0 1288190 0 976271
1786269404.687763 1292180 1068811 2869 1589 0 1288190 0 976271
1786269405.687540 1292180 1068811 2869 1589 0 1288190 0 976271
1786269406.687621 1292180 1068811 2869 1589 0 1288190 0 976271
1786269407.687540 1292180 1068811 2869 1589 0 1288190 0 976271
1786269408.687503 1292180 1068811 2869 1589 0 1288190 0 976271
1786269409.688248 1292180 1068811 2869 1589 0 1288190 0 976271
1786269410.687717 1292180 1068811 2869 1589 0 1288190 0 976271
1786269411.687618 1292180 1068811 2869 1589 0 1288190 0 976271
1786269412.687535 1292180 1068811 2869 1589 0 1288190 0 976271
1786269413.687782 1292180 1068811 2869 1589 0 1288190 0 976271
1786269414.687745 1292180 1068811 2869 1589 0 1288190 0 976271
1786269415.687737 1292180 1068811 2869 1589 0 1288190 0 976271
1786269416.687747 1292180 1068811 2869 1589 0 1288190 0 976271
1786269417.687833 1292180 1068811 2869 1589 0 1288190 0 976271
1786269418.687698 1292180 1068811 2869 1589 0 1288190 0 976271
1786269419.687864 1292180 1068811 2869 1589 0 1288190 0 976271
1786269420.687619 1292180 1068811 2869 1589 0 1288190 0 976271
1786269421.687617 1292180 1068811 2869 1589 0 1288190 0 976271
1786269422.687581 1292180 1068811 2869 1589 0 1288190 0 976271
1786269423.689575 1292180 1068811 2869 1589 0 1288190 0 976271
1786269424.687667 1292180 1068811 2869 1589 0 1288190 0 976271
1786269425.687539 1292180 1068811 2869 1589 0 1288190 0 976271
1786269426.687661 1292180 1068811 2869 1589 0 1288190 0 976271
1786269427.687706 1292180 1068811 2869 1589 0 1288190 0 976271
1786269428.687879 1292180 1068811 2869 1589 0 1288190 0 976271
1786269429.687839 1292180 1068811 2869 1589 0 1288190 0 976271
1786269430.687946 1292180 1068811 2869 1589 0 1288190 0 976271
1786269431.687813 1292180 1068811 2869 1589 0 1288190 0 976271
1786269432.687796 1292180 1068811 2869 1589 0 1288190 0 976271
1786269433.687686 1292180 1068811 2869 1589 0 1288190 0 976271
1786269434.687535 1292180 1068811 2869 1589 0 1288190 0 976271
1786269435.688306 1292180 1068811 2869 1589 0 1288190 0 976271
1786269436.687763 1292180 1068811 2869 1589 0 1288190 0 976271
1786269437.687800 1292180 1068811 2869 1589 0 1288190 0 976271
1786269438.687780 1292180 1068811 2869 1589 0 1288190 0 976271
1786269439.687754 1292180 1068811 2869 1589 0 1288190 0 976271
1786269440.687766 1292180 1068811 2869 1589 0 1288190 0 976271
1786269441.687658 1292180 1068811 2869 1589 0 1288190 0 976271
1786269442.689943 1292180 1068811 2869 1589 0 1288190 0 976271
1786269443.688217 1292180 1068811 2869 1589 0 1288190 0 976271
1786269444.688110 1292180 1068811 2869 1589 0 1288190 0 976271
1786269445.687887 1292180 1068811 2869 1589 0 1288190 0 976271
1786269446.687827 1292180 1068811 2869 1589 0 1288190 0 976271
1786269447.687763 1292180 1068811 2869 1589 0 1288190 0 976271
1786269448.687880 1292180 1068811 2869 1589 0 1288190 0 976271
1786269449.687592 1292180 1068811 2869 1589 0 1288190 0 976271
1786269450.687593 1292180 1068811 2869 1589 0 1288190 0 976271
1786269451.687653 1292180 1068811 2869 1589 0 1288190 0 976271
1786269452.687660 1292180 1068811 2869 1589 0 1288190 0 976271
1786269453.687800 1292180 1068811 2869 1589 0 1288190 0 976271
1786269454.687650 1292180 1068811 2869 1589 0 1288190 0 976271
1786269455.687739 1292180 1068811 2869 1589 0 1288190 0 976271
1786269456.687538 1292180 1068811 2869 1589 0 1288190 0 976271
1786269457.687867 1292180 1068811 2869 1589 0 1288190 0 976271
1786269458.687911 1292180 1068811 2869 1589 0 1288190 0 976271
1786269459.687673 1292180 1068811 2869 1589 0 1288190 0 976271
1786269460.687896 1292180 1068811 2869 1589 0 1288190 0 976271
1786269461.687862 1292180 1068811 2869 1589 0 1288190 0 976271
1786269462.687844 1292180 1068811 2869 1589 0 1288190 0 976271
