# start_epoch=1786269464.150277  page_size=4096  cachestat=ok  fields=size,resident,shared,text,lib,data,dt,pagecache
1786269465.153837 68369 47184 2741 1589 0 64382 0 56164
1786269466.155598 68369 42563 2741 1589 0 64382 0 83376
1786269467.156648 69265 37365 2741 1589 0 65278 0 108956
1786269468.157522 69265 35294 2805 1589 0 65278 0 121460
1786269469.186111 69265 44985 2805 1589 0 65278 0 159881
1786269470.190293 69265 41296 2805 1589 0 65278 0 185401
1786269471.187758 70289 41809 2805 1589 0 66302 0 210582
1786269472.189215 70289 44993 2805 1589 0 66302 0 236457
1786269473.196023 70289 39033 2805 1589 0 66302 0 262092
1786269474.186567 71569 34748 2805 1589 0 67582 0 286959
1786269475.195424 71569 47276 2805 1589 0 67582 0 312835
1786269476.199525 71569 44073 2805 1589 0 67582 0 338469
1786269477.192749 71569 44529 2805 1589 0 67582 0 363336
1786269478.199774 71569 46496 2805 1589 0 67582 0 388956
1786269479.203872 73105 39896 2805 1589 0 69118 0 414079
1786269480.190733 73105 39396 2805 1589 0 69118 0 436027
1786269481.208176 73105 46988 2805 1589 0 69118 0 464823
1786269482.206844 73105 46528 2805 1589 0 69118 0 489434
1786269483.203351 73105 50865 2805 1589 0 69118 0 496276
1786269484.210435 73105 43936 2805 1589 0 69118 0 539920
1786269485.206187 73105 36678 2805 1589 0 69118 0 564532
1786269486.214765 74897 48826 2805 1589 0 70910 0 589896
1786269487.214415 74897 44421 2805 1589 0 70910 0 614763
1786269488.206851 74897 51925 2805 1589 0 70910 0 633117
1786269489.220149 74897 46214 2805 1589 0 70910 0 665251
1786269490.212884 74897 42077 2805 1589 0 70910 0 689862
1786269491.217447 74897 51385 2805 1589 0 70910 0 714715
1786269492.222837 74897 48568 2805 1589 0 70910 0 739326
1786269493.212991 76945 53079 2805 1589 0 72958 0 745401
1786269494.222421 76945 44596 2805 1589 0 72958 0 789046
1786269495.224740 76945 45391 2805 1589 0 72958 0 813913
1786269496.228509 76945 48732 2805 1589 0 72958 0 838766
1786269497.227504 76945 49535 2805 1589 0 72958 0 863378
1786269498.229414 76945 51337 2805 1589 0 72958 0 882655
1786269499.190024 76945 37728 2852 1589 0 72958 0 872325
1786269500.193126 76945 37728 2852 1589 0 72958 0 872326
1786269501.189893 76945 37736 2852 1589 0 72958 0 872326
1786269502.193046 76945 37736 2852 1589 0 72958 0 872326
1786269503.190147 76945 37736 2852 1589 0 72958 0 872326
1786269504.190154 76945 37736 2852 1589 0 72958 0 872326
1786269505.190006 76945 37736 2852 1589 0 72958 0 872326
1786269506.190036 76945 37736 2852 1589 0 72958 0 872326
1786269507.190109 76945 37736 2852 1589 0 72958 0 872326
1786269508.190124 76945 37736 2852 1589 0 72958 0 872326
1786269509.191884 79249 39119 2852 1589 0 75262 0 866077
1786269510.189515 79249 39119 2852 1589 0 75262 0 866078
1786269511.189660 79249 39137 2852 1589 0 75262 0 866078
1786269512.189565 79249 39137 2852 1589 0 75262 0 866078
1786269513.189751 79249 39137 2852 1589 0 75262 0 866078
1786269514.189729 79249 39137 2852 1589 0 75262 0 866078
1786269515.189757 79249 39137 2852 1589 0 75262 0 866078
1786269516.189935 79249 39137 2852 1589 0 75262 0 866078
1786269517.189932 79249 39137 2852 1589 0 75262 0 866078
1786269518.189746 79249 39137 2852 1589 0 75262 0 866078
1786269519.189295 81553 39252 2852 1589 0 77566 0 859854
1786269520.189184 81553 39252 2852 1589 0 77566 0 859854
1786269521.189119 81553 39260 2852 1589 0 77566 0 859854
1786269522.189190 81553 39260 2852 1589 0 77566 0 859854
1786269523.189054 81553 39260 2852 1589 0 77566 0 859854
1786269524.189287 81553 39260 2852 1589 0 77566 0 859854
1786269525.189586 81553 39260 2852 1589 0 77566 0 859854
1786269526.189424 81553 39260 2852 1589 0 77566 0 859854
1786269527.188997 81553 39260 2852 1589 0 77566 0 859854
1786269528.188950 84881 38363 2852 1589 0 80894 0 853630
1786269529.189208 84881 38363 2852 1589 0 80894 0 853630
1786269530.188903 84881 38363 2852 1589 0 80894 0 853630
1786269531.188933 84881 38363 2852 1589 0 80894 0 853630
1786269532.189445 84881 39620 2852 1589 0 80894 0 853630
1786269533.188986 84881 39620 2852 1589 0 80894 0 853630
1786269534.188874 84881 39620 2852 1589 0 80894 0 853630
1786269535.188987 84881 39620 2852 1589 0 80894 0 853630
1786269536.189131 84881 39620 2852 1589 0 80894 0 853630
1786269537.188715 84881 39620 2852 1589 0 80894 0 853630
1786269538.191764 86929 41858 2852 1589 0 82942 0 847406
1786269539.188388 86929 41858 2852 1589 0 82942 0 847406
1786269540.188387 134545 100309 2884 1589 0 130558 0 846174
1786269541.188362 262033 208900 2884 1589 0 258046 0 846174
1786269542.191914 355217 316420 2884 1589 0 351230 0 846174
1786269543.188402 481681 424452 2884 1589 0 477694 0 846174
1786269544.188388 567697 531972 2884 1589 0 563710 0 846174
1786269545.188653 668049 637444 2884 1589 0 664062 0 846174
1786269546.188761 787857 747524 2884 1589 0 783870 0 846174
1786269547.188254 925073 856068 2884 1589 0 921086 0 846174
1786269548.200914 1088913 964612 2884 1589 0 1084926 0 846174
1786269549.188290 1292689 1071620 2884 1589 0 1288702 0 846174
1786269550.194861 1292689 1179652 2884 1589 0 1288702 0 846174
1786269551.188438 1532817 1289732 2884 1589 0 1528830 0 846174
1786269552.188624 1532817 1385624 2884 1589 0 1528830 0 846174
1786269553.194790 1532817 1477924 2884 1589 0 1528830 0 846174
1786269554.189504 1805201 1567294 3057 1589 0 1801214 0 846174
1786269555.191364 1805201 1658104 3057 1589 0 1801214 0 846174
1786269556.188525 1807250 1686741 3057 1589 0 1803262 0 846174
1786269557.188240 1807250 1686741 3057 1589 0 1803262 0 846174
1786269558.188245 1807250 1686741 3057 1589 0 1803262 0 846174
1786269559.188364 1807250 1686741 3057 1589 0 1803262 0 846174
1786269560.188390 1807250 1686741 3057 1589 0 1803262 0 846174
1786269561.188247 1807250 1686741 3057 1589 0 1803262 0 846174
1786269562.188366 1807250 1686741 3057 1589 0 1803262 0 846174
1786269563.188323 1807250 1686741 3057 1589 0 1803262 0 846174
1786269564.188386 1807250 1686741 3057 1589 0 1803262 0 846174
1786269565.191594 1809299 1686746 3057 1589 0 1805310 0 846174
1786269566.188568 1809299 1686746 3057 1589 0 1805310 0 846174
1786269567.188507 1809299 1686746 3057 1589 0 1805310 0 846174
1786269568.188482 1809299 1686746 3057 1589 0 1805310 0 846174
1786269569.188748 1809299 1686746 3057 1589 0 1805310 0 846174
1786269570.188559 1809299 1686746 3057 1589 0 1805310 0 846174
1786269571.188714 1809299 1686746 3057 1589 0 1805310 0 846174
1786269572.188515 1809299 1686746 3057 1589 0 1805310 0 846174
1786269573.191248 1809299 1686756 3057 1589 0 1805310 0 846174
1786269574.188316 1811348 1686749 3057 1589 0 1807358 0 846174
1786269575.188683 1811348 1686749 3057 1589 0 1807358 0 846174
1786269576.188650 1811348 1686749 3057 1589 0 1807358 0 846174
1786269577.188431 1811348 1686749 3057 1589 0 1807358 0 846174
1786269578.188446 1811348 1686749 3057 1589 0 1807358 0 846174
1786269579.188491 1811348 1686749 3057 1589 0 1807358 0 846174
1786269580.188462 1811348 1686749 3057 1589 0 1807358 0 846174
1786269581.188366 1811348 1686749 3057 1589 0 1807358 0 846174
1786269582.191192 1811348 1686749 3057 1589 0 1807358 0 846174
1786269583.191070 1811348 1686749 3057 1589 0 1807358 0 846174
1786269584.188460 1811348 1686749 3057 1589 0 1807358 0 846174
1786269585.188378 1811348 1686749 3057 1589 0 1807358 0 846174
1786269586.188704 1811348 1686749 3057 1589 0 1807358 0 846174
1786269587.188460 1811348 1686749 3057 1589 0 1807358 0 846174
1786269588.188577 1811348 1686749 3057 1589 0 1807358 0 846174
1786269589.188470 1811348 1686749 3057 1589 0 1807358 0 846174
1786269590.188372 1811348 1686749 3057 1589 0 1807358 0 846174
1786269591.188273 1811348 1686749 3057 1589 0 1807358 0 846174
1786269592.188625 1811348 1686749 3057 1589 0 1807358 0 846174
1786269593.188480 1811348 1686749 3057 1589 0 1807358 0 846174
1786269594.188315 1811348 1686749 3057 1589 0 1807358 0 846174
1786269595.188385 1811348 1686749 3057 1589 0 1807358 0 846174
1786269596.188647 1811348 1686749 3057 1589 0 1807358 0 846174
1786269597.188620 1811348 1686749 3057 1589 0 1807358 0 846174
1786269598.188449 1811348 1686749 3057 1589 0 1807358 0 846174
1786269599.188556 1811348 1686749 3057 1589 0 1807358 0 846174
1786269600.188750 1811348 1686749 3057 1589 0 1807358 0 846174
1786269601.188630 1811348 1686749 3057 1589 0 1807358 0 846174
1786269602.188509 1811348 1686749 3057 1589 0 1807358 0 846174
1786269603.188365 1811348 1686749 3057 1589 0 1807358 0 846174
1786269604.188451 1811348 1686749 3057 1589 0 1807358 0 846174
1786269605.188502 1811348 1686749 3057 1589 0 1807358 0 846174
1786269606.188465 1811348 1686749 3057 1589 0 1807358 0 846174
1786269607.188550 1811348 1686749 3057 1589 0 1807358 0 846174
1786269608.188451 1811348 1686749 3057 1589 0 1807358 0 846174
1786269609.188505 1811348 1686749 3057 1589 0 1807358 0 846174
1786269610.188666 1811348 1686749 3057 1589 0 1807358 0 846174
1786269611.188896 1811348 1686749 3057 1589 0 1807358 0 846174
1786269612.188765 1811348 1686749 3057 1589 0 1807358 0 846174
1786269613.188672 1811348 1686749 3057 1589 0 1807358 0 846174
1786269614.188700 1811348 1686749 3057 1589 0 1807358 0 846174
1786269615.188419 1811348 1686749 3057 1589 0 1807358 0 846174
1786269616.188444 1811348 1686749 3057 1589 0 1807358 0 846174
1786269617.188644 1811348 1686749 3057 1589 0 1807358 0 846174
1786269618.188439 1811348 1686749 3057 1589 0 1807358 0 846174
1786269619.188425 1811348 1686749 3057 1589 0 1807358 0 846174
1786269620.188572 1811348 1686749 3057 1589 0 1807358 0 846174
1786269621.188417 1811348 1686749 3057 1589 0 1807358 0 846174
1786269622.188348 1811348 1686749 3057 1589 0 1807358 0 846174
1786269623.188452 1811348 1686749 3057 1589 0 1807358 0 846174
1786269624.188428 1811348 1686749 3057 1589 0 1807358 0 846174
1786269625.190815 1811348 1686749 3057 1589 0 1807358 0 846174
1786269626.190518 1811348 1686749 3057 1589 0 1807358 0 846174
1786269627.188680 1811348 1686749 3057 1589 0 1807358 0 846174
1786269628.188594 1811348 1686749 3057 1589 0 1807358 0 846174
1786269629.188850 1811348 1686749 3057 1589 0 1807358 0 846174
1786269630.188423 1811348 1686749 3057 1589 0 1807358 0 846174
1786269631.188408 1811348 1686749 3057 1589 0 1807358 0 846174
1786269632.188296 1811348 1686749 3057 1589 0 1807358 0 846174
1786269633.190212 1811348 1686749 3057 1589 0 1807358 0 846174
1786269634.190526 1811348 1686749 3057 1589 0 1807358 0 846174
1786269635.190529 1811348 1686749 3057 1589 0 1807358 0 846174
1786269636.188713 1811348 1686749 3057 1589 0 1807358 0 846174
1786269637.188499 1811348 1686749 3057 1589 0 1807358 0 846174
1786269638.188814 1811348 1686749 3057 1589 0 1807358 0 846174
1786269639.188747 1811348 1686749 3057 1589 0 1807358 0 846174
1786269640.188589 1811348 1686749 3057 1589 0 1807358 0 846174
1786269641.188491 1811348 1686749 3057 1589 0 1807358 0 846174
1786269642.188468 1811348 1686749 3057 1589 0 1807358 0 846174
1786269643.188607 1811348 1686749 3057 1589 0 1807358 0 846174
1786269644.188569 1811348 1686749 3057 1589 0 1807358 0 846174
1786269645.188637 1811348 1686749 3057 1589 0 1807358 0 846174
1786269646.188410 1811348 1686749 3057 1589 0 1807358 0 846174
1786269647.188735 1811348 1686749 3057 1589 0 1807358 0 846174
1786269648.188435 1811348 1686749 3057 1589 0 1807358 0 846174
1786269649.188505 1811348 1686749 3057 1589 0 1807358 0 846174
1786269650.188427 1811348 1686749 3057 1589 0 1807358 0 846174
1786269651.188760 1811348 1686749 3057 1589 0 1807358 0 846174
1786269652.188805 1811348 1686749 3057 1589 0 1807358 0 846174
1786269653.188651 1811348 1686749 3057 1589 0 1807358 0 846174
1786269654.188659 1811348 1686749 3057 1589 0 1807358 0 846174
1786269655.188699 1811348 1686749 3057 1589 0 1807358 0 846174
1786269656.188569 1811348 1686749 3057 1589 0 1807358 0 846174
1786269657.188478 1811348 1686749 3057 1589 0 1807358 0 846174
1786269658.188407 1811348 1686749 3057 1589 0 1807358 0 846174
1786269659.188424 1811348 1686749 3057 1589 0 1807358 0 846174
1786269660.188653 1811348 1686749 3057 1589 0 1807358 0 846174
1786269661.188643 1811348 1686749 3057 1589 0 1807358 0 846174
1786269662.188647 1811348 1686749 3057 1589 0 1807358 0 846174
1786269663.188515 1811348 1686749 3057 1589 0 1807358 0 846174
1786269664.188250 1811348 1686749 3057 1589 0 1807358 0 846174
1786269665.188617 1811348 1686749 3057 1589 0 1807358 0 846174
1786269666.188614 1811348 1686749 3057 1589 0 1807358 0 846174
1786269667.188478 1811348 1686749 3057 1589 0 1807358 0 846174
1786269668.188532 1811348 1686749 3057 1589 0 1807358 0 846174
1786269669.188677 1811348 1686749 3057 1589 0 1807358 0 846174
1786269670.188428 1811348 1686749 3057 1589 0 1807358 0 846174
1786269671.188462 1811348 1686749 3057 1589 0 1807358 0 846174
1786269672.188424 1811348 1686749 3057 1589 0 1807358 0 846174
1786269673.188214 1811348 1686749 3057 1589 0 1807358 0 846174
1786269674.188364 1811348 1686749 3057 1589 0 1807358 0 846174
1786269675.188374 1811348 1686749 3057 1589 0 1807358 0 846174
1786269676.188388 1811348 1686749 3057 1589 0 1807358 0 846174
1786269677.188530 1811348 1686749 3057 1589 0 1807358 0 846174
1786269678.188480 1811348 1686749 3057 1589 0 1807358 0 846174
1786269679.188608 1811348 1686749 3057 1589 0 1807358 0 846174
1786269680.188656 1811348 1686749 3057 1589 0 1807358 0 846174
1786269681.188396 1811348 1686749 3057 1589 0 1807358 0 846174
1786269682.188384 1811348 1686749 3057 1589 0 1807358 0 846174
1786269683.188500 1811348 1686749 3057 1589 0 1807358 0 846174
1786269684.188482 1811348 1686749 3057 1589 0 1807358 0 846174
1786269685.188814 1811348 1686749 3057 1589 0 1807358 0 846174
1786269686.188826 1811348 1686749 3057 1589 0 1807358 0 846174
1786269687.188737 1811348 1686749 3057 1589 0 1807358 0 846174
1786269688.188687 1811348 1686749 3057 1589 0 1807358 0 846174
1786269689.188851 1811348 1686749 3057 1589 0 1807358 0 846174
1786269690.188630 1811348 1686749 3057 1589 0 1807358 0 846174
1786269691.188659 1811348 1686749 3057 1589 0 1807358 0 846174
1786269692.188640 1811348 1686749 3057 1589 0 1807358 0 846174
1786269693.188607 1811348 1686749 3057 1589 0 1807358 0 846174
1786269694.188891 1811348 1686749 3057 1589 0 1807358 0 846174
1786269695.188921 1811348 1686749 3057 1589 0 1807358 0 846174
1786269696.188983 1811348 1686749 3057 1589 0 1807358 0 846174
1786269697.188776 1811348 1686749 3057 1589 0 1807358 0 846174
1786269698.188685 1811348 1686749 3057 1589 0 1807358 0 846174
1786269699.188725 1811348 1686749 3057 1589 0 1807358 0 846174
1786269700.188638 1811348 1686749 3057 1589 0 1807358 0 846174
1786269701.188509 1811348 1686749 3057 1589 0 1807358 0 846174
1786269702.188881 1811348 1686749 3057 1589 0 1807358 0 846174
1786269703.188733 1811348 1686749 3057 1589 0 1807358 0 846174
1786269704.188665 1811348 1686749 3057 1589 0 1807358 0 846174
1786269705.188605 1811348 1686749 3057 1589 0 1807358 0 846174
1786269706.188468 1811348 1686749 3057 1589 0 1807358 0 846174
1786269707.188788 1811348 1686749 3057 1589 0 1807358 0 846174
1786269708.188811 1811348 1687388 3057 1589 0 1807358 0 846174
1786269709.188951 1811348 1687388 3057 1589 0 1807358 0 846174
1786269710.188814 1811348 1687388 3057 1589 0 1807358 0 846174
1786269711.188851 1811348 1687388 3057 1589 0 1807358 0 846174
1786269712.188657 1811348 1687388 3057 1589 0 1807358 0 846174
1786269713.188829 1811348 1687388 3057 1589 0 1807358 0 846174
1786269714.188727 1811348 1687388 3057 1589 0 1807358 0 846174
1786269715.188727 1811348 1687388 3057 1589 0 1807358 0 846174
1786269716.188719 1811348 1687388 3057 1589 0 1807358 0 846174
1786269717.188952 1811348 1687388 3057 1589 0 1807358 0 846174
1786269718.188381 1811348 1687509 3057 1589 0 1807358 0 846174
1786269719.188503 1811348 1687509 3057 1589 0 1807358 0 846174
1786269720.188214 1811348 1687509 3057 1589 0 1807358 0 846174
1786269721.188513 1811348 1687509 3057 1589 0 1807358 0 846174
1786269722.188602 1811348 1687509 3057 1589 0 1807358 0 846174
1786269723.188409 1811348 1687509 3057 1589 0 1807358 0 846174
1786269724.190729 1811348 1687509 3057 1589 0 1807358 0 846174
1786269725.190535 1811348 1687509 3057 1589 0 1807358 0 846174
1786269726.190602 1811348 1687509 3057 1589 0 1807358 0 846174
1786269727.188520 1811348 1687509 3057 1589 0 1807358 0 846174
1786269728.188493 1811348 1687509 3057 1589 0 1807358 0 846174
1786269729.188332 1811348 1687509 3057 1589 0 1807358 0 846174
1786269730.188510 1811348 1687509 3057 1589 0 1807358 0 846174
1786269731.188466 1811348 1687509 3057 1589 0 1807358 0 846174
1786269732.188372 1811348 1687509 3057 1589 0 1807358 0 846174
1786269733.188369 1811348 1687509 3057 1589 0 1807358 0 846174
1786269734.188393 1811348 1687509 3057 1589 0 1807358 0 846174
1786269735.189890 1811348 1687509 3057 1589 0 1807358 0 846174
1786269736.190554 1811348 1687509 3057 1589 0 1807358 0 846174
1786269737.188504 1811348 1687509 3057 1589 0 1807358 0 846174
1786269738.188691 1811348 1687509 3057 1589 0 1807358 0 846174
1786269739.188437 1811348 1687509 3057 1589 0 1807358 0 846174
1786269740.188539 1811348 1687509 3057 1589 0 1807358 0 846174
1786269741.188401 1811348 1687509 3057 1589 0 1807358 0 846174
1786269742.188469 1811348 1687509 3057 1589 0 1807358 0 846174
1786269743.188505 1811348 1687509 3057 1589 0 1807358 0 846174
1786269744.188510 1811348 1687509 3057 1589 0 1807358 0 846174
1786269745.188650 1811348 1687509 3057 1589 0 1807358 0 846174
1786269746.188427 1811348 1687509 3057 1589 0 1807358 0 846174
1786269747.188224 1811348 1687509 3057 1589 0 1807358 0 846174
1786269748.188412 1811348 1687509 3057 1589 0 1807358 0 846174
1786269749.188253 1811348 1687509 3057 1589 0 1807358 0 846174
1786269750.190486 1811348 1687509 3057 1589 0 1807358 0 846174
1786269751.190429 1811348 1687509 3057 1589 0 1807358 0 846174
1786269752.190491 1811348 1687509 3057 1589 0 1807358 0 846174
1786269753.190659 1811348 1687509 3057 1589 0 1807358 0 846174
1786269754.190487 1811348 1687509 3057 1589 0 1807358 0 846174
1786269755.190459 1811348 1687509 3057 1589 0 1807358 0 846174
1786269756.191854 1811348 1687509 3057 1589 0 1807358 0 846174
1786269757.190638 1811348 1687509 3057 1589 0 1807358 0 846174
1786269758.190547 1811348 1687509 3057 1589 0 1807358 0 846174
1786269759.190601 1811348 1687509 3057 1589 0 1807358 0 846174
1786269760.188482 1811348 1687509 3057 1589 0 1807358 0 846174
1786269761.188543 1811348 1687509 3057 1589 0 1807358 0 846174
1786269762.188583 1811348 1687509 3057 1589 0 1807358 0 846174
1786269763.188512 1811348 1687509 3057 1589 0 1807358 0 846174
1786269764.188477 1811348 1687509 3057 1589 0 1807358 0 846174
1786269765.188372 1811348 1687509 3057 1589 0 1807358 0 846174
1786269766.188423 1811348 1687509 3057 1589 0 1807358 0 846174
1786269767.188262 1811348 1687509 3057 1589 0 1807358 0 846174
1786269768.188355 1811348 1687509 3057 1589 0 1807358 0 846174
1786269769.188224 1811348 1687509 3057 1589 0 1807358 0 846174
1786269770.188518 1811348 1687509 3057 1589 0 1807358 0 846174
1786269771.188468 1811348 1687509 3057 1589 0 1807358 0 846174
1786269772.188353 1811348 1687509 3057 1589 0 1807358 0 846174
1786269773.188080 1811348 1687509 3057 1589 0 1807358 0 846174
1786269774.188488 1811348 1687509 3057 1589 0 1807358 0 846174
1786269775.188460 1811348 1687509 3057 1589 0 1807358 0 846174
1786269776.188498 1811348 1687509 3057 1589 0 1807358 0 846174
1786269777.188410 1811348 1687509 3057 1589 0 1807358 0 846174
1786269778.188270 1811348 1687509 3057 1589 0 1807358 0 846174
1786269779.188481 1811348 1687509 3057 1589 0 1807358 0 846174
1786269780.188356 1811348 1687509 3057 1589 0 1807358 0 846174
1786269781.188383 1811348 1687509 3057 1589 0 1807358 0 846174
1786269782.188657 1811348 1687509 3057 1589 0 1807358 0 846174
1786269783.188348 1811348 1687509 3057 1589 0 1807358 0 846174
1786269784.188283 1811348 1687509 3057 1589 0 1807358 0 846174
1786269785.188287 1811348 1687509 3057 1589 0 1807358 0 846174
1786269786.188438 1811348 1687509 3057 1589 0 1807358 0 846174
1786269787.188616 1811348 1687509 3057 1589 0 1807358 0 846174
1786269788.188568 1811348 1687509 3057 1589 0 1807358 0 846174
1786269789.188507 1811348 1687509 3057 1589 0 1807358 0 846174
1786269790.188486 1811348 1687509 3057 1589 0 1807358 0 846174
1786269791.188493 1811348 1687509 3057 1589 0 1807358 0 846174
1786269792.188783 1811348 1687509 3057 1589 0 1807358 0 846174
1786269793.188263 1811348 1687509 3057 1589 0 1807358 0 846174
1786269794.188203 1811348 1687509 3057 1589 0 1807358 0 846174
1786269795.188191 1811348 1687509 3057 1589 0 1807358 0 846174
1786269796.188361 1811348 1687509 3057 1589 0 1807358 0 846174
1786269797.188425 1811348 1687509 3057 1589 0 1807358 0 846174
1786269798.188513 1811348 1687509 3057 1589 0 1807358 0 846174
1786269799.188308 1811348 1687509 3057 1589 0 1807358 0 846174
1786269800.188404 1811348 1687509 3057 1589 0 1807358 0 846174
1786269801.188419 1811348 1687509 3057 1589 0 1807358 0 846174
1786269802.188399 1811348 1687509 3057 1589 0 1807358 0 846174
1786269803.188369 1811348 1687509 3057 1589 0 1807358 0 846174
1786269804.188551 1811348 1687509 3057 1589 0 1807358 0 846174
1786269805.188348 1811348 1687509 3057 1589 0 1807358 0 846174
1786269806.188322 1811348 1687509 3057 1589 0 1807358 0 846174
1786269807.188412 1811348 1687509 3057 1589 0 1807358 0 846174
1786269808.188261 1811348 1687509 3057 1589 0 1807358 0 846174
1786269809.188295 1811348 1687509 3057 1589 0 1807358 0 846174
1786269810.188283 1811348 1687509 3057 1589 0 1807358 0 846174
1786269811.188292 1811348 1687509 3057 1589 0 1807358 0 846174
1786269812.188560 1811348 1687509 3057 1589 0 1807358 0 846174
1786269813.188393 1811348 1687509 3057 1589 0 1807358 0 846174
1786269814.188612 1811348 1687509 3057 1589 0 1807358 0 846174
1786269815.188544 1811348 1687509 3057 1589 0 1807358 0 846174
1786269816.188757 1811348 1687509 3057 1589 0 1807358 0 846174
1786269817.188687 1811348 1687509 3057 1589 0 1807358 0 846174
1786269818.188528 1811348 1687509 3057 1589 0 1807358 0 846174
1786269819.190440 1811348 1687509 3057 1589 0 1807358 0 846174
1786269820.190370 1811348 1687509 3057 1589 0 1807358 0 846174
1786269821.190502 1811348 1687509 3057 1589 0 1807358 0 846174
1786269822.190491 1811348 1687509 3057 1589 0 1807358 0 846174
1786269823.190559 1811348 1687509 3057 1589 0 1807358 0 846174
1786269824.188406 1811348 1687509 3057 1589 0 1807358 0 846174
1786269825.190493 1811348 1687509 3057 1589 0 1807358 0 846174
1786269826.190500 1811348 1687509 3057 1589 0 1807358 0 846174
1786269827.190483 1811348 1687509 3057 1589 0 1807358 0 846174
1786269828.190405 1811348 1687509 3057 1589 0 1807358 0 846174
1786269829.190478 1811348 1687509 3057 1589 0 1807358 0 846174
1786269830.188458 1811348 1687509 3057 1589 0 1807358 0 846174
1786269831.190669 1811348 1687509 3057 1589 0 1807358 0 846174
1786269832.190503 1811348 1687509 3057 1589 0 1807358 0 846174
1786269833.190544 1811348 1687509 3057 1589 0 1807358 0 846174
1786269834.190461 1811348 1687509 3057 1589 0 1807358 0 846174
1786269835.190522 1811348 1687509 3057 1589 0 1807358 0 846174
1786269836.190475 1811348 1687509 3057 1589 0 1807358 0 846174
1786269837.190415 1811348 1687509 3057 1589 0 1807358 0 846174
1786269838.188619 1811348 1687509 3057 1589 0 1807358 0 846174
1786269839.188609 1811348 1687509 3057 1589 0 1807358 0 846174
1786269840.188351 1811348 1687509 3057 1589 0 1807358 0 846174
1786269841.188530 1811348 1687509 3057 1589 0 1807358 0 846174
1786269842.188359 1811348 1687509 3057 1589 0 1807358 0 846174
1786269843.188538 1811348 1687509 3057 1589 0 1807358 0 846174
1786269844.188336 1811348 1687509 3057 1589 0 1807358 0 846174
1786269845.189153 1811348 1687509 3057 1589 0 1807358 0 846174
1786269846.188564 1811348 1687509 3057 1589 0 1807358 0 846174
1786269847.188417 1811348 1687509 3057 1589 0 1807358 0 846174
1786269848.188456 1811348 1687509 3057 1589 0 1807358 0 846174
1786269849.188675 1811348 1687509 3057 1589 0 1807358 0 846174
1786269850.188416 1811348 1687509 3057 1589 0 1807358 0 846174
1786269851.188519 1811348 1687509 3057 1589 0 1807358 0 846174
1786269852.188203 1811348 1687509 3057 1589 0 1807358 0 846174
1786269853.188333 1811348 1687509 3057 1589 0 1807358 0 846174
1786269854.188338 1811348 1687509 3057 1589 0 1807358 0 846174
1786269855.188458 1811348 1687509 3057 1589 0 1807358 0 846174
1786269856.188559 1811348 1687509 3057 1589 0 1807358 0 846174
1786269857.188615 1811348 1687509 3057 1589 0 1807358 0 846174
1786269858.188405 1811348 1687509 3057 1589 0 1807358 0 846174
1786269859.188373 1811348 1687509 3057 1589 0 1807358 0 846174
1786269860.188344 1811348 1687509 3057 1589 0 1807358 0 846174
1786269861.188347 1811348 1687509 3057 1589 0 1807358 0 846174
1786269862.188329 1811348 1687509 3057 1589 0 1807358 0 846174
1786269863.188490 1811348 1687509 3057 1589 0 1807358 0 846174
1786269864.188467 1811348 1687509 3057 1589 0 1807358 0 846174
1786269865.188548 1811348 1687509 3057 1589 0 1807358 0 846174
1786269866.188565 1811348 1687509 3057 1589 0 1807358 0 846174
1786269867.188542 1811348 1687509 3057 1589 0 1807358 0 846174
1786269868.188528 1811348 1687509 3057 1589 0 1807358 0 846174
1786269869.188519 1811348 1687509 3057 1589 0 1807358 0 846174
1786269870.188482 1811348 1687509 3057 1589 0 1807358 0 846174
1786269871.188249 1811348 1687509 3057 1589 0 1807358 0 846174
1786269872.188498 1811348 1687509 3057 1589 0 1807358 0 846174
1786269873.188608 1811348 1687509 3057 1589 0 1807358 0 846174
1786269874.188398 1811348 1687509 3057 1589 0 1807358 0 846174
1786269875.188371 1811348 1687509 3057 1589 0 1807358 0 846174
1786269876.188426 1811348 1687509 3057 1589 0 1807358 0 846174
1786269877.188428 1811348 1687509 3057 1589 0 1807358 0 846174
1786269878.188432 1811348 1687509 3057 1589 0 1807358 0 846174
1786269879.188394 1811348 1687509 3057 1589 0 1807358 0 846174
1786269880.188519 1811348 1687509 3057 1589 0 1807358 0 846174
1786269881.188825 1811348 1687509 3057 1589 0 1807358 0 846174
1786269882.188649 1811348 1687509 3057 1589 0 1807358 0 846174
1786269883.188617 1811348 1687509 3057 1589 0 1807358 0 846174
1786269884.188561 1811348 1687509 3057 1589 0 1807358 0 846174
