# start_epoch=1786853897.352382  page_size=4096  cachestat=ok  fields=size,resident,shared,text,lib,data,dt,pagecache
1786853898.353682 442950 27754 3042 2109 0 438348 0 19056
1786853899.354154 452813 30033 3257 2109 0 448204 0 31326
1786853900.354647 453581 34913 3257 2109 0 448972 0 43597
1786853901.355373 453581 30544 3257 2109 0 448972 0 55868
1786853902.357856 454228 34642 3344 2109 0 449612 0 86179
1786853903.358531 454228 33245 3344 2109 0 449612 0 98450
1786853904.359068 454228 36979 3345 2109 0 449612 0 108130
1786853905.359353 454228 33899 3345 2109 0 449612 0 112905
1786853906.358805 454228 33387 3345 2109 0 449612 0 104080
1786853907.360664 454996 34222 3345 2109 0 450380 0 134374
1786853908.362875 454996 24854 3345 2109 0 450380 0 146644
1786853909.372443 454996 36844 3345 2109 0 450380 0 173627
1786853910.364173 454996 36206 3345 2109 0 450380 0 158915
1786853911.360851 454996 34744 3345 2109 0 450380 0 150881
1786853912.363360 454996 36280 3345 2109 0 450380 0 199195
1786853913.380270 455892 37042 3345 2109 0 451276 0 226178
1786853914.363861 455892 36734 3345 2109 0 451276 0 211462
1786853915.364478 455892 36576 3345 2109 0 451276 0 223733
1786853916.365372 456788 38535 3345 2109 0 452172 0 236004
1786853917.365338 456788 36736 3345 2109 0 452172 0 235396
1786853918.373366 456788 36759 3345 2109 0 452172 0 258712
1786853919.367839 456788 38817 3345 2109 0 452172 0 257758
1786853920.362815 457812 36871 3345 2109 0 453196 0 231819
1786853921.363343 457812 36627 3345 2109 0 453196 0 244088
1786853922.369942 457812 36524 3345 2109 0 453196 0 292403
1786853923.372225 457812 39899 3345 2109 0 453196 0 321690
1786853924.370746 457812 38524 3345 2109 0 453196 0 330120
1786853925.371744 457812 35071 3345 2109 0 453196 0 338296
1786853926.370979 457812 36914 3345 2109 0 453196 0 308599
1786853927.371582 457812 36120 3345 2109 0 453196 0 319365
1786853928.372204 457812 38842 3345 2109 0 453196 0 331637
1786853929.373929 457812 36074 3345 2109 0 453196 0 360433
1786853930.374595 457812 39464 3345 2109 0 453196 0 372702
1786853931.377619 457812 40839 3345 2109 0 453196 0 402501
1786853932.375102 457812 38460 3345 2109 0 453196 0 411699
1786853933.375486 457812 39187 3345 2109 0 453196 0 396899
1786853934.373335 457812 39050 3345 2109 0 453196 0 388074
1786853935.374007 457812 39075 3345 2109 0 453196 0 400345
1786853936.375470 457812 32660 3345 2109 0 453196 0 427289
1786853937.376073 457812 38837 3345 2109 0 453196 0 439560
1786853938.377151 457812 38831 3345 2109 0 453196 0 451830
1786853939.378959 457812 40508 3345 2109 0 453196 0 482122
1786853940.379691 459092 41377 3345 2109 0 454476 0 489292
1786853941.381274 459092 39429 3345 2109 0 454476 0 497210
1786853942.377220 459092 40453 3345 2109 0 454476 0 463958
1786853943.378296 459092 41572 3345 2109 0 454476 0 476228
1786853944.377508 459092 41676 3345 2109 0 454476 0 466540
1786853945.378758 459092 37045 3345 2109 0 454476 0 478812
1786853946.385107 459092 37045 3345 2109 0 454476 0 516723
1786853947.383643 459092 33942 3345 2109 0 454476 0 521842
1786853948.384400 459092 36916 3345 2109 0 454476 0 534112
1786853949.386911 459092 40061 3345 2109 0 454476 0 564167
1786853950.386417 459092 35128 3345 2109 0 454476 0 567224
1786853951.385769 459092 37489 3345 2109 0 454476 0 558655
1786853952.386608 459092 34350 3345 2109 0 454476 0 570926
1786853953.384728 460628 40025 3345 2109 0 456012 0 547989
1786853954.386382 460628 35281 3345 2109 0 456012 0 566492
1786853955.386739 460628 36594 3345 2109 0 456012 0 576226
1786853956.385176 466772 43538 3345 2109 0 462156 0 588496
1786853957.386368 466772 43740 3345 2109 0 462156 0 615273
1786853958.390801 466772 41204 3345 2109 0 462156 0 643537
1786853959.391205 466772 37789 3345 2109 0 462156 0 650688
1786853960.390245 466772 37526 3345 2109 0 462156 0 639817
1786853961.390983 466772 36142 3345 2109 0 462156 0 652088
1786853962.391784 466772 37339 3345 2109 0 462156 0 664357
1786853963.391016 466772 37474 3345 2109 0 462156 0 648739
1786853964.391732 467796 38048 3345 2109 0 463180 0 661010
1786853965.391059 467796 38683 3345 2109 0 463180 0 654066
1786853966.395766 467796 41788 3345 2109 0 463180 0 725742
1786853967.397142 467796 39440 3345 2109 0 463180 0 748565
1786853968.395631 467796 37620 3345 2109 0 463180 0 724227
1786853969.395758 467796 38067 3345 2109 0 463180 0 733541
1786853970.395749 467796 38092 3345 2109 0 463180 0 728439
1786853971.393014 467796 38177 3345 2109 0 463180 0 706785
1786853972.397251 467796 41062 3345 2109 0 463180 0 752981
1786853973.394463 467796 38514 3345 2109 0 463180 0 729208
1786853974.398606 467796 36270 3345 2109 0 463180 0 777525
1786853975.397713 467796 40554 3345 2109 0 463180 0 759061
1786853976.398181 467796 39253 3345 2109 0 463180 0 767530
1786853977.398742 467796 40034 3345 2109 0 463180 0 777036
1786853978.398930 467796 38964 3345 2109 0 463180 0 801190
1786853979.400797 467796 38139 3345 2109 0 463180 0 813460
1786853980.401495 467796 38920 3345 2109 0 463180 0 825730
1786853981.402145 467796 33445 3345 2109 0 463180 0 838001
1786853982.402879 467796 38781 3345 2109 0 463180 0 850270
1786853983.403754 467796 38967 3345 2109 0 463180 0 862542
1786853984.404484 467796 38968 3345 2109 0 463180 0 874813
1786853985.404602 467796 38445 3345 2109 0 463180 0 887081
1786853986.405764 469588 39665 3345 2109 0 464972 0 899350
1786853987.405578 469588 40025 3345 2109 0 464972 0 911621
1786853988.405822 469588 40977 3345 2109 0 464972 0 897978
1786853989.406089 469588 40805 3345 2109 0 464972 0 904959
1786853990.408722 469588 42200 3345 2109 0 464972 0 949151
1786853991.407415 469588 42233 3345 2109 0 464972 0 922135
1786853992.410500 469588 41212 3345 2109 0 464972 0 948004
1786853993.409552 469588 42570 3345 2109 0 464972 0 960445
1786853994.410200 469588 41574 3345 2109 0 464972 0 972288
1786853995.411135 469588 42659 3345 2109 0 464972 0 984559
1786853996.411707 469588 40701 3345 2109 0 464972 0 995549
1786853997.412285 469588 40757 3345 2109 0 464972 0 1007052
1786853998.410097 469588 40596 3345 2109 0 464972 0 995200
1786853999.403026 469588 40403 3345 2109 0 464972 0 1008707
1786854000.401255 469588 40406 3345 2109 0 464972 0 1008708
1786854001.399954 469588 40362 3345 2109 0 464972 0 1008709
1786854002.400409 469588 40618 3345 2109 0 464972 0 1008710
1786854003.408410 469588 39294 3345 2109 0 464972 0 957454
1786854004.416367 469588 42421 3345 2109 0 464972 0 1000416
1786854005.412373 469588 44742 3345 2109 0 464972 0 1007829
1786854006.412429 469588 42165 3345 2109 0 464972 0 1012117
1786854007.413078 469588 43197 3345 2109 0 464972 0 1020851
1786854008.413663 469588 41582 3345 2109 0 464972 0 1028043
1786854009.415537 469588 42536 3345 2109 0 464972 0 1035744
1786854010.412884 469588 41470 3345 2109 0 464972 0 1039459
1786854011.416433 469588 42581 3345 2109 0 464972 0 1073483
1786854012.416909 469588 41734 3345 2109 0 464972 0 1085755
1786854013.417497 469588 41626 3345 2109 0 464972 0 1097768
1786854014.417036 469588 41895 3345 2109 0 464972 0 1110551
1786854015.415750 469588 41887 3345 2109 0 464972 0 1095261
1786854016.406100 469588 40890 3345 2109 0 464972 0 1109905
1786854017.417829 469588 41520 3345 2109 0 464972 0 1109905
1786854018.416441 469588 41603 3345 2109 0 464972 0 1109906
1786854019.407582 469588 41749 3345 2109 0 464972 0 1109907
1786854020.403577 469588 37078 3345 2109 0 464972 0 1122179
1786854021.403700 469588 37078 3345 2109 0 464972 0 1122180
1786854022.422094 469588 41873 3345 2109 0 464972 0 1094255
1786854023.417642 469588 41322 3345 2109 0 464972 0 1101844
1786854024.417834 469588 40984 3345 2109 0 464972 0 1106554
1786854025.418551 469588 42004 3345 2109 0 464972 0 1114007
1786854026.418181 469588 40656 3345 2109 0 464972 0 1121413
1786854027.419296 469588 42407 3345 2109 0 464972 0 1125040
1786854028.419719 469588 40650 3345 2109 0 464972 0 1131954
1786854029.421201 469588 43874 3345 2109 0 464972 0 1157702
1786854030.420056 469588 40078 3345 2109 0 464972 0 1155938
1786854031.420211 469588 46168 3345 2109 0 464972 0 1168608
1786854032.422128 469588 38572 3345 2109 0 464972 0 1173932
1786854033.422812 471636 44114 3345 2109 0 467020 0 1186201
1786854034.423318 471636 39577 3345 2109 0 467020 0 1198470
1786854035.407533 471636 44251 3345 2109 0 467020 0 1210740
1786854036.409298 471636 44251 3345 2109 0 467020 0 1210741
1786854037.409818 471636 44341 3345 2109 0 467020 0 1210742
1786854038.411015 471636 44211 3345 2109 0 467020 0 1210743
1786854039.425418 471636 44243 3345 2109 0 467020 0 1235288
1786854040.408061 471636 36091 3345 2109 0 467020 0 1223014
1786854041.422051 471636 37195 3345 2109 0 467020 0 1172204
1786854042.421240 471636 45737 3345 2109 0 467020 0 1179390
1786854043.422083 471636 36697 3345 2109 0 467020 0 1185857
1786854044.423239 471636 46086 3345 2109 0 467020 0 1192575
1786854045.423291 471636 41969 3345 2109 0 467020 0 1196606
1786854046.422218 471636 48135 3345 2109 0 467020 0 1183002
1786854047.424276 471636 40431 3345 2109 0 467020 0 1211999
1786854048.424681 471636 48387 3345 2109 0 467020 0 1214648
1786854049.423220 471636 47844 3345 2109 0 467020 0 1221649
1786854050.410042 475733 38207 3345 2109 0 471116 0 1229763
1786854051.406544 475733 38336 3345 2109 0 471116 0 1229764
1786854052.408041 475733 38371 3345 2109 0 471116 0 1229765
1786854053.406865 475733 38375 3345 2109 0 471116 0 1229766
1786854054.406758 475733 38306 3345 2109 0 471116 0 1229766
1786854055.406550 475733 38306 3345 2109 0 471116 0 1229767
1786854056.406481 475733 38306 3345 2109 0 471116 0 1229768
1786854057.406611 475733 38306 3345 2109 0 471116 0 1229769
1786854058.407547 475733 37483 3345 2109 0 471116 0 1229770
1786854059.406433 475733 37981 3345 2109 0 471116 0 1229770
1786854060.406515 475733 38026 3345 2109 0 471116 0 1229772
1786854061.405215 475733 37092 3345 2109 0 471116 0 1197522
1786854062.406111 475733 36868 3345 2109 0 471116 0 1197523
1786854063.405118 475733 37030 3345 2109 0 471116 0 1197524
1786854064.405749 475733 36947 3345 2109 0 471116 0 1197525
1786854065.405087 475733 37617 3345 2109 0 471116 0 1197526
1786854066.405325 475733 37622 3345 2109 0 471116 0 1197527
1786854067.405060 475733 37622 3345 2109 0 471116 0 1195545
1786854068.405176 475733 37681 3345 2109 0 471116 0 1197529
1786854069.405090 475733 37831 3345 2109 0 471116 0 1197529
1786854070.405214 475733 37598 3345 2109 0 471116 0 1197530
1786854071.403216 475733 38669 3345 2109 0 471116 0 1155783
1786854072.403941 475733 38356 3345 2109 0 471116 0 1173809
1786854073.406821 475733 38511 3345 2109 0 471116 0 1230003
1786854074.406446 475733 38461 3345 2109 0 471116 0 1230004
1786854075.406434 475733 38461 3345 2109 0 471116 0 1230004
1786854076.405114 475733 38461 3345 2109 0 471116 0 1201100
1786854077.406710 475733 37522 3345 2109 0 471116 0 1230006
1786854078.406574 475733 38482 3345 2109 0 471116 0 1230006
1786854079.406584 478293 38995 3345 2109 0 473676 0 1230007
1786854080.406457 478293 38584 3345 2109 0 473676 0 1230007
1786854081.406230 478293 38606 3345 2109 0 473676 0 1230008
1786854082.389898 478293 38767 3345 2109 0 473676 0 840240
1786854083.404972 478293 39600 3345 2109 0 473676 0 1110926
1786854084.404287 478293 39600 3345 2109 0 473676 0 1135567
1786854085.403866 478293 39600 3345 2109 0 473676 0 1135568
1786854086.403527 478293 39600 3345 2109 0 473676 0 1133524
1786854087.403032 478293 38289 3345 2109 0 473676 0 1124292
1786854088.402733 478293 38289 3345 2109 0 473676 0 1135571
1786854089.402241 478293 38110 3345 2109 0 473676 0 1135571
1786854090.402255 478293 37666 3345 2109 0 473676 0 1135572
1786854091.402258 478293 37647 3345 2109 0 473676 0 1135573
1786854092.402301 478293 37695 3345 2109 0 473676 0 1135574
1786854093.398767 478293 38828 3345 2109 0 473676 0 1052294
1786854094.398336 478293 38814 3345 2109 0 473676 0 1046314
1786854095.397984 478293 38814 3345 2109 0 473676 0 1041044
1786854096.397739 478293 38543 3345 2109 0 473676 0 1031437
1786854097.397663 478293 38543 3345 2109 0 473676 0 1031438
1786854098.397571 478293 38064 3345 2109 0 473676 0 1031439
1786854099.397723 478293 37883 3345 2109 0 473676 0 1031440
1786854100.397565 478293 37883 3345 2109 0 473676 0 1031441
1786854101.397666 478293 37483 3345 2109 0 473676 0 1031442
1786854102.397881 478293 37693 3345 2109 0 473676 0 1031443
1786854103.397333 478293 37517 3345 2109 0 473676 0 1021898
1786854104.397731 478293 37543 3345 2109 0 473676 0 1031445
1786854105.395495 478293 38432 3345 2109 0 473676 0 979875
1786854106.396113 478293 38281 3345 2109 0 473676 0 997902
1786854107.396209 478293 38200 3345 2109 0 473676 0 997903
1786854108.396164 478293 38201 3345 2109 0 473676 0 997904
1786854109.396300 478293 38712 3345 2109 0 473676 0 997905
1786854110.395988 478293 38712 3345 2109 0 473676 0 992422
1786854111.396171 478293 38485 3345 2109 0 473676 0 997907
1786854112.396215 478293 38485 3345 2109 0 473676 0 997908
1786854113.396273 478293 38115 3345 2109 0 473676 0 994585
1786854114.396076 478293 37982 3345 2109 0 473676 0 997910
1786854115.396324 478293 37855 3345 2109 0 473676 0 997911
1786854116.395455 482397 35410 3384 2109 0 477772 0 976419
1786854117.395703 553565 128542 3384 2109 0 548940 0 976419
1786854118.395364 664669 225571 3384 2109 0 660044 0 976419
1786854119.395447 757853 320987 3384 2109 0 753228 0 976419
1786854120.396264 886365 415294 3384 2109 0 881740 0 976419
1786854121.395494 968285 511521 3384 2109 0 963660 0 976419
1786854122.395597 1070685 606564 3384 2109 0 1066060 0 976419
1786854123.395427 1190493 700424 3384 2109 0 1185868 0 976419
1786854124.395471 1321565 796181 3384 2109 0 1316940 0 976419
1786854125.399517 1327709 890246 3384 2109 0 1323084 0 976419
1786854126.395639 1491549 984673 3384 2109 0 1486924 0 976419
1786854127.395696 1498717 1079460 3384 2109 0 1494092 0 976419
1786854128.396149 1502814 1093341 3384 2109 0 1498188 0 976419
1786854129.395453 1502814 1093709 3384 2109 0 1498188 0 976419
1786854130.395632 1502814 1093709 3384 2109 0 1498188 0 976419
1786854131.395454 1502814 1093709 3384 2109 0 1498188 0 976419
1786854132.395399 1502814 1093709 3384 2109 0 1498188 0 976419
1786854133.396686 1502814 1093709 3384 2109 0 1498188 0 976419
1786854134.395640 1502814 1093709 3384 2109 0 1498188 0 976419
1786854135.397408 1502814 1093709 3384 2109 0 1498188 0 976419
1786854136.398678 1506911 1093704 3384 2109 0 1502284 0 976419
1786854137.396320 1506911 1093704 3384 2109 0 1502284 0 976419
1786854138.395510 1506911 1093704 3384 2109 0 1502284 0 976419
1786854139.395536 1506911 1093704 3384 2109 0 1502284 0 976419
1786854140.395494 1506911 1094056 3384 2109 0 1502284 0 976419
1786854141.395640 1506911 1094056 3384 2109 0 1502284 0 976419
1786854142.395565 1506911 1094056 3384 2109 0 1502284 0 976419
1786854143.395480 1506911 1094056 3384 2109 0 1502284 0 976419
1786854144.395604 1511001 1094049 3377 2109 0 1506380 0 976419
1786854145.397742 1511001 1094049 3377 2109 0 1506380 0 976419
1786854146.395962 1511001 1094049 3377 2109 0 1506380 0 976419
1786854147.395458 1511001 1094049 3377 2109 0 1506380 0 976419
1786854148.395494 1511001 1094049 3377 2109 0 1506380 0 976419
1786854149.395665 1511001 1094049 3377 2109 0 1506380 0 976419
1786854150.395601 1511001 1094049 3377 2109 0 1506380 0 976419
1786854151.395562 1511001 1094049 3377 2109 0 1506380 0 976419
1786854152.395707 1511001 1094049 3377 2109 0 1506380 0 976419
1786854153.395635 1511001 1094049 3377 2109 0 1506380 0 976419
1786854154.395515 1511001 1094049 3377 2109 0 1506380 0 976419
1786854155.397558 1511001 1094049 3377 2109 0 1506380 0 976419
1786854156.395464 1511001 1094049 3377 2109 0 1506380 0 976419
1786854157.396077 1511001 1094049 3377 2109 0 1506380 0 976419
1786854158.395736 1511001 1094049 3377 2109 0 1506380 0 976419
1786854159.395670 1511001 1094049 3377 2109 0 1506380 0 976419
1786854160.395551 1511001 1094385 3377 2109 0 1506380 0 976419
1786854161.395510 1511001 1094385 3377 2109 0 1506380 0 976419
1786854162.395536 1511001 1094385 3377 2109 0 1506380 0 976419
1786854163.395520 1511001 1094385 3377 2109 0 1506380 0 976419
1786854164.395437 1511001 1094385 3377 2109 0 1506380 0 976419
1786854165.397249 1511001 1094385 3377 2109 0 1506380 0 976419
1786854166.396031 1511001 1094385 3377 2109 0 1506380 0 976419
1786854167.395844 1511001 1094385 3377 2109 0 1506380 0 976419
1786854168.395535 1511001 1094385 3377 2109 0 1506380 0 976419
1786854169.395662 1511001 1094385 3377 2109 0 1506380 0 976419
1786854170.395496 1511001 1094705 3377 2109 0 1506380 0 976419
1786854171.402137 1511001 1094705 3377 2109 0 1506380 0 976419
1786854172.395879 1511001 1094705 3377 2109 0 1506380 0 976419
1786854173.395933 1511001 1094705 3377 2109 0 1506380 0 976419
1786854174.395608 1511001 1094705 3377 2109 0 1506380 0 976419
1786854175.395802 1511001 1094705 3377 2109 0 1506380 0 976419
1786854176.395616 1511001 1094705 3377 2109 0 1506380 0 976419
1786854177.395640 1511001 1094705 3377 2109 0 1506380 0 976419
1786854178.395798 1511001 1094705 3377 2109 0 1506380 0 976419
1786854179.395586 1511001 1094705 3377 2109 0 1506380 0 976419
1786854180.395552 1511001 1094705 3377 2109 0 1506380 0 976419
1786854181.395791 1511001 1094705 3377 2109 0 1506380 0 976419
1786854182.395545 1511001 1094705 3377 2109 0 1506380 0 976419
1786854183.395438 1511001 1094705 3377 2109 0 1506380 0 976419
1786854184.395532 1511001 1094705 3377 2109 0 1506380 0 976419
1786854185.395516 1511001 1094705 3377 2109 0 1506380 0 976419
1786854186.395555 1511001 1094705 3377 2109 0 1506380 0 976419
1786854187.395492 1511001 1094705 3377 2109 0 1506380 0 976419
1786854188.395518 1511001 1094705 3377 2109 0 1506380 0 976419
1786854189.395359 1511001 1094705 3377 2109 0 1506380 0 976419
1786854190.395682 1511001 1094705 3377 2109 0 1506380 0 976419
1786854191.395580 1511001 1095009 3377 2109 0 1506380 0 976419
1786854192.395515 1511001 1095009 3377 2109 0 1506380 0 976419
1786854193.395735 1511001 1095009 3377 2109 0 1506380 0 976419
1786854194.395464 1511001 1095009 3377 2109 0 1506380 0 976419
1786854195.395887 1511001 1095009 3377 2109 0 1506380 0 976419
1786854196.395434 1511001 1095009 3377 2109 0 1506380 0 976419
1786854197.395567 1511001 1095009 3377 2109 0 1506380 0 976419
1786854198.395638 1511001 1095009 3377 2109 0 1506380 0 976419
1786854199.395854 1511001 1095009 3377 2109 0 1506380 0 976419
1786854200.395572 1511001 1095009 3377 2109 0 1506380 0 976419
1786854201.395550 1511001 1095297 3377 2109 0 1506380 0 976419
1786854202.395512 1511001 1095297 3377 2109 0 1506380 0 976419
1786854203.395356 1511001 1095297 3377 2109 0 1506380 0 976419
1786854204.395949 1511001 1095297 3377 2109 0 1506380 0 976419
1786854205.395619 1511001 1095297 3377 2109 0 1506380 0 976419
1786854206.395777 1511001 1095297 3377 2109 0 1506380 0 976419
1786854207.395576 1511001 1095297 3377 2109 0 1506380 0 976419
1786854208.395537 1511001 1095297 3377 2109 0 1506380 0 976419
1786854209.395543 1511001 1095297 3377 2109 0 1506380 0 976419
1786854210.395524 1511001 1095297 3377 2109 0 1506380 0 976419
1786854211.395453 1511001 1095297 3377 2109 0 1506380 0 976419
1786854212.395416 1511001 1095297 3377 2109 0 1506380 0 976419
1786854213.395698 1511001 1095297 3377 2109 0 1506380 0 976419
1786854214.395533 1511001 1095297 3377 2109 0 1506380 0 976419
1786854215.395585 1511001 1095297 3377 2109 0 1506380 0 976419
1786854216.398070 1511001 1095297 3377 2109 0 1506380 0 976419
1786854217.395525 1511001 1095297 3377 2109 0 1506380 0 976419
1786854218.395490 1511001 1095297 3377 2109 0 1506380 0 976419
1786854219.395526 1511001 1095297 3377 2109 0 1506380 0 976419
1786854220.395448 1511001 1095297 3377 2109 0 1506380 0 976419
1786854221.395605 1511001 1095569 3377 2109 0 1506380 0 976419
1786854222.395473 1511001 1095569 3377 2109 0 1506380 0 976419
1786854223.395717 1511001 1095569 3377 2109 0 1506380 0 976419
1786854224.395519 1511001 1095569 3377 2109 0 1506380 0 976419
1786854225.395504 1511001 1095569 3377 2109 0 1506380 0 976419
1786854226.395392 1511001 1095569 3377 2109 0 1506380 0 976419
1786854227.395295 1511001 1095569 3377 2109 0 1506380 0 976419
1786854228.395355 1511001 1095569 3377 2109 0 1506380 0 976419
1786854229.395559 1511001 1095569 3377 2109 0 1506380 0 976419
1786854230.395509 1511001 1095569 3377 2109 0 1506380 0 976419
1786854231.395737 1511001 1095569 3377 2109 0 1506380 0 976419
1786854232.395463 1511001 1095825 3377 2109 0 1506380 0 976419
1786854233.395457 1511001 1095825 3377 2109 0 1506380 0 976419
1786854234.395318 1511001 1095825 3377 2109 0 1506380 0 976419
1786854235.395265 1511001 1095825 3377 2109 0 1506380 0 976419
1786854236.395311 1511001 1095825 3377 2109 0 1506380 0 976419
1786854237.395443 1511001 1095825 3377 2109 0 1506380 0 976419
1786854238.395915 1511001 1095825 3377 2109 0 1506380 0 976419
1786854239.395813 1511001 1095825 3377 2109 0 1506380 0 976419
1786854240.395637 1511001 1095825 3377 2109 0 1506380 0 976419
1786854241.395632 1511001 1095825 3377 2109 0 1506380 0 976419
1786854242.395607 1511001 1095825 3377 2109 0 1506380 0 976419
1786854243.395673 1511001 1095825 3377 2109 0 1506380 0 976419
1786854244.395550 1511001 1095825 3377 2109 0 1506380 0 976419
1786854245.395791 1511001 1095825 3377 2109 0 1506380 0 976419
1786854246.396484 1511001 1095825 3377 2109 0 1506380 0 976419
1786854247.395740 1511001 1095825 3377 2109 0 1506380 0 976419
1786854248.395774 1511001 1095825 3377 2109 0 1506380 0 976419
1786854249.395662 1511001 1095825 3377 2109 0 1506380 0 976419
1786854250.395625 1511001 1095825 3377 2109 0 1506380 0 976419
1786854251.395610 1511001 1095825 3377 2109 0 1506380 0 976419
1786854252.395686 1511001 1096065 3377 2109 0 1506380 0 976419
1786854253.395924 1511001 1096065 3377 2109 0 1506380 0 976419
1786854254.395744 1511001 1096065 3377 2109 0 1506380 0 976419
1786854255.395800 1511001 1096065 3377 2109 0 1506380 0 976419
1786854256.395693 1511001 1096065 3377 2109 0 1506380 0 976419
1786854257.395497 1511001 1096065 3377 2109 0 1506380 0 976419
1786854258.395626 1511001 1096065 3377 2109 0 1506380 0 976419
1786854259.395637 1511001 1096065 3377 2109 0 1506380 0 976419
1786854260.395539 1511001 1096065 3377 2109 0 1506380 0 976419
1786854261.395700 1511001 1096065 3377 2109 0 1506380 0 976419
1786854262.396406 1511001 1096289 3377 2109 0 1506380 0 976419
1786854263.395789 1511001 1096289 3377 2109 0 1506380 0 976419
1786854264.396005 1511001 1096289 3377 2109 0 1506380 0 976419
1786854265.395680 1511001 1096289 3377 2109 0 1506380 0 976419
1786854266.395744 1511001 1096289 3377 2109 0 1506380 0 976419
1786854267.395575 1511001 1096289 3377 2109 0 1506380 0 976419
1786854268.395565 1511001 1096289 3377 2109 0 1506380 0 976419
1786854269.395733 1511001 1096289 3377 2109 0 1506380 0 976419
1786854270.395682 1511001 1096289 3377 2109 0 1506380 0 976419
1786854271.395710 1511001 1096289 3377 2109 0 1506380 0 976419
1786854272.395656 1511001 1096289 3377 2109 0 1506380 0 976419
1786854273.395679 1511001 1096289 3377 2109 0 1506380 0 976419
1786854274.395593 1511001 1096289 3377 2109 0 1506380 0 976419
1786854275.396276 1511001 1096289 3377 2109 0 1506380 0 976419
1786854276.395564 1511001 1096289 3377 2109 0 1506380 0 976419
1786854277.395761 1511001 1096289 3377 2109 0 1506380 0 976419
1786854278.395772 1511001 1096289 3377 2109 0 1506380 0 976419
1786854279.395697 1511001 1096289 3377 2109 0 1506380 0 976419
1786854280.395635 1511001 1096289 3377 2109 0 1506380 0 976419
1786854281.395623 1511001 1096289 3377 2109 0 1506380 0 976419
1786854282.395666 1511001 1096289 3377 2109 0 1506380 0 976419
1786854283.395612 1511001 1096497 3377 2109 0 1506380 0 976419
1786854284.395578 1511001 1096497 3377 2109 0 1506380 0 976419
1786854285.395747 1511001 1096497 3377 2109 0 1506380 0 976419
1786854286.395597 1511001 1096497 3377 2109 0 1506380 0 976419
1786854287.395566 1511001 1096497 3377 2109 0 1506380 0 976419
1786854288.395873 1511001 1096497 3377 2109 0 1506380 0 976419
1786854289.395521 1511001 1096497 3377 2109 0 1506380 0 976419
1786854290.395420 1511001 1096497 3377 2109 0 1506380 0 976419
1786854291.395462 1511001 1096497 3377 2109 0 1506380 0 976419
1786854292.395368 1511001 1096497 3377 2109 0 1506380 0 976419
1786854293.395620 1511001 1096689 3377 2109 0 1506380 0 976419
1786854294.395464 1511001 1096689 3377 2109 0 1506380 0 976419
1786854295.395542 1511001 1096689 3377 2109 0 1506380 0 976419
1786854296.395580 1511001 1096689 3377 2109 0 1506380 0 976419
1786854297.395525 1511001 1096689 3377 2109 0 1506380 0 976419
1786854298.395476 1511001 1096689 3377 2109 0 1506380 0 976419
1786854299.395370 1511001 1096689 3377 2109 0 1506380 0 976419
1786854300.395463 1511001 1096689 3377 2109 0 1506380 0 976419
1786854301.395603 1511001 1096689 3377 2109 0 1506380 0 976419
1786854302.395353 1511001 1096689 3377 2109 0 1506380 0 976419
1786854303.395576 1511001 1096689 3377 2109 0 1506380 0 976419
1786854304.395466 1511001 1096689 3377 2109 0 1506380 0 976419
1786854305.395248 1511001 1096689 3377 2109 0 1506380 0 976419
1786854306.395603 1511001 1096689 3377 2109 0 1506380 0 976419
1786854307.395509 1511001 1096689 3377 2109 0 1506380 0 976419
1786854308.395503 1511001 1096689 3377 2109 0 1506380 0 976419
1786854309.395723 1511001 1096689 3377 2109 0 1506380 0 976419
1786854310.395481 1511001 1096689 3377 2109 0 1506380 0 976419
1786854311.395537 1511001 1096689 3377 2109 0 1506380 0 976419
1786854312.395326 1511001 1096689 3377 2109 0 1506380 0 976419
1786854313.395937 1511001 1096689 3377 2109 0 1506380 0 976419
1786854314.395498 1511001 1096865 3377 2109 0 1506380 0 976419
1786854315.395412 1511001 1096865 3377 2109 0 1506380 0 976419
1786854316.395309 1511001 1096865 3377 2109 0 1506380 0 976419
1786854317.395519 1511001 1096865 3377 2109 0 1506380 0 976419
1786854318.395601 1511001 1096865 3377 2109 0 1506380 0 976419
1786854319.395273 1511001 1096865 3377 2109 0 1506380 0 976419
1786854320.395268 1511001 1096865 3377 2109 0 1506380 0 976419
1786854321.395296 1511001 1096865 3377 2109 0 1506380 0 976419
1786854322.395427 1511001 1096865 3377 2109 0 1506380 0 976419
1786854323.395446 1511001 1096865 3377 2109 0 1506380 0 976419
1786854324.395370 1511001 1097025 3377 2109 0 1506380 0 976419
1786854325.395369 1511001 1097025 3377 2109 0 1506380 0 976419
1786854326.395368 1511001 1097025 3377 2109 0 1506380 0 976419
1786854327.395358 1511001 1097025 3377 2109 0 1506380 0 976419
1786854328.395482 1511001 1097025 3377 2109 0 1506380 0 976419
1786854329.395266 1511001 1097025 3377 2109 0 1506380 0 976419
1786854330.395418 1511001 1097025 3377 2109 0 1506380 0 976419
1786854331.395437 1511001 1097025 3377 2109 0 1506380 0 976419
1786854332.395402 1511001 1097025 3377 2109 0 1506380 0 976419
1786854333.395659 1511001 1097025 3377 2109 0 1506380 0 976419
1786854334.395611 1511001 1097025 3377 2109 0 1506380 0 976419
1786854335.395536 1511001 1097025 3377 2109 0 1506380 0 976419
1786854336.395509 1511001 1097025 3377 2109 0 1506380 0 976419
1786854337.400406 1511001 1097025 3377 2109 0 1506380 0 976419
1786854338.395676 1511001 1097025 3377 2109 0 1506380 0 976419
1786854339.395382 1511001 1097025 3377 2109 0 1506380 0 976419
1786854340.395496 1511001 1097025 3377 2109 0 1506380 0 976419
1786854341.395604 1511001 1097025 3377 2109 0 1506380 0 976419
1786854342.395592 1511001 1097025 3377 2109 0 1506380 0 976419
1786854343.395549 1511001 1097025 3377 2109 0 1506380 0 976419
1786854344.395530 1511001 1097169 3377 2109 0 1506380 0 976419
1786854345.395500 1511001 1097169 3377 2109 0 1506380 0 976419
1786854346.395449 1511001 1097169 3377 2109 0 1506380 0 976419
1786854347.395420 1511001 1097169 3377 2109 0 1506380 0 976419
1786854348.395482 1511001 1097169 3377 2109 0 1506380 0 976419
1786854349.395614 1511001 1097169 3377 2109 0 1506380 0 976419
1786854350.395560 1511001 1097169 3377 2109 0 1506380 0 976419
1786854351.395721 1511001 1097169 3377 2109 0 1506380 0 976419
1786854352.395910 1511001 1097169 3377 2109 0 1506380 0 976419
1786854353.395730 1511001 1097169 3377 2109 0 1506380 0 976419
1786854354.395445 1511001 1097169 3377 2109 0 1506380 0 976419
1786854355.396313 1511001 1097297 3377 2109 0 1506380 0 976419
1786854356.395417 1511001 1097297 3377 2109 0 1506380 0 976419
1786854357.395842 1511001 1097297 3377 2109 0 1506380 0 976419
1786854358.395744 1511001 1097297 3377 2109 0 1506380 0 976419
1786854359.395589 1511001 1097297 3377 2109 0 1506380 0 976419
1786854360.395632 1511001 1097297 3377 2109 0 1506380 0 976419
1786854361.395728 1511001 1097297 3377 2109 0 1506380 0 976419
1786854362.395583 1511001 1097297 3377 2109 0 1506380 0 976419
1786854363.395602 1511001 1097297 3377 2109 0 1506380 0 976419
1786854364.395432 1511001 1097297 3377 2109 0 1506380 0 976419
1786854365.395812 1511001 1097297 3377 2109 0 1506380 0 976419
1786854366.395689 1511001 1097297 3377 2109 0 1506380 0 976419
1786854367.395628 1511001 1097297 3377 2109 0 1506380 0 976419
1786854368.395913 1511001 1097297 3377 2109 0 1506380 0 976419
1786854369.395542 1511001 1097297 3377 2109 0 1506380 0 976419
1786854370.396157 1511001 1097297 3377 2109 0 1506380 0 976419
1786854371.395498 1511001 1097297 3377 2109 0 1506380 0 976419
1786854372.395503 1511001 1097297 3377 2109 0 1506380 0 976419
1786854373.395797 1511001 1097297 3377 2109 0 1506380 0 976419
1786854374.395668 1511001 1097297 3377 2109 0 1506380 0 976419
1786854375.395750 1511001 1097412 3377 2109 0 1506380 0 976419
1786854376.395567 1511001 1097412 3377 2109 0 1506380 0 976419
1786854377.395703 1511001 1097412 3377 2109 0 1506380 0 976419
1786854378.395658 1511001 1097412 3377 2109 0 1506380 0 976419
1786854379.395529 1511001 1097412 3377 2109 0 1506380 0 976419
1786854380.395360 1511001 1097412 3377 2109 0 1506380 0 976419
1786854381.396379 1511001 1097412 3377 2109 0 1506380 0 976419
1786854382.395649 1511001 1097412 3377 2109 0 1506380 0 976419
1786854383.395530 1511001 1097412 3377 2109 0 1506380 0 976419
1786854384.396084 1511001 1097412 3377 2109 0 1506380 0 976419
1786854385.396281 1511001 1097531 3377 2109 0 1506380 0 976419
1786854386.395536 1511001 1097531 3377 2109 0 1506380 0 976419
1786854387.395443 1511001 1097531 3377 2109 0 1506380 0 976419
1786854388.395502 1511001 1097531 3377 2109 0 1506380 0 976419
1786854389.395646 1511001 1097531 3377 2109 0 1506380 0 976419
1786854390.396273 1511001 1097531 3377 2109 0 1506380 0 976419
1786854391.395630 1511001 1097531 3377 2109 0 1506380 0 976419
1786854392.395706 1511001 1097531 3377 2109 0 1506380 0 976419
1786854393.396325 1511001 1097531 3377 2109 0 1506380 0 976419
1786854394.395562 1511001 1097531 3377 2109 0 1506380 0 976419
1786854395.395675 1511001 1097531 3377 2109 0 1506380 0 976419
1786854396.395450 1511001 1097531 3377 2109 0 1506380 0 976419
1786854397.395836 1511001 1097531 3377 2109 0 1506380 0 976419
1786854398.395596 1511001 1097531 3377 2109 0 1506380 0 976419
1786854399.395584 1511001 1097531 3377 2109 0 1506380 0 976419
1786854400.395772 1511001 1097531 3377 2109 0 1506380 0 976419
1786854401.395525 1511001 1097531 3377 2109 0 1506380 0 976419
1786854402.395470 1511001 1097531 3377 2109 0 1506380 0 976419
1786854403.395578 1511001 1097531 3377 2109 0 1506380 0 976419
1786854404.395803 1511001 1097531 3377 2109 0 1506380 0 976419
1786854405.395724 1511001 1097531 3377 2109 0 1506380 0 976419
1786854406.395547 1511001 1097647 3377 2109 0 1506380 0 976419
