# start_epoch=1786854407.248706  page_size=4096  cachestat=ok  fields=size,resident,shared,text,lib,data,dt,pagecache
1786854408.253905 459725 40513 3257 2109 0 455116 0 82596
1786854409.256971 468308 44325 3297 2109 0 463692 0 135337
1786854410.257329 468308 44495 3297 2109 0 463692 0 141337
1786854411.261323 469204 43356 3297 2109 0 464588 0 147494
1786854412.260580 469204 42933 3345 2109 0 464588 0 194083
1786854413.260790 469204 46901 3345 2109 0 464588 0 199866
1786854414.262820 469204 41763 3345 2109 0 464588 0 233007
1786854415.264091 469204 47344 3345 2109 0 464588 0 253876
1786854416.266180 469204 44902 3345 2109 0 464588 0 259429
1786854417.265626 470228 49927 3345 2109 0 465612 0 280293
1786854418.267582 470228 42233 3345 2109 0 465612 0 313265
1786854419.270732 470228 50618 3345 2109 0 465612 0 319346
1786854420.269204 470228 44174 3345 2109 0 465612 0 340001
1786854421.271133 471508 48937 3345 2109 0 466892 0 372926
1786854422.272328 471508 45108 3345 2109 0 466892 0 393582
1786854423.272789 471508 50111 3345 2109 0 466892 0 399917
1786854424.276952 471508 45199 3345 2109 0 466892 0 420315
1786854425.280047 471508 51895 3345 2109 0 466892 0 440459
1786854426.276421 471508 47421 3345 2109 0 466892 0 460859
1786854427.277593 471508 51675 3345 2109 0 466892 0 485719
1786854428.278868 473044 52245 3345 2109 0 468428 0 506950
1786854429.281868 473044 44029 3345 2109 0 468428 0 544694
1786854430.281889 473940 52874 3345 2109 0 469324 0 563011
1786854431.283614 473940 51458 3345 2109 0 469324 0 579129
1786854432.286520 473940 48825 3345 2109 0 469324 0 628301
1786854433.287364 473940 47591 3345 2109 0 469324 0 640710
1786854434.288355 473940 43748 3345 2109 0 469324 0 658678
1786854435.288783 475732 49747 3345 2109 0 471116 0 664248
1786854436.289021 475732 43319 3345 2109 0 471116 0 675046
1786854437.289556 475732 52107 3345 2109 0 471116 0 676601
1786854438.292429 475732 49914 3345 2109 0 471116 0 725262
1786854439.292725 475732 46305 3345 2109 0 471116 0 731344
1786854440.294051 475732 49679 3345 2109 0 471116 0 755640
1786854441.299751 475732 47139 3345 2109 0 471116 0 762489
1786854442.284370 475732 54842 3345 2109 0 471116 0 805067
1786854443.298308 475732 41321 3345 2109 0 471116 0 824623
1786854444.286071 477780 35023 3345 2109 0 473164 0 840987
1786854445.301561 477780 53888 3345 2109 0 473164 0 887781
1786854446.304213 477780 49526 3345 2109 0 473164 0 924290
1786854447.304237 477780 39348 3345 2109 0 473164 0 924799
1786854448.293282 481877 34261 3345 2109 0 477260 0 926239
1786854449.289371 481877 34686 3345 2109 0 477260 0 919652
1786854450.289603 481877 34686 3345 2109 0 477260 0 919653
1786854451.289583 481877 34264 3345 2109 0 477260 0 919653
1786854452.287400 481877 35310 3345 2109 0 477260 0 864394
1786854453.287281 484437 35822 3345 2109 0 479820 0 864040
1786854454.287151 484437 35822 3345 2109 0 479820 0 864396
1786854455.287132 484437 35273 3345 2109 0 479820 0 864396
1786854456.287022 484437 35785 3345 2109 0 479820 0 864396
1786854457.287273 484437 36064 3345 2109 0 479820 0 864397
1786854458.287178 484437 36064 3345 2109 0 479820 0 864398
1786854459.287293 484437 36064 3345 2109 0 479820 0 864398
1786854460.287194 484437 36064 3345 2109 0 479820 0 864399
1786854461.287281 484437 36196 3345 2109 0 479820 0 864387
1786854462.287033 484437 36196 3345 2109 0 479820 0 864387
1786854463.287110 484437 36196 3345 2109 0 479820 0 864387
1786854464.286943 484437 36343 3345 2109 0 479820 0 864388
1786854465.287286 484437 36343 3345 2109 0 479820 0 864389
1786854466.287077 484437 35938 3345 2109 0 479820 0 864389
1786854467.287278 484437 36753 3345 2109 0 479820 0 864390
1786854468.287079 484437 36753 3345 2109 0 479820 0 864391
1786854469.287104 484437 36753 3345 2109 0 479820 0 864391
1786854470.287104 484437 36752 3345 2109 0 479820 0 864392
1786854471.287165 484437 36379 3345 2109 0 479820 0 864380
1786854472.287212 484437 36370 3345 2109 0 479820 0 864381
1786854473.287113 484437 36882 3345 2109 0 479820 0 864381
1786854474.287194 484437 36476 3345 2109 0 479820 0 864382
1786854475.287102 484437 36397 3345 2109 0 479820 0 864383
1786854476.286938 484437 36409 3345 2109 0 479820 0 864383
1786854477.286985 484437 36409 3345 2109 0 479820 0 864384
1786854478.286982 484437 36102 3345 2109 0 479820 0 864384
1786854479.286919 484437 36091 3345 2109 0 479820 0 864385
1786854480.286782 484437 36877 3345 2109 0 479820 0 864377
1786854481.286981 484437 36877 3345 2109 0 479820 0 864378
1786854482.287049 484437 36877 3345 2109 0 479820 0 864379
1786854483.286934 484437 36877 3345 2109 0 479820 0 864379
1786854484.286906 484437 36472 3345 2109 0 479820 0 864380
1786854485.287023 484437 36472 3345 2109 0 479820 0 864380
1786854486.287690 484437 36020 3345 2109 0 479820 0 864381
1786854487.286849 484437 36021 3345 2109 0 479820 0 864382
1786854488.286241 521821 93993 3384 2109 0 517196 0 846347
1786854489.286219 599645 181340 3384 2109 0 595020 0 846347
1786854490.286303 704605 268548 3384 2109 0 699980 0 846347
1786854491.286120 814173 355122 3384 2109 0 809548 0 846347
1786854492.286108 885341 442600 3384 2109 0 880716 0 846347
1786854493.286084 971357 529428 3384 2109 0 966732 0 846347
1786854494.286188 1069661 615109 3384 2109 0 1065036 0 846347
1786854495.286098 1189469 701160 3384 2109 0 1184844 0 846347
1786854496.286002 1189469 788117 3384 2109 0 1184844 0 846347
1786854497.286161 1326685 874451 3384 2109 0 1322060 0 846347
1786854498.286142 1490525 960649 3384 2109 0 1485900 0 846347
1786854499.286080 1490525 1047227 3384 2109 0 1485900 0 846347
1786854500.286182 1696861 1133687 3384 2109 0 1692236 0 846347
1786854501.286122 1696861 1220025 3384 2109 0 1692236 0 846347
1786854502.286102 1696861 1305713 3384 2109 0 1692236 0 846347
1786854503.286056 1934429 1391787 3384 2109 0 1929804 0 846347
1786854504.286034 1934429 1477291 3384 2109 0 1929804 0 846347
1786854505.286259 1934429 1549847 3384 2109 0 1929804 0 846347
1786854506.286144 2206813 1622652 3536 2109 0 2202188 0 846347
1786854507.286264 2206813 1695258 3536 2109 0 2202188 0 846347
1786854508.289378 2210910 1705269 3536 2109 0 2206284 0 846347
1786854509.285989 2210910 1705269 3536 2109 0 2206284 0 846347
1786854510.285873 2210910 1705269 3536 2109 0 2206284 0 846347
1786854511.285866 2210910 1705269 3536 2109 0 2206284 0 846347
1786854512.285826 2210910 1705269 3536 2109 0 2206284 0 846347
1786854513.285965 2210910 1705269 3536 2109 0 2206284 0 846347
1786854514.285993 2210910 1705269 3536 2109 0 2206284 0 846347
1786854515.286016 2210910 1705269 3536 2109 0 2206284 0 846347
1786854516.285950 2210910 1705269 3536 2109 0 2206284 0 846347
1786854517.285980 2210910 1705269 3536 2109 0 2206284 0 846347
1786854518.286232 2210910 1705269 3536 2109 0 2206284 0 846347
1786854519.285830 2210910 1705269 3536 2109 0 2206284 0 846347
1786854520.285894 2210910 1705269 3536 2109 0 2206284 0 846347
1786854521.285954 2215007 1705274 3536 2109 0 2210380 0 846347
1786854522.286001 2215007 1705274 3536 2109 0 2210380 0 846347
1786854523.285915 2215007 1705274 3536 2109 0 2210380 0 846347
1786854524.285896 2215007 1705274 3536 2109 0 2210380 0 846347
1786854525.285866 2215007 1705274 3536 2109 0 2210380 0 846347
1786854526.285911 2215007 1705274 3536 2109 0 2210380 0 846347
1786854527.285832 2215007 1705274 3536 2109 0 2210380 0 846347
1786854528.285820 2215007 1705274 3536 2109 0 2210380 0 846347
1786854529.285993 2215007 1705281 3536 2109 0 2210380 0 846347
1786854530.286179 2215007 1705281 3536 2109 0 2210380 0 846347
1786854531.285975 2215007 1705281 3536 2109 0 2210380 0 846347
1786854532.285953 2215007 1705281 3536 2109 0 2210380 0 846347
1786854533.286095 2215007 1705281 3536 2109 0 2210380 0 846347
1786854534.288664 2219097 1705269 3529 2109 0 2214476 0 846347
1786854535.285894 2219097 1705269 3529 2109 0 2214476 0 846347
1786854536.285841 2219097 1705269 3529 2109 0 2214476 0 846347
1786854537.286140 2219097 1705269 3529 2109 0 2214476 0 846347
1786854538.285978 2219097 1705269 3529 2109 0 2214476 0 846347
1786854539.285935 2219097 1705831 3529 2109 0 2214476 0 846347
1786854540.285922 2219097 1705831 3529 2109 0 2214476 0 846347
1786854541.285967 2219097 1705831 3529 2109 0 2214476 0 846347
1786854542.285952 2219097 1705831 3529 2109 0 2214476 0 846347
1786854543.285908 2219097 1705831 3529 2109 0 2214476 0 846347
1786854544.285890 2219097 1705831 3529 2109 0 2214476 0 846347
1786854545.286022 2219097 1705831 3529 2109 0 2214476 0 846347
1786854546.286044 2219097 1705831 3529 2109 0 2214476 0 846347
1786854547.286028 2219097 1705831 3529 2109 0 2214476 0 846347
1786854548.285992 2219097 1705831 3529 2109 0 2214476 0 846347
1786854549.286032 2219097 1705831 3529 2109 0 2214476 0 846347
1786854550.285971 2219097 1705831 3529 2109 0 2214476 0 846347
1786854551.285878 2219097 1705831 3529 2109 0 2214476 0 846347
1786854552.285950 2219097 1705831 3529 2109 0 2214476 0 846347
1786854553.286005 2219097 1705831 3529 2109 0 2214476 0 846347
1786854554.286060 2219097 1705831 3529 2109 0 2214476 0 846347
1786854555.286035 2219097 1705831 3529 2109 0 2214476 0 846347
1786854556.285989 2219097 1705831 3529 2109 0 2214476 0 846347
1786854557.286042 2219097 1705831 3529 2109 0 2214476 0 846347
1786854558.285952 2219097 1705831 3529 2109 0 2214476 0 846347
1786854559.285878 2219097 1706327 3529 2109 0 2214476 0 846347
1786854560.285833 2219097 1706327 3529 2109 0 2214476 0 846347
1786854561.285992 2219097 1706327 3529 2109 0 2214476 0 846347
1786854562.285842 2219097 1706327 3529 2109 0 2214476 0 846347
1786854563.285970 2219097 1706327 3529 2109 0 2214476 0 846347
1786854564.285969 2219097 1706327 3529 2109 0 2214476 0 846347
1786854565.285911 2219097 1706327 3529 2109 0 2214476 0 846347
1786854566.285913 2219097 1706327 3529 2109 0 2214476 0 846347
1786854567.285912 2219097 1706327 3529 2109 0 2214476 0 846347
1786854568.285860 2219097 1706327 3529 2109 0 2214476 0 846347
1786854569.286133 2219097 1706327 3529 2109 0 2214476 0 846347
1786854570.286023 2219097 1706327 3529 2109 0 2214476 0 846347
1786854571.285968 2219097 1706327 3529 2109 0 2214476 0 846347
1786854572.285966 2219097 1706327 3529 2109 0 2214476 0 846347
1786854573.285946 2219097 1706327 3529 2109 0 2214476 0 846347
1786854574.285886 2219097 1706327 3529 2109 0 2214476 0 846347
1786854575.285928 2219097 1706327 3529 2109 0 2214476 0 846347
1786854576.285868 2219097 1706327 3529 2109 0 2214476 0 846347
1786854577.286029 2219097 1706327 3529 2109 0 2214476 0 846347
1786854578.285982 2219097 1706327 3529 2109 0 2214476 0 846347
1786854579.286095 2219097 1706327 3529 2109 0 2214476 0 846347
1786854580.285953 2219097 1707239 3529 2109 0 2214476 0 846347
1786854581.285908 2219097 1707239 3529 2109 0 2214476 0 846347
1786854582.285978 2219097 1707239 3529 2109 0 2214476 0 846347
1786854583.285915 2219097 1707239 3529 2109 0 2214476 0 846347
1786854584.285849 2219097 1707239 3529 2109 0 2214476 0 846347
1786854585.286008 2219097 1707239 3529 2109 0 2214476 0 846347
1786854586.285982 2219097 1707239 3529 2109 0 2214476 0 846347
1786854587.285993 2219097 1707239 3529 2109 0 2214476 0 846347
1786854588.286046 2219097 1707239 3529 2109 0 2214476 0 846347
1786854589.285946 2219097 1707239 3529 2109 0 2214476 0 846347
1786854590.285895 2219097 1708151 3529 2109 0 2214476 0 846347
1786854591.285872 2219097 1708151 3529 2109 0 2214476 0 846347
1786854592.288329 2219097 1708151 3529 2109 0 2214476 0 846347
1786854593.286025 2219097 1708151 3529 2109 0 2214476 0 846347
1786854594.285987 2219097 1708151 3529 2109 0 2214476 0 846347
1786854595.286079 2219097 1708151 3529 2109 0 2214476 0 846347
1786854596.285944 2219097 1708151 3529 2109 0 2214476 0 846347
1786854597.285944 2219097 1708151 3529 2109 0 2214476 0 846347
1786854598.285889 2219097 1708151 3529 2109 0 2214476 0 846347
1786854599.285880 2219097 1708151 3529 2109 0 2214476 0 846347
1786854600.285940 2219097 1708151 3529 2109 0 2214476 0 846347
1786854601.286216 2219097 1708151 3529 2109 0 2214476 0 846347
1786854602.286327 2219097 1708151 3529 2109 0 2214476 0 846347
1786854603.286042 2219097 1708151 3529 2109 0 2214476 0 846347
1786854604.285953 2219097 1708151 3529 2109 0 2214476 0 846347
1786854605.285960 2219097 1708151 3529 2109 0 2214476 0 846347
1786854606.285931 2219097 1708151 3529 2109 0 2214476 0 846347
1786854607.285892 2219097 1708151 3529 2109 0 2214476 0 846347
1786854608.285889 2219097 1708151 3529 2109 0 2214476 0 846347
1786854609.286015 2219097 1708151 3529 2109 0 2214476 0 846347
1786854610.286009 2219097 1708151 3529 2109 0 2214476 0 846347
1786854611.285955 2219097 1709057 3529 2109 0 2214476 0 846347
1786854612.286006 2219097 1709057 3529 2109 0 2214476 0 846347
1786854613.286082 2219097 1709057 3529 2109 0 2214476 0 846347
1786854614.285921 2219097 1709057 3529 2109 0 2214476 0 846347
1786854615.285923 2219097 1709057 3529 2109 0 2214476 0 846347
1786854616.285854 2219097 1709057 3529 2109 0 2214476 0 846347
1786854617.285868 2219097 1709057 3529 2109 0 2214476 0 846347
1786854618.285982 2219097 1709057 3529 2109 0 2214476 0 846347
1786854619.285977 2219097 1709057 3529 2109 0 2214476 0 846347
1786854620.285946 2219097 1709057 3529 2109 0 2214476 0 846347
1786854621.285776 2219097 1709489 3529 2109 0 2214476 0 846347
1786854622.286123 2219097 1709489 3529 2109 0 2214476 0 846347
1786854623.285903 2219097 1709489 3529 2109 0 2214476 0 846347
1786854624.285919 2219097 1709489 3529 2109 0 2214476 0 846347
1786854625.285848 2219097 1709489 3529 2109 0 2214476 0 846347
1786854626.285805 2219097 1709489 3529 2109 0 2214476 0 846347
1786854627.286083 2219097 1709489 3529 2109 0 2214476 0 846347
1786854628.286021 2219097 1709489 3529 2109 0 2214476 0 846347
1786854629.285968 2219097 1709489 3529 2109 0 2214476 0 846347
1786854630.285949 2219097 1709489 3529 2109 0 2214476 0 846347
1786854631.285991 2219097 1709489 3529 2109 0 2214476 0 846347
1786854632.285927 2219097 1709489 3529 2109 0 2214476 0 846347
1786854633.285988 2219097 1709489 3529 2109 0 2214476 0 846347
1786854634.286129 2219097 1709489 3529 2109 0 2214476 0 846347
1786854635.286078 2219097 1709489 3529 2109 0 2214476 0 846347
1786854636.286109 2219097 1709489 3529 2109 0 2214476 0 846347
1786854637.286011 2219097 1709489 3529 2109 0 2214476 0 846347
1786854638.286027 2219097 1709489 3529 2109 0 2214476 0 846347
1786854639.285943 2219097 1709489 3529 2109 0 2214476 0 846347
1786854640.285982 2219097 1709489 3529 2109 0 2214476 0 846347
1786854641.285976 2219097 1709489 3529 2109 0 2214476 0 846347
1786854642.286133 2219097 1709489 3529 2109 0 2214476 0 846347
1786854643.286087 2219097 1709489 3529 2109 0 2214476 0 846347
1786854644.286104 2219097 1709489 3529 2109 0 2214476 0 846347
1786854645.286069 2219097 1709489 3529 2109 0 2214476 0 846347
1786854646.286148 2219097 1709489 3529 2109 0 2214476 0 846347
1786854647.286001 2219097 1709489 3529 2109 0 2214476 0 846347
1786854648.285922 2219097 1709489 3529 2109 0 2214476 0 846347
1786854649.285904 2219097 1709489 3529 2109 0 2214476 0 846347
1786854650.286130 2219097 1709489 3529 2109 0 2214476 0 846347
1786854651.286102 2219097 1709489 3529 2109 0 2214476 0 846347
1786854652.286079 2219097 1709489 3529 2109 0 2214476 0 846347
1786854653.285987 2219097 1709489 3529 2109 0 2214476 0 846347
1786854654.286020 2219097 1709489 3529 2109 0 2214476 0 846347
1786854655.285973 2219097 1709489 3529 2109 0 2214476 0 846347
1786854656.285998 2219097 1709489 3529 2109 0 2214476 0 846347
1786854657.285934 2219097 1709489 3529 2109 0 2214476 0 846347
1786854658.286062 2219097 1709489 3529 2109 0 2214476 0 846347
1786854659.286167 2219097 1709489 3529 2109 0 2214476 0 846347
1786854660.286031 2219097 1709489 3529 2109 0 2214476 0 846347
1786854661.286122 2219097 1709489 3529 2109 0 2214476 0 846347
1786854662.288461 2219097 1709489 3529 2109 0 2214476 0 846347
1786854663.285965 2219097 1709489 3529 2109 0 2214476 0 846347
1786854664.285953 2219097 1709489 3529 2109 0 2214476 0 846347
1786854665.286120 2219097 1709489 3529 2109 0 2214476 0 846347
1786854666.286124 2219097 1709489 3529 2109 0 2214476 0 846347
1786854667.286072 2219097 1709489 3529 2109 0 2214476 0 846347
1786854668.286031 2219097 1709489 3529 2109 0 2214476 0 846347
1786854669.286055 2219097 1709489 3529 2109 0 2214476 0 846347
1786854670.285987 2219097 1709489 3529 2109 0 2214476 0 846347
1786854671.285932 2219097 1709489 3529 2109 0 2214476 0 846347
1786854672.286040 2219097 1709489 3529 2109 0 2214476 0 846347
1786854673.286287 2219097 1709489 3529 2109 0 2214476 0 846347
1786854674.286142 2219097 1709489 3529 2109 0 2214476 0 846347
1786854675.286163 2219097 1709489 3529 2109 0 2214476 0 846347
1786854676.285981 2219097 1709489 3529 2109 0 2214476 0 846347
1786854677.286032 2219097 1709489 3529 2109 0 2214476 0 846347
1786854678.285987 2219097 1709489 3529 2109 0 2214476 0 846347
1786854679.285991 2219097 1709489 3529 2109 0 2214476 0 846347
1786854680.285944 2219097 1709489 3529 2109 0 2214476 0 846347
1786854681.285893 2219097 1709489 3529 2109 0 2214476 0 846347
1786854682.286137 2219097 1709489 3529 2109 0 2214476 0 846347
1786854683.286166 2219097 1709489 3529 2109 0 2214476 0 846347
1786854684.286079 2219097 1709489 3529 2109 0 2214476 0 846347
1786854685.286018 2219097 1709489 3529 2109 0 2214476 0 846347
1786854686.285881 2219097 1709489 3529 2109 0 2214476 0 846347
1786854687.285843 2219097 1709489 3529 2109 0 2214476 0 846347
1786854688.285952 2219097 1709489 3529 2109 0 2214476 0 846347
1786854689.286191 2219097 1709489 3529 2109 0 2214476 0 846347
1786854690.286059 2219097 1709489 3529 2109 0 2214476 0 846347
1786854691.286609 2219097 1709489 3529 2109 0 2214476 0 846347
1786854692.286048 2219097 1709489 3529 2109 0 2214476 0 846347
1786854693.286129 2219097 1709489 3529 2109 0 2214476 0 846347
1786854694.286040 2219097 1709489 3529 2109 0 2214476 0 846347
1786854695.286080 2219097 1709489 3529 2109 0 2214476 0 846347
1786854696.286090 2219097 1709489 3529 2109 0 2214476 0 846347
1786854697.285990 2219097 1709489 3529 2109 0 2214476 0 846347
1786854698.286214 2219097 1709489 3529 2109 0 2214476 0 846347
1786854699.286174 2219097 1709489 3529 2109 0 2214476 0 846347
1786854700.285887 2219097 1709489 3529 2109 0 2214476 0 846347
1786854701.286099 2219097 1709489 3529 2109 0 2214476 0 846347
1786854702.286103 2219097 1709489 3529 2109 0 2214476 0 846347
1786854703.286086 2219097 1709489 3529 2109 0 2214476 0 846347
1786854704.286116 2219097 1709489 3529 2109 0 2214476 0 846347
1786854705.286151 2219097 1709489 3529 2109 0 2214476 0 846347
1786854706.286099 2219097 1709489 3529 2109 0 2214476 0 846347
1786854707.289016 2219097 1709489 3529 2109 0 2214476 0 846347
1786854708.286082 2219097 1709489 3529 2109 0 2214476 0 846347
1786854709.289623 2219097 1709489 3529 2109 0 2214476 0 846347
1786854710.286038 2219097 1709489 3529 2109 0 2214476 0 846347
1786854711.286076 2219097 1709489 3529 2109 0 2214476 0 846347
1786854712.287191 2219097 1709489 3529 2109 0 2214476 0 846347
1786854713.285998 2219097 1709489 3529 2109 0 2214476 0 846347
1786854714.288310 2219097 1709489 3529 2109 0 2214476 0 846347
1786854715.286095 2219097 1709489 3529 2109 0 2214476 0 846347
1786854716.286042 2219097 1709489 3529 2109 0 2214476 0 846347
1786854717.286091 2219097 1709489 3529 2109 0 2214476 0 846347
1786854718.285990 2219097 1709489 3529 2109 0 2214476 0 846347
1786854719.286002 2219097 1709489 3529 2109 0 2214476 0 846347
1786854720.286040 2219097 1709489 3529 2109 0 2214476 0 846347
1786854721.286022 2219097 1709489 3529 2109 0 2214476 0 846347
1786854722.286182 2219097 1709489 3529 2109 0 2214476 0 846347
1786854723.286076 2219097 1709489 3529 2109 0 2214476 0 846347
1786854724.286094 2219097 1709489 3529 2109 0 2214476 0 846347
1786854725.288412 2219097 1709489 3529 2109 0 2214476 0 846347
1786854726.285967 2219097 1709489 3529 2109 0 2214476 0 846347
1786854727.286060 2219097 1709489 3529 2109 0 2214476 0 846347
1786854728.285992 2219097 1709489 3529 2109 0 2214476 0 846347
1786854729.286082 2219097 1709489 3529 2109 0 2214476 0 846347
1786854730.285894 2219097 1709489 3529 2109 0 2214476 0 846347
1786854731.286065 2219097 1709489 3529 2109 0 2214476 0 846347
1786854732.286108 2219097 1709489 3529 2109 0 2214476 0 846347
1786854733.286005 2219097 1709489 3529 2109 0 2214476 0 846347
1786854734.285992 2219097 1709489 3529 2109 0 2214476 0 846347
1786854735.286042 2219097 1709489 3529 2109 0 2214476 0 846347
1786854736.285874 2219097 1709489 3529 2109 0 2214476 0 846347
1786854737.286006 2219097 1709489 3529 2109 0 2214476 0 846347
1786854738.285984 2219097 1709489 3529 2109 0 2214476 0 846347
1786854739.285983 2219097 1709489 3529 2109 0 2214476 0 846347
1786854740.286011 2219097 1709489 3529 2109 0 2214476 0 846347
1786854741.285989 2219097 1709489 3529 2109 0 2214476 0 846347
1786854742.285974 2219097 1709489 3529 2109 0 2214476 0 846347
1786854743.285914 2219097 1709489 3529 2109 0 2214476 0 846347
1786854744.285835 2219097 1709489 3529 2109 0 2214476 0 846347
1786854745.285821 2219097 1709489 3529 2109 0 2214476 0 846347
1786854746.286056 2219097 1709489 3529 2109 0 2214476 0 846347
1786854747.286050 2219097 1709489 3529 2109 0 2214476 0 846347
1786854748.286215 2219097 1709489 3529 2109 0 2214476 0 846347
1786854749.286140 2219097 1709489 3529 2109 0 2214476 0 846347
1786854750.285941 2219097 1709489 3529 2109 0 2214476 0 846347
1786854751.285875 2219097 1709489 3529 2109 0 2214476 0 846347
1786854752.286235 2219097 1709489 3529 2109 0 2214476 0 846347
1786854753.285872 2219097 1709489 3529 2109 0 2214476 0 846347
1786854754.285976 2219097 1709489 3529 2109 0 2214476 0 846347
1786854755.286007 2219097 1709489 3529 2109 0 2214476 0 846347
1786854756.285972 2219097 1709489 3529 2109 0 2214476 0 846347
1786854757.285961 2219097 1709489 3529 2109 0 2214476 0 846347
1786854758.285912 2219097 1709489 3529 2109 0 2214476 0 846347
1786854759.285936 2219097 1709489 3529 2109 0 2214476 0 846347
1786854760.285846 2219097 1709489 3529 2109 0 2214476 0 846347
1786854761.285849 2219097 1709489 3529 2109 0 2214476 0 846347
1786854762.285873 2219097 1709489 3529 2109 0 2214476 0 846347
1786854763.285997 2219097 1709489 3529 2109 0 2214476 0 846347
1786854764.285935 2219097 1709489 3529 2109 0 2214476 0 846347
1786854765.285924 2219097 1709489 3529 2109 0 2214476 0 846347
1786854766.285921 2219097 1709489 3529 2109 0 2214476 0 846347
1786854767.285936 2219097 1709489 3529 2109 0 2214476 0 846347
1786854768.285915 2219097 1709489 3529 2109 0 2214476 0 846347
1786854769.285983 2219097 1709489 3529 2109 0 2214476 0 846347
1786854770.286049 2219097 1709489 3529 2109 0 2214476 0 846347
1786854771.285992 2219097 1709489 3529 2109 0 2214476 0 846347
1786854772.286027 2219097 1709489 3529 2109 0 2214476 0 846347
1786854773.286114 2219097 1709489 3529 2109 0 2214476 0 846347
1786854774.285921 2219097 1709489 3529 2109 0 2214476 0 846347
1786854775.285964 2219097 1709489 3529 2109 0 2214476 0 846347
1786854776.285886 2219097 1709489 3529 2109 0 2214476 0 846347
1786854777.285956 2219097 1709489 3529 2109 0 2214476 0 846347
1786854778.286010 2219097 1709489 3529 2109 0 2214476 0 846347
1786854779.286011 2219097 1709489 3529 2109 0 2214476 0 846347
1786854780.286016 2219097 1709489 3529 2109 0 2214476 0 846347
1786854781.285960 2219097 1709489 3529 2109 0 2214476 0 846347
1786854782.285944 2219097 1709489 3529 2109 0 2214476 0 846347
1786854783.285964 2219097 1709489 3529 2109 0 2214476 0 846347
1786854784.285954 2219097 1709489 3529 2109 0 2214476 0 846347
1786854785.285846 2219097 1709489 3529 2109 0 2214476 0 846347
1786854786.286050 2219097 1709489 3529 2109 0 2214476 0 846347
1786854787.286010 2219097 1709489 3529 2109 0 2214476 0 846347
1786854788.286002 2219097 1709489 3529 2109 0 2214476 0 846347
1786854789.285976 2219097 1709489 3529 2109 0 2214476 0 846347
1786854790.285904 2219097 1709489 3529 2109 0 2214476 0 846347
1786854791.285858 2219097 1709489 3529 2109 0 2214476 0 846347
1786854792.285896 2219097 1709489 3529 2109 0 2214476 0 846347
1786854793.285913 2219097 1709489 3529 2109 0 2214476 0 846347
1786854794.286047 2219097 1709489 3529 2109 0 2214476 0 846347
1786854795.286036 2219097 1709489 3529 2109 0 2214476 0 846347
1786854796.286146 2219097 1709489 3529 2109 0 2214476 0 846347
1786854797.286032 2219097 1709489 3529 2109 0 2214476 0 846347
1786854798.285941 2219097 1709489 3529 2109 0 2214476 0 846347
1786854799.285930 2219097 1709489 3529 2109 0 2214476 0 846347
1786854800.285913 2219097 1709489 3529 2109 0 2214476 0 846347
1786854801.288751 2219097 1709489 3529 2109 0 2214476 0 846347
1786854802.286089 2219097 1709489 3529 2109 0 2214476 0 846347
1786854803.286097 2219097 1709489 3529 2109 0 2214476 0 846347
1786854804.285976 2219097 1709489 3529 2109 0 2214476 0 846347
1786854805.286010 2219097 1709489 3529 2109 0 2214476 0 846347
1786854806.285936 2219097 1709489 3529 2109 0 2214476 0 846347
1786854807.286001 2219097 1709489 3529 2109 0 2214476 0 846347
1786854808.285854 2219097 1709489 3529 2109 0 2214476 0 846347
1786854809.285944 2219097 1709489 3529 2109 0 2214476 0 846347
1786854810.285991 2219097 1709489 3529 2109 0 2214476 0 846347
1786854811.285990 2219097 1709489 3529 2109 0 2214476 0 846347
1786854812.285963 2219097 1709489 3529 2109 0 2214476 0 846347
1786854813.286011 2219097 1709489 3529 2109 0 2214476 0 846347
1786854814.285967 2219097 1709489 3529 2109 0 2214476 0 846347
1786854815.285918 2219097 1709489 3529 2109 0 2214476 0 846347
1786854816.286219 2219097 1709489 3529 2109 0 2214476 0 846347
1786854817.285816 2219097 1709489 3529 2109 0 2214476 0 846347
1786854818.286100 2219097 1709489 3529 2109 0 2214476 0 846347
