# start_epoch=1786179400.922612  page_size=4096  cachestat=ok  fields=size,resident,shared,text,lib,data,dt,pagecache
1786179401.926637 466882 42573 3257 2101 0 462282 0 62407
1786179402.928484 466889 36373 3264 2101 0 462282 0 94894
1786179403.930126 467785 42790 3264 2101 0 463178 0 122056
1786179404.932367 467785 45638 3264 2101 0 463178 0 159618
1786179405.934429 467785 38834 3333 2101 0 463178 0 192134
1786179406.936118 468809 41675 3333 2101 0 464202 0 224431
1786179407.938124 468809 48194 3333 2101 0 464202 0 257488
1786179408.940022 468809 42098 3333 2101 0 464202 0 290041
1786179409.941941 470089 44519 3333 2101 0 465482 0 322339
1786179410.941779 470089 50909 3333 2101 0 465482 0 337124
1786179411.945797 470089 45713 3333 2101 0 465482 0 387692
1786179412.947666 470089 42991 3333 2101 0 465482 0 419989
1786179413.949212 471625 52060 3333 2101 0 467018 0 449109
1786179414.951678 471625 46788 3333 2101 0 467018 0 484831
1786179415.953574 471625 46241 3333 2101 0 467018 0 517129
1786179416.955593 471625 42516 3333 2101 0 467018 0 549426
1786179417.957596 471625 47651 3333 2101 0 467018 0 581971
1786179418.959434 473417 45405 3333 2101 0 468810 0 614268
1786179419.961236 473417 53674 3333 2101 0 468810 0 646053
1786179420.963209 473417 47947 3333 2101 0 468810 0 678598
1786179421.964724 473417 47929 3333 2101 0 468810 0 710896
1786179422.959004 473417 54576 3333 2101 0 468810 0 738154
1786179423.968797 475465 47921 3333 2101 0 470858 0 775227
1786179424.970704 475465 47131 3333 2101 0 470858 0 807524
1786179425.972549 475465 52122 3333 2101 0 470858 0 838790
1786179426.974076 475465 45449 3333 2101 0 470858 0 870831
1786179427.965808 475465 48638 3333 2101 0 470858 0 885362
1786179428.965236 480970 37174 3349 2101 0 476362 0 890369
1786179429.962984 480970 37225 3349 2101 0 476362 0 890370
1786179430.963164 480970 37225 3349 2101 0 476362 0 890370
1786179431.962907 480970 36863 3349 2101 0 476362 0 890371
1786179432.962969 480970 37036 3349 2101 0 476362 0 890372
1786179433.962946 480970 37036 3349 2101 0 476362 0 890372
1786179434.963090 480970 37036 3349 2101 0 476362 0 890373
1786179435.962931 480970 36497 3349 2101 0 476362 0 890373
1786179436.962853 480970 36942 3349 2101 0 476362 0 890374
1786179437.962664 482890 38748 3349 2101 0 478282 0 884329
1786179438.962648 482890 39260 3349 2101 0 478282 0 884329
1786179439.962655 482890 38764 3349 2101 0 478282 0 884330
1786179440.962507 482890 39027 3349 2101 0 478282 0 884331
1786179441.962556 482890 38852 3349 2101 0 478282 0 884331
1786179442.962456 482890 39024 3349 2101 0 478282 0 884332
1786179443.962530 482890 39024 3349 2101 0 478282 0 884332
1786179444.962487 482890 39025 3349 2101 0 478282 0 884333
1786179445.962651 482890 39025 3349 2101 0 478282 0 883403
1786179446.962409 485706 25471 3349 2101 0 481098 0 878318
1786179447.962309 485706 26201 3349 2101 0 481098 0 878319
1786179448.962235 485706 26243 3349 2101 0 481098 0 878319
1786179449.965482 485706 26664 3349 2101 0 481098 0 878320
1786179450.962357 485706 26664 3349 2101 0 481098 0 878321
1786179451.962297 485706 26664 3349 2101 0 481098 0 878321
1786179452.962346 485706 26664 3349 2101 0 481098 0 878322
1786179453.962516 485706 26664 3349 2101 0 481098 0 878323
1786179454.962532 485706 26016 3349 2101 0 481098 0 878323
1786179455.961630 487498 27263 3349 2101 0 482890 0 854281
1786179456.962278 487498 28355 3349 2101 0 482890 0 872308
1786179457.962234 487498 28626 3349 2101 0 482890 0 872308
1786179458.962018 487498 28626 3349 2101 0 482890 0 872309
1786179459.961941 489546 29247 3349 2101 0 484938 0 872310
1786179460.962020 489546 28813 3349 2101 0 484938 0 872310
1786179461.962001 489546 28877 3349 2101 0 484938 0 872310
1786179462.962067 489546 28566 3349 2101 0 484938 0 872311
1786179463.962107 489546 28786 3349 2101 0 484938 0 872312
1786179464.962100 489546 28882 3349 2101 0 484938 0 872312
1786179465.961690 489546 26103 3349 2101 0 484938 0 866296
1786179466.961800 489546 26103 3349 2101 0 484938 0 866297
1786179467.961893 489546 26372 3349 2101 0 484938 0 866297
1786179468.960972 502866 67132 3388 2101 0 498250 0 846214
1786179469.961016 604754 157127 3388 2101 0 600138 0 846214
1786179470.961017 668754 247499 3388 2101 0 664138 0 846214
1786179471.960905 761938 336714 3388 2101 0 757322 0 846214
1786179472.961160 890450 426829 3388 2101 0 885834 0 846214
1786179473.962425 972370 516291 3388 2101 0 967754 0 846214
1786179474.960959 1074770 605098 3388 2101 0 1070154 0 846214
1786179475.960881 1194578 693257 3388 2101 0 1189962 0 846214
1786179476.960968 1194578 782306 3388 2101 0 1189962 0 846214
1786179477.961000 1331794 870717 3388 2101 0 1327178 0 846214
1786179478.961001 1495634 958984 3388 2101 0 1491018 0 846214
1786179479.960944 1495634 1046609 3388 2101 0 1491018 0 846214
1786179480.961017 1701970 1135614 3388 2101 0 1697354 0 846214
1786179481.960915 1701970 1223475 3388 2101 0 1697354 0 846214
1786179482.964105 1701970 1311204 3388 2101 0 1697354 0 846214
1786179483.960772 1939538 1398786 3380 2101 0 1934922 0 846214
1786179484.960745 1939538 1487362 3380 2101 0 1934922 0 846214
1786179485.963845 2201682 1573608 3548 2101 0 2197066 0 846214
1786179486.961043 2211922 1648050 3548 2101 0 2207306 0 846214
1786179487.960717 2216019 1706856 3548 2101 0 2211402 0 846214
1786179488.960682 2216019 1706856 3548 2101 0 2211402 0 846214
1786179489.960852 2216019 1706856 3548 2101 0 2211402 0 846214
1786179490.960712 2216019 1706856 3548 2101 0 2211402 0 846214
1786179491.960766 2216019 1706856 3548 2101 0 2211402 0 846214
1786179492.960862 2216019 1706856 3548 2101 0 2211402 0 846214
1786179493.960854 2216019 1706856 3548 2101 0 2211402 0 846214
1786179494.960906 2216019 1706856 3548 2101 0 2211402 0 846214
1786179495.960795 2216019 1706856 3548 2101 0 2211402 0 846214
1786179496.960650 2216019 1706856 3548 2101 0 2211402 0 846214
1786179497.960846 2216019 1706856 3548 2101 0 2211402 0 846214
1786179498.960755 2216019 1706856 3548 2101 0 2211402 0 846214
1786179499.960923 2216019 1706856 3548 2101 0 2211402 0 846214
1786179500.960883 2220116 1706861 3548 2101 0 2215498 0 846214
1786179501.960951 2220116 1706861 3548 2101 0 2215498 0 846214
1786179502.960875 2220116 1706861 3548 2101 0 2215498 0 846214
1786179503.960864 2220116 1706861 3548 2101 0 2215498 0 846214
1786179504.960781 2220116 1706861 3548 2101 0 2215498 0 846214
1786179505.960884 2220116 1706861 3548 2101 0 2215498 0 846214
1786179506.960870 2220116 1706861 3548 2101 0 2215498 0 846214
1786179507.960733 2220116 1706861 3548 2101 0 2215498 0 846214
1786179508.961010 2220116 1706929 3548 2101 0 2215498 0 846214
1786179509.960852 2220116 1706929 3548 2101 0 2215498 0 846214
1786179510.960844 2220116 1706929 3548 2101 0 2215498 0 846214
1786179511.960853 2220116 1706929 3548 2101 0 2215498 0 846214
1786179512.960891 2224206 1706913 3541 2101 0 2219594 0 846214
1786179513.960936 2224206 1706913 3541 2101 0 2219594 0 846214
1786179514.960893 2224206 1706913 3541 2101 0 2219594 0 846214
1786179515.960935 2224206 1706913 3541 2101 0 2219594 0 846214
1786179516.960919 2224206 1706913 3541 2101 0 2219594 0 846214
1786179517.960878 2224206 1706913 3541 2101 0 2219594 0 846214
1786179518.960934 2224206 1706913 3541 2101 0 2219594 0 846214
1786179519.960872 2224206 1707477 3541 2101 0 2219594 0 846214
1786179520.960765 2224206 1707477 3541 2101 0 2219594 0 846214
1786179521.960846 2224206 1707477 3541 2101 0 2219594 0 846214
1786179522.960741 2224206 1707477 3541 2101 0 2219594 0 846214
1786179523.960764 2224206 1707477 3541 2101 0 2219594 0 846214
1786179524.960924 2224206 1707477 3541 2101 0 2219594 0 846214
1786179525.960852 2224206 1707477 3541 2101 0 2219594 0 846214
1786179526.960836 2224206 1707477 3541 2101 0 2219594 0 846214
1786179527.960803 2224206 1707477 3541 2101 0 2219594 0 846214
1786179528.960903 2224206 1707477 3541 2101 0 2219594 0 846214
1786179529.960815 2224206 1707477 3541 2101 0 2219594 0 846214
1786179530.960686 2224206 1707477 3541 2101 0 2219594 0 846214
1786179531.960739 2224206 1707477 3541 2101 0 2219594 0 846214
1786179532.960845 2224206 1707477 3541 2101 0 2219594 0 846214
1786179533.960869 2224206 1707477 3541 2101 0 2219594 0 846214
1786179534.960799 2224206 1707477 3541 2101 0 2219594 0 846214
1786179535.960820 2224206 1707477 3541 2101 0 2219594 0 846214
1786179536.960860 2224206 1707477 3541 2101 0 2219594 0 846214
1786179537.960861 2224206 1707477 3541 2101 0 2219594 0 846214
1786179538.960755 2224206 1707477 3541 2101 0 2219594 0 846214
1786179539.960973 2224206 1707973 3541 2101 0 2219594 0 846214
1786179540.960902 2224206 1707973 3541 2101 0 2219594 0 846214
1786179541.960898 2224206 1707973 3541 2101 0 2219594 0 846214
1786179542.961223 2224206 1707973 3541 2101 0 2219594 0 846214
1786179543.960789 2224206 1707973 3541 2101 0 2219594 0 846214
1786179544.960900 2224206 1707973 3541 2101 0 2219594 0 846214
1786179545.960859 2224206 1707973 3541 2101 0 2219594 0 846214
1786179546.960746 2224206 1707973 3541 2101 0 2219594 0 846214
1786179547.960901 2224206 1707973 3541 2101 0 2219594 0 846214
1786179548.960865 2224206 1707973 3541 2101 0 2219594 0 846214
1786179549.960972 2224206 1707973 3541 2101 0 2219594 0 846214
1786179550.960874 2224206 1707973 3541 2101 0 2219594 0 846214
1786179551.960869 2224206 1707973 3541 2101 0 2219594 0 846214
1786179552.960755 2224206 1707973 3541 2101 0 2219594 0 846214
1786179553.960730 2224206 1707973 3541 2101 0 2219594 0 846214
1786179554.960778 2224206 1707973 3541 2101 0 2219594 0 846214
1786179555.960980 2224206 1707973 3541 2101 0 2219594 0 846214
1786179556.960892 2224206 1707973 3541 2101 0 2219594 0 846214
1786179557.960823 2224206 1707973 3541 2101 0 2219594 0 846214
1786179558.960808 2224206 1707973 3541 2101 0 2219594 0 846214
1786179559.960973 2224206 1707973 3541 2101 0 2219594 0 846214
1786179560.960899 2224206 1708453 3541 2101 0 2219594 0 846214
1786179561.960748 2224206 1708453 3541 2101 0 2219594 0 846214
1786179562.960696 2224206 1708453 3541 2101 0 2219594 0 846214
1786179563.961002 2224206 1708453 3541 2101 0 2219594 0 846214
1786179564.960934 2224206 1708453 3541 2101 0 2219594 0 846214
1786179565.960845 2224206 1708453 3541 2101 0 2219594 0 846214
1786179566.960815 2224206 1708453 3541 2101 0 2219594 0 846214
1786179567.960822 2224206 1708453 3541 2101 0 2219594 0 846214
1786179568.960790 2224206 1708453 3541 2101 0 2219594 0 846214
1786179569.960719 2224206 1708453 3541 2101 0 2219594 0 846214
1786179570.960682 2224206 1708917 3541 2101 0 2219594 0 846214
1786179571.960940 2224206 1708917 3541 2101 0 2219594 0 846214
1786179572.960941 2224206 1708917 3541 2101 0 2219594 0 846214
1786179573.960917 2224206 1708917 3541 2101 0 2219594 0 846214
1786179574.961095 2224206 1708917 3541 2101 0 2219594 0 846214
1786179575.961025 2224206 1708917 3541 2101 0 2219594 0 846214
1786179576.960884 2224206 1708917 3541 2101 0 2219594 0 846214
1786179577.960742 2224206 1708917 3541 2101 0 2219594 0 846214
1786179578.960874 2224206 1708917 3541 2101 0 2219594 0 846214
1786179579.960891 2224206 1708917 3541 2101 0 2219594 0 846214
1786179580.960817 2224206 1708917 3541 2101 0 2219594 0 846214
1786179581.960890 2224206 1708917 3541 2101 0 2219594 0 846214
1786179582.960821 2224206 1708917 3541 2101 0 2219594 0 846214
1786179583.960697 2224206 1708917 3541 2101 0 2219594 0 846214
1786179584.960765 2224206 1708917 3541 2101 0 2219594 0 846214
1786179585.961307 2224206 1708917 3541 2101 0 2219594 0 846214
1786179586.960898 2224206 1708917 3541 2101 0 2219594 0 846214
1786179587.960988 2224206 1708917 3541 2101 0 2219594 0 846214
1786179588.960838 2224206 1708917 3541 2101 0 2219594 0 846214
1786179589.960817 2224206 1708917 3541 2101 0 2219594 0 846214
1786179590.960748 2224206 1709830 3541 2101 0 2219594 0 846214
1786179591.960970 2224206 1709830 3541 2101 0 2219594 0 846214
1786179592.960796 2224206 1709830 3541 2101 0 2219594 0 846214
1786179593.960732 2224206 1709830 3541 2101 0 2219594 0 846214
1786179594.960852 2224206 1709830 3541 2101 0 2219594 0 846214
1786179595.960920 2224206 1709830 3541 2101 0 2219594 0 846214
1786179596.960844 2224206 1709830 3541 2101 0 2219594 0 846214
1786179597.960765 2224206 1709830 3541 2101 0 2219594 0 846214
1786179598.960819 2224206 1709830 3541 2101 0 2219594 0 846214
1786179599.960959 2224206 1709830 3541 2101 0 2219594 0 846214
1786179600.960884 2224206 1709830 3541 2101 0 2219594 0 846214
1786179601.960818 2224206 1710736 3541 2101 0 2219594 0 846214
1786179602.960904 2224206 1710736 3541 2101 0 2219594 0 846214
1786179603.960895 2224206 1710736 3541 2101 0 2219594 0 846214
1786179604.960841 2224206 1710736 3541 2101 0 2219594 0 846214
1786179605.960778 2224206 1710736 3541 2101 0 2219594 0 846214
1786179606.960785 2224206 1710736 3541 2101 0 2219594 0 846214
1786179607.960822 2224206 1710736 3541 2101 0 2219594 0 846214
1786179608.960875 2224206 1710736 3541 2101 0 2219594 0 846214
1786179609.960941 2224206 1710736 3541 2101 0 2219594 0 846214
1786179610.960587 2224206 1710736 3541 2101 0 2219594 0 846214
1786179611.960877 2224206 1710736 3541 2101 0 2219594 0 846214
1786179612.960859 2224206 1710736 3541 2101 0 2219594 0 846214
1786179613.960767 2224206 1710736 3541 2101 0 2219594 0 846214
1786179614.960805 2224206 1710736 3541 2101 0 2219594 0 846214
1786179615.960768 2224206 1710736 3541 2101 0 2219594 0 846214
1786179616.961590 2224206 1710736 3541 2101 0 2219594 0 846214
1786179617.961005 2224206 1710736 3541 2101 0 2219594 0 846214
1786179618.960857 2224206 1710736 3541 2101 0 2219594 0 846214
1786179619.960924 2224206 1710736 3541 2101 0 2219594 0 846214
1786179620.960768 2224206 1710736 3541 2101 0 2219594 0 846214
1786179621.960809 2224206 1711646 3541 2101 0 2219594 0 846214
1786179622.961756 2224206 1711646 3541 2101 0 2219594 0 846214
1786179623.960853 2224206 1711646 3541 2101 0 2219594 0 846214
1786179624.960709 2224206 1711646 3541 2101 0 2219594 0 846214
1786179625.961187 2224206 1711646 3541 2101 0 2219594 0 846214
1786179626.960870 2224206 1711646 3541 2101 0 2219594 0 846214
1786179627.960772 2224206 1711646 3541 2101 0 2219594 0 846214
1786179628.961704 2224206 1711646 3541 2101 0 2219594 0 846214
1786179629.962310 2224206 1711646 3541 2101 0 2219594 0 846214
1786179630.960840 2224206 1711646 3541 2101 0 2219594 0 846214
1786179631.960806 2224206 1712556 3541 2101 0 2219594 0 846214
1786179632.960972 2224206 1712556 3541 2101 0 2219594 0 846214
1786179633.961073 2224206 1712556 3541 2101 0 2219594 0 846214
1786179634.961216 2224206 1712556 3541 2101 0 2219594 0 846214
1786179635.960841 2224206 1712556 3541 2101 0 2219594 0 846214
1786179636.960851 2224206 1712556 3541 2101 0 2219594 0 846214
1786179637.960761 2224206 1712556 3541 2101 0 2219594 0 846214
1786179638.960733 2224206 1712556 3541 2101 0 2219594 0 846214
1786179639.960865 2224206 1712556 3541 2101 0 2219594 0 846214
1786179640.960861 2224206 1712556 3541 2101 0 2219594 0 846214
1786179641.960837 2224206 1712556 3541 2101 0 2219594 0 846214
1786179642.960809 2224206 1712556 3541 2101 0 2219594 0 846214
1786179643.960747 2224206 1712556 3541 2101 0 2219594 0 846214
1786179644.960720 2224206 1712556 3541 2101 0 2219594 0 846214
1786179645.960861 2224206 1712556 3541 2101 0 2219594 0 846214
1786179646.960759 2224206 1712556 3541 2101 0 2219594 0 846214
1786179647.960855 2224206 1712556 3541 2101 0 2219594 0 846214
1786179648.960818 2224206 1712556 3541 2101 0 2219594 0 846214
1786179649.960942 2224206 1712556 3541 2101 0 2219594 0 846214
1786179650.960837 2224206 1712556 3541 2101 0 2219594 0 846214
1786179651.960664 2224206 1712556 3541 2101 0 2219594 0 846214
1786179652.960685 2224206 1712940 3541 2101 0 2219594 0 846214
1786179653.960769 2224206 1712940 3541 2101 0 2219594 0 846214
1786179654.960808 2224206 1712940 3541 2101 0 2219594 0 846214
1786179655.960896 2224206 1712940 3541 2101 0 2219594 0 846214
1786179656.960870 2224206 1712940 3541 2101 0 2219594 0 846214
1786179657.960856 2224206 1712940 3541 2101 0 2219594 0 846214
1786179658.961083 2224206 1712940 3541 2101 0 2219594 0 846214
1786179659.960756 2224206 1712940 3541 2101 0 2219594 0 846214
1786179660.960793 2224206 1712940 3541 2101 0 2219594 0 846214
1786179661.960767 2224206 1712940 3541 2101 0 2219594 0 846214
1786179662.960913 2224206 1713308 3541 2101 0 2219594 0 846214
1786179663.960886 2224206 1713308 3541 2101 0 2219594 0 846214
1786179664.967649 2224206 1713308 3541 2101 0 2219594 0 846214
1786179665.960735 2224206 1713308 3541 2101 0 2219594 0 846214
1786179666.960760 2224206 1713308 3541 2101 0 2219594 0 846214
1786179667.960772 2224206 1713308 3541 2101 0 2219594 0 846214
1786179668.960675 2224206 1713308 3541 2101 0 2219594 0 846214
1786179669.960685 2224206 1713308 3541 2101 0 2219594 0 846214
1786179670.960659 2224206 1713308 3541 2101 0 2219594 0 846214
1786179671.960812 2224206 1713308 3541 2101 0 2219594 0 846214
1786179672.960882 2224206 1713308 3541 2101 0 2219594 0 846214
1786179673.960790 2224206 1713308 3541 2101 0 2219594 0 846214
1786179674.960616 2224206 1713308 3541 2101 0 2219594 0 846214
1786179675.960711 2224206 1713308 3541 2101 0 2219594 0 846214
1786179676.960767 2224206 1713308 3541 2101 0 2219594 0 846214
1786179677.960913 2224206 1713308 3541 2101 0 2219594 0 846214
1786179678.960922 2224206 1713308 3541 2101 0 2219594 0 846214
1786179679.960812 2224206 1713308 3541 2101 0 2219594 0 846214
1786179680.960815 2224206 1713308 3541 2101 0 2219594 0 846214
1786179681.960855 2224206 1713308 3541 2101 0 2219594 0 846214
1786179682.960790 2224206 1713660 3541 2101 0 2219594 0 846214
1786179683.960959 2224206 1713660 3541 2101 0 2219594 0 846214
1786179684.960716 2224206 1713660 3541 2101 0 2219594 0 846214
1786179685.960866 2224206 1713660 3541 2101 0 2219594 0 846214
1786179686.960882 2224206 1713660 3541 2101 0 2219594 0 846214
1786179687.960847 2224206 1713660 3541 2101 0 2219594 0 846214
1786179688.960789 2224206 1713660 3541 2101 0 2219594 0 846214
1786179689.960889 2224206 1713660 3541 2101 0 2219594 0 846214
1786179690.960916 2224206 1713660 3541 2101 0 2219594 0 846214
1786179691.960933 2224206 1713660 3541 2101 0 2219594 0 846214
1786179692.960813 2224206 1713660 3541 2101 0 2219594 0 846214
1786179693.961014 2224206 1713660 3541 2101 0 2219594 0 846214
1786179694.960748 2224206 1713660 3541 2101 0 2219594 0 846214
1786179695.961030 2224206 1713660 3541 2101 0 2219594 0 846214
1786179696.960867 2224206 1713660 3541 2101 0 2219594 0 846214
1786179697.960921 2224206 1713660 3541 2101 0 2219594 0 846214
1786179698.960734 2224206 1713660 3541 2101 0 2219594 0 846214
1786179699.960861 2224206 1713660 3541 2101 0 2219594 0 846214
1786179700.961068 2224206 1713660 3541 2101 0 2219594 0 846214
1786179701.961010 2224206 1713660 3541 2101 0 2219594 0 846214
1786179702.960939 2224206 1713660 3541 2101 0 2219594 0 846214
1786179703.960896 2224206 1713660 3541 2101 0 2219594 0 846214
1786179704.961013 2224206 1713660 3541 2101 0 2219594 0 846214
1786179705.960979 2224206 1713660 3541 2101 0 2219594 0 846214
1786179706.960908 2224206 1713660 3541 2101 0 2219594 0 846214
1786179707.960802 2224206 1713660 3541 2101 0 2219594 0 846214
1786179708.961036 2224206 1713660 3541 2101 0 2219594 0 846214
1786179709.960988 2224206 1713660 3541 2101 0 2219594 0 846214
1786179710.960990 2224206 1713660 3541 2101 0 2219594 0 846214
1786179711.960994 2224206 1713660 3541 2101 0 2219594 0 846214
1786179712.961019 2224206 1713660 3541 2101 0 2219594 0 846214
1786179713.960897 2224206 1713660 3541 2101 0 2219594 0 846214
1786179714.960910 2224206 1713660 3541 2101 0 2219594 0 846214
1786179715.960798 2224206 1713660 3541 2101 0 2219594 0 846214
1786179716.960992 2224206 1713660 3541 2101 0 2219594 0 846214
1786179717.961027 2224206 1713660 3541 2101 0 2219594 0 846214
1786179718.961016 2224206 1713660 3541 2101 0 2219594 0 846214
1786179719.960903 2224206 1713660 3541 2101 0 2219594 0 846214
1786179720.960940 2224206 1713660 3541 2101 0 2219594 0 846214
1786179721.960776 2224206 1713660 3541 2101 0 2219594 0 846214
1786179722.960732 2224206 1713660 3541 2101 0 2219594 0 846214
1786179723.960991 2224206 1713660 3541 2101 0 2219594 0 846214
1786179724.961002 2224206 1713660 3541 2101 0 2219594 0 846214
1786179725.960878 2224206 1713660 3541 2101 0 2219594 0 846214
1786179726.960898 2224206 1713660 3541 2101 0 2219594 0 846214
1786179727.960891 2224206 1713660 3541 2101 0 2219594 0 846214
1786179728.960789 2224206 1713660 3541 2101 0 2219594 0 846214
1786179729.960763 2224206 1713660 3541 2101 0 2219594 0 846214
1786179730.960765 2224206 1713660 3541 2101 0 2219594 0 846214
1786179731.960988 2224206 1713660 3541 2101 0 2219594 0 846214
1786179732.961032 2224206 1713660 3541 2101 0 2219594 0 846214
1786179733.960990 2224206 1713660 3541 2101 0 2219594 0 846214
1786179734.960924 2224206 1713660 3541 2101 0 2219594 0 846214
1786179735.960854 2224206 1713660 3541 2101 0 2219594 0 846214
1786179736.960802 2224206 1713660 3541 2101 0 2219594 0 846214
1786179737.960783 2224206 1713660 3541 2101 0 2219594 0 846214
1786179738.961055 2224206 1713660 3541 2101 0 2219594 0 846214
1786179739.960922 2224206 1713660 3541 2101 0 2219594 0 846214
1786179740.960857 2224206 1713660 3541 2101 0 2219594 0 846214
1786179741.960898 2224206 1713660 3541 2101 0 2219594 0 846214
1786179742.960821 2224206 1713660 3541 2101 0 2219594 0 846214
1786179743.960852 2224206 1713660 3541 2101 0 2219594 0 846214
1786179744.960786 2224206 1713660 3541 2101 0 2219594 0 846214
1786179745.960905 2224206 1713660 3541 2101 0 2219594 0 846214
1786179746.961005 2224206 1713660 3541 2101 0 2219594 0 846214
1786179747.960991 2224206 1713660 3541 2101 0 2219594 0 846214
1786179748.960879 2224206 1713660 3541 2101 0 2219594 0 846214
1786179749.960836 2224206 1713660 3541 2101 0 2219594 0 846214
1786179750.960817 2224206 1713660 3541 2101 0 2219594 0 846214
1786179751.960907 2224206 1713660 3541 2101 0 2219594 0 846214
1786179752.960853 2224206 1713660 3541 2101 0 2219594 0 846214
1786179753.960775 2224206 1713660 3541 2101 0 2219594 0 846214
1786179754.960928 2224206 1713660 3541 2101 0 2219594 0 846214
1786179755.960919 2224206 1713660 3541 2101 0 2219594 0 846214
1786179756.960944 2224206 1713660 3541 2101 0 2219594 0 846214
1786179757.960937 2224206 1713660 3541 2101 0 2219594 0 846214
1786179758.960904 2224206 1713660 3541 2101 0 2219594 0 846214
1786179759.960846 2224206 1713660 3541 2101 0 2219594 0 846214
1786179760.960789 2224206 1713660 3541 2101 0 2219594 0 846214
1786179761.960751 2224206 1713660 3541 2101 0 2219594 0 846214
1786179762.960756 2224206 1713660 3541 2101 0 2219594 0 846214
1786179763.960903 2224206 1713660 3541 2101 0 2219594 0 846214
1786179764.960844 2224206 1713660 3541 2101 0 2219594 0 846214
1786179765.960799 2224206 1713660 3541 2101 0 2219594 0 846214
1786179766.960893 2224206 1713660 3541 2101 0 2219594 0 846214
1786179767.960764 2224206 1713660 3541 2101 0 2219594 0 846214
1786179768.960770 2224206 1713660 3541 2101 0 2219594 0 846214
1786179769.960937 2224206 1713660 3541 2101 0 2219594 0 846214
1786179770.961012 2224206 1713660 3541 2101 0 2219594 0 846214
1786179771.960912 2224206 1713660 3541 2101 0 2219594 0 846214
1786179772.960961 2224206 1713660 3541 2101 0 2219594 0 846214
1786179773.960911 2224206 1713660 3541 2101 0 2219594 0 846214
1786179774.960814 2224206 1713660 3541 2101 0 2219594 0 846214
1786179775.960892 2224206 1713660 3541 2101 0 2219594 0 846214
1786179776.960786 2224206 1713660 3541 2101 0 2219594 0 846214
1786179777.960942 2224206 1713660 3541 2101 0 2219594 0 846214
1786179778.960891 2224206 1713660 3541 2101 0 2219594 0 846214
1786179779.960927 2224206 1713660 3541 2101 0 2219594 0 846214
1786179780.960856 2224206 1713660 3541 2101 0 2219594 0 846214
1786179781.960937 2224206 1713660 3541 2101 0 2219594 0 846214
1786179782.960767 2224206 1713660 3541 2101 0 2219594 0 846214
1786179783.960876 2224206 1713660 3541 2101 0 2219594 0 846214
1786179784.960754 2224206 1713660 3541 2101 0 2219594 0 846214
1786179785.961030 2224206 1713660 3541 2101 0 2219594 0 846214
1786179786.960976 2224206 1713660 3541 2101 0 2219594 0 846214
1786179787.960851 2224206 1713660 3541 2101 0 2219594 0 846214
1786179788.960823 2224206 1713660 3541 2101 0 2219594 0 846214
1786179789.960840 2224206 1713660 3541 2101 0 2219594 0 846214
1786179790.960787 2224206 1713660 3541 2101 0 2219594 0 846214
1786179791.960764 2224206 1713660 3541 2101 0 2219594 0 846214
1786179792.960949 2224206 1713660 3541 2101 0 2219594 0 846214
1786179793.960890 2224206 1713660 3541 2101 0 2219594 0 846214
1786179794.960953 2224206 1713660 3541 2101 0 2219594 0 846214
1786179795.960877 2224206 1713660 3541 2101 0 2219594 0 846214
1786179796.960800 2224206 1713660 3541 2101 0 2219594 0 846214
