# start_epoch=1786813051.141351  page_size=4096  cachestat=ok  fields=size,resident,shared,text,lib,data,dt,pagecache
1786813052.141619 260451 27145 7670 99 0 246458 0 1
1786813053.141572 260451 27145 7670 99 0 246458 0 1
1786813054.144898 2932268 70678 50331 99 0 258106 0 57949
1786813055.146733 2955859 92720 72389 99 0 258106 0 87435
1786813056.152742 2965457 38977 18672 99 0 258106 0 96269
1786813057.152577 3066715 158713 138408 99 0 258106 0 176187
1786813058.157087 3074285 140749 120441 99 0 258106 0 195502
1786813059.168170 3127118 146159 125907 99 0 258106 0 217485
1786813060.161632 3118645 164289 144033 99 0 258106 0 239361
1786813061.169384 3145462 138344 118163 99 0 258106 0 278083
1786813062.158404 3159098 159066 138880 99 0 258106 0 295377
1786813063.159578 3195841 201118 180927 99 0 258106 0 310511
1786813064.161089 3171480 118188 98011 99 0 258106 0 309545
1786813065.163473 3215517 163558 143506 99 0 258106 0 348230
1786813066.162996 3215630 157121 137152 99 0 258106 0 354653
1786813067.162633 3252373 193499 173526 99 0 258106 0 371821
1786813068.166355 3239836 146007 126077 99 0 258106 0 384581
1786813069.165957 3265312 151144 131213 99 0 258106 0 405704
1786813070.165852 3304755 184919 164970 99 0 258106 0 423521
1786813071.165749 3304755 196663 176711 99 0 258106 0 425327
1786813072.166433 3261027 116496 96553 99 0 258106 0 411160
1786813073.172293 3362489 225307 205361 99 0 258106 0 504874
1786813074.168697 3357294 188467 168488 99 0 258106 0 474946
1786813075.169941 3357294 210456 190677 99 0 258106 0 482246
1786813076.165465 3357294 218198 198419 99 0 258106 0 485700
1786813077.171587 3357542 151925 132245 99 0 258106 0 473569
1786813078.173698 3386683 167160 147528 99 0 258106 0 513845
1786813079.167770 3422642 201953 182318 99 0 258106 0 536959
1786813080.181942 3446077 219702 197769 99 0 281146 0 549251
1786813081.187796 3474143 258383 237201 99 0 281146 0 578142
1786813082.175018 3396566 142281 121115 99 0 281146 0 525684
1786813083.177571 3474592 232843 211673 99 0 281146 0 560548
1786813084.176798 3467400 202702 179639 99 0 282682 0 567411
1786813085.174982 3491641 240429 217355 99 0 282682 0 586445
1786813086.178048 3514285 286712 263678 99 0 282682 0 620053
1786813087.176766 3458438 154552 131552 99 0 282682 0 559581
1786813088.182915 3508496 215106 192102 99 0 282682 0 618409
1786813089.187199 3519801 226122 201554 99 0 284218 0 623840
1786813090.178409 3519801 274185 249617 99 0 284218 0 634984
1786813091.188968 3587449 259581 235018 99 0 284218 0 699717
1786813092.179781 4580401 181981 157357 99 0 284218 0 615098
1786813093.184417 3575036 259692 235066 99 0 284218 0 678987
1786813094.196902 3567154 247976 223787 99 0 285754 0 671410
1786813095.198905 3588141 297037 271033 99 0 285754 0 691998
1786813096.204110 3630764 340734 314725 99 0 285754 0 762719
1786813097.190856 3697736 345927 319943 99 0 285754 0 796214
1786813098.178361 3499392 145537 119553 99 0 285754 0 584823
1786813099.179531 3513265 159989 136695 99 0 285754 0 599886
1786813100.175647 3452180 64916 41617 99 0 285754 0 536039
1786813101.175859 3452180 193359 170039 99 0 285754 0 540674
1786813102.177813 3486291 303594 280232 99 0 285754 0 569759
1786813103.183560 3612270 256447 230800 99 0 285754 0 682441
1786813104.174832 3445975 163786 139582 99 0 285754 0 543904
1786813105.173920 3411793 94985 67955 99 0 287546 0 510803
1786813106.175523 3431687 159278 132247 99 0 287546 0 539264
1786813107.174640 3431687 227539 201277 99 0 287546 0 521604
1786813108.174707 3431687 302446 276152 99 0 287546 0 535105
1786813109.182123 3519876 366732 341109 99 0 287546 0 623197
1786813110.180037 3536855 277015 251813 99 0 287546 0 629797
1786813111.162196 3352088 87657 62842 99 0 287546 0 425383
1786813112.160444 3316922 35816 10615 99 0 291642 0 388219
1786813113.160440 3316922 35816 10615 99 0 291642 0 388219
1786813114.163399 3321019 35694 10615 99 0 295738 0 388219
1786813115.160563 3321019 35694 10615 99 0 295738 0 388219
1786813116.163364 3325116 35699 10615 99 0 299834 0 388219
1786813117.160414 3325116 35699 10615 99 0 299834 0 388219
1786813118.160418 3329213 35703 10615 99 0 303930 0 388219
1786813119.160456 3329213 35703 10615 99 0 303930 0 388219
1786813120.160446 3329213 35703 10615 99 0 303930 0 388219
1786813121.160434 3329213 35703 10615 99 0 303930 0 388219
1786813122.160451 3329213 35703 10615 99 0 303930 0 388219
1786813123.160432 3329213 35738 10615 99 0 303930 0 388219
1786813124.160480 3329213 35738 10615 99 0 303930 0 388219
1786813125.160426 3329213 35738 10615 99 0 303930 0 388219
1786813126.160400 3329213 35738 10615 99 0 303930 0 388219
1786813127.160390 3329213 35738 10615 99 0 303930 0 388219
1786813128.160446 3329213 35735 10615 99 0 303930 0 388219
1786813129.160372 3329213 35735 10615 99 0 303930 0 388219
