# start_epoch=1787498530.838285  page_size=4096  cachestat=ok  fields=size,resident,shared,text,lib,data,dt,pagecache
1787498531.839536 442950 27953 2967 2109 0 438348 0 19056
1787498532.840123 452813 30340 3165 2109 0 448204 0 31385
1787498533.840690 453581 33676 3165 2109 0 448972 0 43715
1787498534.841337 453581 31151 3165 2109 0 448972 0 56046
1787498535.843542 454228 36050 3202 2109 0 449612 0 86416
1787498536.843206 454228 33486 3203 2109 0 449612 0 80071
1787498537.844252 454228 33250 3203 2109 0 449612 0 92400
1787498538.844627 454228 33834 3203 2109 0 449612 0 104731
1787498539.849298 454996 34728 3203 2109 0 450380 0 135084
1787498540.847886 454996 32735 3203 2109 0 450380 0 147416
1787498541.857255 454996 33379 3203 2109 0 450380 0 166976
1787498542.847429 454996 36185 3209 2109 0 450380 0 140132
1787498543.848295 454996 33882 3209 2109 0 450380 0 152461
1787498544.851231 454996 36796 3209 2109 0 450380 0 200835
1787498545.864492 455892 37600 3209 2109 0 451276 0 221418
1787498546.851905 455892 36204 3209 2109 0 451276 0 213165
1787498547.852559 455892 36434 3209 2109 0 451276 0 225496
1787498548.848280 455892 35404 3209 2109 0 451276 0 200067
1787498549.851473 455892 36428 3209 2109 0 451276 0 223466
1787498550.853855 455892 38525 3209 2109 0 451276 0 248443
1787498551.854910 455892 34000 3209 2109 0 451276 0 260776
1787498552.854464 455892 33590 3209 2109 0 451276 0 260811
1787498553.850605 455892 36116 3209 2109 0 451276 0 247986
1787498554.857058 455892 33730 3209 2109 0 451276 0 296362
1787498555.859338 456916 39392 3209 2109 0 452300 0 323601
1787498556.859028 456916 39102 3209 2109 0 452300 0 334907
1787498557.859784 456916 37842 3209 2109 0 452300 0 345702
1787498558.859377 456916 41442 3209 2109 0 452300 0 335731
1787498559.860296 456916 37842 3209 2109 0 452300 0 345038
1787498560.857632 456916 39680 3209 2109 0 452300 0 334683
1787498561.859610 456916 39217 3209 2109 0 452300 0 367191
1787498562.860240 456916 38591 3209 2109 0 452300 0 379520
1787498563.860660 456916 31301 3209 2109 0 452300 0 391851
1787498564.860660 457812 38595 3209 2109 0 453196 0 383973
1787498565.861362 457812 36795 3209 2109 0 453196 0 392757
1787498566.863403 457812 40516 3209 2109 0 453196 0 425336
1787498567.865938 457812 38003 3209 2109 0 453196 0 450070
1787498568.867452 457812 35425 3209 2109 0 453196 0 458305
1787498569.864168 457812 38551 3209 2109 0 453196 0 449797
1787498570.865178 457812 37380 3209 2109 0 453196 0 462127
1787498571.866098 457812 40003 3209 2109 0 453196 0 474458
1787498572.865319 457812 37086 3209 2109 0 453196 0 465618
1787498573.866089 457812 39462 3209 2109 0 453196 0 477949
1787498574.866983 457812 37193 3209 2109 0 453196 0 489609
1787498575.869000 457812 41439 3209 2109 0 453196 0 518267
1787498576.870918 459092 41723 3209 2109 0 454476 0 548621
1787498577.871702 459092 40073 3209 2109 0 454476 0 558863
1787498578.872878 459092 38148 3209 2109 0 454476 0 568377
1787498579.874305 459092 39829 3209 2109 0 454476 0 577635
1787498580.874581 459092 42189 3209 2109 0 454476 0 579768
1787498581.870618 465236 42725 3209 2109 0 460620 0 557567
1787498582.871074 465236 42693 3209 2109 0 460620 0 569899
1787498583.871781 465236 42637 3209 2109 0 460620 0 579471
1787498584.874708 465236 43038 3209 2109 0 460620 0 608167
1787498585.880244 465236 42953 3209 2109 0 460620 0 636175
1787498586.878855 466772 40970 3209 2109 0 462156 0 642617
1787498587.875796 466772 40970 3209 2109 0 462156 0 618074
1787498588.878444 466772 40747 3209 2109 0 462156 0 645159
1787498589.879397 466772 35498 3209 2109 0 462156 0 657489
1787498590.879191 466772 41561 3209 2109 0 462156 0 646141
1787498591.880001 466772 43264 3209 2109 0 462156 0 669916
1787498592.879432 466772 40625 3209 2109 0 462156 0 656203
1787498593.879901 466772 38803 3209 2109 0 462156 0 666913
1787498594.881160 466772 42888 3209 2109 0 462156 0 677906
1787498595.882698 466772 40789 3209 2109 0 462156 0 706935
1787498596.883018 466772 42895 3209 2109 0 462156 0 719265
1787498597.884187 466772 43581 3209 2109 0 462156 0 731594
1787498598.884189 466772 41660 3209 2109 0 462156 0 759602
1787498599.884407 466772 43289 3209 2109 0 462156 0 769373
1787498600.886202 466772 36648 3209 2109 0 462156 0 777353
1787498601.882538 466772 43193 3209 2109 0 462156 0 768588
1787498602.875909 466772 41767 3209 2109 0 462156 0 655001
1787498603.882643 466772 44202 3209 2109 0 462156 0 768273
1787498604.881680 466772 44323 3209 2109 0 462156 0 747737
1787498605.884556 466772 44549 3209 2109 0 462156 0 790095
1787498606.885566 466772 44380 3209 2109 0 462156 0 800572
1787498607.888790 466772 44245 3209 2109 0 462156 0 845864
1787498608.890320 466772 44164 3209 2109 0 462156 0 854611
1787498609.891982 466772 44081 3209 2109 0 462156 0 862847
1787498610.889065 466772 43868 3209 2109 0 462156 0 854082
1787498611.887849 466772 44650 3209 2109 0 462156 0 860068
1787498612.889283 466772 44854 3209 2109 0 462156 0 878744
1787498613.890192 466772 44523 3209 2109 0 462156 0 891075
1787498614.889508 466772 45048 3209 2109 0 462156 0 903404
1787498615.891766 467796 45019 3209 2109 0 463180 0 915734
1787498616.893437 467796 45206 3209 2109 0 463180 0 944766
1787498617.895340 467796 45706 3209 2109 0 463180 0 919751
1787498618.890219 467796 44425 3209 2109 0 463180 0 909618
1787498619.891162 467796 43575 3209 2109 0 463180 0 919855
1787498620.891444 467796 45633 3209 2109 0 463180 0 912025
1787498621.894888 467796 45514 3209 2109 0 463180 0 940239
1787498622.896336 467796 41916 3209 2109 0 463180 0 964664
1787498623.900065 467796 39054 3209 2109 0 463180 0 986974
1787498624.894054 467796 43423 3209 2109 0 463180 0 979491
1787498625.893338 467796 42746 3209 2109 0 463180 0 966297
1787498626.896993 467796 41730 3209 2109 0 463180 0 1004154
1787498627.897769 469588 40674 3209 2109 0 464972 0 1016486
1787498628.898910 469588 42565 3209 2109 0 464972 0 1028816
1787498629.900513 469588 43500 3209 2109 0 464972 0 1057592
1787498630.891903 469588 38893 3209 2109 0 464972 0 1041147
1787498631.891630 469588 39942 3209 2109 0 464972 0 1041148
1787498632.888822 469588 39864 3209 2109 0 464972 0 1041149
1787498633.895244 469588 38012 3209 2109 0 464972 0 1053480
1787498634.898713 469588 38593 3209 2109 0 464972 0 1001890
1787498635.898952 469588 41185 3209 2109 0 464972 0 1040756
1787498636.902361 469588 44600 3209 2109 0 464972 0 1029151
1787498637.902757 469588 42813 3209 2109 0 464972 0 1038949
1787498638.904381 469588 43619 3209 2109 0 464972 0 1048744
1787498639.904772 469588 40164 3209 2109 0 464972 0 1058547
1787498640.905434 469588 42754 3209 2109 0 464972 0 1080440
1787498641.904637 469588 43838 3209 2109 0 464972 0 1065816
1787498642.906037 469588 41346 3209 2109 0 464972 0 1091163
1787498643.907849 469588 43016 3209 2109 0 464972 0 1103493
1787498644.907982 469588 41629 3209 2109 0 464972 0 1115824
1787498645.909656 469588 44860 3209 2109 0 464972 0 1145112
1787498646.909303 469588 44097 3209 2109 0 464972 0 1152323
1787498647.911155 469588 43025 3209 2109 0 464972 0 1160558
1787498648.904954 469588 41041 3209 2109 0 464972 0 1152818
1787498649.905804 469588 42400 3209 2109 0 464972 0 1165149
1787498650.898526 469588 40692 3209 2109 0 464972 0 1177481
1787498651.898270 469588 40763 3209 2109 0 464972 0 1177482
1787498652.898350 469588 40625 3209 2109 0 464972 0 1177483
1787498653.908079 469588 43097 3209 2109 0 464972 0 1150269
1787498654.911742 471636 44031 3209 2109 0 467020 0 1172488
1787498655.906097 471636 43936 3209 2109 0 467020 0 1164600
1787498656.906907 471636 37365 3209 2109 0 467020 0 1174131
1787498657.906953 471636 41995 3209 2109 0 467020 0 1183676
1787498658.907906 471636 43289 3209 2109 0 467020 0 1193037
1787498659.909323 471636 41123 3209 2109 0 467020 0 1205368
1787498660.918670 471636 42107 3209 2109 0 467020 0 1252774
1787498661.915254 471636 40853 3209 2109 0 467020 0 1227187
1787498662.915529 471636 41633 3209 2109 0 467020 0 1239518
1787498663.913455 471636 43002 3209 2109 0 467020 0 1229255
1787498664.916616 471636 44134 3209 2109 0 467020 0 1264181
1787498665.920529 471636 47807 3209 2109 0 467020 0 1276509
1787498666.922990 471636 47299 3209 2109 0 467020 0 1306054
1787498667.920140 471636 45983 3209 2109 0 467020 0 1316081
1787498668.907623 471636 44479 3209 2109 0 467020 0 1301173
1787498669.904603 471636 44479 3209 2109 0 467020 0 1301174
1787498670.904942 471636 44222 3209 2109 0 467020 0 1301175
1787498671.920725 471636 44473 3209 2109 0 467020 0 1322271
1787498672.904844 471636 38515 3209 2109 0 467020 0 1313507
1787498673.917957 471636 39707 3209 2109 0 467020 0 1278463
1787498674.923405 471636 47709 3209 2109 0 467020 0 1306974
1787498675.920451 471636 46921 3209 2109 0 467020 0 1310767
1787498676.918990 471636 44274 3209 2109 0 467020 0 1293425
1787498677.919273 471636 46522 3209 2109 0 467020 0 1302687
1787498678.919818 471636 43939 3209 2109 0 467020 0 1310716
1787498679.920365 471636 48087 3209 2109 0 467020 0 1320577
1787498680.922582 471636 45610 3209 2109 0 467020 0 1341249
1787498681.920877 471636 42876 3209 2109 0 467020 0 1325501
1787498682.921536 471636 46184 3209 2109 0 467020 0 1335356
1787498683.923376 471636 41297 3209 2109 0 467020 0 1363267
1787498684.922550 471636 45369 3209 2109 0 467020 0 1387435
1787498685.924001 471636 47326 3209 2109 0 467020 0 1375598
1787498686.916170 471636 43648 3209 2109 0 467020 0 1375918
1787498687.919679 471636 49787 3209 2109 0 467020 0 1400258
1787498688.918729 471636 43522 3209 2109 0 467020 0 1412589
1787498689.926166 471636 49343 3209 2109 0 467020 0 1424920
1787498690.915241 471636 49343 3209 2109 0 467020 0 1424921
1787498691.911293 471636 49486 3209 2109 0 467020 0 1424922
1787498692.910763 471636 49486 3209 2109 0 467020 0 1424923
1787498693.919679 471636 37943 3209 2109 0 467020 0 1428009
1787498694.912709 471636 37812 3209 2109 0 467020 0 1437255
1787498695.919683 471636 39475 3209 2109 0 467020 0 1402144
1787498696.918910 471636 46934 3209 2109 0 467020 0 1393215
1787498697.920588 471636 46857 3209 2109 0 467020 0 1420345
1787498698.922802 471636 50456 3209 2109 0 467020 0 1429482
1787498699.924224 471636 49172 3209 2109 0 467020 0 1455530
1787498700.925485 471636 47118 3209 2109 0 467020 0 1459988
1787498701.932634 471636 46618 3209 2109 0 467020 0 1513401
1787498702.927354 471636 48110 3209 2109 0 467020 0 1454408
1787498703.922110 471636 46455 3209 2109 0 467020 0 1461943
1787498704.922584 471636 48190 3209 2109 0 467020 0 1470590
1787498705.924397 471636 46472 3209 2109 0 467020 0 1482921
1787498706.925640 474196 49407 3209 2109 0 469580 0 1508479
1787498707.926835 474196 46600 3209 2109 0 469580 0 1520811
1787498708.927988 474196 50885 3209 2109 0 469580 0 1519196
1787498709.926895 474196 51434 3209 2109 0 469580 0 1547570
1787498710.916864 474196 49489 3209 2109 0 469580 0 1545473
1787498711.916950 474196 49833 3209 2109 0 469580 0 1545474
1787498712.916671 474196 49321 3209 2109 0 469580 0 1545475
1787498713.917178 474196 49457 3209 2109 0 469580 0 1545476
1787498714.915985 474196 40429 3209 2109 0 469580 0 1557807
1787498715.914088 474196 40436 3209 2109 0 469580 0 1557808
1787498716.916096 474196 40094 3209 2109 0 469580 0 1557809
1787498717.916423 474196 40297 3209 2109 0 469580 0 1557810
1787498718.915997 474196 40297 3209 2109 0 469580 0 1557811
1787498719.925218 474196 42582 3209 2109 0 469580 0 1518293
1787498720.922600 474196 47999 3209 2109 0 469580 0 1475022
1787498721.927220 474196 44954 3209 2109 0 469580 0 1536870
1787498722.935440 474196 48285 3209 2109 0 469580 0 1587059
1787498723.932429 474196 47117 3209 2109 0 469580 0 1561760
1787498724.925044 474196 42982 3209 2109 0 469580 0 1530012
1787498725.927721 474196 41995 3209 2109 0 469580 0 1558927
1787498726.928790 474196 45460 3209 2109 0 469580 0 1565592
1787498727.929908 474196 47084 3209 2109 0 469580 0 1572356
1787498728.931196 474196 47135 3209 2109 0 469580 0 1579408
1787498729.942271 474196 47659 3209 2109 0 469580 0 1601632
1787498730.938428 474196 47975 3209 2109 0 469580 0 1583762
1787498731.938691 474196 46492 3209 2109 0 469580 0 1609258
1787498732.936116 474196 48313 3209 2109 0 469580 0 1591622
1787498733.939541 474196 46515 3209 2109 0 469580 0 1633920
1787498734.943063 474196 49777 3209 2109 0 469580 0 1663976
1787498735.943038 474196 49133 3209 2109 0 469580 0 1668115
1787498736.941981 474196 46901 3209 2109 0 469580 0 1658584
1787498737.919311 474196 49718 3209 2109 0 469580 0 1670916
1787498738.930444 474196 49718 3209 2109 0 469580 0 1670917
1787498739.940336 474196 49913 3209 2109 0 469580 0 1670918
1787498740.935836 474196 49635 3209 2109 0 469580 0 1670919
1787498741.941807 474196 49839 3209 2109 0 469580 0 1670920
1787498742.946525 474196 49836 3209 2109 0 469580 0 1697648
1787498743.922001 474196 42698 3209 2109 0 469580 0 1683252
1787498744.933853 474196 44014 3209 2109 0 469580 0 1645907
1787498745.935190 474196 49168 3209 2109 0 469580 0 1654940
1787498746.936477 474196 47027 3209 2109 0 469580 0 1661865
1787498747.942758 474196 49280 3209 2109 0 469580 0 1685450
1787498748.943942 474196 46380 3209 2109 0 469580 0 1686071
1787498749.934633 474196 46757 3209 2109 0 469580 0 1671564
1787498750.936229 474196 49118 3209 2109 0 469580 0 1683895
1787498751.943664 474196 45752 3209 2109 0 469580 0 1689097
1787498752.944736 474196 47552 3209 2109 0 469580 0 1697390
1787498753.945226 474196 48581 3209 2109 0 469580 0 1709721
1787498754.943282 474196 50894 3209 2109 0 469580 0 1734765
1787498755.941772 474196 49090 3209 2109 0 469580 0 1736944
1787498756.938090 474196 51485 3209 2109 0 469580 0 1738534
1787498757.937966 474196 51362 3209 2109 0 469580 0 1750865
1787498758.942109 474196 43546 3209 2109 0 469580 0 1763197
1787498759.942621 474196 53377 3209 2109 0 469580 0 1775527
1787498760.945043 474196 51683 3209 2109 0 469580 0 1804370
1787498761.928902 474196 49357 3209 2109 0 469580 0 1787859
1787498762.924859 474196 49479 3209 2109 0 469580 0 1787860
1787498763.928066 474196 49500 3209 2109 0 469580 0 1787861
1787498764.927843 474196 49501 3209 2109 0 469580 0 1773545
1787498765.928203 474196 49655 3209 2109 0 469580 0 1787862
1787498766.927530 474196 44201 3209 2109 0 469580 0 1800194
1787498767.927485 474196 44234 3209 2109 0 469580 0 1800195
1787498768.926638 474196 44543 3209 2109 0 469580 0 1800196
1787498769.927977 474196 44501 3209 2109 0 469580 0 1800197
1787498770.947434 474196 47016 3209 2109 0 469580 0 1760254
1787498771.948488 474196 48163 3209 2109 0 469580 0 1768977
1787498772.949560 474196 49985 3209 2109 0 469580 0 1773692
1787498773.950074 474196 52895 3209 2109 0 469580 0 1780707
1787498774.950699 474196 50413 3209 2109 0 469580 0 1801846
1787498775.950279 474196 49179 3209 2109 0 469580 0 1784170
1787498776.949925 474196 48969 3209 2109 0 469580 0 1791135
1787498777.942132 474196 49520 3209 2109 0 469580 0 1797899
1787498778.945037 474196 54235 3209 2109 0 469580 0 1810229
1787498779.946952 474196 52360 3209 2109 0 469580 0 1833072
1787498780.949955 474196 48891 3209 2109 0 469580 0 1840539
1787498781.946998 474196 55046 3209 2109 0 469580 0 1821767
1787498782.943933 474196 48368 3209 2109 0 469580 0 1827365
1787498783.945927 474196 52825 3209 2109 0 469580 0 1839696
1787498784.946350 474196 47171 3209 2109 0 469580 0 1864454
1787498785.947005 474196 50536 3209 2109 0 469580 0 1876785
1787498786.948557 474196 48376 3209 2109 0 469580 0 1889116
1787498787.939510 474196 54642 3209 2109 0 469580 0 1901446
1787498788.935549 474196 51606 3209 2109 0 469580 0 1901448
1787498789.933675 474196 51533 3209 2109 0 469580 0 1901449
1787498790.931136 474196 51549 3209 2109 0 469580 0 1901449
1787498791.935729 474196 51646 3209 2109 0 469580 0 1901450
1787498792.934185 474196 51472 3209 2109 0 469580 0 1901451
1787498793.933606 474196 45845 3209 2109 0 469580 0 1913784
1787498794.932712 477268 46033 3209 2109 0 472652 0 1913785
1787498795.933129 477268 45770 3209 2109 0 472652 0 1913786
1787498796.930641 477268 45852 3209 2109 0 472652 0 1913787
1787498797.955470 477268 46941 3209 2109 0 472652 0 1873731
1787498798.956680 477268 52086 3209 2109 0 472652 0 1881059
1787498799.956598 477268 54957 3209 2109 0 472652 0 1897104
1787498800.958409 477268 51135 3209 2109 0 472652 0 1905675
1787498801.957197 477268 51471 3209 2109 0 472652 0 1889643
1787498802.957809 477268 51466 3209 2109 0 472652 0 1901974
1787498803.956539 477268 51209 3209 2109 0 472652 0 1886990
1787498804.957376 477268 51228 3209 2109 0 472652 0 1916232
1787498805.962161 477268 53803 3209 2109 0 472652 0 1940368
1787498806.964245 477268 51548 3209 2109 0 472652 0 2000220
1787498807.959185 477268 53438 3209 2109 0 472652 0 1927368
1787498808.959749 477268 51282 3209 2109 0 472652 0 1934339
1787498809.959225 477268 44937 3209 2109 0 472652 0 1941073
1787498810.961430 477268 55136 3209 2109 0 472652 0 1965837
1787498811.962478 477268 53667 3209 2109 0 472652 0 1981471
1787498812.962156 477268 54179 3209 2109 0 472652 0 1971939
1787498813.961346 477268 54174 3209 2109 0 472652 0 1984270
1787498814.964066 477268 52605 3209 2109 0 472652 0 1996602
1787498815.937443 477268 49794 3209 2109 0 472652 0 1984284
1787498816.939279 477268 49772 3209 2109 0 472652 0 1987711
1787498817.943949 477268 49772 3209 2109 0 472652 0 2008935
1787498818.940145 477268 49896 3209 2109 0 472652 0 2008935
1787498819.940374 477268 50407 3209 2109 0 472652 0 2008937
1787498820.939208 477268 50407 3209 2109 0 472652 0 2008937
1787498821.935472 477268 50453 3209 2109 0 472652 0 2008938
1787498822.935788 477268 50228 3209 2109 0 472652 0 2008939
1787498823.939099 477268 47550 3209 2109 0 472652 0 2021271
1787498824.940052 477268 47559 3209 2109 0 472652 0 2021272
1787498825.952476 477268 49286 3209 2109 0 472652 0 1980924
1787498826.953976 477268 54965 3209 2109 0 472652 0 1987272
1787498827.963940 477268 54965 3209 2109 0 472652 0 2012977
1787498828.963169 477268 51884 3209 2109 0 472652 0 1991540
1787498829.963435 477268 55710 3209 2109 0 472652 0 1997192
1787498830.964385 477268 50524 3209 2109 0 472652 0 2001689
1787498831.968700 477268 54645 3209 2109 0 472652 0 2066644
1787498832.964493 477268 54766 3209 2109 0 472652 0 2003582
1787498833.964482 477268 47855 3209 2109 0 472652 0 2013555
1787498834.965098 477268 56892 3209 2109 0 472652 0 2019305
1787498835.964283 477268 44802 3209 2109 0 472652 0 2031637
1787498836.966096 477268 57773 3209 2109 0 472652 0 2037883
1787498837.958771 477268 58095 3209 2109 0 472652 0 2050213
1787498838.962333 477268 54739 3209 2109 0 472652 0 2069621
1787498839.964029 477268 57932 3209 2109 0 472652 0 2089826
1787498840.957958 477268 51765 3209 2109 0 472652 0 2077989
1787498841.958803 477268 55879 3209 2109 0 472652 0 2090321
1787498842.958132 477268 52024 3209 2109 0 472652 0 2102652
1787498843.943512 477268 49573 3209 2109 0 472652 0 2114984
1787498844.943621 477268 49667 3209 2109 0 472652 0 2114984
1787498845.944029 477268 45135 3209 2109 0 472652 0 2114985
1787498846.943565 477268 46183 3209 2109 0 472652 0 2114986
1787498847.943729 477268 47881 3209 2109 0 472652 0 2114987
1787498848.943653 477268 48891 3209 2109 0 472652 0 2114988
1787498849.945617 477268 49981 3209 2109 0 472652 0 2114989
1787498850.945290 477268 45498 3209 2109 0 472652 0 2127320
1787498851.940181 477268 45182 3209 2109 0 472652 0 2127321
1787498852.943356 477268 45183 3209 2109 0 472652 0 2127322
1787498853.960134 477268 46338 3209 2109 0 472652 0 2085977
1787498854.970003 477268 56737 3209 2109 0 472652 0 2094554
1787498855.970846 477268 53003 3209 2109 0 472652 0 2110400
1787498856.970080 477268 53005 3209 2109 0 472652 0 2099588
1787498857.969677 477268 54031 3209 2109 0 472652 0 2103031
1787498858.970848 477268 53638 3209 2109 0 472652 0 2109509
1787498859.960637 477268 55543 3209 2109 0 472652 0 2097081
1787498860.973325 477268 55618 3209 2109 0 472652 0 2142856
1787498861.970610 477268 52843 3209 2109 0 472652 0 2119055
1787498862.970858 477268 55367 3209 2109 0 472652 0 2124222
1787498863.972221 477268 52874 3209 2109 0 472652 0 2130839
1787498864.972391 477268 50206 3209 2109 0 472652 0 2143172
1787498865.972979 477268 56481 3209 2109 0 472652 0 2148232
1787498866.973339 477268 52837 3209 2109 0 472652 0 2162730
1787498867.973414 477268 51493 3209 2109 0 472652 0 2152687
1787498868.973987 477268 53651 3209 2109 0 472652 0 2159182
1787498869.963510 477268 52991 3209 2109 0 472652 0 2154166
1787498870.972176 477268 57308 3209 2109 0 472652 0 2193570
1787498871.971208 477268 55261 3209 2109 0 472652 0 2219530
1787498872.945604 477268 54830 3209 2109 0 472652 0 2205902
1787498873.950776 477268 54895 3209 2109 0 472652 0 2199246
1787498874.947369 477268 54895 3209 2109 0 472652 0 2191900
1787498875.947814 477268 54895 3209 2109 0 472652 0 2205905
1787498876.945125 477268 54900 3209 2109 0 472652 0 2205906
1787498877.947762 477268 54575 3209 2109 0 472652 0 2205907
1787498878.947927 477268 54659 3209 2109 0 472652 0 2205908
1787498879.947032 477268 54673 3209 2109 0 472652 0 2205909
1787498880.947657 477268 50287 3209 2109 0 472652 0 2218239
1787498881.947373 477268 50862 3209 2109 0 472652 0 2218240
1787498882.946435 477268 50897 3209 2109 0 472652 0 2194652
1787498883.947519 477268 50828 3209 2109 0 472652 0 2218241
1787498884.963185 477268 52626 3209 2109 0 472652 0 2173496
1787498885.975114 477268 58272 3209 2109 0 472652 0 2180571
1787498886.975884 477268 53551 3209 2109 0 472652 0 2187093
1787498887.976547 477268 58969 3209 2109 0 472652 0 2191854
1787498888.981363 477268 59484 3209 2109 0 472652 0 2263784
1787498889.976775 477268 52941 3209 2109 0 472652 0 2195964
1787498890.976718 477268 59091 3209 2109 0 472652 0 2199724
1787498891.977036 477268 53457 3209 2109 0 472652 0 2212056
1787498892.977437 477268 59506 3209 2109 0 472652 0 2215177
1787498893.977095 477268 58222 3209 2109 0 472652 0 2221634
1787498894.982550 480852 56402 3209 2109 0 476236 0 2294906
1787498895.978470 480852 52286 3209 2109 0 476236 0 2226992
1787498896.978178 480852 51924 3209 2109 0 476236 0 2230357
1787498897.975496 480852 55067 3209 2109 0 476236 0 2218527
1787498898.978824 480852 52780 3209 2109 0 476236 0 2247708
1787498899.981722 480852 58765 3209 2109 0 476236 0 2272139
1787498900.980523 480852 57277 3209 2109 0 476236 0 2271272
1787498901.984007 480852 51079 3209 2109 0 476236 0 2334057
1787498902.951267 484949 47249 3209 2109 0 480332 0 2263112
1787498903.947880 484949 47113 3209 2109 0 480332 0 2263113
1787498904.948354 484949 47116 3209 2109 0 480332 0 2263114
1787498905.948302 484949 46817 3209 2109 0 480332 0 2263115
1787498906.948467 484949 46800 3209 2109 0 480332 0 2263116
1787498907.948476 484949 46863 3209 2109 0 480332 0 2263117
1787498908.947736 484949 46745 3209 2109 0 480332 0 2263118
1787498909.948057 484949 46820 3209 2109 0 480332 0 2263119
1787498910.947482 484949 46750 3209 2109 0 480332 0 2263120
1787498911.948500 484949 47325 3209 2109 0 480332 0 2263121
1787498912.947890 484949 47325 3209 2109 0 480332 0 2263122
1787498913.948246 484949 47325 3209 2109 0 480332 0 2263123
1787498914.947838 484949 47389 3209 2109 0 480332 0 2263124
1787498915.944825 484949 48831 3209 2109 0 480332 0 2201909
1787498916.947403 484949 49496 3209 2109 0 480332 0 2237959
1787498917.946706 484949 49496 3209 2109 0 480332 0 2237960
1787498918.947464 484949 49496 3209 2109 0 480332 0 2237961
1787498919.946492 484949 49496 3209 2109 0 480332 0 2237962
1787498920.946857 484949 49053 3209 2109 0 480332 0 2237963
1787498921.947174 484949 48772 3209 2109 0 480332 0 2237964
1787498922.947212 484949 49283 3209 2109 0 480332 0 2237965
1787498923.947145 484949 48814 3209 2109 0 480332 0 2237967
1787498924.946692 484949 49011 3209 2109 0 480332 0 2237968
1787498925.945485 484949 49032 3209 2109 0 480332 0 2237969
1787498926.946565 484949 49055 3209 2109 0 480332 0 2216148
1787498927.946660 484949 50681 3209 2109 0 480332 0 2218301
1787498928.947941 484949 50576 3209 2109 0 480332 0 2262301
1787498929.947896 484949 50576 3209 2109 0 480332 0 2262302
1787498930.948868 484949 50576 3209 2109 0 480332 0 2262302
1787498931.948447 484949 50055 3209 2109 0 480332 0 2262303
1787498932.947933 484949 50055 3209 2109 0 480332 0 2262303
1787498933.946645 484949 50055 3209 2109 0 480332 0 2262304
1787498934.948818 484949 49204 3209 2109 0 480332 0 2262304
1787498935.947977 484949 49169 3209 2109 0 480332 0 2262305
1787498936.946892 484949 49258 3209 2109 0 480332 0 2262305
1787498937.943062 484949 50352 3209 2109 0 480332 0 2168010
1787498938.946294 484949 50352 3209 2109 0 480332 0 2208071
1787498939.945548 484949 50352 3209 2109 0 480332 0 2208072
1787498940.946866 484949 49624 3209 2109 0 480332 0 2208073
1787498941.945723 484949 49624 3209 2109 0 480332 0 2205722
1787498942.945519 484949 49892 3209 2109 0 480332 0 2208076
1787498943.945781 484949 49892 3209 2109 0 480332 0 2208076
1787498944.944925 484949 49328 3209 2109 0 480332 0 2208077
1787498945.943809 484949 49458 3209 2109 0 480332 0 2208079
1787498946.944325 484949 49370 3209 2109 0 480332 0 2208080
1787498947.944381 484949 49370 3209 2109 0 480332 0 2208081
1787498948.939858 484949 50528 3209 2109 0 480332 0 2121467
1787498949.941978 484949 50531 3209 2109 0 480332 0 2163253
1787498950.942453 484949 50531 3209 2109 0 480332 0 2163254
1787498951.943781 484949 50282 3209 2109 0 480332 0 2163255
1787498952.943669 484949 50485 3209 2109 0 480332 0 2163255
1787498953.943541 484949 50485 3209 2109 0 480332 0 2163257
1787498954.941927 484949 50485 3209 2109 0 480332 0 2163258
1787498955.942701 484949 49843 3209 2109 0 480332 0 2163259
1787498956.941789 484949 49836 3209 2109 0 480332 0 2163260
1787498957.942381 484949 49926 3209 2109 0 480332 0 2163261
1787498958.942090 484949 49892 3209 2109 0 480332 0 2163262
1787498959.937221 484949 51022 3209 2109 0 480332 0 2066522
1787498960.937284 484949 51007 3209 2109 0 480332 0 2066523
1787498961.937583 484949 50884 3209 2109 0 480332 0 2066524
1787498962.936984 484949 50884 3209 2109 0 480332 0 2066525
1787498963.937269 484949 50884 3209 2109 0 480332 0 2066526
1787498964.937196 484949 50335 3209 2109 0 480332 0 2066527
1787498965.937980 484949 49788 3209 2109 0 480332 0 2066528
1787498966.938790 484949 49177 3209 2109 0 480332 0 2066529
1787498967.939014 484949 49258 3209 2109 0 480332 0 2066530
1787498968.936566 484949 40380 3209 2109 0 480332 0 2028931
1787498969.936481 484949 39715 3209 2109 0 480332 0 2028932
1787498970.935207 484949 39631 3209 2109 0 480332 0 2028933
1787498971.935735 484949 39469 3209 2109 0 480332 0 2028934
1787498972.935934 484949 39469 3209 2109 0 480332 0 2028935
1787498973.935809 484949 39980 3209 2109 0 480332 0 2028936
1787498974.936995 484949 39980 3209 2109 0 480332 0 2028937
1787498975.936670 484949 39980 3209 2109 0 480332 0 2028938
1787498976.934139 484949 40873 3209 2109 0 480332 0 1976796
1787498977.936310 484949 41188 3209 2109 0 480332 0 1994823
1787498978.935255 484949 41188 3209 2109 0 480332 0 1994824
1787498979.934730 484949 41188 3209 2109 0 480332 0 1994825
1787498980.935036 484949 41188 3209 2109 0 480332 0 1994826
1787498981.927361 484949 41188 3209 2109 0 480332 0 1803466
1787498982.933921 484949 40579 3209 2109 0 480332 0 1970998
1787498983.934100 484949 41090 3209 2109 0 480332 0 1970998
1787498984.933611 484949 40179 3209 2109 0 480332 0 1970999
1787498985.933302 484949 40179 3209 2109 0 480332 0 1971001
1787498986.934048 484949 40179 3209 2109 0 480332 0 1971002
1787498987.933499 484949 40179 3209 2109 0 480332 0 1971003
1787498988.933608 484949 40021 3209 2109 0 480332 0 1971004
1787498989.933256 484949 39963 3209 2109 0 480332 0 1971005
1787498990.933374 484949 39963 3209 2109 0 480332 0 1971006
1787498991.932409 484949 41345 3209 2109 0 480332 0 1951871
1787498992.932829 543837 120291 3240 2109 0 539212 0 1951887
1787498993.932496 638557 218830 3240 2109 0 633932 0 1951887
1787498994.933259 764509 315777 3240 2109 0 759884 0 1951887
1787498995.933824 825437 413149 3240 2109 0 820812 0 1951887
1787498996.932745 974941 511978 3240 2109 0 970316 0 1951887
1787498997.932895 1077341 608675 3240 2109 0 1072716 0 1951887
1787498998.932728 1197149 705799 3240 2109 0 1192524 0 1951887
1787498999.933237 1197149 802840 3240 2109 0 1192524 0 1951887
1787499000.932792 1334365 900322 3240 2109 0 1329740 0 1951887
1787499001.932635 1498205 997197 3240 2109 0 1493580 0 1951887
1787499002.932700 1505373 1094506 3240 2109 0 1500748 0 1951887
1787499003.933048 1704541 1191297 3240 2109 0 1699916 0 1951887
1787499004.933526 1704541 1287813 3240 2109 0 1699916 0 1951887
1787499005.933010 1942109 1383655 3240 2109 0 1937484 0 1951887
1787499006.932821 1942109 1479911 3240 2109 0 1937484 0 1951887
1787499007.947080 2204253 1575915 3500 2109 0 2199628 0 1951887
1787499008.933808 2214493 1655180 3500 2109 0 2209868 0 1951887
1787499009.950786 2214493 1740552 3500 2109 0 2209868 0 1951887
1787499010.936352 2214493 1802068 3386 2109 0 2209868 0 1920883
1787499011.942177 2542173 1877515 3386 2109 0 2537548 0 1844582
1787499012.949343 2554461 1952574 3371 2109 0 2549836 0 1769040
1787499013.946859 2554461 2028398 3371 2109 0 2549836 0 1693056
1787499014.953422 2554461 2111085 3371 2109 0 2549836 0 1611928
1787499015.956059 2558558 2139140 3377 2109 0 2553932 0 1586333
1787499016.955563 2558558 2139152 3377 2109 0 2553932 0 1586333
1787499017.955503 2558558 2139157 3377 2109 0 2553932 0 1586333
1787499018.955671 2558558 2139379 3377 2109 0 2553932 0 1586333
1787499019.955679 2558558 2139848 3377 2109 0 2553932 0 1586980
1787499020.955617 2558558 2140028 3377 2109 0 2553932 0 1587853
1787499021.957400 2558558 2140431 3377 2109 0 2553932 0 1563611
1787499022.958030 2558558 2140436 3377 2109 0 2553932 0 1564240
1787499023.957158 2558558 2140440 3377 2109 0 2553932 0 1564240
1787499024.957649 2558558 2140731 3377 2109 0 2553932 0 1564240
1787499025.957974 2558558 2140852 3377 2109 0 2553932 0 1564240
1787499026.957306 2558558 2140898 3377 2109 0 2553932 0 1564240
1787499027.957099 2558558 2141217 3377 2109 0 2553932 0 1564240
1787499028.957592 2558558 2141223 3377 2109 0 2553932 0 1564240
1787499029.957226 2558558 2141226 3377 2109 0 2553932 0 1564240
1787499030.957961 2558558 2141226 3377 2109 0 2553932 0 1564240
1787499031.960629 2562655 2141206 3377 2109 0 2558028 0 1564240
1787499032.957483 2562655 2141212 3377 2109 0 2558028 0 1564240
1787499033.957263 2562655 2141216 3377 2109 0 2558028 0 1564240
1787499034.957425 2562655 2141296 3377 2109 0 2558028 0 1564321
1787499035.957718 2562655 2141296 3377 2109 0 2558028 0 1565847
1787499036.957934 2562655 2141301 3377 2109 0 2558028 0 1567466
1787499037.957220 2562655 2141301 3377 2109 0 2558028 0 1569019
1787499038.956816 2562655 2141301 3377 2109 0 2558028 0 1570506
1787499039.957256 2562655 2141301 3377 2109 0 2558028 0 1570506
1787499040.956655 2562655 2141311 3377 2109 0 2558028 0 1570506
1787499041.964591 2562655 2141311 3377 2109 0 2558028 0 1570506
1787499042.957196 2562655 2141311 3377 2109 0 2558028 0 1570506
1787499043.957351 2562655 2141311 3377 2109 0 2558028 0 1570506
1787499044.951395 2562655 2141375 3377 2109 0 2558028 0 1570011
1787499045.951999 2562655 2141376 3377 2109 0 2558028 0 1570011
1787499046.951418 2562655 2141377 3377 2109 0 2558028 0 1570011
1787499047.956506 2566752 2141372 3377 2109 0 2562124 0 1570205
1787499048.952377 2566752 2141374 3377 2109 0 2562124 0 1570644
1787499049.951421 2566752 2141374 3377 2109 0 2562124 0 1571064
1787499050.952389 2566752 2141381 3377 2109 0 2562124 0 1571536
1787499051.951969 2566752 2141381 3377 2109 0 2562124 0 1572019
1787499052.952230 2566752 2141381 3377 2109 0 2562124 0 1572485
1787499053.952131 2566752 2141381 3377 2109 0 2562124 0 1572924
1787499054.951913 2566752 2141381 3377 2109 0 2562124 0 1573342
1787499055.951910 2566752 2141381 3377 2109 0 2562124 0 1573743
1787499056.951823 2566752 2141381 3377 2109 0 2562124 0 1574143
1787499057.951591 2566752 2141381 3377 2109 0 2562124 0 1574494
1787499058.951906 2566752 2141377 3377 2109 0 2562124 0 1574930
1787499059.951664 2566752 2141378 3377 2109 0 2562124 0 1575265
1787499060.951747 2566752 2141379 3377 2109 0 2562124 0 1575640
1787499061.951453 2566752 2141380 3377 2109 0 2562124 0 1576053
1787499062.952068 2566752 2141381 3377 2109 0 2562124 0 1576431
1787499063.951720 2566752 2141382 3377 2109 0 2562124 0 1576837
1787499064.952075 2566752 2141384 3377 2109 0 2562124 0 1577176
1787499065.951360 2566752 2141432 3377 2109 0 2562124 0 1577540
1787499066.951810 2566752 2141432 3377 2109 0 2562124 0 1577914
1787499067.951659 2566752 2141432 3377 2109 0 2562124 0 1578258
1787499068.951787 2566752 2141433 3377 2109 0 2562124 0 1578622
1787499069.951502 2566752 2141436 3377 2109 0 2562124 0 1578986
1787499070.951684 2566752 2141436 3377 2109 0 2562124 0 1579286
1787499071.951663 2566752 2141436 3377 2109 0 2562124 0 1579612
1787499072.951844 2566752 2141436 3377 2109 0 2562124 0 1579927
1787499073.952276 2566752 2141436 3377 2109 0 2562124 0 1580203
1787499074.951533 2566752 2141436 3377 2109 0 2562124 0 1580489
1787499075.952099 2566752 2141468 3377 2109 0 2562124 0 1580241
1787499076.951676 2566752 2141468 3377 2109 0 2562124 0 1580499
1787499077.951656 2566752 2141468 3377 2109 0 2562124 0 1580810
1787499078.959314 2566752 2141468 3377 2109 0 2562124 0 1581103
1787499079.954282 2566752 2141468 3377 2109 0 2562124 0 1552247
1787499080.953835 2566752 2141468 3377 2109 0 2562124 0 1552557
1787499081.954425 2566752 2141468 3377 2109 0 2562124 0 1552871
1787499082.956221 2566752 2141468 3377 2109 0 2562124 0 1553175
1787499083.954770 2566752 2141468 3377 2109 0 2562124 0 1553480
1787499084.954316 2566752 2141468 3377 2109 0 2562124 0 1553816
1787499085.954598 2566752 2141468 3377 2109 0 2562124 0 1554133
1787499086.954972 2566752 2141468 3377 2109 0 2562124 0 1554456
1787499087.954538 2566752 2141468 3377 2109 0 2562124 0 1554756
1787499088.954211 2566752 2141468 3377 2109 0 2562124 0 1555099
1787499089.954522 2566752 2141468 3377 2109 0 2562124 0 1555357
1787499090.954325 2566752 2141468 3377 2109 0 2562124 0 1555687
1787499091.957811 2566752 2141468 3377 2109 0 2562124 0 1555980
1787499092.954984 2566752 2141468 3377 2109 0 2562124 0 1556264
1787499093.954741 2566752 2141468 3377 2109 0 2562124 0 1556557
1787499094.953922 2566752 2141468 3377 2109 0 2562124 0 1556853
1787499095.954012 2566752 2141468 3377 2109 0 2562124 0 1557191
1787499096.954115 2566752 2141484 3377 2109 0 2562124 0 1557474
1787499097.954332 2566752 2141484 3377 2109 0 2562124 0 1557739
1787499098.954704 2566752 2141484 3377 2109 0 2562124 0 1558028
1787499099.954226 2566752 2141484 3377 2109 0 2562124 0 1558259
1787499100.955003 2566752 2141484 3377 2109 0 2562124 0 1558559
1787499101.956245 2566752 2141484 3377 2109 0 2562124 0 1558844
1787499102.954061 2566752 2141484 3377 2109 0 2562124 0 1559149
1787499103.954550 2566752 2141484 3377 2109 0 2562124 0 1559411
1787499104.953766 2566752 2141484 3377 2109 0 2562124 0 1559677
1787499105.953868 2566752 2141484 3377 2109 0 2562124 0 1559961
1787499106.954516 2566752 2141484 3377 2109 0 2562124 0 1560247
1787499107.953613 2566752 2141484 3377 2109 0 2562124 0 1560519
1787499108.953431 2566752 2141484 3377 2109 0 2562124 0 1560800
1787499109.954361 2566752 2141484 3377 2109 0 2562124 0 1561046
1787499110.956134 2566752 2141484 3377 2109 0 2562124 0 1561309
1787499111.955909 2566752 2141484 3377 2109 0 2562124 0 1561608
1787499112.954256 2566752 2141484 3377 2109 0 2562124 0 1561825
1787499113.954383 2566752 2141484 3377 2109 0 2562124 0 1562077
1787499114.954671 2566752 2141484 3377 2109 0 2562124 0 1562388
1787499115.954028 2566752 2141484 3377 2109 0 2562124 0 1562648
1787499116.953906 2566752 2141980 3377 2109 0 2562124 0 1562914
1787499117.953945 2566752 2141980 3377 2109 0 2562124 0 1563191
1787499118.954171 2566752 2141980 3377 2109 0 2562124 0 1563447
1787499119.954509 2566752 2141980 3377 2109 0 2562124 0 1563726
1787499120.953739 2566752 2141980 3377 2109 0 2562124 0 1563960
1787499121.953712 2566752 2141980 3377 2109 0 2562124 0 1564254
1787499122.954367 2566752 2141980 3377 2109 0 2562124 0 1564501
1787499123.954375 2566752 2141980 3377 2109 0 2562124 0 1564741
1787499124.954016 2566752 2141980 3377 2109 0 2562124 0 1564977
1787499125.953965 2566752 2141980 3377 2109 0 2562124 0 1565239
1787499126.953646 2566752 2141980 3377 2109 0 2562124 0 1565524
1787499127.954275 2566752 2141980 3377 2109 0 2562124 0 1565760
1787499128.954137 2566752 2141980 3377 2109 0 2562124 0 1566013
1787499129.954165 2566752 2141980 3377 2109 0 2562124 0 1566262
1787499130.954314 2566752 2141980 3377 2109 0 2562124 0 1566586
1787499131.953838 2566752 2141980 3377 2109 0 2562124 0 1566806
1787499132.954007 2566752 2141980 3377 2109 0 2562124 0 1567035
1787499133.954225 2566752 2141980 3377 2109 0 2562124 0 1567312
1787499134.954137 2566752 2141980 3377 2109 0 2562124 0 1567557
1787499135.953252 2567392 2142191 3381 2109 0 2562764 0 1567817
1787499136.953531 2567392 2142191 3381 2109 0 2562764 0 1568034
1787499137.953715 2567392 2142671 3381 2109 0 2562764 0 1568307
1787499138.953476 2567392 2142673 3381 2109 0 2562764 0 1568538
1787499139.953008 2567392 2142673 3381 2109 0 2562764 0 1568769
1787499140.953371 2567392 2142673 3381 2109 0 2562764 0 1568990
1787499141.953229 2567392 2142673 3381 2109 0 2562764 0 1569226
1787499142.953305 2567392 2142673 3381 2109 0 2562764 0 1569490
1787499143.953171 2567392 2142673 3381 2109 0 2562764 0 1569751
1787499144.953309 2567392 2142673 3381 2109 0 2562764 0 1570032
1787499145.953432 2567392 2142673 3381 2109 0 2562764 0 1570289
1787499146.953191 2567392 2142673 3381 2109 0 2562764 0 1570562
1787499147.952890 2567392 2143137 3381 2109 0 2562764 0 1570786
1787499148.953154 2567392 2143137 3381 2109 0 2562764 0 1571019
1787499149.952966 2567392 2143137 3381 2109 0 2562764 0 1571266
1787499150.953037 2567392 2143137 3381 2109 0 2562764 0 1571516
1787499151.952927 2567392 2143137 3381 2109 0 2562764 0 1571733
1787499152.953428 2567392 2143137 3381 2109 0 2562764 0 1571976
1787499153.953081 2567392 2143137 3381 2109 0 2562764 0 1572242
1787499154.952883 2567392 2143137 3381 2109 0 2562764 0 1572534
1787499155.953115 2567392 2143137 3381 2109 0 2562764 0 1572741
1787499156.953112 2567392 2143137 3381 2109 0 2562764 0 1572974
1787499157.953017 2567392 2143137 3381 2109 0 2562764 0 1573231
1787499158.955602 2567392 2143137 3381 2109 0 2562764 0 1546310
1787499159.955132 2567392 2143137 3381 2109 0 2562764 0 1546558
1787499160.955122 2567392 2143137 3381 2109 0 2562764 0 1546788
1787499161.956560 2567392 2143137 3381 2109 0 2562764 0 1547004
1787499162.955515 2567392 2143137 3381 2109 0 2562764 0 1547253
1787499163.954950 2567392 2143137 3381 2109 0 2562764 0 1547501
1787499164.955760 2567392 2143137 3381 2109 0 2562764 0 1547744
1787499165.955324 2567392 2143137 3381 2109 0 2562764 0 1547960
1787499166.955277 2567392 2143137 3381 2109 0 2562764 0 1548213
1787499167.955353 2567392 2143585 3381 2109 0 2562764 0 1548486
1787499168.955047 2567392 2143585 3381 2109 0 2562764 0 1548729
1787499169.954909 2567392 2143585 3381 2109 0 2562764 0 1548950
1787499170.955085 2567392 2143585 3381 2109 0 2562764 0 1549196
1787499171.955021 2567392 2143585 3381 2109 0 2562764 0 1549474
1787499172.955052 2567392 2143585 3381 2109 0 2562764 0 1549722
1787499173.954909 2567392 2143585 3381 2109 0 2562764 0 1549933
1787499174.954941 2567392 2143585 3381 2109 0 2562764 0 1550208
1787499175.955019 2567392 2143585 3381 2109 0 2562764 0 1550439
1787499176.954993 2567392 2143585 3381 2109 0 2562764 0 1550691
1787499177.955366 2567392 2143585 3381 2109 0 2562764 0 1550934
1787499178.955639 2567392 2144017 3381 2109 0 2562764 0 1551174
1787499179.955360 2567392 2144017 3381 2109 0 2562764 0 1551439
1787499180.955380 2567392 2144017 3381 2109 0 2562764 0 1551693
1787499181.956544 2567392 2144017 3381 2109 0 2562764 0 1551940
1787499182.955923 2567392 2144017 3381 2109 0 2562764 0 1552192
1787499183.955410 2567392 2144017 3381 2109 0 2562764 0 1552417
1787499184.955349 2567392 2144017 3381 2109 0 2562764 0 1552636
1787499185.955277 2567392 2144017 3381 2109 0 2562764 0 1552874
1787499186.955289 2567392 2144017 3381 2109 0 2562764 0 1553119
1787499187.955967 2567392 2144017 3381 2109 0 2562764 0 1553363
1787499188.955478 2567392 2144330 3381 2109 0 2562764 0 1553627
1787499189.954587 2567392 2144330 3381 2109 0 2562764 0 1553888
1787499190.955408 2567392 2144330 3381 2109 0 2562764 0 1554135
1787499191.954824 2567392 2144330 3381 2109 0 2562764 0 1554404
1787499192.955031 2567392 2144330 3381 2109 0 2562764 0 1554627
1787499193.955518 2567392 2144330 3381 2109 0 2562764 0 1554887
1787499194.954717 2567392 2144330 3381 2109 0 2562764 0 1555155
1787499195.955753 2567392 2144330 3381 2109 0 2562764 0 1555379
1787499196.955352 2567392 2144330 3381 2109 0 2562764 0 1555590
1787499197.955216 2567392 2144330 3381 2109 0 2562764 0 1555819
1787499198.955743 2567392 2144746 3381 2109 0 2562764 0 1556027
1787499199.955262 2567392 2144746 3381 2109 0 2562764 0 1556254
1787499200.955328 2567392 2144746 3381 2109 0 2562764 0 1556455
1787499201.955250 2567392 2144746 3381 2109 0 2562764 0 1556679
1787499202.955233 2567392 2144746 3381 2109 0 2562764 0 1556909
1787499203.955031 2567392 2144746 3381 2109 0 2562764 0 1557128
1787499204.954908 2567392 2144746 3381 2109 0 2562764 0 1557393
1787499205.955362 2567392 2144746 3381 2109 0 2562764 0 1557658
1787499206.955307 2567392 2144746 3381 2109 0 2562764 0 1557911
1787499207.955604 2567392 2144746 3381 2109 0 2562764 0 1558150
1787499208.955258 2567392 2145146 3381 2109 0 2562764 0 1558370
1787499209.954856 2567392 2145146 3381 2109 0 2562764 0 1558613
1787499210.955107 2567392 2145146 3381 2109 0 2562764 0 1558832
1787499211.956648 2567392 2145146 3381 2109 0 2562764 0 1559030
1787499212.955332 2567392 2145146 3381 2109 0 2562764 0 1559278
1787499213.955207 2567392 2145146 3381 2109 0 2562764 0 1559494
1787499214.955536 2567392 2145146 3381 2109 0 2562764 0 1559731
1787499215.954686 2567392 2145146 3381 2109 0 2562764 0 1559950
1787499216.954537 2567392 2145146 3381 2109 0 2562764 0 1560183
1787499217.955591 2567392 2145146 3381 2109 0 2562764 0 1560439
1787499218.954705 2567392 2145146 3381 2109 0 2562764 0 1560658
1787499219.954524 2567392 2145146 3381 2109 0 2562764 0 1560878
1787499220.954214 2567392 2145146 3381 2109 0 2562764 0 1561109
1787499221.960868 2567392 2145146 3381 2109 0 2562764 0 1561348
1787499222.954547 2567392 2145146 3381 2109 0 2562764 0 1561557
1787499223.955480 2567392 2145146 3381 2109 0 2562764 0 1561775
1787499224.954923 2567392 2145146 3381 2109 0 2562764 0 1561992
1787499225.954444 2567392 2145146 3381 2109 0 2562764 0 1562213
1787499226.954399 2567392 2145146 3381 2109 0 2562764 0 1562460
1787499227.953806 2567392 2145146 3381 2109 0 2562764 0 1562688
1787499228.954578 2567392 2145146 3381 2109 0 2562764 0 1562923
1787499229.955046 2567392 2145891 3381 2109 0 2562764 0 1563148
1787499230.954102 2567392 2145891 3381 2109 0 2562764 0 1563333
1787499231.954895 2567392 2145891 3381 2109 0 2562764 0 1563574
1787499232.954643 2567392 2145891 3381 2109 0 2562764 0 1563819
1787499233.954913 2567392 2145891 3381 2109 0 2562764 0 1564035
1787499234.954755 2567392 2145891 3381 2109 0 2562764 0 1564273
1787499235.954937 2567392 2145891 3381 2109 0 2562764 0 1564495
1787499236.954740 2567392 2145891 3381 2109 0 2562764 0 1564699
1787499237.954719 2567392 2145891 3381 2109 0 2562764 0 1564915
1787499238.954660 2567392 2145891 3381 2109 0 2562764 0 1565162
1787499239.958234 2567392 2146259 3381 2109 0 2562764 0 1565381
1787499240.954278 2567392 2146259 3381 2109 0 2562764 0 1565629
1787499241.954818 2567392 2146259 3381 2109 0 2562764 0 1565868
1787499242.954539 2567392 2146259 3381 2109 0 2562764 0 1566108
1787499243.954672 2567392 2146259 3381 2109 0 2562764 0 1566313
1787499244.954324 2567392 2146259 3381 2109 0 2562764 0 1566558
1787499245.954306 2567392 2146259 3381 2109 0 2562764 0 1566793
1787499246.954306 2567392 2146259 3381 2109 0 2562764 0 1567008
1787499247.954647 2567392 2146259 3381 2109 0 2562764 0 1567226
1787499248.954449 2567392 2146259 3381 2109 0 2562764 0 1567456
1787499249.954662 2567392 2146636 3381 2109 0 2562764 0 1567663
1787499250.954682 2567392 2146636 3381 2109 0 2562764 0 1567907
1787499251.954516 2567392 2146636 3381 2109 0 2562764 0 1568126
1787499252.954266 2567392 2146636 3381 2109 0 2562764 0 1568371
1787499253.954804 2567392 2146636 3381 2109 0 2562764 0 1568633
1787499254.954527 2567392 2146636 3381 2109 0 2562764 0 1568897
1787499255.954323 2567392 2146636 3381 2109 0 2562764 0 1569083
1787499256.953937 2567392 2146636 3381 2109 0 2562764 0 1569323
1787499257.954284 2567392 2146636 3381 2109 0 2562764 0 1569552
1787499258.956938 2567392 2146636 3381 2109 0 2562764 0 1569810
1787499259.954431 2567392 2147383 3381 2109 0 2562764 0 1570032
1787499260.955684 2567392 2147383 3381 2109 0 2562764 0 1570279
1787499261.955010 2567392 2147383 3381 2109 0 2562764 0 1570518
1787499262.955259 2567392 2147383 3381 2109 0 2562764 0 1570768
1787499263.954005 2567392 2147383 3381 2109 0 2562764 0 1570980
1787499264.954243 2567392 2147383 3381 2109 0 2562764 0 1571211
1787499265.954462 2567392 2147383 3381 2109 0 2562764 0 1571438
1787499266.954447 2567392 2147383 3381 2109 0 2562764 0 1571647
1787499267.954270 2567392 2147383 3381 2109 0 2562764 0 1571876
1787499268.954329 2567392 2147383 3381 2109 0 2562764 0 1572066
1787499269.953459 2567392 2147383 3381 2109 0 2562764 0 1572305
1787499270.953907 2567392 2147719 3381 2109 0 2562764 0 1572540
1787499271.953460 2567392 2147719 3381 2109 0 2562764 0 1572770
1787499272.953957 2567392 2147719 3381 2109 0 2562764 0 1572975
1787499273.953502 2567392 2147719 3381 2109 0 2562764 0 1573190
1787499274.953510 2567392 2147719 3381 2109 0 2562764 0 1573384
1787499275.953377 2567392 2147719 3381 2109 0 2562764 0 1573573
1787499276.953794 2567392 2147719 3381 2109 0 2562764 0 1573777
1787499277.953545 2567392 2147719 3381 2109 0 2562764 0 1574004
1787499278.953945 2567392 2147719 3381 2109 0 2562764 0 1574233
1787499279.953708 2567392 2147719 3381 2109 0 2562764 0 1574418
1787499280.954034 2567392 2148128 3381 2109 0 2562764 0 1574634
1787499281.959680 2567392 2148128 3381 2109 0 2562764 0 1574817
1787499282.953375 2567392 2148128 3381 2109 0 2562764 0 1575034
1787499283.953387 2567392 2148128 3381 2109 0 2562764 0 1575259
1787499284.953872 2567392 2148128 3381 2109 0 2562764 0 1575451
1787499285.953248 2567392 2148128 3381 2109 0 2562764 0 1575682
1787499286.953919 2567392 2148128 3381 2109 0 2562764 0 1575869
1787499287.953313 2567392 2148128 3381 2109 0 2562764 0 1576087
1787499288.953549 2567392 2148128 3381 2109 0 2562764 0 1576311
1787499289.953199 2567392 2148128 3381 2109 0 2562764 0 1576516
1787499290.953543 2567392 2148875 3381 2109 0 2562764 0 1576767
1787499291.953593 2567392 2148875 3381 2109 0 2562764 0 1576994
1787499292.953645 2567392 2148875 3381 2109 0 2562764 0 1577236
1787499293.953288 2567392 2148875 3381 2109 0 2562764 0 1577436
1787499294.953788 2567392 2148875 3381 2109 0 2562764 0 1577637
1787499295.953329 2567392 2148875 3381 2109 0 2562764 0 1577825
1787499296.953496 2567392 2148875 3381 2109 0 2562764 0 1578064
1787499297.952882 2567392 2148875 3381 2109 0 2562764 0 1578296
1787499298.953200 2567392 2148875 3381 2109 0 2562764 0 1578522
1787499299.953332 2567392 2148875 3381 2109 0 2562764 0 1578732
1787499300.953479 2567392 2149179 3381 2109 0 2562764 0 1578936
1787499301.952941 2567392 2149179 3381 2109 0 2562764 0 1579141
1787499302.953794 2567392 2149179 3381 2109 0 2562764 0 1579368
1787499303.953236 2567392 2149179 3381 2109 0 2562764 0 1579590
1787499304.953309 2567392 2149179 3381 2109 0 2562764 0 1579812
1787499305.953238 2567392 2149179 3381 2109 0 2562764 0 1580043
1787499306.953285 2567392 2149179 3381 2109 0 2562764 0 1580271
1787499307.953266 2567392 2149179 3381 2109 0 2562764 0 1580455
1787499308.953651 2567392 2149179 3381 2109 0 2562764 0 1580648
1787499309.953148 2567392 2149179 3381 2109 0 2562764 0 1580856
1787499310.952812 2567392 2149179 3381 2109 0 2562764 0 1581056
1787499311.953582 2567392 2149620 3381 2109 0 2562764 0 1581276
1787499312.953064 2567392 2149620 3381 2109 0 2562764 0 1581473
1787499313.953429 2567392 2149620 3381 2109 0 2562764 0 1581623
1787499314.952911 2567392 2149620 3381 2109 0 2562764 0 1581846
1787499315.953049 2567392 2149620 3381 2109 0 2562764 0 1582047
1787499316.953544 2567392 2149620 3381 2109 0 2562764 0 1582251
1787499317.952876 2567392 2149620 3381 2109 0 2562764 0 1582485
1787499318.953483 2567392 2149620 3381 2109 0 2562764 0 1582716
1787499319.952810 2567392 2149620 3381 2109 0 2562764 0 1582921
1787499320.953282 2567392 2149620 3381 2109 0 2562764 0 1583170
1787499321.953355 2567392 2149620 3381 2109 0 2562764 0 1583375
1787499322.955931 2567392 2149620 3381 2109 0 2562764 0 1583579
1787499323.952800 2567392 2149620 3381 2109 0 2562764 0 1583777
1787499324.953509 2567392 2149620 3381 2109 0 2562764 0 1584035
1787499325.952873 2567392 2149620 3381 2109 0 2562764 0 1584235
1787499326.953012 2567392 2149620 3381 2109 0 2562764 0 1584464
1787499327.953216 2567392 2149620 3381 2109 0 2562764 0 1584686
1787499328.953311 2567392 2149620 3381 2109 0 2562764 0 1584904
1787499329.954018 2567392 2149620 3381 2109 0 2562764 0 1585115
1787499330.953617 2567392 2149620 3381 2109 0 2562764 0 1585330
1787499331.958857 2567392 2149620 3381 2109 0 2562764 0 1585550
1787499332.953793 2567392 2149620 3381 2109 0 2562764 0 1585755
1787499333.952761 2567392 2149620 3381 2109 0 2562764 0 1585934
1787499334.953017 2567392 2149620 3381 2109 0 2562764 0 1586141
1787499335.952838 2567392 2149620 3381 2109 0 2562764 0 1586351
1787499336.955000 2567392 2149620 3381 2109 0 2562764 0 1586529
1787499337.953973 2567392 2149620 3381 2109 0 2562764 0 1586708
1787499338.953436 2567392 2149620 3381 2109 0 2562764 0 1586919
1787499339.953677 2567392 2149620 3381 2109 0 2562764 0 1587165
1787499340.953690 2567392 2149620 3381 2109 0 2562764 0 1587354
1787499341.954358 2567392 2149620 3381 2109 0 2562764 0 1587543
1787499342.952696 2567392 2149620 3381 2109 0 2562764 0 1587740
1787499343.952566 2567392 2149620 3381 2109 0 2562764 0 1587918
1787499344.952997 2567392 2149620 3381 2109 0 2562764 0 1588116
1787499345.952730 2567392 2149620 3381 2109 0 2562764 0 1588308
1787499346.953033 2567392 2149620 3381 2109 0 2562764 0 1588506
1787499347.952839 2567392 2149620 3381 2109 0 2562764 0 1588707
1787499348.953699 2567392 2149620 3381 2109 0 2562764 0 1588913
1787499349.952600 2567392 2149620 3381 2109 0 2562764 0 1589079
1787499350.952683 2567392 2149620 3381 2109 0 2562764 0 1589294
1787499351.952522 2567392 2149620 3381 2109 0 2562764 0 1589497
1787499352.952906 2567392 2149620 3381 2109 0 2562764 0 1589696
1787499353.952661 2567392 2149620 3381 2109 0 2562764 0 1589915
1787499354.952551 2567392 2149620 3381 2109 0 2562764 0 1590098
1787499355.952628 2567392 2149620 3381 2109 0 2562764 0 1590262
1787499356.952704 2567392 2149620 3381 2109 0 2562764 0 1590455
1787499357.952749 2567392 2149620 3381 2109 0 2562764 0 1590654
1787499358.953157 2567392 2149620 3381 2109 0 2562764 0 1590811
1787499359.952453 2567392 2149620 3381 2109 0 2562764 0 1590974
1787499360.952898 2567392 2149620 3381 2109 0 2562764 0 1591123
1787499361.952706 2567392 2149620 3381 2109 0 2562764 0 1591297
1787499362.952811 2567392 2149620 3381 2109 0 2562764 0 1591490
1787499363.953227 2567392 2149620 3381 2109 0 2562764 0 1591688
1787499364.953161 2567392 2149620 3381 2109 0 2562764 0 1591861
1787499365.952928 2567392 2149620 3381 2109 0 2562764 0 1592060
1787499366.952769 2567392 2149620 3381 2109 0 2562764 0 1592260
1787499367.952756 2567392 2149620 3381 2109 0 2562764 0 1592435
1787499368.953325 2567392 2149620 3381 2109 0 2562764 0 1592629
1787499369.953049 2567392 2149620 3381 2109 0 2562764 0 1592790
1787499370.953197 2567392 2149620 3381 2109 0 2562764 0 1592980
1787499371.953699 2567392 2149620 3381 2109 0 2562764 0 1593167
1787499372.952910 2567392 2149620 3381 2109 0 2562764 0 1593359
1787499373.953115 2567392 2149620 3381 2109 0 2562764 0 1593521
1787499374.953090 2567392 2149620 3381 2109 0 2562764 0 1593713
1787499375.953352 2567392 2149620 3381 2109 0 2562764 0 1593903
1787499376.952953 2567392 2149620 3381 2109 0 2562764 0 1594097
1787499377.953075 2567392 2149620 3381 2109 0 2562764 0 1594278
1787499378.953195 2567392 2149620 3381 2109 0 2562764 0 1594489
1787499379.952879 2567392 2149620 3381 2109 0 2562764 0 1594664
1787499380.952844 2567392 2149620 3381 2109 0 2562764 0 1594880
1787499381.952933 2567392 2149620 3381 2109 0 2562764 0 1595041
1787499382.955924 2567392 2150077 3381 2109 0 2562764 0 1595204
1787499383.952752 2567392 2150077 3381 2109 0 2562764 0 1595377
1787499384.952793 2567392 2150077 3381 2109 0 2562764 0 1595555
1787499385.953296 2567392 2150077 3381 2109 0 2562764 0 1595723
1787499386.952831 2567392 2150077 3381 2109 0 2562764 0 1595912
1787499387.952710 2567392 2150077 3381 2109 0 2562764 0 1596120
1787499388.952774 2567392 2150077 3381 2109 0 2562764 0 1596293
1787499389.952592 2567392 2150077 3381 2109 0 2562764 0 1596482
1787499390.952735 2567392 2150077 3381 2109 0 2562764 0 1596668
1787499391.952614 2567392 2150077 3381 2109 0 2562764 0 1596880
1787499392.953535 2567392 2150077 3381 2109 0 2562764 0 1597099
1787499393.952680 2567392 2150349 3381 2109 0 2562764 0 1597291
1787499394.952556 2567392 2150349 3381 2109 0 2562764 0 1597492
1787499395.953318 2567392 2150349 3381 2109 0 2562764 0 1597691
1787499396.952858 2567392 2150349 3381 2109 0 2562764 0 1597920
1787499397.952602 2567392 2150349 3381 2109 0 2562764 0 1598102
1787499398.952813 2567392 2150349 3381 2109 0 2562764 0 1598305
1787499399.953227 2567392 2150349 3381 2109 0 2562764 0 1598471
1787499400.953763 2567392 2150349 3381 2109 0 2562764 0 1598654
1787499401.954605 2567392 2150349 3381 2109 0 2562764 0 1598856
1787499402.954717 2567392 2150349 3381 2109 0 2562764 0 1599027
1787499403.952145 2567392 2150349 3381 2109 0 2562764 0 1599218
1787499404.952103 2567392 2150349 3381 2109 0 2562764 0 1599416
1787499405.952776 2567392 2150349 3381 2109 0 2562764 0 1599561
1787499406.952542 2567392 2150349 3381 2109 0 2562764 0 1599739
1787499407.951991 2567392 2150349 3381 2109 0 2562764 0 1599946
1787499408.952253 2567392 2150349 3381 2109 0 2562764 0 1600105
1787499409.952063 2567392 2150349 3381 2109 0 2562764 0 1600306
1787499410.952253 2567392 2150349 3381 2109 0 2562764 0 1600509
1787499411.952052 2567392 2150349 3381 2109 0 2562764 0 1600699
1787499412.952154 2567392 2150349 3381 2109 0 2562764 0 1600869
1787499413.952027 2567392 2150349 3381 2109 0 2562764 0 1601030
1787499414.953539 2567392 2150349 3381 2109 0 2562764 0 1601197
1787499415.952049 2567392 2150349 3381 2109 0 2562764 0 1601365
1787499416.952178 2567392 2150349 3381 2109 0 2562764 0 1601550
1787499417.951927 2567392 2150349 3381 2109 0 2562764 0 1601736
1787499418.952201 2567392 2150349 3381 2109 0 2562764 0 1601928
1787499419.951854 2567392 2150349 3381 2109 0 2562764 0 1602141
1787499420.951941 2567392 2150349 3381 2109 0 2562764 0 1602317
1787499421.951839 2567392 2150349 3381 2109 0 2562764 0 1602491
1787499422.952118 2567392 2150349 3381 2109 0 2562764 0 1602623
1787499423.951760 2567392 2150349 3381 2109 0 2562764 0 1602789
1787499424.951792 2567392 2150349 3381 2109 0 2562764 0 1602968
1787499425.951806 2567392 2150349 3381 2109 0 2562764 0 1603171
1787499426.952892 2567392 2150349 3381 2109 0 2562764 0 1603385
1787499427.952578 2567392 2150349 3381 2109 0 2562764 0 1603545
1787499428.952177 2567392 2150349 3381 2109 0 2562764 0 1603743
1787499429.952115 2567392 2150349 3381 2109 0 2562764 0 1603945
1787499430.952251 2567392 2150349 3381 2109 0 2562764 0 1604092
1787499431.952155 2567392 2150349 3381 2109 0 2562764 0 1604297
1787499432.952342 2567392 2150349 3381 2109 0 2562764 0 1604483
1787499433.951888 2567392 2150349 3381 2109 0 2562764 0 1604665
1787499434.952413 2567392 2150349 3381 2109 0 2562764 0 1604889
1787499435.952260 2567392 2150349 3381 2109 0 2562764 0 1605086
1787499436.951995 2567392 2150349 3381 2109 0 2562764 0 1605268
1787499437.952048 2567392 2150349 3381 2109 0 2562764 0 1605447
1787499438.952009 2567392 2150349 3381 2109 0 2562764 0 1605617
1787499439.952017 2567392 2150349 3381 2109 0 2562764 0 1605805
1787499440.951963 2567392 2150349 3381 2109 0 2562764 0 1605978
1787499441.951947 2567392 2150349 3381 2109 0 2562764 0 1606177
1787499442.952103 2567392 2150349 3381 2109 0 2562764 0 1606363
1787499443.952219 2567392 2150349 3381 2109 0 2562764 0 1606518
1787499444.952095 2567392 2150349 3381 2109 0 2562764 0 1606698
1787499445.952075 2567392 2150349 3381 2109 0 2562764 0 1606890
1787499446.953741 2567392 2150349 3381 2109 0 2562764 0 1607059
1787499447.951851 2567392 2150349 3381 2109 0 2562764 0 1607192
1787499448.952048 2567392 2150349 3381 2109 0 2562764 0 1607388
1787499449.951796 2567392 2150349 3381 2109 0 2562764 0 1607547
1787499450.951876 2567392 2150349 3381 2109 0 2562764 0 1607710
1787499451.951999 2567392 2150349 3381 2109 0 2562764 0 1607898
1787499452.951558 2567392 2150349 3381 2109 0 2562764 0 1608061
1787499453.951435 2567392 2150349 3381 2109 0 2562764 0 1608235
1787499454.951690 2567392 2150349 3381 2109 0 2562764 0 1608433
1787499455.951529 2567392 2150349 3381 2109 0 2562764 0 1608618
1787499456.951462 2567392 2150349 3381 2109 0 2562764 0 1608779
1787499457.951636 2567392 2150349 3381 2109 0 2562764 0 1608922
1787499458.952042 2567392 2150349 3381 2109 0 2562764 0 1609099
1787499459.951546 2567392 2150349 3381 2109 0 2562764 0 1609291
1787499460.951453 2567392 2150349 3381 2109 0 2562764 0 1609443
1787499461.952929 2567392 2150349 3381 2109 0 2562764 0 1609582
1787499462.951499 2567392 2150349 3381 2109 0 2562764 0 1609769
1787499463.951333 2567392 2150349 3381 2109 0 2562764 0 1609957
1787499464.951269 2567392 2150349 3381 2109 0 2562764 0 1610112
1787499465.951456 2567392 2150349 3381 2109 0 2562764 0 1610306
1787499466.951937 2567392 2150349 3381 2109 0 2562764 0 1610482
1787499467.951353 2567392 2150349 3381 2109 0 2562764 0 1610688
1787499468.951827 2567392 2150349 3381 2109 0 2562764 0 1610850
1787499469.951521 2567392 2150349 3381 2109 0 2562764 0 1611028
1787499470.951457 2567392 2150349 3381 2109 0 2562764 0 1611254
1787499471.951451 2567392 2150349 3381 2109 0 2562764 0 1611412
1787499472.951364 2567392 2150349 3381 2109 0 2562764 0 1611570
1787499473.951747 2567392 2150349 3381 2109 0 2562764 0 1611750
1787499474.951540 2567392 2151094 3381 2109 0 2562764 0 1611920
1787499475.951430 2567392 2151094 3381 2109 0 2562764 0 1612085
1787499476.951844 2567392 2151094 3381 2109 0 2562764 0 1612237
1787499477.951725 2567392 2151094 3381 2109 0 2562764 0 1612389
1787499478.951756 2567392 2151094 3381 2109 0 2562764 0 1612581
1787499479.951374 2567392 2151094 3381 2109 0 2562764 0 1612757
1787499480.951654 2567392 2151094 3381 2109 0 2562764 0 1612957
1787499481.951752 2567392 2151094 3381 2109 0 2562764 0 1613169
1787499482.951380 2567392 2151094 3381 2109 0 2562764 0 1613331
1787499483.951690 2567392 2151094 3381 2109 0 2562764 0 1613469
1787499484.951461 2567392 2151094 3381 2109 0 2562764 0 1613616
1787499485.951482 2567392 2151334 3381 2109 0 2562764 0 1613787
1787499486.951613 2567392 2151334 3381 2109 0 2562764 0 1613942
1787499487.951688 2567392 2151334 3381 2109 0 2562764 0 1614127
1787499488.951390 2567392 2151334 3381 2109 0 2562764 0 1614337
1787499489.951699 2567392 2151334 3381 2109 0 2562764 0 1614492
1787499490.951624 2567392 2151334 3381 2109 0 2562764 0 1614696
1787499491.951373 2567392 2151334 3381 2109 0 2562764 0 1614847
1787499492.951118 2567392 2151334 3381 2109 0 2562764 0 1615026
1787499493.951382 2567392 2151334 3381 2109 0 2562764 0 1615167
1787499494.951435 2567392 2151334 3381 2109 0 2562764 0 1615345
1787499495.951645 2567392 2151845 3381 2109 0 2562764 0 1615521
1787499496.951185 2567392 2151845 3381 2109 0 2562764 0 1615690
1787499497.951394 2567392 2151845 3381 2109 0 2562764 0 1615862
1787499498.951527 2567392 2151845 3381 2109 0 2562764 0 1616004
1787499499.951181 2567392 2151845 3381 2109 0 2562764 0 1616131
1787499500.951276 2567392 2151845 3381 2109 0 2562764 0 1616293
1787499501.951429 2567392 2151845 3381 2109 0 2562764 0 1616479
1787499502.951443 2567392 2151845 3381 2109 0 2562764 0 1616623
1787499503.951516 2567392 2151845 3381 2109 0 2562764 0 1616764
1787499504.951443 2567392 2151845 3381 2109 0 2562764 0 1616916
1787499505.951403 2567392 2152069 3381 2109 0 2562764 0 1617086
1787499506.951480 2567392 2152069 3381 2109 0 2562764 0 1617251
1787499507.951404 2567392 2152069 3381 2109 0 2562764 0 1617413
1787499508.951337 2567392 2152069 3381 2109 0 2562764 0 1617580
1787499509.951466 2567392 2152069 3381 2109 0 2562764 0 1617735
1787499510.951229 2567392 2152069 3381 2109 0 2562764 0 1617916
1787499511.951375 2567392 2152069 3381 2109 0 2562764 0 1618072
1787499512.951358 2567392 2152069 3381 2109 0 2562764 0 1618271
1787499513.951286 2567392 2152069 3381 2109 0 2562764 0 1618457
1787499514.951460 2567392 2152069 3381 2109 0 2562764 0 1618612
1787499515.951029 2567392 2152069 3381 2109 0 2562764 0 1618763
1787499516.951224 2567392 2152069 3381 2109 0 2562764 0 1618924
1787499517.951436 2567392 2152069 3381 2109 0 2562764 0 1619086
1787499518.951541 2567392 2152069 3381 2109 0 2562764 0 1619245
1787499519.951145 2567392 2152069 3381 2109 0 2562764 0 1619394
1787499520.951304 2567392 2152069 3381 2109 0 2562764 0 1619569
1787499521.955550 2567392 2152069 3381 2109 0 2562764 0 1619713
1787499522.951093 2567392 2152069 3381 2109 0 2562764 0 1619905
1787499523.951279 2567392 2152069 3381 2109 0 2562764 0 1620081
1787499524.951130 2567392 2152069 3381 2109 0 2562764 0 1620248
1787499525.951301 2567392 2152069 3381 2109 0 2562764 0 1620422
1787499526.951330 2567392 2152069 3381 2109 0 2562764 0 1620586
1787499527.951142 2567392 2152069 3381 2109 0 2562764 0 1620775
1787499528.951257 2567392 2152069 3381 2109 0 2562764 0 1620956
1787499529.951373 2567392 2152069 3381 2109 0 2562764 0 1621089
1787499530.951129 2567392 2152069 3381 2109 0 2562764 0 1621260
1787499531.951010 2567392 2152069 3381 2109 0 2562764 0 1621433
1787499532.951076 2567392 2152069 3381 2109 0 2562764 0 1621603
1787499533.951101 2567392 2152069 3381 2109 0 2562764 0 1621758
1787499534.951054 2567392 2152069 3381 2109 0 2562764 0 1621913
1787499535.951384 2567392 2152069 3381 2109 0 2562764 0 1622060
1787499536.951108 2567392 2152069 3381 2109 0 2562764 0 1622203
1787499537.951190 2567392 2152069 3381 2109 0 2562764 0 1622346
1787499538.950978 2567392 2152069 3381 2109 0 2562764 0 1622504
1787499539.950782 2567392 2152069 3381 2109 0 2562764 0 1622620
1787499540.951231 2567392 2152069 3381 2109 0 2562764 0 1622770
1787499541.951053 2567392 2152069 3381 2109 0 2562764 0 1622918
1787499542.951224 2567392 2152069 3381 2109 0 2562764 0 1623071
1787499543.951019 2567392 2152069 3381 2109 0 2562764 0 1623223
1787499544.951119 2567392 2152069 3381 2109 0 2562764 0 1623379
1787499545.950882 2567392 2152069 3381 2109 0 2562764 0 1623544
1787499546.951059 2567392 2152069 3381 2109 0 2562764 0 1623702
1787499547.950973 2567392 2152069 3381 2109 0 2562764 0 1623859
1787499548.951275 2567392 2152069 3381 2109 0 2562764 0 1623975
1787499549.956626 2567392 2152069 3381 2109 0 2562764 0 1624151
1787499550.950548 2567392 2152069 3381 2109 0 2562764 0 1624328
1787499551.950396 2567392 2152069 3381 2109 0 2562764 0 1624482
1787499552.950392 2567392 2152069 3381 2109 0 2562764 0 1624614
1787499553.950261 2567392 2152069 3381 2109 0 2562764 0 1624761
1787499554.950559 2567392 2152069 3381 2109 0 2562764 0 1624913
1787499555.950360 2567392 2152069 3381 2109 0 2562764 0 1625064
1787499556.950415 2567392 2152069 3381 2109 0 2562764 0 1625214
1787499557.950461 2567392 2152069 3381 2109 0 2562764 0 1625364
1787499558.950685 2567392 2152069 3381 2109 0 2562764 0 1625505
1787499559.950625 2567392 2152069 3381 2109 0 2562764 0 1625650
1787499560.950687 2567392 2152069 3381 2109 0 2562764 0 1625800
1787499561.950438 2567392 2152069 3381 2109 0 2562764 0 1625969
1787499562.950607 2567392 2152069 3381 2109 0 2562764 0 1626155
1787499563.950503 2567392 2152069 3381 2109 0 2562764 0 1626308
1787499564.950485 2567392 2152069 3381 2109 0 2562764 0 1626463
1787499565.950896 2567392 2152069 3381 2109 0 2562764 0 1626600
1787499566.951013 2567392 2152069 3381 2109 0 2562764 0 1626747
1787499567.951123 2567392 2152069 3381 2109 0 2562764 0 1626900
1787499568.950699 2567392 2152069 3381 2109 0 2562764 0 1627022
1787499569.951133 2567392 2152069 3381 2109 0 2562764 0 1627163
1787499570.950694 2567392 2152069 3381 2109 0 2562764 0 1627324
1787499571.951004 2567392 2152069 3381 2109 0 2562764 0 1627457
1787499572.951043 2567392 2152069 3381 2109 0 2562764 0 1627612
1787499573.950846 2567392 2152069 3381 2109 0 2562764 0 1627759
1787499574.950775 2567392 2152069 3381 2109 0 2562764 0 1627907
1787499575.950816 2567392 2152069 3381 2109 0 2562764 0 1628039
1787499576.950798 2567392 2152069 3381 2109 0 2562764 0 1628178
1787499577.950825 2567392 2152069 3381 2109 0 2562764 0 1628303
1787499578.950820 2567392 2152069 3381 2109 0 2562764 0 1628445
1787499579.950693 2567392 2152069 3381 2109 0 2562764 0 1628597
1787499580.950850 2567392 2152069 3381 2109 0 2562764 0 1628748
1787499581.953202 2567392 2152069 3381 2109 0 2562764 0 1628916
1787499582.950966 2567392 2152069 3381 2109 0 2562764 0 1629054
1787499583.950533 2567392 2152069 3381 2109 0 2562764 0 1629188
1787499584.950526 2567392 2152069 3381 2109 0 2562764 0 1629316
1787499585.950556 2567392 2152069 3381 2109 0 2562764 0 1629460
1787499586.951065 2567392 2152069 3381 2109 0 2562764 0 1629609
1787499587.950593 2567392 2152069 3381 2109 0 2562764 0 1629743
1787499588.950662 2567392 2152069 3381 2109 0 2562764 0 1629898
1787499589.950962 2567392 2152069 3381 2109 0 2562764 0 1630055
1787499590.950712 2567392 2152069 3381 2109 0 2562764 0 1630208
1787499591.950701 2567392 2152069 3381 2109 0 2562764 0 1630347
1787499592.950534 2567392 2152069 3381 2109 0 2562764 0 1630488
1787499593.950383 2567392 2152069 3381 2109 0 2562764 0 1630637
1787499594.950650 2567392 2152069 3381 2109 0 2562764 0 1630777
1787499595.951128 2567392 2152069 3381 2109 0 2562764 0 1630942
1787499596.950730 2567392 2152069 3381 2109 0 2562764 0 1631067
1787499597.950759 2567392 2152069 3381 2109 0 2562764 0 1631207
1787499598.950926 2567392 2152069 3381 2109 0 2562764 0 1631328
1787499599.951004 2567392 2152069 3381 2109 0 2562764 0 1631476
1787499600.951007 2567392 2152069 3381 2109 0 2562764 0 1631641
1787499601.950740 2567392 2152069 3381 2109 0 2562764 0 1631757
1787499602.950635 2567392 2152069 3381 2109 0 2562764 0 1631882
1787499603.950766 2567392 2152069 3381 2109 0 2562764 0 1632032
1787499604.950530 2567392 2152069 3381 2109 0 2562764 0 1632164
1787499605.950925 2567392 2152069 3381 2109 0 2562764 0 1632293
1787499606.951105 2567392 2152069 3381 2109 0 2562764 0 1632452
1787499607.951024 2567392 2152069 3381 2109 0 2562764 0 1632594
1787499608.950747 2567392 2152069 3381 2109 0 2562764 0 1632726
1787499609.950590 2567392 2152069 3381 2109 0 2562764 0 1632865
1787499610.950909 2567392 2152245 3381 2109 0 2562764 0 1633006
1787499611.950809 2567392 2152245 3381 2109 0 2562764 0 1633146
1787499612.950760 2567392 2152245 3381 2109 0 2562764 0 1633269
1787499613.950814 2567392 2152245 3381 2109 0 2562764 0 1633388
1787499614.950541 2567392 2152245 3381 2109 0 2562764 0 1633521
1787499615.950929 2567392 2152245 3381 2109 0 2562764 0 1633656
1787499616.950966 2567392 2152245 3381 2109 0 2562764 0 1633800
1787499617.950582 2567392 2152245 3381 2109 0 2562764 0 1633929
1787499618.951153 2567392 2152245 3381 2109 0 2562764 0 1634068
1787499619.950561 2567392 2152245 3381 2109 0 2562764 0 1634218
1787499620.950757 2567392 2152245 3381 2109 0 2562764 0 1634369
1787499621.950660 2567392 2152245 3381 2109 0 2562764 0 1634511
1787499622.950678 2567392 2152245 3381 2109 0 2562764 0 1634641
1787499623.950655 2567392 2152245 3381 2109 0 2562764 0 1634768
1787499624.950530 2567392 2152245 3381 2109 0 2562764 0 1634893
1787499625.950976 2567392 2152245 3381 2109 0 2562764 0 1635028
1787499626.950650 2567392 2152245 3381 2109 0 2562764 0 1635147
1787499627.950865 2567392 2152245 3381 2109 0 2562764 0 1635265
1787499628.951164 2567392 2152245 3381 2109 0 2562764 0 1635381
1787499629.950524 2567392 2152245 3381 2109 0 2562764 0 1635492
1787499630.950602 2567392 2152405 3381 2109 0 2562764 0 1635633
1787499631.950679 2567392 2152405 3381 2109 0 2562764 0 1635770
1787499632.953690 2567392 2152405 3381 2109 0 2562764 0 1635892
1787499633.950878 2567392 2152405 3381 2109 0 2562764 0 1636029
1787499634.950511 2567392 2152405 3381 2109 0 2562764 0 1636146
1787499635.950741 2567392 2152405 3381 2109 0 2562764 0 1636254
1787499636.950415 2567392 2152405 3381 2109 0 2562764 0 1636422
1787499637.950531 2567392 2152405 3381 2109 0 2562764 0 1636525
1787499638.951913 2567392 2152405 3381 2109 0 2562764 0 1636669
1787499639.950450 2567392 2152405 3381 2109 0 2562764 0 1636782
1787499640.950627 2567392 2152549 3381 2109 0 2562764 0 1636922
1787499641.960180 2567392 2152549 3381 2109 0 2562764 0 1637068
1787499642.950716 2567392 2152549 3381 2109 0 2562764 0 1637195
1787499643.950787 2567392 2152549 3381 2109 0 2562764 0 1637323
1787499644.951435 2567392 2152549 3381 2109 0 2562764 0 1637452
1787499645.950785 2567392 2152549 3381 2109 0 2562764 0 1637586
1787499646.950246 2567392 2152549 3381 2109 0 2562764 0 1637702
1787499647.950482 2567392 2152549 3381 2109 0 2562764 0 1637801
1787499648.950751 2567392 2152549 3381 2109 0 2562764 0 1637924
1787499649.950681 2567392 2152549 3381 2109 0 2562764 0 1638075
1787499650.951764 2567392 2152548 3381 2109 0 2562764 0 1638186
1787499651.950534 2567392 2152548 3381 2109 0 2562764 0 1638322
1787499652.950431 2567392 2152548 3381 2109 0 2562764 0 1638439
1787499653.950337 2567392 2152548 3381 2109 0 2562764 0 1638556
1787499654.950402 2567392 2152548 3381 2109 0 2562764 0 1638687
1787499655.950904 2567392 2152548 3381 2109 0 2562764 0 1638812
1787499656.951383 2567392 2152548 3381 2109 0 2562764 0 1638934
1787499657.950896 2567392 2152548 3381 2109 0 2562764 0 1639079
1787499658.950314 2567392 2152548 3381 2109 0 2562764 0 1639233
1787499659.950173 2567392 2152548 3381 2109 0 2562764 0 1639332
1787499660.952535 2567392 2152548 3381 2109 0 2562764 0 1639456
1787499661.950644 2567392 2152676 3381 2109 0 2562764 0 1639592
1787499662.950546 2567392 2152676 3381 2109 0 2562764 0 1639717
1787499663.950152 2567392 2152676 3381 2109 0 2562764 0 1639808
1787499664.950412 2567392 2152676 3381 2109 0 2562764 0 1639910
1787499665.950467 2567392 2152676 3381 2109 0 2562764 0 1640011
1787499666.950227 2567392 2152676 3381 2109 0 2562764 0 1640151
1787499667.950456 2567392 2152676 3381 2109 0 2562764 0 1640292
1787499668.950738 2567392 2152676 3381 2109 0 2562764 0 1640405
1787499669.950323 2567392 2152676 3381 2109 0 2562764 0 1640526
1787499670.950500 2567392 2152676 3381 2109 0 2562764 0 1640660
1787499671.950496 2567392 2152788 3381 2109 0 2562764 0 1640782
1787499672.950399 2567392 2152788 3381 2109 0 2562764 0 1640902
1787499673.950503 2567392 2152788 3381 2109 0 2562764 0 1641026
1787499674.950429 2567392 2152788 3381 2109 0 2562764 0 1641161
1787499675.950622 2567392 2152788 3381 2109 0 2562764 0 1641283
1787499676.950364 2567392 2152788 3381 2109 0 2562764 0 1641408
1787499677.950227 2567392 2152788 3381 2109 0 2562764 0 1641520
1787499678.950296 2567392 2152788 3381 2109 0 2562764 0 1641640
1787499679.950327 2567392 2152788 3381 2109 0 2562764 0 1641733
1787499680.950189 2567392 2152788 3381 2109 0 2562764 0 1641851
1787499681.950415 2567392 2152788 3381 2109 0 2562764 0 1641969
1787499682.950154 2567392 2152788 3381 2109 0 2562764 0 1642103
1787499683.950756 2567392 2152788 3381 2109 0 2562764 0 1642227
1787499684.950217 2567392 2152788 3381 2109 0 2562764 0 1642337
1787499685.950238 2567392 2152788 3381 2109 0 2562764 0 1642444
1787499686.950319 2567392 2152788 3381 2109 0 2562764 0 1642557
1787499687.950339 2567392 2152788 3381 2109 0 2562764 0 1642676
1787499688.950350 2567392 2152788 3381 2109 0 2562764 0 1642821
1787499689.950225 2567392 2152788 3381 2109 0 2562764 0 1642927
1787499690.950092 2567392 2152788 3381 2109 0 2562764 0 1643038
1787499691.950145 2567392 2152788 3381 2109 0 2562764 0 1643182
1787499692.950256 2567392 2152884 3381 2109 0 2562764 0 1643292
1787499693.950212 2567392 2152884 3381 2109 0 2562764 0 1643411
1787499694.950133 2567392 2152884 3381 2109 0 2562764 0 1643516
1787499695.950160 2567392 2152884 3381 2109 0 2562764 0 1643645
1787499696.952046 2567392 2152884 3381 2109 0 2562764 0 1643799
1787499697.950025 2567392 2152884 3381 2109 0 2562764 0 1643926
1787499698.950772 2567392 2152884 3381 2109 0 2562764 0 1644035
1787499699.950088 2567392 2152884 3381 2109 0 2562764 0 1644148
1787499700.951519 2567392 2152884 3381 2109 0 2562764 0 1644261
1787499701.957013 2567392 2152884 3381 2109 0 2562764 0 1644360
1787499702.949960 2567392 2152964 3381 2109 0 2562764 0 1644458
1787499703.949761 2567392 2152964 3381 2109 0 2562764 0 1644583
1787499704.950037 2567392 2152964 3381 2109 0 2562764 0 1644708
1787499705.954782 2567392 2152964 3381 2109 0 2562764 0 1644843
1787499706.950191 2567392 2152964 3381 2109 0 2562764 0 1644956
1787499707.950032 2567392 2152964 3381 2109 0 2562764 0 1645053
1787499708.949926 2567392 2152964 3381 2109 0 2562764 0 1645182
1787499709.950052 2567392 2152964 3381 2109 0 2562764 0 1645292
1787499710.950105 2567392 2152964 3381 2109 0 2562764 0 1645390
1787499711.950071 2567392 2152964 3381 2109 0 2562764 0 1645521
1787499712.949885 2567392 2152964 3381 2109 0 2562764 0 1645637
1787499713.950417 2567392 2152964 3381 2109 0 2562764 0 1645761
1787499714.950083 2567392 2152964 3381 2109 0 2562764 0 1645863
1787499715.949844 2567392 2152964 3381 2109 0 2562764 0 1645982
1787499716.949757 2567392 2152964 3381 2109 0 2562764 0 1646098
1787499717.949963 2567392 2152964 3381 2109 0 2562764 0 1646213
1787499718.950123 2567392 2152964 3381 2109 0 2562764 0 1646312
1787499719.949841 2567392 2152964 3381 2109 0 2562764 0 1646415
1787499720.949929 2567392 2152964 3381 2109 0 2562764 0 1646523
1787499721.949811 2567392 2152964 3381 2109 0 2562764 0 1646639
1787499722.950065 2567392 2153028 3381 2109 0 2562764 0 1646759
1787499723.949895 2567392 2153028 3381 2109 0 2562764 0 1646883
1787499724.949916 2567392 2153028 3381 2109 0 2562764 0 1646975
1787499725.949899 2567392 2153028 3381 2109 0 2562764 0 1647089
1787499726.949842 2567392 2153028 3381 2109 0 2562764 0 1647199
1787499727.949945 2567392 2153028 3381 2109 0 2562764 0 1647322
1787499728.950150 2567392 2153028 3381 2109 0 2562764 0 1647470
1787499729.949750 2567392 2153028 3381 2109 0 2562764 0 1647595
1787499730.950044 2567392 2153028 3381 2109 0 2562764 0 1647700
1787499731.949870 2567392 2153028 3381 2109 0 2562764 0 1647810
1787499732.950041 2567392 2153028 3381 2109 0 2562764 0 1647928
1787499733.949788 2567392 2153076 3381 2109 0 2562764 0 1648051
1787499734.949922 2567392 2153076 3381 2109 0 2562764 0 1648166
1787499735.951057 2567392 2153077 3381 2109 0 2562764 0 1648256
1787499736.949758 2567392 2153077 3381 2109 0 2562764 0 1648372
1787499737.949867 2567392 2153077 3381 2109 0 2562764 0 1648500
1787499738.949849 2567392 2153077 3381 2109 0 2562764 0 1648626
1787499739.949828 2567392 2153077 3381 2109 0 2562764 0 1648723
1787499740.949917 2567392 2153077 3381 2109 0 2562764 0 1648843
1787499741.949870 2567392 2153077 3381 2109 0 2562764 0 1648956
1787499742.949882 2567392 2153077 3381 2109 0 2562764 0 1649089
1787499743.949908 2567392 2153077 3381 2109 0 2562764 0 1649190
1787499744.949609 2567392 2153077 3381 2109 0 2562764 0 1649314
1787499745.949601 2567392 2153077 3381 2109 0 2562764 0 1649429
1787499746.949885 2567392 2153077 3381 2109 0 2562764 0 1649553
1787499747.950043 2567392 2153077 3381 2109 0 2562764 0 1649660
1787499748.949876 2567392 2153077 3381 2109 0 2562764 0 1649778
1787499749.949598 2567392 2153077 3381 2109 0 2562764 0 1649878
1787499750.949806 2567392 2153077 3381 2109 0 2562764 0 1649974
1787499751.949743 2567392 2153077 3381 2109 0 2562764 0 1650101
1787499752.949791 2567392 2153077 3381 2109 0 2562764 0 1650207
1787499753.950232 2567392 2153109 3381 2109 0 2562764 0 1650311
1787499754.949849 2567392 2153109 3381 2109 0 2562764 0 1650438
1787499755.949820 2567392 2153109 3381 2109 0 2562764 0 1650567
1787499756.949685 2567392 2153109 3381 2109 0 2562764 0 1650688
1787499757.949717 2567392 2153109 3381 2109 0 2562764 0 1650788
1787499758.949445 2567392 2153109 3381 2109 0 2562764 0 1650875
1787499759.949473 2567392 2153109 3381 2109 0 2562764 0 1650974
1787499760.949947 2567392 2153109 3381 2109 0 2562764 0 1651081
1787499761.953031 2567392 2153109 3381 2109 0 2562764 0 1651193
1787499762.949638 2567392 2153109 3381 2109 0 2562764 0 1651303
1787499763.949552 2567392 2153125 3381 2109 0 2562764 0 1651397
1787499764.949655 2567392 2153125 3381 2109 0 2562764 0 1651488
1787499765.949731 2567392 2153125 3381 2109 0 2562764 0 1651609
1787499766.949761 2567392 2153125 3381 2109 0 2562764 0 1651723
1787499767.949545 2567392 2153125 3381 2109 0 2562764 0 1651849
1787499768.949481 2567392 2153125 3381 2109 0 2562764 0 1651982
1787499769.949558 2567392 2153125 3381 2109 0 2562764 0 1652092
1787499770.949721 2567392 2153125 3381 2109 0 2562764 0 1652211
1787499771.949553 2567392 2153125 3381 2109 0 2562764 0 1652301
1787499772.949394 2567392 2153125 3381 2109 0 2562764 0 1652421
1787499773.949604 2567392 2153125 3381 2109 0 2562764 0 1652533
1787499774.949591 2567392 2153125 3381 2109 0 2562764 0 1652653
1787499775.949274 2567392 2153125 3381 2109 0 2562764 0 1652794
1787499776.949525 2567392 2153125 3381 2109 0 2562764 0 1652903
1787499777.949311 2567392 2153125 3381 2109 0 2562764 0 1653036
