# start_epoch=1789455849.525311  page_size=4096  cachestat=ok  fields=size,resident,shared,text,lib,data,dt,pagecache
1789455850.529003 459766 35612 3310 2138 0 455116 0 76854
1789455851.533729 468342 48980 3311 2138 0 463692 0 135025
1789455852.534165 468342 47051 3311 2138 0 463692 0 142618
1789455853.536132 469238 45706 3311 2138 0 464588 0 175500
1789455854.537162 469238 43244 3364 2138 0 464588 0 192803
1789455855.538577 469238 43307 3364 2138 0 464588 0 213416
1789455856.539551 469238 44457 3364 2138 0 464588 0 230959
1789455857.540812 469238 41615 3364 2138 0 464588 0 251316
1789455858.542094 469238 43465 3364 2138 0 464588 0 268710
1789455859.542678 469238 44709 3364 2138 0 464588 0 282825
1789455860.541895 470262 45027 3364 2138 0 465612 0 282319
1789455861.539622 470262 48178 3364 2138 0 465612 0 311736
1789455862.546851 470262 48927 3364 2138 0 465612 0 351701
1789455863.547274 470262 46092 3364 2138 0 465612 0 357270
1789455864.549188 470262 46745 3364 2138 0 465612 0 389427
1789455865.550275 471542 45367 3364 2138 0 466892 0 407777
1789455866.550388 471542 46698 3364 2138 0 466892 0 413345
1789455867.552697 471542 46152 3364 2138 0 466892 0 446015
1789455868.552682 471542 43998 3364 2138 0 466892 0 451328
1789455869.554967 471542 45813 3364 2138 0 466892 0 484510
1789455870.546465 471542 46519 3364 2138 0 466892 0 471032
1789455871.546394 477175 35856 3364 2138 0 472524 0 463653
1789455872.545329 477175 35891 3364 2138 0 472524 0 441576
1789455873.545261 477175 35891 3364 2138 0 472524 0 441577
1789455874.545312 477175 36661 3364 2138 0 472524 0 441577
1789455875.545333 477175 36353 3364 2138 0 472524 0 441578
1789455876.545261 477175 36587 3364 2138 0 472524 0 441578
1789455877.545243 477175 36773 3364 2138 0 472524 0 441579
1789455878.545358 477175 36847 3364 2138 0 472524 0 441579
1789455879.545410 477175 36990 3364 2138 0 472524 0 441580
1789455880.545280 477175 36990 3364 2138 0 472524 0 441581
1789455881.545272 477175 36990 3364 2138 0 472524 0 441581
1789455882.545123 478967 37245 3364 2138 0 474316 0 441569
1789455883.545031 478967 37245 3364 2138 0 474316 0 441569
1789455884.545020 478967 37245 3364 2138 0 474316 0 441569
1789455885.544772 478967 37245 3364 2138 0 474316 0 433214
1789455886.545038 478967 37245 3364 2138 0 474316 0 441571
1789455887.544938 478967 36073 3364 2138 0 474316 0 441571
1789455888.545165 478967 36626 3364 2138 0 474316 0 441572
1789455889.545280 478967 36626 3364 2138 0 474316 0 441572
1789455890.545106 478967 36626 3364 2138 0 474316 0 441573
1789455891.545175 478967 35725 3364 2138 0 474316 0 441574
1789455892.544526 492287 65577 3403 2138 0 487628 0 423538
1789455893.544500 569599 150361 3403 2138 0 564940 0 423538
1789455894.544218 658175 235033 3403 2138 0 653516 0 423538
1789455895.544360 753407 317502 3403 2138 0 748748 0 423538
1789455896.544754 814335 400389 3403 2138 0 809676 0 423538
1789455897.544362 961791 483699 3403 2138 0 957132 0 423538
1789455898.544368 1064191 565822 3403 2138 0 1059532 0 423538
1789455899.544413 1064191 649864 3403 2138 0 1059532 0 423538
1789455900.544327 1183999 733281 3403 2138 0 1179340 0 423538
1789455901.544173 1315071 817619 3403 2138 0 1310412 0 423538
1789455902.544177 1325312 865151 3403 2138 0 1320652 0 423538
1789455903.544291 1325312 865151 3403 2138 0 1320652 0 423538
1789455904.544127 1325312 865557 3403 2138 0 1320652 0 423538
1789455905.544362 1325312 865557 3403 2138 0 1320652 0 423538
1789455906.543996 1325312 865557 3403 2138 0 1320652 0 423538
1789455907.544279 1325312 865557 3403 2138 0 1320652 0 423538
1789455908.544317 1325312 865557 3403 2138 0 1320652 0 423538
1789455909.544253 1329409 865552 3403 2138 0 1324748 0 423538
1789455910.544222 1329409 865552 3403 2138 0 1324748 0 423538
1789455911.544128 1329409 865552 3403 2138 0 1324748 0 423538
1789455912.546288 1329409 865552 3403 2138 0 1324748 0 423538
1789455913.543950 1329409 865552 3403 2138 0 1324748 0 423538
1789455914.544191 1329409 865552 3403 2138 0 1324748 0 423538
1789455915.544202 1333499 865545 3396 2138 0 1328844 0 423538
1789455916.544179 1333499 865545 3396 2138 0 1328844 0 423538
1789455917.544334 1333499 865545 3396 2138 0 1328844 0 423538
1789455918.544225 1333499 865545 3396 2138 0 1328844 0 423538
1789455919.544155 1333499 865545 3396 2138 0 1328844 0 423538
1789455920.544224 1333499 865545 3396 2138 0 1328844 0 423538
1789455921.544290 1333499 865545 3396 2138 0 1328844 0 423538
1789455922.544681 1333499 865545 3396 2138 0 1328844 0 423538
1789455923.544165 1333499 865545 3396 2138 0 1328844 0 423538
1789455924.544425 1333499 865545 3396 2138 0 1328844 0 423538
1789455925.544620 1333499 865545 3396 2138 0 1328844 0 423538
1789455926.544371 1333499 865545 3396 2138 0 1328844 0 423538
1789455927.544308 1333499 865545 3396 2138 0 1328844 0 423538
1789455928.544257 1333499 865545 3396 2138 0 1328844 0 423538
1789455929.544123 1333499 865545 3396 2138 0 1328844 0 423538
1789455930.544207 1333499 865545 3396 2138 0 1328844 0 423538
1789455931.544263 1333499 865545 3396 2138 0 1328844 0 423538
1789455932.544352 1333499 865545 3396 2138 0 1328844 0 423538
1789455933.544194 1333499 865545 3396 2138 0 1328844 0 423538
1789455934.544299 1333499 865545 3396 2138 0 1328844 0 423538
1789455935.544204 1333499 865545 3396 2138 0 1328844 0 423538
1789455936.544284 1333499 865545 3396 2138 0 1328844 0 423538
1789455937.544039 1333499 865545 3396 2138 0 1328844 0 423538
1789455938.544133 1333499 865545 3396 2138 0 1328844 0 423538
1789455939.544171 1333499 865545 3396 2138 0 1328844 0 423538
1789455940.544285 1333499 865545 3396 2138 0 1328844 0 423538
1789455941.544244 1333499 865545 3396 2138 0 1328844 0 423538
1789455942.544189 1333499 865545 3396 2138 0 1328844 0 423538
1789455943.544682 1333499 865545 3396 2138 0 1328844 0 423538
1789455944.544184 1333499 865545 3396 2138 0 1328844 0 423538
1789455945.544234 1333499 865545 3396 2138 0 1328844 0 423538
1789455946.544183 1333499 865545 3396 2138 0 1328844 0 423538
1789455947.544098 1333499 865545 3396 2138 0 1328844 0 423538
1789455948.544438 1333499 865545 3396 2138 0 1328844 0 423538
1789455949.544286 1333499 865545 3396 2138 0 1328844 0 423538
1789455950.544300 1333499 865545 3396 2138 0 1328844 0 423538
1789455951.544257 1333499 865545 3396 2138 0 1328844 0 423538
1789455952.544217 1333499 865545 3396 2138 0 1328844 0 423538
1789455953.545175 1333499 865545 3396 2138 0 1328844 0 423538
1789455954.544225 1333499 865545 3396 2138 0 1328844 0 423538
1789455955.544171 1333499 865545 3396 2138 0 1328844 0 423538
1789455956.544137 1333499 865555 3396 2138 0 1328844 0 423538
1789455957.544261 1333499 865555 3396 2138 0 1328844 0 423538
1789455958.544286 1333499 865555 3396 2138 0 1328844 0 423538
1789455959.544215 1333499 865555 3396 2138 0 1328844 0 423538
1789455960.544153 1333499 865555 3396 2138 0 1328844 0 423538
1789455961.546473 1333499 865555 3396 2138 0 1328844 0 423538
1789455962.544152 1333499 865555 3396 2138 0 1328844 0 423538
1789455963.545035 1333499 865555 3396 2138 0 1328844 0 423538
1789455964.544046 1333499 865555 3396 2138 0 1328844 0 423538
1789455965.544168 1333499 865555 3396 2138 0 1328844 0 423538
1789455966.544290 1333499 865558 3396 2138 0 1328844 0 423538
1789455967.544235 1333499 865558 3396 2138 0 1328844 0 423538
1789455968.544310 1333499 865558 3396 2138 0 1328844 0 423538
1789455969.544061 1333499 865558 3396 2138 0 1328844 0 423538
1789455970.544188 1333499 865558 3396 2138 0 1328844 0 423538
1789455971.544152 1333499 865558 3396 2138 0 1328844 0 423538
1789455972.544271 1333499 865558 3396 2138 0 1328844 0 423538
1789455973.545114 1333499 865558 3396 2138 0 1328844 0 423538
1789455974.544054 1333499 865558 3396 2138 0 1328844 0 423538
1789455975.544340 1333499 865558 3396 2138 0 1328844 0 423538
1789455976.544264 1333499 865918 3396 2138 0 1328844 0 423538
1789455977.544267 1333499 865918 3396 2138 0 1328844 0 423538
1789455978.544326 1333499 865918 3396 2138 0 1328844 0 423538
1789455979.544191 1333499 865918 3396 2138 0 1328844 0 423538
1789455980.544249 1333499 865918 3396 2138 0 1328844 0 423538
1789455981.544215 1333499 865918 3396 2138 0 1328844 0 423538
1789455982.544089 1333499 865918 3396 2138 0 1328844 0 423538
1789455983.544489 1333499 865918 3396 2138 0 1328844 0 423538
1789455984.544328 1333499 865918 3396 2138 0 1328844 0 423538
1789455985.544264 1333499 865918 3396 2138 0 1328844 0 423538
1789455986.544212 1333499 865918 3396 2138 0 1328844 0 423538
1789455987.544178 1333499 865918 3396 2138 0 1328844 0 423538
1789455988.544323 1333499 865918 3396 2138 0 1328844 0 423538
1789455989.543956 1333499 865918 3396 2138 0 1328844 0 423538
1789455990.544138 1333499 865918 3396 2138 0 1328844 0 423538
1789455991.544012 1333499 865918 3396 2138 0 1328844 0 423538
1789455992.544343 1333499 865918 3396 2138 0 1328844 0 423538
1789455993.544242 1333499 865918 3396 2138 0 1328844 0 423538
1789455994.543994 1333499 865918 3396 2138 0 1328844 0 423538
1789455995.544103 1333499 865918 3396 2138 0 1328844 0 423538
1789455996.544229 1333499 865918 3396 2138 0 1328844 0 423538
1789455997.544238 1333499 866414 3396 2138 0 1328844 0 423538
1789455998.544069 1333499 866414 3396 2138 0 1328844 0 423538
1789455999.544084 1333499 866414 3396 2138 0 1328844 0 423538
1789456000.544053 1333499 866414 3396 2138 0 1328844 0 423538
1789456001.544186 1333499 866414 3396 2138 0 1328844 0 423538
1789456002.544299 1333499 866414 3396 2138 0 1328844 0 423538
1789456003.544260 1333499 866414 3396 2138 0 1328844 0 423538
1789456004.544265 1333499 866414 3396 2138 0 1328844 0 423538
1789456005.544109 1333499 866414 3396 2138 0 1328844 0 423538
1789456006.544159 1333499 866414 3396 2138 0 1328844 0 423538
1789456007.544030 1333499 866894 3396 2138 0 1328844 0 423538
1789456008.544099 1333499 866894 3396 2138 0 1328844 0 423538
1789456009.544345 1333499 866894 3396 2138 0 1328844 0 423538
1789456010.544325 1333499 866894 3396 2138 0 1328844 0 423538
1789456011.544275 1333499 866894 3396 2138 0 1328844 0 423538
1789456012.544244 1333499 866894 3396 2138 0 1328844 0 423538
1789456013.544232 1333499 866894 3396 2138 0 1328844 0 423538
1789456014.544317 1333499 866894 3396 2138 0 1328844 0 423538
1789456015.544279 1333499 866894 3396 2138 0 1328844 0 423538
1789456016.544186 1333499 866894 3396 2138 0 1328844 0 423538
1789456017.544020 1333499 866894 3396 2138 0 1328844 0 423538
1789456018.544285 1333499 866894 3396 2138 0 1328844 0 423538
1789456019.544256 1333499 866894 3396 2138 0 1328844 0 423538
1789456020.544241 1333499 866894 3396 2138 0 1328844 0 423538
1789456021.544136 1333499 866894 3396 2138 0 1328844 0 423538
1789456022.544570 1333499 866894 3396 2138 0 1328844 0 423538
1789456023.544206 1333499 866894 3396 2138 0 1328844 0 423538
1789456024.544108 1333499 866894 3396 2138 0 1328844 0 423538
1789456025.544380 1333499 866894 3396 2138 0 1328844 0 423538
1789456026.544514 1333499 866894 3396 2138 0 1328844 0 423538
1789456027.544424 1333499 867358 3396 2138 0 1328844 0 423538
1789456028.544478 1333499 867358 3396 2138 0 1328844 0 423538
1789456029.544162 1333499 867358 3396 2138 0 1328844 0 423538
1789456030.544109 1333499 867358 3396 2138 0 1328844 0 423538
1789456031.545285 1333499 867358 3396 2138 0 1328844 0 423538
1789456032.544060 1333499 867358 3396 2138 0 1328844 0 423538
1789456033.544054 1333499 867358 3396 2138 0 1328844 0 423538
1789456034.544061 1333499 867358 3396 2138 0 1328844 0 423538
1789456035.544301 1333499 867358 3396 2138 0 1328844 0 423538
1789456036.546548 1333499 867358 3396 2138 0 1328844 0 423538
1789456037.544313 1333499 867358 3396 2138 0 1328844 0 423538
1789456038.544196 1333499 867806 3396 2138 0 1328844 0 423538
1789456039.544164 1333499 867806 3396 2138 0 1328844 0 423538
1789456040.544161 1333499 867806 3396 2138 0 1328844 0 423538
1789456041.544198 1333499 867806 3396 2138 0 1328844 0 423538
1789456042.544111 1333499 867806 3396 2138 0 1328844 0 423538
1789456043.544056 1333499 867806 3396 2138 0 1328844 0 423538
1789456044.544253 1333499 867806 3396 2138 0 1328844 0 423538
1789456045.544255 1333499 867806 3396 2138 0 1328844 0 423538
1789456046.544222 1333499 867806 3396 2138 0 1328844 0 423538
1789456047.544185 1333499 867806 3396 2138 0 1328844 0 423538
1789456048.544137 1333499 867806 3396 2138 0 1328844 0 423538
1789456049.544135 1333499 867806 3396 2138 0 1328844 0 423538
1789456050.544310 1333499 867806 3396 2138 0 1328844 0 423538
1789456051.544129 1333499 867806 3396 2138 0 1328844 0 423538
1789456052.544306 1333499 867806 3396 2138 0 1328844 0 423538
1789456053.544284 1333499 867806 3396 2138 0 1328844 0 423538
