# start_epoch=1789222888.915922  page_size=4096  cachestat=ok  fields=size,resident,shared,text,lib,data,dt,pagecache
1789222889.916219 262570 28907 8408 99 0 248506 0 1
1789222890.916177 262570 28907 8408 99 0 248506 0 1
1789222891.920885 2105131 70837 50034 99 0 254010 0 103472
1789222892.929908 3050184 152731 124731 99 0 265786 0 228777
1789222893.928755 3097031 239404 212567 99 0 287802 0 284048
1789222894.933631 3144910 138549 111858 99 0 289338 0 294090
1789222895.943561 3379546 281438 253857 99 0 295738 0 461560
1789222896.965193 3369759 245414 219140 99 0 295738 0 406911
1789222897.944795 3369854 215416 188010 99 0 295738 0 487622
1789222898.951222 3516745 291137 263731 99 0 295738 0 596785
1789222899.953290 3441099 221849 192675 99 0 295738 0 629038
1789222900.960046 3587976 299502 270331 99 0 295738 0 739644
1789222901.952712 3734853 366430 337259 99 0 295738 0 838186
1789222902.968342 3714188 321992 293512 99 0 295738 0 829632
1789222903.956816 3806099 357848 329375 99 0 295738 0 899644
1789222904.970745 3733522 269208 238067 99 0 298810 0 876583
1789222905.975644 3758348 366872 337053 99 0 298810 0 1002867
1789222906.971101 3804593 254120 224297 99 0 298810 0 934076
1789222907.977480 3804593 329643 299823 99 0 298810 0 1025998
1789222908.973674 3876134 239201 208959 99 0 298810 0 976446
1789222909.978284 3876134 318048 285758 99 0 298810 0 1054069
1789222910.976782 3800487 234150 204998 99 0 298810 0 1028676
1789222911.982514 3947674 311515 282299 99 0 298810 0 1120920
1789222912.980105 3872140 232341 205079 99 0 298810 0 1084814
1789222913.983546 4044107 321168 293471 99 0 298810 0 1171883
1789222914.984105 3943325 223521 195623 99 0 298810 0 1153511
1789222915.989503 4090365 302254 273724 99 0 298810 0 1239590
1789222916.992848 4014409 221953 193466 99 0 298810 0 1220837
1789222917.995700 4161508 303078 273968 99 0 298810 0 1333503
1789222918.980244 4333196 389233 360072 99 0 298810 0 1413158
1789222920.000383 4234253 292786 262236 99 0 300602 0 1428992
1789222920.981385 4381102 350322 321216 99 0 300602 0 1458798
1789222921.999697 4305293 250561 221948 99 0 300602 0 1420671
1789222923.005724 4305293 324676 295945 99 0 300602 0 1529036
1789222923.985688 4452142 360855 334138 99 0 300602 0 1540103
1789222925.004754 4400702 290356 256141 99 0 304698 0 1521872
1789222925.980664 4400702 314518 285503 99 0 304698 0 1483918
1789222926.981318 4349896 222962 193870 99 0 304698 0 1437302
1789222927.976165 4325070 227435 199348 99 0 304698 0 1382943
1789222928.976578 4326862 262956 232643 99 0 306490 0 1388865
1789222929.976760 4326862 297574 267171 99 0 306490 0 1393516
1789222930.976863 4326862 332007 301603 99 0 306490 0 1398132
1789222931.970042 4164804 50297 19872 99 0 306490 0 1237729
1789222932.970486 4164804 89958 57485 99 0 306490 0 1250437
1789222933.971728 4189630 123210 92785 99 0 306490 0 1275264
1789222934.969771 4164804 146097 115671 99 0 306490 0 1233146
1789222935.970664 4164804 186160 153686 99 0 306490 0 1251085
1789222936.970686 4164804 214324 183898 99 0 306490 0 1250445
1789222937.969790 4164804 240027 211497 99 0 306490 0 1228617
1789222938.970312 4164804 279469 249023 99 0 306490 0 1245926
1789222939.971689 4164804 313565 283078 99 0 306490 0 1273301
1789222940.969750 4164804 340059 309571 99 0 306490 0 1227262
1789222941.970440 4164804 379058 348536 99 0 306490 0 1246369
1789222942.971603 4164804 412793 382271 99 0 306490 0 1272577
1789222943.969750 4164804 438331 407808 99 0 306490 0 1225991
1789222944.972723 4164800 45961 15438 99 0 306490 0 1227939
1789222945.970558 4164800 82622 53117 99 0 306490 0 1245444
1789222946.971248 4164800 114127 84604 99 0 306490 0 1267384
1789222947.970749 4164800 138930 109407 99 0 306490 0 1250461
1789222948.969883 4164800 173683 144149 99 0 306490 0 1234423
1789222949.970544 4164800 212058 180464 99 0 306490 0 1250018
1789222950.971315 4189626 262921 233375 99 0 306490 0 1255348
1789222951.969965 4164800 270777 241229 99 0 306490 0 1231610
1789222952.970730 4164800 311122 279526 99 0 306490 0 1249945
1789222953.971092 4189626 356143 326595 99 0 306490 0 1250471
1789222954.969974 4164800 368339 339247 99 0 306490 0 1230077
1789222955.970608 4164800 408698 377534 99 0 306490 0 1248378
1789222956.971171 4189625 452654 423538 99 0 306490 0 1250475
1789222957.969574 4164800 466142 436895 99 0 306490 0 1227998
1789222958.970674 4164795 65369 34060 99 0 306490 0 1250477
1789222959.971507 4189621 113738 84477 99 0 306490 0 1271147
1789222960.969941 4164795 121906 92645 99 0 306490 0 1233490
1789222961.971055 4164795 162718 131409 99 0 306490 0 1252413
1789222962.971184 4189621 212830 183643 99 0 306490 0 1258926
1789222963.969887 4164795 219083 190844 99 0 306490 0 1232179
1789222964.971553 4164795 254489 226195 99 0 306490 0 1255027
1789222965.969179 4164792 37825 10068 99 0 306490 0 1220943
1789222966.969173 4164792 37825 10068 99 0 306490 0 1220943
1789222967.969227 4164792 37825 10068 99 0 306490 0 1220943
1789222968.969414 4168889 37692 10068 99 0 310586 0 1220943
1789222969.969346 4168889 37692 10068 99 0 310586 0 1220943
1789222970.969134 4168889 37692 10068 99 0 310586 0 1220943
1789222971.969364 4172986 37698 10068 99 0 314682 0 1220943
1789222972.969238 4172986 37698 10068 99 0 314682 0 1220943
1789222973.969278 4172986 37698 10068 99 0 314682 0 1220943
1789222974.969079 4172986 37698 10068 99 0 314682 0 1220943
1789222975.969189 4177083 37702 10068 99 0 318778 0 1220943
1789222976.969070 4177083 37702 10068 99 0 318778 0 1220943
1789222977.969270 4177083 37702 10068 99 0 318778 0 1220943
1789222978.969237 4177083 37702 10068 99 0 318778 0 1220943
1789222979.968980 4177083 37702 10068 99 0 318778 0 1220943
1789222980.969276 4177083 37702 10068 99 0 318778 0 1220943
1789222981.969281 4177083 37702 10068 99 0 318778 0 1220943
1789222982.969257 4177083 37702 10068 99 0 318778 0 1220943
1789222983.969262 4177083 37702 10068 99 0 318778 0 1220943
1789222984.969429 4177083 37702 10068 99 0 318778 0 1220943
1789222985.969505 4177083 37702 10068 99 0 318778 0 1220943
1789222986.969305 4177083 37702 10068 99 0 318778 0 1220943
1789222987.972163 4177083 37702 10068 99 0 318778 0 1220943
1789222988.968914 4177083 37702 10068 99 0 318778 0 1220943
1789222989.972058 4177083 37702 10068 99 0 318778 0 1220943
1789222990.969193 4177083 37702 10068 99 0 318778 0 1220943
1789222991.969242 4177083 37699 10068 99 0 318778 0 1220943
1789222992.969215 4177083 37699 10068 99 0 318778 0 1220943
