# start_epoch=1787067276.063865  page_size=4096  cachestat=ok  fields=size,resident,shared,text,lib,data,dt,pagecache
1787067277.069163 459725 40535 3291 2109 0 455116 0 83108
1787067278.072137 468308 44620 3331 2109 0 463692 0 134787
1787067279.069704 468308 30256 3331 2109 0 463692 0 127393
1787067280.073740 469204 40488 3331 2109 0 464588 0 159390
1787067281.074747 469204 45852 3379 2109 0 464588 0 178229
1787067282.076732 469204 48661 3379 2109 0 464588 0 210600
1787067283.077774 469204 39154 3379 2109 0 464588 0 218945
1787067284.078254 469204 30467 3379 2109 0 464588 0 233488
1787067285.084058 469204 43954 3379 2109 0 464588 0 280767
1787067286.087369 470100 47939 3379 2109 0 465484 0 312608
1787067287.083461 470100 32774 3379 2109 0 465484 0 322827
1787067288.087804 471124 47577 3379 2109 0 466508 0 370646
1787067289.086500 471124 39842 3379 2109 0 466508 0 372530
1787067290.088848 471124 49214 3379 2109 0 466508 0 412542
1787067291.089126 472404 50752 3379 2109 0 467788 0 417087
1787067292.090676 472404 44072 3379 2109 0 467788 0 441128
1787067293.090831 472404 51048 3379 2109 0 467788 0 445928
1787067294.091830 472404 51947 3379 2109 0 467788 0 459726
1787067295.092883 472404 47238 3379 2109 0 467788 0 488081
1787067296.094554 472404 53581 3379 2109 0 467788 0 505152
1787067297.094988 472404 48027 3379 2109 0 467788 0 510466
1787067298.095057 473940 54141 3379 2109 0 469324 0 514880
1787067299.097296 473940 54129 3379 2109 0 469324 0 552107
1787067300.098443 473940 49974 3379 2109 0 469324 0 569946
1787067301.096650 473940 54613 3379 2109 0 469324 0 590087
1787067302.101031 473940 39384 3379 2109 0 469324 0 609387
1787067303.106283 473940 53060 3379 2109 0 469324 0 644559
1787067304.103941 475732 55877 3379 2109 0 471116 0 661307
1787067305.105741 475732 54022 3379 2109 0 471116 0 689633
1787067306.107128 475732 50256 3379 2109 0 471116 0 712417
1787067307.107319 475732 54047 3379 2109 0 471116 0 718217
1787067308.108216 475732 47627 3379 2109 0 471116 0 734007
1787067309.110061 477780 53217 3379 2109 0 473164 0 760370
1787067310.100211 477780 56434 3379 2109 0 473164 0 764086
1787067311.112198 477780 40825 3379 2109 0 473164 0 796485
1787067312.114459 477780 54981 3379 2109 0 473164 0 814128
1787067313.114451 477780 48313 3379 2109 0 473164 0 839828
1787067314.117607 477780 52711 3379 2109 0 473164 0 889001
1787067315.118204 477780 51142 3379 2109 0 473164 0 901028
1787067316.119448 477780 49366 3379 2109 0 473164 0 918099
1787067317.120357 477780 49821 3379 2109 0 473164 0 923668
1787067318.107603 481877 34318 3379 2109 0 477260 0 904014
1787067319.104393 484437 35344 3379 2109 0 479820 0 902984
1787067320.104247 484437 35329 3379 2109 0 479820 0 902984
1787067321.102562 484437 35804 3379 2109 0 479820 0 864398
1787067322.102651 484437 35836 3379 2109 0 479820 0 864398
1787067323.102608 484437 35836 3379 2109 0 479820 0 864399
1787067324.102627 484437 35625 3379 2109 0 479820 0 864399
1787067325.102507 484437 35657 3379 2109 0 479820 0 864400
1787067326.102504 484437 35657 3379 2109 0 479820 0 864400
1787067327.102592 484437 35657 3379 2109 0 479820 0 864401
1787067328.102786 484437 35758 3379 2109 0 479820 0 863430
1787067329.102482 484437 35580 3379 2109 0 479820 0 864402
1787067330.102286 484437 35381 3379 2109 0 479820 0 864390
1787067331.102437 484437 36440 3379 2109 0 479820 0 864390
1787067332.102548 484437 36440 3379 2109 0 479820 0 864391
1787067333.102530 484437 36440 3379 2109 0 479820 0 864391
1787067334.102403 484437 36440 3379 2109 0 479820 0 864392
1787067335.102258 484437 36440 3379 2109 0 479820 0 864392
1787067336.102336 484437 35283 3379 2109 0 479820 0 864393
1787067337.102370 484437 35589 3379 2109 0 479820 0 864394
1787067338.102355 484437 35669 3379 2109 0 479820 0 864394
1787067339.102539 484437 35669 3379 2109 0 479820 0 864395
1787067340.102431 487509 36646 3379 2109 0 482892 0 864383
1787067341.102426 487509 36654 3379 2109 0 482892 0 864384
1787067342.102357 487509 36654 3379 2109 0 482892 0 864384
1787067343.102441 487509 35927 3379 2109 0 482892 0 864385
1787067344.102335 487509 36361 3379 2109 0 482892 0 864386
1787067345.102237 487509 36361 3379 2109 0 482892 0 864386
1787067346.102141 487509 36363 3379 2109 0 482892 0 864387
1787067347.105642 487509 36363 3379 2109 0 482892 0 864388
1787067348.102476 487509 36363 3379 2109 0 482892 0 864388
1787067349.102338 487509 36188 3379 2109 0 482892 0 864380
1787067350.102392 487509 36365 3379 2109 0 482892 0 864381
1787067351.102335 487509 36490 3379 2109 0 482892 0 864381
1787067352.102472 487509 36490 3379 2109 0 482892 0 864382
1787067353.102354 487509 36490 3379 2109 0 482892 0 864383
1787067354.102181 487509 36490 3379 2109 0 482892 0 864383
1787067355.102161 487509 36159 3379 2109 0 482892 0 864384
1787067356.102595 487509 36159 3379 2109 0 482892 0 864384
1787067357.102672 487509 35629 3379 2109 0 482892 0 864385
1787067358.101657 491613 32190 3402 2109 0 486988 0 846348
1787067359.101642 539229 111726 3402 2109 0 534604 0 846348
1787067360.101763 631389 196442 3402 2109 0 626764 0 846348
1787067361.101647 707677 280522 3402 2109 0 703052 0 846348
1787067362.101704 819293 365497 3402 2109 0 814668 0 846348
1787067363.101622 888413 449329 3402 2109 0 883788 0 846348
1787067364.101905 974429 533554 3402 2109 0 969804 0 846348
1787067365.101676 1072733 617660 3402 2109 0 1068108 0 846348
1787067366.101619 1192541 701646 3402 2109 0 1187916 0 846348
1787067367.101815 1192541 784999 3402 2109 0 1187916 0 846348
1787067368.101496 1329757 869779 3402 2109 0 1325132 0 846348
1787067369.101738 1493597 953918 3402 2109 0 1488972 0 846348
1787067370.101649 1493597 1036916 3402 2109 0 1488972 0 846348
1787067371.101435 1699933 1121320 3402 2109 0 1695308 0 846348
1787067372.101806 1699933 1204078 3402 2109 0 1695308 0 846348
1787067373.101611 1699933 1287721 3402 2109 0 1695308 0 846348
1787067374.101640 1937501 1369724 3402 2109 0 1932876 0 846348
1787067375.101600 1937501 1453183 3402 2109 0 1932876 0 846348
1787067376.101591 1937501 1535615 3402 2109 0 1932876 0 846348
1787067377.101806 2209885 1606102 3532 2109 0 2205260 0 846348
1787067378.101706 2209885 1681234 3532 2109 0 2205260 0 846348
1787067379.101451 2213982 1706507 3532 2109 0 2209356 0 846348
1787067380.101553 2213982 1706507 3532 2109 0 2209356 0 846348
1787067381.101658 2213982 1706507 3532 2109 0 2209356 0 846348
1787067382.101602 2213982 1706507 3532 2109 0 2209356 0 846348
1787067383.101543 2213982 1706507 3532 2109 0 2209356 0 846348
1787067384.101588 2213982 1706507 3532 2109 0 2209356 0 846348
1787067385.101626 2213982 1706507 3532 2109 0 2209356 0 846348
1787067386.101630 2213982 1706507 3532 2109 0 2209356 0 846348
1787067387.101573 2213982 1706507 3532 2109 0 2209356 0 846348
1787067388.101581 2213982 1706507 3532 2109 0 2209356 0 846348
1787067389.101503 2213982 1706507 3532 2109 0 2209356 0 846348
1787067390.101726 2213982 1706507 3532 2109 0 2209356 0 846348
1787067391.101647 2213982 1706507 3532 2109 0 2209356 0 846348
1787067392.101725 2218079 1706772 3532 2109 0 2213452 0 846348
1787067393.101565 2218079 1706772 3532 2109 0 2213452 0 846348
1787067394.101822 2218079 1706772 3532 2109 0 2213452 0 846348
1787067395.101578 2218079 1706772 3532 2109 0 2213452 0 846348
1787067396.101510 2218079 1706772 3532 2109 0 2213452 0 846348
1787067397.101623 2218079 1706772 3532 2109 0 2213452 0 846348
1787067398.101682 2218079 1706772 3532 2109 0 2213452 0 846348
1787067399.101609 2218079 1706772 3532 2109 0 2213452 0 846348
1787067400.102165 2218079 1706772 3532 2109 0 2213452 0 846348
1787067401.101510 2218079 1706772 3532 2109 0 2213452 0 846348
1787067402.101484 2218079 1707205 3532 2109 0 2213452 0 846348
1787067403.102121 2218079 1707205 3532 2109 0 2213452 0 846348
1787067404.101532 2218079 1707205 3532 2109 0 2213452 0 846348
1787067405.101466 2222169 1707199 3525 2109 0 2217548 0 846348
1787067406.101887 2222169 1707199 3525 2109 0 2217548 0 846348
1787067407.101535 2222169 1707199 3525 2109 0 2217548 0 846348
1787067408.101539 2222169 1707199 3525 2109 0 2217548 0 846348
1787067409.101575 2222169 1707199 3525 2109 0 2217548 0 846348
1787067410.101582 2222169 1707199 3525 2109 0 2217548 0 846348
1787067411.101549 2222169 1707199 3525 2109 0 2217548 0 846348
1787067412.101377 2222169 1707199 3525 2109 0 2217548 0 846348
1787067413.101712 2222169 1707199 3525 2109 0 2217548 0 846348
1787067414.101668 2222169 1707199 3525 2109 0 2217548 0 846348
1787067415.101408 2222169 1707199 3525 2109 0 2217548 0 846348
1787067416.101565 2222169 1707199 3525 2109 0 2217548 0 846348
1787067417.101616 2222169 1707199 3525 2109 0 2217548 0 846348
1787067418.101510 2222169 1707199 3525 2109 0 2217548 0 846348
1787067419.101578 2222169 1707199 3525 2109 0 2217548 0 846348
1787067420.101609 2222169 1707199 3525 2109 0 2217548 0 846348
1787067421.101472 2222169 1707199 3525 2109 0 2217548 0 846348
1787067422.101586 2222169 1707199 3525 2109 0 2217548 0 846348
1787067423.101572 2222169 1707695 3525 2109 0 2217548 0 846348
1787067424.101624 2222169 1707695 3525 2109 0 2217548 0 846348
1787067425.101695 2222169 1707695 3525 2109 0 2217548 0 846348
1787067426.101512 2222169 1707695 3525 2109 0 2217548 0 846348
1787067427.101544 2222169 1707695 3525 2109 0 2217548 0 846348
1787067428.101488 2222169 1707695 3525 2109 0 2217548 0 846348
1787067429.101622 2222169 1707695 3525 2109 0 2217548 0 846348
1787067430.101568 2222169 1707695 3525 2109 0 2217548 0 846348
1787067431.101646 2222169 1707695 3525 2109 0 2217548 0 846348
1787067432.101530 2222169 1707695 3525 2109 0 2217548 0 846348
1787067433.101610 2222169 1708175 3525 2109 0 2217548 0 846348
1787067434.101387 2222169 1708175 3525 2109 0 2217548 0 846348
1787067435.101489 2222169 1708175 3525 2109 0 2217548 0 846348
1787067436.101256 2222169 1708175 3525 2109 0 2217548 0 846348
1787067437.101254 2222169 1708175 3525 2109 0 2217548 0 846348
1787067438.101796 2222169 1708175 3525 2109 0 2217548 0 846348
1787067439.101758 2222169 1708175 3525 2109 0 2217548 0 846348
1787067440.101754 2222169 1708175 3525 2109 0 2217548 0 846348
1787067441.101692 2222169 1708175 3525 2109 0 2217548 0 846348
1787067442.102493 2222169 1708175 3525 2109 0 2217548 0 846348
1787067443.101704 2222169 1708175 3525 2109 0 2217548 0 846348
1787067444.101571 2222169 1708175 3525 2109 0 2217548 0 846348
1787067445.101807 2222169 1708175 3525 2109 0 2217548 0 846348
1787067446.101818 2222169 1708175 3525 2109 0 2217548 0 846348
1787067447.101564 2222169 1708175 3525 2109 0 2217548 0 846348
1787067448.101725 2222169 1708175 3525 2109 0 2217548 0 846348
1787067449.101685 2222169 1708175 3525 2109 0 2217548 0 846348
1787067450.101630 2222169 1708175 3525 2109 0 2217548 0 846348
1787067451.101864 2222169 1708175 3525 2109 0 2217548 0 846348
1787067452.101726 2222169 1708175 3525 2109 0 2217548 0 846348
1787067453.101926 2222169 1708175 3525 2109 0 2217548 0 846348
1787067454.102342 2222169 1709087 3525 2109 0 2217548 0 846348
1787067455.102027 2222169 1709087 3525 2109 0 2217548 0 846348
1787067456.101912 2222169 1709087 3525 2109 0 2217548 0 846348
1787067457.101939 2222169 1709087 3525 2109 0 2217548 0 846348
1787067458.101893 2222169 1709087 3525 2109 0 2217548 0 846348
1787067459.101846 2222169 1709087 3525 2109 0 2217548 0 846348
1787067460.101862 2222169 1709087 3525 2109 0 2217548 0 846348
1787067461.102259 2222169 1709087 3525 2109 0 2217548 0 846348
1787067462.101611 2222169 1709087 3525 2109 0 2217548 0 846348
1787067463.101708 2222169 1709087 3525 2109 0 2217548 0 846348
1787067464.101687 2222169 1709535 3525 2109 0 2217548 0 846348
1787067465.101603 2222169 1709535 3525 2109 0 2217548 0 846348
1787067466.101679 2222169 1709535 3525 2109 0 2217548 0 846348
1787067467.101712 2222169 1709535 3525 2109 0 2217548 0 846348
1787067468.101422 2222169 1709535 3525 2109 0 2217548 0 846348
1787067469.101488 2222169 1709535 3525 2109 0 2217548 0 846348
1787067470.101499 2222169 1709535 3525 2109 0 2217548 0 846348
1787067471.101427 2222169 1709535 3525 2109 0 2217548 0 846348
1787067472.101709 2222169 1709535 3525 2109 0 2217548 0 846348
1787067473.101756 2222169 1709535 3525 2109 0 2217548 0 846348
1787067474.102609 2222169 1710000 3525 2109 0 2217548 0 846348
1787067475.101363 2222169 1710000 3525 2109 0 2217548 0 846348
1787067476.101481 2222169 1710000 3525 2109 0 2217548 0 846348
1787067477.101471 2222169 1710000 3525 2109 0 2217548 0 846348
1787067478.101475 2222169 1710000 3525 2109 0 2217548 0 846348
1787067479.101443 2222169 1710000 3525 2109 0 2217548 0 846348
1787067480.101716 2222169 1710000 3525 2109 0 2217548 0 846348
1787067481.101566 2222169 1710000 3525 2109 0 2217548 0 846348
1787067482.101541 2222169 1710000 3525 2109 0 2217548 0 846348
1787067483.101578 2222169 1710000 3525 2109 0 2217548 0 846348
1787067484.101422 2222169 1710903 3525 2109 0 2217548 0 846348
1787067485.101330 2222169 1710903 3525 2109 0 2217548 0 846348
1787067486.101379 2222169 1710903 3525 2109 0 2217548 0 846348
1787067487.101660 2222169 1710903 3525 2109 0 2217548 0 846348
1787067488.101698 2222169 1710903 3525 2109 0 2217548 0 846348
1787067489.101648 2222169 1710903 3525 2109 0 2217548 0 846348
1787067490.101574 2222169 1710903 3525 2109 0 2217548 0 846348
1787067491.101492 2222169 1710903 3525 2109 0 2217548 0 846348
1787067492.101451 2222169 1710903 3525 2109 0 2217548 0 846348
1787067493.101418 2222169 1710903 3525 2109 0 2217548 0 846348
1787067494.101299 2222169 1710903 3525 2109 0 2217548 0 846348
1787067495.101490 2222169 1710903 3525 2109 0 2217548 0 846348
1787067496.101560 2222169 1710903 3525 2109 0 2217548 0 846348
1787067497.101385 2222169 1710903 3525 2109 0 2217548 0 846348
1787067498.101459 2222169 1710903 3525 2109 0 2217548 0 846348
1787067499.101406 2222169 1710903 3525 2109 0 2217548 0 846348
1787067500.101330 2222169 1710903 3525 2109 0 2217548 0 846348
1787067501.101401 2222169 1710903 3525 2109 0 2217548 0 846348
1787067502.101482 2222169 1710903 3525 2109 0 2217548 0 846348
1787067503.101355 2222169 1710903 3525 2109 0 2217548 0 846348
1787067504.101473 2222169 1710903 3525 2109 0 2217548 0 846348
1787067505.101648 2222169 1710903 3525 2109 0 2217548 0 846348
1787067506.101565 2222169 1710903 3525 2109 0 2217548 0 846348
1787067507.101596 2222169 1710903 3525 2109 0 2217548 0 846348
1787067508.101371 2222169 1710903 3525 2109 0 2217548 0 846348
1787067509.101428 2222169 1710903 3525 2109 0 2217548 0 846348
1787067510.101436 2222169 1710903 3525 2109 0 2217548 0 846348
1787067511.101390 2222169 1710903 3525 2109 0 2217548 0 846348
1787067512.101613 2222169 1710903 3525 2109 0 2217548 0 846348
1787067513.101609 2222169 1710903 3525 2109 0 2217548 0 846348
1787067514.101714 2222169 1710903 3525 2109 0 2217548 0 846348
1787067515.101490 2222169 1711303 3525 2109 0 2217548 0 846348
1787067516.111995 2222169 1711303 3525 2109 0 2217548 0 846348
1787067517.101290 2222169 1711303 3525 2109 0 2217548 0 846348
1787067518.101428 2222169 1711303 3525 2109 0 2217548 0 846348
1787067519.101440 2222169 1711303 3525 2109 0 2217548 0 846348
1787067520.101627 2222169 1711303 3525 2109 0 2217548 0 846348
1787067521.101510 2222169 1711303 3525 2109 0 2217548 0 846348
1787067522.101794 2222169 1711303 3525 2109 0 2217548 0 846348
1787067523.101531 2222169 1711303 3525 2109 0 2217548 0 846348
1787067524.101446 2222169 1711303 3525 2109 0 2217548 0 846348
1787067525.101452 2222169 1711303 3525 2109 0 2217548 0 846348
1787067526.101586 2222169 1711303 3525 2109 0 2217548 0 846348
1787067527.101412 2222169 1711303 3525 2109 0 2217548 0 846348
1787067528.101607 2222169 1711303 3525 2109 0 2217548 0 846348
1787067529.101652 2222169 1711303 3525 2109 0 2217548 0 846348
1787067530.101593 2222169 1711303 3525 2109 0 2217548 0 846348
1787067531.101572 2222169 1711303 3525 2109 0 2217548 0 846348
1787067532.101592 2222169 1711303 3525 2109 0 2217548 0 846348
1787067533.101565 2222169 1711303 3525 2109 0 2217548 0 846348
1787067534.101575 2222169 1711303 3525 2109 0 2217548 0 846348
1787067535.101301 2222169 1711303 3525 2109 0 2217548 0 846348
1787067536.101656 2222169 1711303 3525 2109 0 2217548 0 846348
1787067537.101809 2222169 1711303 3525 2109 0 2217548 0 846348
1787067538.101683 2222169 1711303 3525 2109 0 2217548 0 846348
1787067539.101618 2222169 1711303 3525 2109 0 2217548 0 846348
1787067540.101581 2222169 1711303 3525 2109 0 2217548 0 846348
1787067541.101619 2222169 1711303 3525 2109 0 2217548 0 846348
1787067542.101426 2222169 1711303 3525 2109 0 2217548 0 846348
1787067543.101384 2222169 1711303 3525 2109 0 2217548 0 846348
1787067544.101409 2222169 1711303 3525 2109 0 2217548 0 846348
1787067545.101539 2222169 1711303 3525 2109 0 2217548 0 846348
1787067546.101588 2222169 1711303 3525 2109 0 2217548 0 846348
1787067547.101471 2222169 1711303 3525 2109 0 2217548 0 846348
1787067548.101419 2222169 1711303 3525 2109 0 2217548 0 846348
1787067549.101395 2222169 1711303 3525 2109 0 2217548 0 846348
1787067550.101490 2222169 1711303 3525 2109 0 2217548 0 846348
1787067551.101387 2222169 1711303 3525 2109 0 2217548 0 846348
1787067552.101470 2222169 1711303 3525 2109 0 2217548 0 846348
1787067553.101655 2222169 1711303 3525 2109 0 2217548 0 846348
1787067554.101738 2222169 1711303 3525 2109 0 2217548 0 846348
1787067555.101598 2222169 1711303 3525 2109 0 2217548 0 846348
1787067556.101530 2222169 1711303 3525 2109 0 2217548 0 846348
1787067557.101492 2222169 1711303 3525 2109 0 2217548 0 846348
1787067558.101425 2222169 1711303 3525 2109 0 2217548 0 846348
1787067559.101442 2222169 1711303 3525 2109 0 2217548 0 846348
1787067560.101310 2222169 1711303 3525 2109 0 2217548 0 846348
1787067561.101465 2222169 1711303 3525 2109 0 2217548 0 846348
1787067562.101393 2222169 1711303 3525 2109 0 2217548 0 846348
1787067563.101413 2222169 1711303 3525 2109 0 2217548 0 846348
1787067564.101405 2222169 1711303 3525 2109 0 2217548 0 846348
1787067565.101343 2222169 1711303 3525 2109 0 2217548 0 846348
1787067566.101355 2222169 1711303 3525 2109 0 2217548 0 846348
1787067567.101299 2222169 1711303 3525 2109 0 2217548 0 846348
1787067568.101388 2222169 1711303 3525 2109 0 2217548 0 846348
1787067569.101506 2222169 1711303 3525 2109 0 2217548 0 846348
1787067570.101427 2222169 1711303 3525 2109 0 2217548 0 846348
1787067571.101207 2222169 1711303 3525 2109 0 2217548 0 846348
1787067572.101345 2222169 1711303 3525 2109 0 2217548 0 846348
1787067573.101369 2222169 1711303 3525 2109 0 2217548 0 846348
1787067574.101552 2222169 1711303 3525 2109 0 2217548 0 846348
1787067575.101329 2222169 1711303 3525 2109 0 2217548 0 846348
1787067576.101401 2222169 1711303 3525 2109 0 2217548 0 846348
1787067577.101443 2222169 1711303 3525 2109 0 2217548 0 846348
1787067578.101536 2222169 1711303 3525 2109 0 2217548 0 846348
1787067579.101544 2222169 1711303 3525 2109 0 2217548 0 846348
1787067580.101365 2222169 1711303 3525 2109 0 2217548 0 846348
1787067581.101435 2222169 1711303 3525 2109 0 2217548 0 846348
1787067582.101390 2222169 1711303 3525 2109 0 2217548 0 846348
1787067583.101278 2222169 1711303 3525 2109 0 2217548 0 846348
1787067584.101317 2222169 1711303 3525 2109 0 2217548 0 846348
1787067585.101302 2222169 1711303 3525 2109 0 2217548 0 846348
1787067586.101271 2222169 1711303 3525 2109 0 2217548 0 846348
1787067587.101407 2222169 1711303 3525 2109 0 2217548 0 846348
1787067588.101352 2222169 1711303 3525 2109 0 2217548 0 846348
1787067589.101434 2222169 1711303 3525 2109 0 2217548 0 846348
1787067590.101607 2222169 1711303 3525 2109 0 2217548 0 846348
1787067591.101631 2222169 1711303 3525 2109 0 2217548 0 846348
1787067592.101405 2222169 1711303 3525 2109 0 2217548 0 846348
1787067593.101243 2222169 1711303 3525 2109 0 2217548 0 846348
1787067594.101723 2222169 1711303 3525 2109 0 2217548 0 846348
1787067595.101410 2222169 1711303 3525 2109 0 2217548 0 846348
1787067596.101394 2222169 1711303 3525 2109 0 2217548 0 846348
1787067597.101407 2222169 1711303 3525 2109 0 2217548 0 846348
1787067598.101484 2222169 1711303 3525 2109 0 2217548 0 846348
1787067599.101277 2222169 1711303 3525 2109 0 2217548 0 846348
1787067600.101237 2222169 1711303 3525 2109 0 2217548 0 846348
1787067601.101498 2222169 1711303 3525 2109 0 2217548 0 846348
1787067602.101613 2222169 1711303 3525 2109 0 2217548 0 846348
1787067603.102012 2222169 1711303 3525 2109 0 2217548 0 846348
1787067604.101429 2222169 1711303 3525 2109 0 2217548 0 846348
1787067605.101446 2222169 1711303 3525 2109 0 2217548 0 846348
1787067606.101465 2222169 1711303 3525 2109 0 2217548 0 846348
1787067607.101957 2222169 1711303 3525 2109 0 2217548 0 846348
1787067608.101380 2222169 1711303 3525 2109 0 2217548 0 846348
1787067609.101292 2222169 1711303 3525 2109 0 2217548 0 846348
1787067610.101660 2222169 1711303 3525 2109 0 2217548 0 846348
1787067611.101512 2222169 1711303 3525 2109 0 2217548 0 846348
1787067612.101580 2222169 1711303 3525 2109 0 2217548 0 846348
1787067613.101476 2222169 1711303 3525 2109 0 2217548 0 846348
1787067614.101483 2222169 1711303 3525 2109 0 2217548 0 846348
1787067615.101404 2222169 1711303 3525 2109 0 2217548 0 846348
1787067616.101534 2222169 1711303 3525 2109 0 2217548 0 846348
1787067617.101221 2222169 1711303 3525 2109 0 2217548 0 846348
1787067618.101605 2222169 1711303 3525 2109 0 2217548 0 846348
1787067619.101636 2222169 1711303 3525 2109 0 2217548 0 846348
1787067620.101682 2222169 1711303 3525 2109 0 2217548 0 846348
1787067621.101620 2222169 1711303 3525 2109 0 2217548 0 846348
1787067622.101563 2222169 1711303 3525 2109 0 2217548 0 846348
1787067623.101492 2222169 1711303 3525 2109 0 2217548 0 846348
1787067624.101457 2222169 1711303 3525 2109 0 2217548 0 846348
1787067625.101374 2222169 1711303 3525 2109 0 2217548 0 846348
1787067626.101327 2222169 1711303 3525 2109 0 2217548 0 846348
1787067627.101710 2222169 1711303 3525 2109 0 2217548 0 846348
1787067628.101546 2222169 1711303 3525 2109 0 2217548 0 846348
1787067629.101640 2222169 1711303 3525 2109 0 2217548 0 846348
1787067630.101549 2222169 1711303 3525 2109 0 2217548 0 846348
1787067631.101701 2222169 1711303 3525 2109 0 2217548 0 846348
1787067632.101492 2222169 1711303 3525 2109 0 2217548 0 846348
1787067633.101597 2222169 1711303 3525 2109 0 2217548 0 846348
1787067634.101382 2222169 1711303 3525 2109 0 2217548 0 846348
1787067635.101476 2222169 1711303 3525 2109 0 2217548 0 846348
1787067636.101511 2222169 1711303 3525 2109 0 2217548 0 846348
1787067637.101666 2222169 1711303 3525 2109 0 2217548 0 846348
1787067638.101656 2222169 1711303 3525 2109 0 2217548 0 846348
1787067639.101457 2222169 1711303 3525 2109 0 2217548 0 846348
1787067640.101428 2222169 1711303 3525 2109 0 2217548 0 846348
1787067641.101483 2222169 1711303 3525 2109 0 2217548 0 846348
1787067642.101797 2222169 1711303 3525 2109 0 2217548 0 846348
1787067643.101505 2222169 1711303 3525 2109 0 2217548 0 846348
1787067644.101412 2222169 1711303 3525 2109 0 2217548 0 846348
1787067645.101584 2222169 1711303 3525 2109 0 2217548 0 846348
1787067646.101639 2222169 1711303 3525 2109 0 2217548 0 846348
1787067647.101367 2222169 1711303 3525 2109 0 2217548 0 846348
1787067648.101172 2222169 1711303 3525 2109 0 2217548 0 846348
1787067649.101320 2222169 1711303 3525 2109 0 2217548 0 846348
1787067650.101426 2222169 1711303 3525 2109 0 2217548 0 846348
1787067651.101223 2222169 1711303 3525 2109 0 2217548 0 846348
1787067652.101340 2222169 1711303 3525 2109 0 2217548 0 846348
1787067653.101344 2222169 1711303 3525 2109 0 2217548 0 846348
1787067654.101460 2222169 1711303 3525 2109 0 2217548 0 846348
1787067655.101232 2222169 1711303 3525 2109 0 2217548 0 846348
1787067656.101302 2222169 1711303 3525 2109 0 2217548 0 846348
1787067657.101344 2222169 1711303 3525 2109 0 2217548 0 846348
1787067658.101333 2222169 1711303 3525 2109 0 2217548 0 846348
1787067659.101269 2222169 1711303 3525 2109 0 2217548 0 846348
1787067660.101382 2222169 1711303 3525 2109 0 2217548 0 846348
1787067661.101377 2222169 1711303 3525 2109 0 2217548 0 846348
1787067662.101555 2222169 1711303 3525 2109 0 2217548 0 846348
1787067663.101407 2222169 1711303 3525 2109 0 2217548 0 846348
1787067664.101465 2222169 1711303 3525 2109 0 2217548 0 846348
1787067665.101337 2222169 1711303 3525 2109 0 2217548 0 846348
1787067666.101469 2222169 1711303 3525 2109 0 2217548 0 846348
1787067667.101214 2222169 1711303 3525 2109 0 2217548 0 846348
1787067668.101586 2222169 1711303 3525 2109 0 2217548 0 846348
1787067669.101621 2222169 1711303 3525 2109 0 2217548 0 846348
1787067670.101527 2222169 1711303 3525 2109 0 2217548 0 846348
1787067671.101476 2222169 1711303 3525 2109 0 2217548 0 846348
1787067672.101464 2222169 1711303 3525 2109 0 2217548 0 846348
1787067673.101478 2222169 1711303 3525 2109 0 2217548 0 846348
1787067674.101593 2222169 1711303 3525 2109 0 2217548 0 846348
1787067675.101600 2222169 1711303 3525 2109 0 2217548 0 846348
1787067676.101706 2222169 1711303 3525 2109 0 2217548 0 846348
1787067677.101740 2222169 1711303 3525 2109 0 2217548 0 846348
1787067678.101495 2222169 1711303 3525 2109 0 2217548 0 846348
1787067679.101321 2222169 1711303 3525 2109 0 2217548 0 846348
1787067680.101401 2222169 1711303 3525 2109 0 2217548 0 846348
1787067681.101422 2222169 1711303 3525 2109 0 2217548 0 846348
1787067682.101319 2222169 1711303 3525 2109 0 2217548 0 846348
1787067683.101251 2222169 1711303 3525 2109 0 2217548 0 846348
1787067684.101651 2222169 1711303 3525 2109 0 2217548 0 846348
1787067685.101589 2222169 1711303 3525 2109 0 2217548 0 846348
1787067686.101622 2222169 1711303 3525 2109 0 2217548 0 846348
1787067687.101472 2222169 1711303 3525 2109 0 2217548 0 846348
1787067688.101445 2222169 1711303 3525 2109 0 2217548 0 846348
1787067689.101492 2222169 1711303 3525 2109 0 2217548 0 846348
1787067690.101418 2222169 1711303 3525 2109 0 2217548 0 846348
1787067691.101420 2222169 1711303 3525 2109 0 2217548 0 846348
1787067692.101297 2222169 1711303 3525 2109 0 2217548 0 846348
1787067693.101528 2222169 1711303 3525 2109 0 2217548 0 846348
1787067694.101411 2222169 1711303 3525 2109 0 2217548 0 846348
1787067695.101386 2222169 1711303 3525 2109 0 2217548 0 846348
1787067696.101373 2222169 1711303 3525 2109 0 2217548 0 846348
1787067697.101353 2222169 1711303 3525 2109 0 2217548 0 846348
1787067698.101296 2222169 1711303 3525 2109 0 2217548 0 846348
1787067699.101495 2222169 1711303 3525 2109 0 2217548 0 846348
1787067700.101374 2222169 1711303 3525 2109 0 2217548 0 846348
1787067701.101222 2222169 1711303 3525 2109 0 2217548 0 846348
1787067702.101585 2222169 1711303 3525 2109 0 2217548 0 846348
1787067703.101529 2222169 1711303 3525 2109 0 2217548 0 846348
1787067704.101631 2222169 1711303 3525 2109 0 2217548 0 846348
1787067705.101413 2222169 1711303 3525 2109 0 2217548 0 846348
1787067706.103661 2222169 1711303 3525 2109 0 2217548 0 846348
1787067707.101495 2222169 1711303 3525 2109 0 2217548 0 846348
1787067708.101379 2222169 1711303 3525 2109 0 2217548 0 846348
1787067709.101626 2222169 1711303 3525 2109 0 2217548 0 846348
1787067710.101587 2222169 1711303 3525 2109 0 2217548 0 846348
1787067711.101460 2222169 1711303 3525 2109 0 2217548 0 846348
1787067712.101481 2222169 1711303 3525 2109 0 2217548 0 846348
1787067713.101550 2222169 1711303 3525 2109 0 2217548 0 846348
1787067714.101472 2222169 1711303 3525 2109 0 2217548 0 846348
1787067715.101461 2222169 1711303 3525 2109 0 2217548 0 846348
1787067716.101426 2222169 1711303 3525 2109 0 2217548 0 846348
1787067717.101703 2222169 1711303 3525 2109 0 2217548 0 846348
1787067718.101804 2222169 1711303 3525 2109 0 2217548 0 846348
1787067719.101551 2222169 1711303 3525 2109 0 2217548 0 846348
1787067720.101646 2222169 1711303 3525 2109 0 2217548 0 846348
1787067721.101371 2222169 1711303 3525 2109 0 2217548 0 846348
1787067722.101602 2222169 1711303 3525 2109 0 2217548 0 846348
1787067723.101339 2222169 1711303 3525 2109 0 2217548 0 846348
1787067724.101381 2222169 1711303 3525 2109 0 2217548 0 846348
1787067725.101451 2222169 1711303 3525 2109 0 2217548 0 846348
1787067726.101706 2222169 1711303 3525 2109 0 2217548 0 846348
1787067727.101210 2222169 1711303 3525 2109 0 2217548 0 846348
1787067728.101482 2222169 1711303 3525 2109 0 2217548 0 846348
1787067729.101420 2222169 1711303 3525 2109 0 2217548 0 846348
1787067730.101660 2222169 1711303 3525 2109 0 2217548 0 846348
1787067731.101337 2222169 1711303 3525 2109 0 2217548 0 846348
1787067732.101531 2222169 1711303 3525 2109 0 2217548 0 846348
1787067733.101421 2222169 1711303 3525 2109 0 2217548 0 846348
1787067734.101776 2222169 1711303 3525 2109 0 2217548 0 846348
