# start_epoch=1787066690.793233  page_size=4096  cachestat=ok  fields=size,resident,shared,text,lib,data,dt,pagecache
1787066691.794531 442950 28385 3090 2109 0 438348 0 19056
1787066692.794890 452813 30773 3289 2109 0 448204 0 31326
1787066693.795882 453581 33488 3289 2109 0 448972 0 43595
1787066694.796506 453581 31935 3289 2109 0 448972 0 55865
1787066695.798451 453588 34631 3376 2109 0 448972 0 83562
1787066696.804647 454228 35322 3376 2109 0 449612 0 98899
1787066697.799360 454228 31745 3376 2109 0 449612 0 98448
1787066698.798943 454228 36788 3377 2109 0 449612 0 91814
1787066699.800396 454228 37301 3377 2109 0 449612 0 122105
1787066700.802717 454228 33115 3377 2109 0 449612 0 107705
1787066701.801450 454996 35698 3377 2109 0 450380 0 134377
1787066702.812464 454996 37905 3377 2109 0 450380 0 163152
1787066703.804989 454996 34601 3377 2109 0 450380 0 146648
1787066704.802965 454996 33401 3377 2109 0 450380 0 158919
1787066705.800369 454996 33987 3377 2109 0 450380 0 150878
1787066706.805251 455892 34499 3377 2109 0 451276 0 199192
1787066707.810903 455892 38603 3377 2109 0 451276 0 225407
1787066708.806563 455892 36718 3377 2109 0 451276 0 232302
1787066709.805317 455892 31213 3377 2109 0 451276 0 223731
1787066710.803918 455892 36017 3377 2109 0 451276 0 197165
1787066711.806653 455892 26338 3377 2109 0 451276 0 245480
1787066712.808503 455892 40253 3377 2109 0 451276 0 275536
1787066713.808973 455892 38477 3377 2109 0 451276 0 283455
1787066714.807705 456916 35388 3377 2109 0 452300 0 256234
1787066715.805707 456916 33333 3377 2109 0 452300 0 244080
1787066716.809011 456916 36374 3377 2109 0 452300 0 292395
1787066717.809483 456916 36157 3377 2109 0 452300 0 297960
1787066718.810313 456916 36231 3377 2109 0 452300 0 316936
1787066719.811163 456916 37003 3377 2109 0 452300 0 329206
1787066720.811621 456916 39950 3377 2109 0 452300 0 336866
1787066721.812824 456916 36677 3377 2109 0 452300 0 341504
1787066722.811929 456916 36113 3377 2109 0 452300 0 348178
1787066723.812572 456916 36703 3377 2109 0 452300 0 360449
1787066724.813345 456916 38063 3377 2109 0 452300 0 372718
1787066725.814072 456916 39700 3377 2109 0 452300 0 384990
1787066726.815045 456916 39034 3377 2109 0 452300 0 397260
1787066727.815641 456916 40726 3377 2109 0 452300 0 404856
1787066728.816209 456916 39788 3377 2109 0 452300 0 414310
1787066729.820987 459092 37601 3377 2109 0 454476 0 436900
1787066730.816229 459092 32808 3377 2109 0 454476 0 398091
1787066731.819316 459092 35150 3377 2109 0 454476 0 439836
1787066732.821261 459092 39059 3377 2109 0 454476 0 469635
1787066733.820067 459092 33274 3377 2109 0 454476 0 452106
1787066734.819643 459092 33472 3377 2109 0 454476 0 440911
1787066735.820319 459092 35446 3377 2109 0 454476 0 453182
1787066736.821963 459092 38876 3377 2109 0 454476 0 478513
1787066737.826276 459092 35875 3377 2109 0 454476 0 557766
1787066738.822460 459092 34497 3377 2109 0 454476 0 489509
1787066739.820679 459092 36255 3377 2109 0 454476 0 478083
1787066740.824734 459092 39730 3377 2109 0 454476 0 531579
1787066741.825030 459092 35532 3377 2109 0 454476 0 535401
1787066742.821736 459092 35600 3377 2109 0 454476 0 484387
1787066743.824033 459092 39534 3377 2109 0 454476 0 514683
1787066744.830126 459092 40351 3377 2109 0 454476 0 592231
1787066745.821482 459092 35719 3377 2109 0 454476 0 521877
1787066746.821843 459092 39487 3377 2109 0 454476 0 534149
1787066747.826838 459092 37955 3377 2109 0 454476 0 561552
1787066748.830260 459092 40523 3377 2109 0 454476 0 590329
1787066749.827789 460628 39396 3377 2109 0 456012 0 587092
1787066750.824871 460628 39930 3377 2109 0 456012 0 586093
1787066751.825400 460628 41700 3377 2109 0 456012 0 598365
1787066752.826584 460628 41524 3377 2109 0 456012 0 610633
1787066753.826764 460628 40129 3377 2109 0 456012 0 608536
1787066754.823869 460628 42771 3377 2109 0 456012 0 576787
1787066755.825816 460628 40732 3377 2109 0 456012 0 607080
1787066756.826654 460628 41994 3377 2109 0 456012 0 616497
1787066757.829282 460628 42675 3377 2109 0 456012 0 661704
1787066758.829999 460628 37863 3377 2109 0 456012 0 666296
1787066759.827987 460628 41876 3377 2109 0 456012 0 656703
1787066760.829400 460628 38624 3377 2109 0 456012 0 668975
1787066761.836404 460628 39137 3377 2109 0 456012 0 696727
1787066762.838336 460628 36317 3377 2109 0 456012 0 681246
1787066763.834461 460628 39175 3377 2109 0 456012 0 693515
1787066764.833627 460628 36285 3377 2109 0 456012 0 677541
1787066765.835169 460628 39416 3377 2109 0 456012 0 700579
1787066766.833986 460628 35793 3377 2109 0 456012 0 683462
1787066767.834489 460628 35217 3377 2109 0 456012 0 691207
1787066768.835742 460628 39596 3377 2109 0 456012 0 701436
1787066769.837718 460628 40819 3377 2109 0 456012 0 744459
1787066770.837772 460628 36700 3377 2109 0 456012 0 749524
1787066771.837348 460628 39789 3377 2109 0 456012 0 741470
1787066772.838044 460628 35680 3377 2109 0 456012 0 753740
1787066773.838995 460628 41227 3377 2109 0 456012 0 766010
1787066774.840110 460628 38959 3377 2109 0 456012 0 788643
1787066775.839468 460628 34928 3377 2109 0 456012 0 778283
1787066776.838664 460628 39999 3377 2109 0 456012 0 760059
1787066777.839011 460628 38534 3377 2109 0 456012 0 768839
1787066778.842387 460628 41023 3377 2109 0 456012 0 825501
1787066779.841009 460628 40534 3377 2109 0 456012 0 796672
1787066780.839962 460628 37965 3377 2109 0 456012 0 784519
1787066781.837497 460628 38463 3377 2109 0 456012 0 759451
1787066782.841855 460628 37713 3377 2109 0 456012 0 820415
1787066783.843497 460628 39937 3377 2109 0 456012 0 846630
1787066784.842984 460628 39855 3377 2109 0 456012 0 832686
1787066785.843222 460628 37351 3377 2109 0 456012 0 844958
1787066786.843907 460628 40442 3377 2109 0 456012 0 857229
1787066787.844815 460628 38668 3377 2109 0 456012 0 869500
1787066788.846695 460628 41309 3377 2109 0 456012 0 898532
1787066789.846845 460628 42866 3377 2109 0 456012 0 901586
1787066790.844428 460628 38856 3377 2109 0 456012 0 861003
1787066791.845127 463444 38832 3377 2109 0 458828 0 867796
1787066792.848761 463444 42779 3377 2109 0 458828 0 924899
1787066793.845308 463444 39485 3377 2109 0 458828 0 872291
1787066794.845683 463444 39351 3377 2109 0 458828 0 880658
1787066795.846361 463444 41269 3377 2109 0 458828 0 892928
1787066796.848625 463444 42337 3377 2109 0 458828 0 934132
1787066797.848908 463444 39339 3377 2109 0 458828 0 938980
1787066798.848425 463444 36353 3377 2109 0 458828 0 929389
1787066799.849241 463444 36664 3377 2109 0 458828 0 941658
1787066800.850002 463444 42840 3377 2109 0 458828 0 953929
1787066801.850865 463444 40057 3377 2109 0 458828 0 965599
1787066802.850893 463444 38607 3377 2109 0 458828 0 966201
1787066803.851475 463444 39608 3377 2109 0 458828 0 978471
1787066804.853256 463444 42460 3377 2109 0 458828 0 1006223
1787066805.850353 463444 37322 3377 2109 0 458828 0 954266
1787066806.844999 463444 35682 3377 2109 0 458828 0 962248
1787066807.845020 463444 39553 3377 2109 0 458828 0 970234
1787066808.848692 463444 44150 3377 2109 0 458828 0 1023822
1787066809.844493 463444 41865 3377 2109 0 458828 0 973926
1787066810.845914 463444 41037 3377 2109 0 458828 0 986197
1787066811.846288 463444 45902 3377 2109 0 458828 0 991119
1787066812.849418 463444 44192 3377 2109 0 458828 0 1031782
1787066813.847272 463444 41431 3377 2109 0 458828 0 1018350
1787066814.848052 463444 41562 3377 2109 0 458828 0 1030621
1787066815.848745 463444 42613 3377 2109 0 458828 0 1042890
1787066816.848647 463444 46369 3377 2109 0 458828 0 1041389
1787066817.851948 463444 46394 3377 2109 0 458828 0 1079583
1787066818.849835 463444 42383 3377 2109 0 458828 0 1067432
1787066819.850416 463444 39746 3377 2109 0 458828 0 1079703
1787066820.850836 463444 41793 3377 2109 0 458828 0 1073881
1787066821.855224 463444 42282 3377 2109 0 458828 0 1114862
1787066822.843581 463444 42305 3377 2109 0 458828 0 1104246
1787066823.845317 463444 42305 3377 2109 0 458828 0 1104246
1787066824.859465 463444 45092 3377 2109 0 458828 0 1090200
1787066825.857497 463444 42551 3377 2109 0 458828 0 1070822
1787066826.857941 463444 43333 3377 2109 0 458828 0 1078421
1787066827.857959 463444 44159 3377 2109 0 458828 0 1083465
1787066828.859003 463444 44697 3377 2109 0 458828 0 1100990
1787066829.858294 463444 44689 3377 2109 0 458828 0 1090630
1787066830.858711 463444 43951 3377 2109 0 458828 0 1095380
1787066831.859903 463444 42017 3377 2109 0 458828 0 1118999
1787066832.861354 463444 42623 3377 2109 0 458828 0 1142143
1787066833.860410 463444 43960 3377 2109 0 458828 0 1131271
1787066834.861332 463444 41872 3377 2109 0 458828 0 1143542
1787066835.861921 465492 46651 3377 2109 0 460876 0 1155813
1787066836.863619 465492 46695 3377 2109 0 460876 0 1180750
1787066837.862603 465492 42390 3377 2109 0 460876 0 1168085
1787066838.860786 465492 44332 3377 2109 0 460876 0 1165117
1787066839.864094 465492 46703 3377 2109 0 460876 0 1192626
1787066840.849511 465492 44946 3377 2109 0 460876 0 1192627
1787066841.847953 465492 45140 3377 2109 0 460876 0 1192628
1787066842.849599 465492 45272 3377 2109 0 460876 0 1192629
1787066843.856284 465492 46925 3377 2109 0 460876 0 1159320
1787066844.856985 465492 49755 3377 2109 0 460876 0 1164249
1787066845.858402 471636 48028 3377 2109 0 467020 0 1192257
1787066846.859508 471636 47623 3377 2109 0 467020 0 1194674
1787066847.856332 471636 48545 3377 2109 0 467020 0 1173305
1787066848.856750 471636 49108 3377 2109 0 467020 0 1185575
1787066849.856051 471636 49684 3377 2109 0 467020 0 1171238
1787066850.858212 471636 49448 3377 2109 0 467020 0 1196521
1787066851.861834 471636 49617 3377 2109 0 467020 0 1240215
1787066852.863167 471636 49726 3377 2109 0 467020 0 1250193
1787066853.859959 471636 47567 3377 2109 0 467020 0 1227442
1787066854.865834 471636 49484 3377 2109 0 467020 0 1270921
1787066855.869068 471636 39653 3377 2109 0 467020 0 1265385
1787066856.848484 475733 39666 3377 2109 0 471116 0 1253325
1787066857.848635 475733 39666 3377 2109 0 471116 0 1253326
1787066858.848773 475733 39665 3377 2109 0 471116 0 1253327
1787066859.848648 475733 40176 3377 2109 0 471116 0 1253328
1787066860.848795 475733 40302 3377 2109 0 471116 0 1253329
1787066861.848791 475733 40401 3377 2109 0 471116 0 1253330
1787066862.848676 475733 40256 3377 2109 0 471116 0 1253330
1787066863.845466 475733 41629 3377 2109 0 471116 0 1184621
1787066864.846338 475733 42238 3377 2109 0 471116 0 1202648
1787066865.845863 475733 42246 3377 2109 0 471116 0 1195120
1787066866.845493 475733 42246 3377 2109 0 471116 0 1184350
1787066867.845604 475733 41873 3377 2109 0 471116 0 1184351
1787066868.845083 475733 41339 3377 2109 0 471116 0 1169810
1787066869.844676 475733 41850 3377 2109 0 471116 0 1164430
1787066870.844179 475733 41185 3377 2109 0 471116 0 1153646
1787066871.844660 475733 41197 3377 2109 0 471116 0 1155323
1787066872.843989 475733 40786 3377 2109 0 471116 0 1146085
1787066873.843762 475733 41286 3377 2109 0 471116 0 1138960
1787066874.843226 475733 40907 3377 2109 0 471116 0 1131840
1787066875.842829 475733 41292 3377 2109 0 471116 0 1124681
1787066876.842926 475733 41117 3377 2109 0 471116 0 1116518
1787066877.842653 475733 41118 3377 2109 0 471116 0 1116518
1787066878.842462 475733 40884 3377 2109 0 471116 0 1109416
1787066879.842263 475733 40912 3377 2109 0 471116 0 1103277
1787066880.841395 475733 41007 3377 2109 0 471116 0 1095337
1787066881.841611 475733 41018 3377 2109 0 471116 0 1095338
1787066882.841388 475733 41343 3377 2109 0 471116 0 1087082
1787066883.841251 475733 40774 3377 2109 0 471116 0 1079703
1787066884.842049 475733 40659 3377 2109 0 471116 0 1091385
1787066885.841681 475733 40914 3377 2109 0 471116 0 1091386
1787066886.841629 475733 40796 3377 2109 0 471116 0 1091387
1787066887.841886 475733 41414 3377 2109 0 471116 0 1091388
1787066888.839933 475733 41452 3377 2109 0 471116 0 1050931
1787066889.851025 475733 41201 3377 2109 0 471116 0 1108694
1787066890.842181 478293 42345 3377 2109 0 473676 0 1108694
1787066891.842279 478293 42345 3377 2109 0 473676 0 1108695
1787066892.842348 478293 42345 3377 2109 0 473676 0 1108695
1787066893.842640 478293 42345 3377 2109 0 473676 0 1108696
1787066894.844163 478293 42345 3377 2109 0 473676 0 1108696
1787066895.842607 478293 41866 3377 2109 0 473676 0 1108697
1787066896.842442 478293 42270 3377 2109 0 473676 0 1105510
1787066897.842556 478293 42302 3377 2109 0 473676 0 1108698
1787066898.839783 478293 43381 3377 2109 0 473676 0 1045850
1787066899.840302 478293 43381 3377 2109 0 473676 0 1045850
1787066900.839343 478293 43892 3377 2109 0 473676 0 1045851
1787066901.843344 478293 43690 3377 2109 0 473676 0 1123779
1787066902.843336 478293 43690 3377 2109 0 473676 0 1123780
1787066903.843077 478293 43690 3377 2109 0 473676 0 1123781
1787066904.845862 478293 42691 3377 2109 0 473676 0 1123782
1787066905.843030 478293 42635 3377 2109 0 473676 0 1123783
1787066906.843160 478293 42590 3377 2109 0 473676 0 1123784
1787066907.843044 478293 42856 3377 2109 0 473676 0 1123785
1787066908.842985 478293 42863 3377 2109 0 473676 0 1123786
1787066909.842916 478293 42682 3377 2109 0 473676 0 1123787
1787066910.837405 478293 43774 3377 2109 0 473676 0 995625
1787066911.838082 478293 43723 3377 2109 0 473676 0 1013653
1787066912.838258 478293 43723 3377 2109 0 473676 0 1013654
1787066913.838115 478293 43723 3377 2109 0 473676 0 1008360
1787066914.839686 478293 43028 3377 2109 0 473676 0 1013656
1787066915.838097 478293 42824 3377 2109 0 473676 0 1013657
1787066916.837873 478293 42824 3377 2109 0 473676 0 1013658
1787066917.838005 478293 42469 3377 2109 0 473676 0 995126
1787066918.837193 478293 42129 3377 2109 0 473676 0 995127
1787066919.837568 478293 42129 3377 2109 0 473676 0 995128
1787066920.837183 478293 42640 3377 2109 0 473676 0 995129
1787066921.837223 478293 42640 3377 2109 0 473676 0 995130
1787066922.837246 478293 42589 3377 2109 0 473676 0 995131
1787066923.837105 478293 42589 3377 2109 0 473676 0 995132
1787066924.839098 478293 42589 3377 2109 0 473676 0 995133
1787066925.842268 478293 42418 3377 2109 0 473676 0 995134
1787066926.837457 478293 42404 3377 2109 0 473676 0 995135
1787066927.837695 478293 42414 3377 2109 0 473676 0 995136
1787066928.836721 478293 43760 3377 2109 0 473676 0 976487
1787066929.839960 537181 102636 3416 2109 0 532556 0 976491
1787066930.836494 629341 197072 3416 2109 0 624716 0 976491
1787066931.836803 705629 292349 3416 2109 0 701004 0 976491
1787066932.836720 815197 384533 3416 2109 0 810572 0 976491
1787066933.836651 884317 475609 3416 2109 0 879692 0 976491
1787066934.836278 1070685 570705 3416 2109 0 1066060 0 976491
1787066935.836292 1070685 663614 3416 2109 0 1066060 0 976491
1787066936.836390 1190493 759959 3416 2109 0 1185868 0 976491
1787066937.836595 1327709 854592 3416 2109 0 1323084 0 976491
1787066938.847630 1491549 948042 3416 2109 0 1486924 0 976491
1787066939.837066 1491549 1041859 3416 2109 0 1486924 0 976491
1787066940.839592 1502814 1096428 3413 2109 0 1498188 0 976491
1787066941.839552 1502814 1096428 3413 2109 0 1498188 0 976491
1787066942.836653 1502814 1096428 3413 2109 0 1498188 0 976491
1787066943.836512 1502814 1096428 3413 2109 0 1498188 0 976491
1787066944.836459 1502814 1096428 3413 2109 0 1498188 0 976491
1787066945.836585 1502814 1096428 3413 2109 0 1498188 0 976491
1787066946.836211 1502814 1096428 3413 2109 0 1498188 0 976491
1787066947.836261 1502814 1096428 3413 2109 0 1498188 0 976491
1787066948.836267 1502814 1096428 3413 2109 0 1498188 0 976491
1787066949.836209 1506911 1096410 3413 2109 0 1502284 0 976491
1787066950.836382 1506911 1096410 3413 2109 0 1502284 0 976491
1787066951.836150 1506911 1096746 3413 2109 0 1502284 0 976491
1787066952.836893 1506911 1096746 3413 2109 0 1502284 0 976491
1787066953.836367 1506911 1096746 3413 2109 0 1502284 0 976491
1787066954.836349 1506911 1096746 3413 2109 0 1502284 0 976491
1787066955.836447 1506911 1096746 3413 2109 0 1502284 0 976491
1787066956.836308 1506911 1096746 3413 2109 0 1502284 0 976491
1787066957.837321 1511001 1096741 3406 2109 0 1506380 0 976491
1787066958.836236 1511001 1096741 3406 2109 0 1506380 0 976491
1787066959.836528 1511001 1096741 3406 2109 0 1506380 0 976491
1787066960.836362 1511001 1096741 3406 2109 0 1506380 0 976491
1787066961.836711 1511001 1097061 3406 2109 0 1506380 0 976491
1787066962.836501 1511001 1097061 3406 2109 0 1506380 0 976491
1787066963.836551 1511001 1097061 3406 2109 0 1506380 0 976491
1787066964.836472 1511001 1097061 3406 2109 0 1506380 0 976491
1787066965.836330 1511001 1097061 3406 2109 0 1506380 0 976491
1787066966.836578 1511001 1097061 3406 2109 0 1506380 0 976491
1787066967.836473 1511001 1097061 3406 2109 0 1506380 0 976491
1787066968.836662 1511001 1097061 3406 2109 0 1506380 0 976491
1787066969.836695 1511001 1097061 3406 2109 0 1506380 0 976491
1787066970.836257 1511001 1097061 3406 2109 0 1506380 0 976491
1787066971.836488 1511001 1097061 3406 2109 0 1506380 0 976491
1787066972.836416 1511001 1097061 3406 2109 0 1506380 0 976491
1787066973.836485 1511001 1097061 3406 2109 0 1506380 0 976491
1787066974.836563 1511001 1097061 3406 2109 0 1506380 0 976491
1787066975.836554 1511001 1097061 3406 2109 0 1506380 0 976491
1787066976.836622 1511001 1097061 3406 2109 0 1506380 0 976491
1787066977.837636 1511001 1097061 3406 2109 0 1506380 0 976491
1787066978.836440 1511001 1097061 3406 2109 0 1506380 0 976491
1787066979.836367 1511001 1097061 3406 2109 0 1506380 0 976491
1787066980.836718 1511001 1097061 3406 2109 0 1506380 0 976491
1787066981.836400 1511001 1097061 3406 2109 0 1506380 0 976491
1787066982.836498 1511001 1097365 3406 2109 0 1506380 0 976491
1787066983.836413 1511001 1097365 3406 2109 0 1506380 0 976491
1787066984.836385 1511001 1097365 3406 2109 0 1506380 0 976491
1787066985.836513 1511001 1097365 3406 2109 0 1506380 0 976491
1787066986.838625 1511001 1097365 3406 2109 0 1506380 0 976491
1787066987.836558 1511001 1097365 3406 2109 0 1506380 0 976491
1787066988.836655 1511001 1097365 3406 2109 0 1506380 0 976491
1787066989.836525 1511001 1097365 3406 2109 0 1506380 0 976491
1787066990.836539 1511001 1097365 3406 2109 0 1506380 0 976491
1787066991.836473 1511001 1097365 3406 2109 0 1506380 0 976491
1787066992.836533 1511001 1097653 3406 2109 0 1506380 0 976491
1787066993.836656 1511001 1097653 3406 2109 0 1506380 0 976491
1787066994.836448 1511001 1097653 3406 2109 0 1506380 0 976491
1787066995.836446 1511001 1097653 3406 2109 0 1506380 0 976491
1787066996.836370 1511001 1097653 3406 2109 0 1506380 0 976491
1787066997.836642 1511001 1097653 3406 2109 0 1506380 0 976491
1787066998.836379 1511001 1097653 3406 2109 0 1506380 0 976491
1787066999.836595 1511001 1097653 3406 2109 0 1506380 0 976491
1787067000.836555 1511001 1097653 3406 2109 0 1506380 0 976491
1787067001.836736 1511001 1097653 3406 2109 0 1506380 0 976491
1787067002.836950 1511001 1097653 3406 2109 0 1506380 0 976491
1787067003.836580 1511001 1097653 3406 2109 0 1506380 0 976491
1787067004.836302 1511001 1097653 3406 2109 0 1506380 0 976491
1787067005.837350 1511001 1097653 3406 2109 0 1506380 0 976491
1787067006.836688 1511001 1097653 3406 2109 0 1506380 0 976491
1787067007.836292 1511001 1097653 3406 2109 0 1506380 0 976491
1787067008.836590 1511001 1097653 3406 2109 0 1506380 0 976491
1787067009.836455 1511001 1097653 3406 2109 0 1506380 0 976491
1787067010.836538 1511001 1097653 3406 2109 0 1506380 0 976491
1787067011.837428 1511001 1097653 3406 2109 0 1506380 0 976491
1787067012.836770 1511001 1097653 3406 2109 0 1506380 0 976491
1787067013.836373 1511001 1097925 3406 2109 0 1506380 0 976491
1787067014.836455 1511001 1097925 3406 2109 0 1506380 0 976491
1787067015.836149 1511001 1097925 3406 2109 0 1506380 0 976491
1787067016.836353 1511001 1097925 3406 2109 0 1506380 0 976491
1787067017.836361 1511001 1097925 3406 2109 0 1506380 0 976491
1787067018.836878 1511001 1097925 3406 2109 0 1506380 0 976491
1787067019.836509 1511001 1097925 3406 2109 0 1506380 0 976491
1787067020.836469 1511001 1097925 3406 2109 0 1506380 0 976491
1787067021.836486 1511001 1097925 3406 2109 0 1506380 0 976491
1787067022.836389 1511001 1097925 3406 2109 0 1506380 0 976491
1787067023.836510 1511001 1098181 3406 2109 0 1506380 0 976491
1787067024.836658 1511001 1098181 3406 2109 0 1506380 0 976491
1787067025.836365 1511001 1098181 3406 2109 0 1506380 0 976491
1787067026.836493 1511001 1098181 3406 2109 0 1506380 0 976491
1787067027.836587 1511001 1098181 3406 2109 0 1506380 0 976491
1787067028.836414 1511001 1098181 3406 2109 0 1506380 0 976491
1787067029.836538 1511001 1098181 3406 2109 0 1506380 0 976491
1787067030.836639 1511001 1098181 3406 2109 0 1506380 0 976491
1787067031.836418 1511001 1098181 3406 2109 0 1506380 0 976491
1787067032.836426 1511001 1098181 3406 2109 0 1506380 0 976491
1787067033.838750 1511001 1098181 3406 2109 0 1506380 0 976491
1787067034.836637 1511001 1098181 3406 2109 0 1506380 0 976491
1787067035.836560 1511001 1098181 3406 2109 0 1506380 0 976491
1787067036.836564 1511001 1098181 3406 2109 0 1506380 0 976491
1787067037.836586 1511001 1098181 3406 2109 0 1506380 0 976491
1787067038.837205 1511001 1098181 3406 2109 0 1506380 0 976491
1787067039.836493 1511001 1098181 3406 2109 0 1506380 0 976491
1787067040.836394 1511001 1098181 3406 2109 0 1506380 0 976491
1787067041.836886 1511001 1098181 3406 2109 0 1506380 0 976491
1787067042.836467 1511001 1098181 3406 2109 0 1506380 0 976491
1787067043.836848 1511001 1098421 3406 2109 0 1506380 0 976491
1787067044.838695 1511001 1098421 3406 2109 0 1506380 0 976491
1787067045.845644 1511001 1098421 3406 2109 0 1506380 0 976491
1787067046.838620 1511001 1098421 3406 2109 0 1506380 0 976491
1787067047.838967 1511001 1098421 3406 2109 0 1506380 0 976491
1787067048.838755 1511001 1098421 3406 2109 0 1506380 0 976491
1787067049.838877 1511001 1098421 3406 2109 0 1506380 0 976491
1787067050.838884 1511001 1098421 3406 2109 0 1506380 0 976491
1787067051.838615 1511001 1098421 3406 2109 0 1506380 0 976491
1787067052.836458 1511001 1098421 3406 2109 0 1506380 0 976491
1787067053.836494 1511001 1098645 3406 2109 0 1506380 0 976491
1787067054.836726 1511001 1098645 3406 2109 0 1506380 0 976491
1787067055.836432 1511001 1098645 3406 2109 0 1506380 0 976491
1787067056.836342 1511001 1098645 3406 2109 0 1506380 0 976491
1787067057.836322 1511001 1098645 3406 2109 0 1506380 0 976491
1787067058.836373 1511001 1098645 3406 2109 0 1506380 0 976491
1787067059.836540 1511001 1098645 3406 2109 0 1506380 0 976491
1787067060.836489 1511001 1098645 3406 2109 0 1506380 0 976491
1787067061.836433 1511001 1098645 3406 2109 0 1506380 0 976491
1787067062.836421 1511001 1098645 3406 2109 0 1506380 0 976491
1787067063.836486 1511001 1098645 3406 2109 0 1506380 0 976491
1787067064.836385 1511001 1098645 3406 2109 0 1506380 0 976491
1787067065.836438 1511001 1098645 3406 2109 0 1506380 0 976491
1787067066.836410 1511001 1098645 3406 2109 0 1506380 0 976491
1787067067.836532 1511001 1098645 3406 2109 0 1506380 0 976491
1787067068.836472 1511001 1098645 3406 2109 0 1506380 0 976491
1787067069.836355 1511001 1098645 3406 2109 0 1506380 0 976491
1787067070.836774 1511001 1098645 3406 2109 0 1506380 0 976491
1787067071.836632 1511001 1098645 3406 2109 0 1506380 0 976491
1787067072.836675 1511001 1098645 3406 2109 0 1506380 0 976491
1787067073.836670 1511001 1098645 3406 2109 0 1506380 0 976491
1787067074.836374 1511001 1098853 3406 2109 0 1506380 0 976491
1787067075.836387 1511001 1098853 3406 2109 0 1506380 0 976491
1787067076.836623 1511001 1098853 3406 2109 0 1506380 0 976491
1787067077.836632 1511001 1098853 3406 2109 0 1506380 0 976491
1787067078.836806 1511001 1098853 3406 2109 0 1506380 0 976491
1787067079.836485 1511001 1098853 3406 2109 0 1506380 0 976491
1787067080.836376 1511001 1098853 3406 2109 0 1506380 0 976491
1787067081.836316 1511001 1098853 3406 2109 0 1506380 0 976491
1787067082.836319 1511001 1098853 3406 2109 0 1506380 0 976491
1787067083.836211 1511001 1098853 3406 2109 0 1506380 0 976491
1787067084.836477 1511001 1099045 3406 2109 0 1506380 0 976491
1787067085.836638 1511001 1099045 3406 2109 0 1506380 0 976491
1787067086.836339 1511001 1099045 3406 2109 0 1506380 0 976491
1787067087.836317 1511001 1099045 3406 2109 0 1506380 0 976491
1787067088.836302 1511001 1099045 3406 2109 0 1506380 0 976491
1787067089.836366 1511001 1099045 3406 2109 0 1506380 0 976491
1787067090.836308 1511001 1099045 3406 2109 0 1506380 0 976491
1787067091.836342 1511001 1099045 3406 2109 0 1506380 0 976491
1787067092.836446 1511001 1099045 3406 2109 0 1506380 0 976491
1787067093.836369 1511001 1099045 3406 2109 0 1506380 0 976491
1787067094.836354 1511001 1099045 3406 2109 0 1506380 0 976491
1787067095.836254 1511001 1099045 3406 2109 0 1506380 0 976491
1787067096.836264 1511001 1099045 3406 2109 0 1506380 0 976491
1787067097.836558 1511001 1099045 3406 2109 0 1506380 0 976491
1787067098.836483 1511001 1099045 3406 2109 0 1506380 0 976491
1787067099.836325 1511001 1099045 3406 2109 0 1506380 0 976491
1787067100.849869 1511001 1099045 3406 2109 0 1506380 0 976491
1787067101.836343 1511001 1099045 3406 2109 0 1506380 0 976491
1787067102.836864 1511001 1099045 3406 2109 0 1506380 0 976491
1787067103.836467 1511001 1099045 3406 2109 0 1506380 0 976491
1787067104.836975 1511001 1099045 3406 2109 0 1506380 0 976491
1787067105.836858 1511001 1099221 3406 2109 0 1506380 0 976491
1787067106.836566 1511001 1099221 3406 2109 0 1506380 0 976491
1787067107.836366 1511001 1099221 3406 2109 0 1506380 0 976491
1787067108.836536 1511001 1099221 3406 2109 0 1506380 0 976491
1787067109.836467 1511001 1099221 3406 2109 0 1506380 0 976491
1787067110.836358 1511001 1099221 3406 2109 0 1506380 0 976491
1787067111.836618 1511001 1099221 3406 2109 0 1506380 0 976491
1787067112.836483 1511001 1099221 3406 2109 0 1506380 0 976491
1787067113.836318 1511001 1099221 3406 2109 0 1506380 0 976491
1787067114.836332 1511001 1099221 3406 2109 0 1506380 0 976491
1787067115.836250 1511001 1099381 3406 2109 0 1506380 0 976491
1787067116.836246 1511001 1099381 3406 2109 0 1506380 0 976491
1787067117.836690 1511001 1099381 3406 2109 0 1506380 0 976491
1787067118.836530 1511001 1099381 3406 2109 0 1506380 0 976491
1787067119.836672 1511001 1099381 3406 2109 0 1506380 0 976491
1787067120.836570 1511001 1099381 3406 2109 0 1506380 0 976491
1787067121.836426 1511001 1099381 3406 2109 0 1506380 0 976491
1787067122.836454 1511001 1099381 3406 2109 0 1506380 0 976491
1787067123.836563 1511001 1099381 3406 2109 0 1506380 0 976491
1787067124.836587 1511001 1099381 3406 2109 0 1506380 0 976491
1787067125.836565 1511001 1099381 3406 2109 0 1506380 0 976491
1787067126.836639 1511001 1099381 3406 2109 0 1506380 0 976491
1787067127.836557 1511001 1099381 3406 2109 0 1506380 0 976491
1787067128.836602 1511001 1099381 3406 2109 0 1506380 0 976491
1787067129.836499 1511001 1099381 3406 2109 0 1506380 0 976491
1787067130.836382 1511001 1099381 3406 2109 0 1506380 0 976491
1787067131.836334 1511001 1099381 3406 2109 0 1506380 0 976491
1787067132.836383 1511001 1099381 3406 2109 0 1506380 0 976491
1787067133.836322 1511001 1099381 3406 2109 0 1506380 0 976491
1787067134.836581 1511001 1099381 3406 2109 0 1506380 0 976491
1787067135.836325 1511001 1099525 3406 2109 0 1506380 0 976491
1787067136.836237 1511001 1099525 3406 2109 0 1506380 0 976491
1787067137.836322 1511001 1099525 3406 2109 0 1506380 0 976491
1787067138.836433 1511001 1099525 3406 2109 0 1506380 0 976491
1787067139.836281 1511001 1099525 3406 2109 0 1506380 0 976491
1787067140.836301 1511001 1099525 3406 2109 0 1506380 0 976491
1787067141.836318 1511001 1099525 3406 2109 0 1506380 0 976491
1787067142.836462 1511001 1099525 3406 2109 0 1506380 0 976491
1787067143.836540 1511001 1099525 3406 2109 0 1506380 0 976491
1787067144.836342 1511001 1099525 3406 2109 0 1506380 0 976491
1787067145.836276 1511001 1099525 3406 2109 0 1506380 0 976491
1787067146.836379 1511001 1099653 3406 2109 0 1506380 0 976491
1787067147.836328 1511001 1099653 3406 2109 0 1506380 0 976491
1787067148.836255 1511001 1099653 3406 2109 0 1506380 0 976491
1787067149.836334 1511001 1099653 3406 2109 0 1506380 0 976491
1787067150.836378 1511001 1099653 3406 2109 0 1506380 0 976491
1787067151.836478 1511001 1099653 3406 2109 0 1506380 0 976491
1787067152.836255 1511001 1099653 3406 2109 0 1506380 0 976491
1787067153.836473 1511001 1099653 3406 2109 0 1506380 0 976491
1787067154.836328 1511001 1099653 3406 2109 0 1506380 0 976491
1787067155.836410 1511001 1099653 3406 2109 0 1506380 0 976491
1787067156.836277 1511001 1099653 3406 2109 0 1506380 0 976491
1787067157.836355 1511001 1099653 3406 2109 0 1506380 0 976491
1787067158.836495 1511001 1099653 3406 2109 0 1506380 0 976491
1787067159.836422 1511001 1099653 3406 2109 0 1506380 0 976491
1787067160.836284 1511001 1099653 3406 2109 0 1506380 0 976491
1787067161.836532 1511001 1099653 3406 2109 0 1506380 0 976491
1787067162.836438 1511001 1099653 3406 2109 0 1506380 0 976491
1787067163.836323 1511001 1099653 3406 2109 0 1506380 0 976491
1787067164.836616 1511001 1099653 3406 2109 0 1506380 0 976491
1787067165.836293 1511001 1099653 3406 2109 0 1506380 0 976491
1787067166.836360 1511001 1099771 3406 2109 0 1506380 0 976491
1787067167.836571 1511001 1099771 3406 2109 0 1506380 0 976491
1787067168.836486 1511001 1099771 3406 2109 0 1506380 0 976491
1787067169.836456 1511001 1099771 3406 2109 0 1506380 0 976491
1787067170.836441 1511001 1099771 3406 2109 0 1506380 0 976491
1787067171.836320 1511001 1099771 3406 2109 0 1506380 0 976491
1787067172.836333 1511001 1099771 3406 2109 0 1506380 0 976491
1787067173.836508 1511001 1099771 3406 2109 0 1506380 0 976491
1787067174.836762 1511001 1099771 3406 2109 0 1506380 0 976491
1787067175.836651 1511001 1099771 3406 2109 0 1506380 0 976491
1787067176.836559 1511001 1099887 3406 2109 0 1506380 0 976491
1787067177.836523 1511001 1099887 3406 2109 0 1506380 0 976491
1787067178.836566 1511001 1099887 3406 2109 0 1506380 0 976491
1787067179.836555 1511001 1099887 3406 2109 0 1506380 0 976491
1787067180.836454 1511001 1099887 3406 2109 0 1506380 0 976491
1787067181.836465 1511001 1099887 3406 2109 0 1506380 0 976491
1787067182.836498 1511001 1099887 3406 2109 0 1506380 0 976491
1787067183.836687 1511001 1099887 3406 2109 0 1506380 0 976491
1787067184.836297 1511001 1099887 3406 2109 0 1506380 0 976491
1787067185.836318 1511001 1099887 3406 2109 0 1506380 0 976491
1787067186.836328 1511001 1099887 3406 2109 0 1506380 0 976491
1787067187.836831 1511001 1099887 3406 2109 0 1506380 0 976491
1787067188.836725 1511001 1099887 3406 2109 0 1506380 0 976491
1787067189.836868 1511001 1099887 3406 2109 0 1506380 0 976491
1787067190.836584 1511001 1099887 3406 2109 0 1506380 0 976491
1787067191.836850 1511001 1099887 3406 2109 0 1506380 0 976491
1787067192.836490 1511001 1099887 3406 2109 0 1506380 0 976491
1787067193.836725 1511001 1099887 3406 2109 0 1506380 0 976491
1787067194.836717 1511001 1099887 3406 2109 0 1506380 0 976491
1787067195.836727 1511001 1099887 3406 2109 0 1506380 0 976491
1787067196.836686 1511001 1099887 3406 2109 0 1506380 0 976491
1787067197.836642 1511001 1100006 3406 2109 0 1506380 0 976491
1787067198.837359 1511001 1100006 3406 2109 0 1506380 0 976491
1787067199.836681 1511001 1100006 3406 2109 0 1506380 0 976491
1787067200.836764 1511001 1100006 3406 2109 0 1506380 0 976491
1787067201.836767 1511001 1100006 3406 2109 0 1506380 0 976491
1787067202.836858 1511001 1100006 3406 2109 0 1506380 0 976491
1787067203.836726 1511001 1100006 3406 2109 0 1506380 0 976491
1787067204.836703 1511001 1100006 3406 2109 0 1506380 0 976491
1787067205.836691 1511001 1100006 3406 2109 0 1506380 0 976491
1787067206.836734 1511001 1100006 3406 2109 0 1506380 0 976491
1787067207.836723 1511001 1100123 3406 2109 0 1506380 0 976491
1787067208.836745 1511001 1100123 3406 2109 0 1506380 0 976491
1787067209.836981 1511001 1100123 3406 2109 0 1506380 0 976491
1787067210.836938 1511001 1100123 3406 2109 0 1506380 0 976491
1787067211.836756 1511001 1100123 3406 2109 0 1506380 0 976491
1787067212.836652 1511001 1100123 3406 2109 0 1506380 0 976491
1787067213.836872 1511001 1100123 3406 2109 0 1506380 0 976491
1787067214.836549 1511001 1100123 3406 2109 0 1506380 0 976491
1787067215.836479 1511001 1100123 3406 2109 0 1506380 0 976491
1787067216.836922 1511001 1100123 3406 2109 0 1506380 0 976491
1787067217.836778 1511001 1100123 3406 2109 0 1506380 0 976491
1787067218.837631 1511001 1100123 3406 2109 0 1506380 0 976491
1787067219.836691 1511001 1100123 3406 2109 0 1506380 0 976491
1787067220.836469 1511001 1100123 3406 2109 0 1506380 0 976491
1787067221.836551 1511001 1100123 3406 2109 0 1506380 0 976491
1787067222.836552 1511001 1100123 3406 2109 0 1506380 0 976491
1787067223.836608 1511001 1100123 3406 2109 0 1506380 0 976491
1787067224.836900 1511001 1100123 3406 2109 0 1506380 0 976491
1787067225.836692 1511001 1100123 3406 2109 0 1506380 0 976491
1787067226.838920 1511001 1100123 3406 2109 0 1506380 0 976491
1787067227.836770 1511001 1100123 3406 2109 0 1506380 0 976491
1787067228.836916 1511001 1100239 3406 2109 0 1506380 0 976491
1787067229.836997 1511001 1100239 3406 2109 0 1506380 0 976491
1787067230.836628 1511001 1100239 3406 2109 0 1506380 0 976491
1787067231.836656 1511001 1100239 3406 2109 0 1506380 0 976491
1787067232.836804 1511001 1100239 3406 2109 0 1506380 0 976491
1787067233.836444 1511001 1100239 3406 2109 0 1506380 0 976491
1787067234.836493 1511001 1100239 3406 2109 0 1506380 0 976491
1787067235.836527 1511001 1100239 3406 2109 0 1506380 0 976491
1787067236.836762 1511001 1100239 3406 2109 0 1506380 0 976491
1787067237.836618 1511001 1100239 3406 2109 0 1506380 0 976491
1787067238.836693 1511001 1100357 3406 2109 0 1506380 0 976491
1787067239.836559 1511001 1100357 3406 2109 0 1506380 0 976491
1787067240.836684 1511001 1100357 3406 2109 0 1506380 0 976491
1787067241.836822 1511001 1100357 3406 2109 0 1506380 0 976491
1787067242.836733 1511001 1100357 3406 2109 0 1506380 0 976491
1787067243.836731 1511001 1100357 3406 2109 0 1506380 0 976491
1787067244.836600 1511001 1100357 3406 2109 0 1506380 0 976491
1787067245.836526 1511001 1100357 3406 2109 0 1506380 0 976491
1787067246.836661 1511001 1100357 3406 2109 0 1506380 0 976491
1787067247.836504 1511001 1100357 3406 2109 0 1506380 0 976491
1787067248.836496 1511001 1100357 3406 2109 0 1506380 0 976491
1787067249.836561 1511001 1100357 3406 2109 0 1506380 0 976491
1787067250.836899 1511001 1100357 3406 2109 0 1506380 0 976491
1787067251.836555 1511001 1100357 3406 2109 0 1506380 0 976491
1787067252.837495 1511001 1100357 3406 2109 0 1506380 0 976491
1787067253.836502 1511001 1100357 3406 2109 0 1506380 0 976491
1787067254.836651 1511001 1100357 3406 2109 0 1506380 0 976491
1787067255.836572 1511001 1100357 3406 2109 0 1506380 0 976491
1787067256.836544 1511001 1100357 3406 2109 0 1506380 0 976491
1787067257.836707 1511001 1100357 3406 2109 0 1506380 0 976491
1787067258.836836 1511001 1100471 3406 2109 0 1506380 0 976491
1787067259.836705 1511001 1100471 3406 2109 0 1506380 0 976491
1787067260.836550 1511001 1100471 3406 2109 0 1506380 0 976491
1787067261.836949 1511001 1100471 3406 2109 0 1506380 0 976491
1787067262.836921 1511001 1100471 3406 2109 0 1506380 0 976491
1787067263.836456 1511001 1100471 3406 2109 0 1506380 0 976491
1787067264.836387 1511001 1100471 3406 2109 0 1506380 0 976491
1787067265.836505 1511001 1100471 3406 2109 0 1506380 0 976491
1787067266.836545 1511001 1100471 3406 2109 0 1506380 0 976491
1787067267.836796 1511001 1100471 3406 2109 0 1506380 0 976491
1787067268.836588 1511001 1100471 3406 2109 0 1506380 0 976491
1787067269.836609 1511001 1100471 3406 2109 0 1506380 0 976491
1787067270.837141 1511001 1100471 3406 2109 0 1506380 0 976491
1787067271.836480 1511001 1100471 3406 2109 0 1506380 0 976491
1787067272.836367 1511001 1100471 3406 2109 0 1506380 0 976491
1787067273.836965 1511001 1100471 3406 2109 0 1506380 0 976491
1787067274.836562 1511001 1100471 3406 2109 0 1506380 0 976491
