# start_epoch=1786814218.014958  page_size=4096  cachestat=ok  fields=size,resident,shared,text,lib,data,dt,pagecache
1786814219.015242 262499 27657 7671 99 0 248506 0 1
1786814220.015165 262499 27657 7671 99 0 248506 0 1
1786814221.023569 3028495 131208 107832 99 0 277562 0 131820
1786814222.025808 3062675 146660 120400 99 0 280634 0 168467
1786814223.027174 3097335 147952 121692 99 0 280634 0 191775
1786814224.028481 3151248 181646 155382 99 0 280634 0 267666
1786814225.031985 3149331 154134 128590 99 0 280634 0 270680
1786814226.029585 3220662 196034 170486 99 0 280634 0 288291
1786814227.035940 4282899 157762 134227 99 0 280634 0 343278
1786814228.037089 3236012 148254 122903 99 0 280634 0 336031
1786814229.038668 3290024 181205 155853 99 0 280634 0 407799
1786814230.040594 3288099 153602 128250 99 0 280634 0 408355
1786814231.043883 3359463 197188 173419 99 0 280634 0 464728
1786814232.045263 3340176 156270 132543 99 0 280634 0 478239
1786814233.044727 3374880 145991 122242 99 0 280634 0 473830
1786814234.044095 3428795 179566 155746 99 0 280634 0 533305
1786814235.049764 3426841 153937 129996 99 0 280634 0 557405
1786814236.050117 3461625 144876 122033 99 0 280634 0 560291
1786814237.048935 3515591 180788 156135 99 0 280634 0 634106
1786814238.054915 3513607 151114 127138 99 0 280634 0 632062
1786814239.048179 3608085 217290 194431 99 0 280634 0 652093
1786814240.055045 4647133 172072 146702 99 0 280634 0 687371
1786814241.047132 3575007 114068 89347 99 0 284730 0 660265
1786814242.047635 3558795 77971 52733 99 0 287802 0 670758
1786814243.046816 3535668 60148 34873 99 0 287802 0 614348
1786814244.045816 3535668 98836 73496 99 0 287802 0 633159
1786814245.046943 3535668 133448 108105 99 0 287802 0 655117
1786814246.044682 3535668 158048 132896 99 0 287802 0 610514
1786814247.046024 3535668 196300 171141 99 0 287802 0 631110
1786814248.046807 3535668 232420 207261 99 0 287802 0 652805
1786814249.044694 3589787 301667 276508 99 0 287802 0 610511
1786814250.045676 3535668 294460 269301 99 0 287802 0 629799
1786814251.046937 3535668 331599 306440 99 0 287802 0 650155
1786814252.044724 3593759 402627 377468 99 0 287802 0 610769
1786814253.045575 3535668 391775 366557 99 0 287802 0 627058
1786814254.046375 3535668 430845 405626 99 0 287802 0 644862
1786814255.059656 3847883 346226 321007 99 0 287802 0 922737
1786814256.051447 3593754 112953 87734 99 0 287802 0 664891
1786814257.045118 3535663 93499 68278 99 0 287802 0 623954
1786814258.046111 3535663 134014 106745 99 0 287802 0 642511
1786814259.046008 3560489 171449 146228 99 0 287802 0 640071
1786814260.044919 3535663 187211 163250 99 0 287802 0 618285
1786814261.048632 3567666 64634 33602 99 0 319802 0 639822
1786814262.045011 3580466 67274 39794 99 0 332602 0 619460
1786814263.080322 3609759 106689 74798 99 0 332602 0 643223
1786814264.046250 3580466 112941 83100 99 0 332602 0 639825
1786814265.049082 3580466 115907 83244 99 0 332602 0 645731
1786814266.045896 3580466 140741 108047 99 0 332602 0 639826
1786814267.044790 3580466 139648 111835 99 0 332602 0 616282
1786814268.068795 3612831 179701 146727 99 0 335674 0 642757
1786814269.046002 3583538 186089 155659 99 0 335674 0 642048
1786814270.048973 3583538 190643 157659 99 0 335674 0 645719
1786814271.046098 3583538 216970 182457 99 0 335674 0 639830
1786814272.044822 3583538 210515 183952 99 0 335674 0 613174
1786814273.063119 3612831 251415 218908 99 0 335674 0 642137
1786814274.049606 3583538 257823 227376 99 0 335674 0 638283
1786814275.046564 3583538 263514 232064 99 0 335674 0 645700
1786814276.046180 3583538 288855 256857 99 0 335674 0 639834
1786814277.044636 3583538 284924 256857 99 0 335674 0 610541
1786814278.063575 3612831 322514 290343 99 0 335674 0 641605
1786814279.045718 3583538 325648 298630 99 0 335674 0 634149
1786814280.070758 3612831 363035 330722 99 0 335674 0 644808
1786814281.049661 3583538 364223 331258 99 0 335674 0 639838
1786814282.046338 3583538 364342 331258 99 0 335674 0 645818
1786814283.056209 3612831 390294 358547 99 0 335674 0 640329
1786814284.045969 3583538 395421 367005 99 0 335674 0 625995
1786814285.098569 3612831 435155 402169 99 0 335674 0 644208
1786814286.045963 3583538 435602 405660 99 0 335674 0 639842
1786814287.046333 3583538 437956 405660 99 0 335674 0 645798
1786814288.093927 3606015 463976 431886 99 0 335674 0 635014
1786814289.032390 3265600 46114 19094 99 0 335674 0 298323
1786814290.045555 3301293 91283 53692 99 0 342074 0 324710
1786814291.030950 3272000 99098 62369 99 0 342074 0 323507
1786814292.034944 3272000 104212 65105 99 0 342074 0 327798
1786814293.030865 3272000 130126 89909 99 0 342074 0 321911
1786814294.032291 3275072 127036 91154 99 0 345146 0 295183
1786814295.041469 3304365 166172 125864 99 0 345146 0 324264
1786814296.030804 3275072 172542 134792 99 0 345146 0 320839
1786814297.032002 3275072 177986 139512 99 0 345146 0 327782
1786814298.033671 3275072 203361 164311 99 0 345146 0 321915
1786814299.029422 3275072 197484 164311 99 0 345146 0 292622
1786814300.054114 3304365 236172 198007 99 0 345146 0 323948
1786814301.030561 3275072 240328 206961 99 0 345146 0 317769
1786814302.030889 3275072 247499 209409 99 0 345146 0 322730
1786814303.022394 3131430 85522 51562 99 0 349242 0 144888
1786814304.022346 3131430 138483 104522 99 0 349242 0 144888
1786814305.022342 3135527 186901 152943 99 0 353338 0 144888
1786814306.022318 3135527 186901 152943 99 0 353338 0 144888
1786814307.022411 3135527 186901 152943 99 0 353338 0 144888
1786814308.022402 3139624 186904 152943 99 0 357434 0 144888
1786814309.022367 3139624 186904 152943 99 0 357434 0 144888
1786814310.022392 3143721 186874 152943 99 0 361530 0 144888
1786814311.022466 3143721 186874 152943 99 0 361530 0 144888
1786814312.022434 3143721 186874 152943 99 0 361530 0 144888
1786814313.022438 3143721 186874 152943 99 0 361530 0 144888
1786814314.022375 3143721 186874 152943 99 0 361530 0 144888
1786814315.022390 3143721 186874 152943 99 0 361530 0 144888
1786814316.022169 3143721 186874 152943 99 0 361530 0 144888
1786814317.022447 3143721 186874 152943 99 0 361530 0 144888
1786814318.022411 3143721 186874 152943 99 0 361530 0 144888
1786814319.022402 3143721 186874 152943 99 0 361530 0 144888
1786814320.022362 3143721 186874 152943 99 0 361530 0 144888
1786814321.022355 3143721 186874 152943 99 0 361530 0 144888
1786814322.022439 3143721 186874 152943 99 0 361530 0 144888
1786814323.022377 3143721 186874 152943 99 0 361530 0 144888
1786814324.022434 3143721 186874 152943 99 0 361530 0 144888
1786814325.022357 3143721 186874 152943 99 0 361530 0 144888
1786814326.022397 3143721 186874 152943 99 0 361530 0 144888
1786814327.022489 3143721 186874 152943 99 0 361530 0 144888
1786814328.022371 3143721 186874 152943 99 0 361530 0 144888
1786814329.022386 3143721 186874 152943 99 0 361530 0 144888
1786814330.022366 3143721 186874 152943 99 0 361530 0 144888
1786814331.022383 3143721 186874 152943 99 0 361530 0 144888
1786814332.022415 3143721 186874 152943 99 0 361530 0 144888
1786814333.022425 3143721 186874 152943 99 0 361530 0 144888
1786814334.022375 3143721 186874 152943 99 0 361530 0 144888
1786814335.022371 3143721 186874 152943 99 0 361530 0 144888
1786814336.022350 3143721 186874 152943 99 0 361530 0 144888
1786814337.022434 3143721 186874 152943 99 0 361530 0 144888
1786814338.022494 3143721 186874 152943 99 0 361530 0 144888
1786814339.022371 3143721 186874 152943 99 0 361530 0 144888
1786814340.022396 3143721 186874 152943 99 0 361530 0 144888
1786814341.022463 3143721 186874 152943 99 0 361530 0 144888
1786814342.022385 3143721 186874 152943 99 0 361530 0 144888
1786814343.022242 3143721 186850 152943 99 0 361530 0 144888
1786814344.022369 3143721 186850 152943 99 0 361530 0 144888
