# start_epoch=1786814087.591218  page_size=4096  cachestat=ok  fields=size,resident,shared,text,lib,data,dt,pagecache
1786814088.591500 262499 27641 7653 99 0 248506 0 1
1786814089.591443 262499 27641 7653 99 0 248506 0 1
1786814090.596689 2932268 70001 50164 99 0 258106 0 56866
1786814091.596536 2955801 92072 72251 99 0 258106 0 87037
1786814092.597692 2965449 40723 20901 99 0 258106 0 98759
1786814093.599906 3001254 83597 63775 99 0 258106 0 149469
1786814094.602832 3060722 134897 115119 99 0 258106 0 181486
1786814095.603971 3096824 158082 138280 99 0 258106 0 218722
1786814096.611052 3124521 142300 122580 99 0 258106 0 249082
1786814097.607198 3137962 155143 135447 99 0 258106 0 278202
1786814098.608677 3174664 192241 172540 99 0 258106 0 292993
1786814099.611444 3151374 115384 95685 99 0 258106 0 294892
1786814100.613129 3207543 186931 167232 99 0 258106 0 361602
1786814101.611067 3198050 163285 143583 99 0 258106 0 348274
1786814102.611346 3234752 200277 180572 99 0 258106 0 353336
1786814103.619017 3249234 156915 137294 99 0 258106 0 367321
1786814104.617474 3286206 230027 210406 99 0 258106 0 432754
1786814105.615427 3289674 185988 166297 99 0 258106 0 411049
1786814106.615331 3289674 192828 173128 99 0 258106 0 409160
1786814107.616139 3289674 209940 190237 99 0 258106 0 421539
1786814108.618681 3288987 125966 106275 99 0 258106 0 419910
1786814109.619314 3320402 156986 137391 99 0 258106 0 439293
1786814110.622000 3361605 226168 206573 99 0 258106 0 486973
1786814111.617587 3346251 175806 156183 99 0 258106 0 462411
1786814112.617621 3346251 178088 158457 99 0 258106 0 464969
1786814113.616657 3289363 54796 35184 99 0 258106 0 421886
1786814114.626934 3364933 180744 161132 99 0 258106 0 502818
1786814115.627127 3393539 212643 192830 99 0 258106 0 540327
1786814116.619939 3441537 229752 210119 99 0 258106 0 560000
1786814117.641545 3451491 219155 197178 99 0 281146 0 560486
1786814118.641354 3485606 263373 242146 99 0 281146 0 590396
1786814119.643699 3506678 315093 293209 99 0 281146 0 615357
1786814120.623466 3427142 152082 130376 99 0 281146 0 516467
1786814121.654907 3439599 168750 145804 99 0 282682 0 561507
1786814122.661357 3462873 208608 184147 99 0 284218 0 582127
1786814123.627223 3456584 155174 132024 99 0 284218 0 560076
1786814124.630369 3507305 227203 204052 99 0 284218 0 610183
1786814125.628744 3518134 234810 211651 99 0 284218 0 623728
1786814126.638806 3527498 272360 249162 99 0 284218 0 631421
1786814127.627717 3457321 122179 100115 99 0 284218 0 569060
1786814128.631107 3506137 206965 184901 99 0 284218 0 626468
1786814129.666655 3542676 223773 200587 99 0 284218 0 647077
1786814130.646496 3572735 250241 227050 99 0 284218 0 664932
1786814131.638717 3654745 285047 261870 99 0 284218 0 730220
1786814132.631267 3533820 169492 146370 99 0 284218 0 624930
1786814133.630405 3568573 212243 188887 99 0 285754 0 620031
1786814134.630305 3548033 200800 175470 99 0 285754 0 656847
1786814135.628256 3561997 253073 228739 99 0 285754 0 650682
1786814136.625372 3452914 51814 29831 99 0 285754 0 532477
1786814137.629161 3479965 129950 104695 99 0 285754 0 589277
1786814138.629749 3503369 194777 169552 99 0 285754 0 614557
1786814139.625007 3436175 88732 63957 99 0 285754 0 529338
1786814140.622678 3391452 76653 52543 99 0 285754 0 502146
1786814141.621283 3374223 58195 34363 99 0 285754 0 467238
1786814142.623538 3400456 138786 114515 99 0 285754 0 505915
1786814143.621556 3415962 131379 107096 99 0 285754 0 478203
1786814144.622891 3397048 129389 105051 99 0 285754 0 505223
1786814145.623181 3400632 196234 171099 99 0 289338 0 516011
1786814146.625821 3460919 247623 220825 99 0 289338 0 551123
1786814147.627078 3480042 302761 276540 99 0 289338 0 564084
1786814148.628173 3480042 373680 348556 99 0 289338 0 578587
1786814149.629210 3480042 441406 416277 99 0 289338 0 597332
1786814150.612110 3321753 53657 30197 99 0 289338 0 423445
1786814151.614656 3317683 58020 32321 99 0 292410 0 417830
1786814152.627157 3370040 97295 57696 99 0 344762 0 443863
1786814153.613286 3441022 121718 93729 99 0 347322 0 449133
1786814154.619133 3372600 135212 104784 99 0 347322 0 443864
1786814155.614651 3372600 140920 104784 99 0 347322 0 449746
1786814156.611283 3372600 151861 122704 99 0 347322 0 409431
1786814157.611637 3372600 155691 122704 99 0 347322 0 415378
1786814158.608178 3277408 83823 50152 99 0 347322 0 344633
1786814159.625759 3335067 136435 95434 99 0 349370 0 352446
1786814160.606533 3279456 103339 72408 99 0 349370 0 310999
1786814161.608578 3279456 145089 106344 99 0 349370 0 348678
1786814162.611712 3279456 145841 106344 99 0 349370 0 354581
1786814163.629161 3297807 161603 126336 99 0 349370 0 312701
1786814164.601805 3186574 52531 20870 99 0 349370 0 210107
1786814165.606832 3186574 102062 60774 99 0 349370 0 255800
1786814166.604114 3186574 101875 60774 99 0 349370 0 261746
1786814167.603722 3186574 135226 98390 99 0 349370 0 251395
1786814168.609312 3242185 184114 141528 99 0 349370 0 259338
1786814169.602021 3186574 154141 119206 99 0 349370 0 215786
1786814170.619524 3203680 177058 138895 99 0 349370 0 222958
1786814171.599291 3094864 89262 52104 99 0 349370 0 158735
1786814172.610935 3150475 131171 93735 99 0 349370 0 167424
1786814173.597317 3094864 100890 70216 99 0 349370 0 117878
1786814174.594651 3054251 51437 19538 99 0 353466 0 63778
1786814175.594627 3054251 80285 48386 99 0 353466 0 63778
1786814176.595508 3054251 103421 71522 99 0 353466 0 63778
1786814177.595568 3058348 103404 71522 99 0 357562 0 63778
1786814178.595571 3058348 103404 71522 99 0 357562 0 63778
1786814179.594648 3058348 103404 71522 99 0 357562 0 63778
1786814180.594642 3062445 103411 71522 99 0 361658 0 63778
1786814181.594656 3062445 103411 71522 99 0 361658 0 63778
1786814182.594623 3062445 103411 71522 99 0 361658 0 63778
1786814183.594713 3066542 103416 71522 99 0 365754 0 63778
1786814184.594672 3066542 103416 71522 99 0 365754 0 63778
1786814185.594623 3066542 103416 71522 99 0 365754 0 63778
1786814186.595137 3066542 103416 71522 99 0 365754 0 63778
1786814187.594610 3066542 103416 71522 99 0 365754 0 63778
1786814188.594673 3066542 103416 71522 99 0 365754 0 63778
1786814189.594620 3066542 103416 71522 99 0 365754 0 63778
1786814190.594636 3066542 103416 71522 99 0 365754 0 63778
1786814191.594628 3066542 103416 71522 99 0 365754 0 63778
1786814192.594616 3066542 103416 71522 99 0 365754 0 63778
1786814193.594672 3066542 103416 71522 99 0 365754 0 63778
1786814194.594643 3066542 103416 71522 99 0 365754 0 63778
1786814195.594666 3066542 103416 71522 99 0 365754 0 63778
1786814196.594620 3066542 103416 71522 99 0 365754 0 63778
1786814197.594623 3066542 103416 71522 99 0 365754 0 63778
1786814198.594663 3066542 103416 71522 99 0 365754 0 63778
1786814199.594649 3066542 103416 71522 99 0 365754 0 63778
1786814200.594628 3066542 103416 71522 99 0 365754 0 63778
1786814201.594619 3066542 103416 71522 99 0 365754 0 63778
1786814202.594658 3066542 103416 71522 99 0 365754 0 63778
1786814203.594691 3066542 103416 71522 99 0 365754 0 63778
1786814204.594662 3066542 103416 71522 99 0 365754 0 63778
1786814205.594624 3066542 103416 71522 99 0 365754 0 63778
1786814206.594655 3066542 103416 71522 99 0 365754 0 63778
1786814207.594634 3066542 103416 71522 99 0 365754 0 63778
1786814208.594684 3066542 103409 71522 99 0 365754 0 63778
1786814209.594630 3066542 103409 71522 99 0 365754 0 63778
