# start_epoch=1786852403.774107  page_size=4096  cachestat=ok  fields=size,resident,shared,text,lib,data,dt,pagecache
1786852404.776808 53260 31588 2710 1589 0 49279 0 40147
1786852405.777832 59148 36476 2742 1589 0 55167 0 59325
1786852406.778507 59148 36923 2742 1589 0 55167 0 73882
1786852407.779423 59788 33043 2806 1589 0 55807 0 86170
1786852408.785103 59788 34157 2806 1589 0 55807 0 97209
1786852409.779079 60556 36502 2807 1589 0 56575 0 79535
1786852410.780019 60556 30212 2807 1589 0 56575 0 91804
1786852411.780917 60556 36948 2807 1589 0 56575 0 104074
1786852412.782297 60556 31337 2807 1589 0 56575 0 134367
1786852413.783146 60556 38826 2807 1589 0 56575 0 146637
1786852414.783716 60556 32497 2807 1589 0 56575 0 158908
1786852415.783725 60556 36601 2807 1589 0 56575 0 168389
1786852416.782267 60556 32111 2807 1589 0 56575 0 178350
1786852417.788264 66700 41000 2807 1589 0 62719 0 227793
1786852418.786736 67596 35942 2807 1589 0 63615 0 223720
1786852419.787430 67596 39008 2807 1589 0 63615 0 235991
1786852420.787742 67596 34956 2807 1589 0 63615 0 245469
1786852421.790548 67596 40095 2807 1589 0 63615 0 279343
1786852422.791399 67596 38330 2807 1589 0 63615 0 295450
1786852423.791858 67596 40292 2807 1589 0 63615 0 310021
1786852424.791190 67596 37988 2807 1589 0 63615 0 304641
1786852425.791671 67596 36845 2807 1589 0 63615 0 316912
1786852426.792351 67596 39435 2807 1589 0 63615 0 329181
1786852427.791624 67596 37766 2807 1589 0 63615 0 320856
1786852428.792407 67596 38757 2807 1589 0 63615 0 333126
1786852429.796686 68620 39083 2807 1589 0 64639 0 380963
1786852430.796981 68620 41741 2807 1589 0 64639 0 396815
1786852431.797026 68620 40607 2807 1589 0 64639 0 411389
1786852432.797289 68620 43163 2807 1589 0 64639 0 427215
1786852433.804698 68620 43229 2807 1589 0 64639 0 554850
1786852434.798279 68620 43766 2807 1589 0 64639 0 425830
1786852435.799614 68620 41712 2807 1589 0 64639 0 455848
1786852436.806164 68620 42480 2807 1589 0 64639 0 471721
1786852437.803162 68620 40587 2807 1589 0 64639 0 483750
1786852438.803825 68620 40068 2807 1589 0 64639 0 495764
1786852439.804413 68620 40399 2807 1589 0 64639 0 508289
1786852440.805433 69516 40460 2807 1589 0 65535 0 520800
1786852441.803553 69516 40267 2807 1589 0 65535 0 489094
1786852442.803969 69516 39777 2807 1589 0 65535 0 501365
1786852443.803752 69516 39012 2807 1589 0 65535 0 508784
1786852444.807104 70796 39103 2807 1589 0 66815 0 554300
1786852445.807754 70796 38351 2807 1589 0 66815 0 567081
1786852446.808707 70796 39160 2807 1589 0 66815 0 579351
1786852447.809400 70796 39521 2807 1589 0 66815 0 592390
1786852448.810076 70796 40001 2807 1589 0 66815 0 605171
1786852449.810586 70796 40880 2807 1589 0 66815 0 586924
1786852450.808857 70796 41123 2807 1589 0 66815 0 583705
1786852451.809583 70796 40891 2807 1589 0 66815 0 595973
1786852452.810040 70796 41265 2807 1589 0 66815 0 604089
1786852453.808069 70796 37950 2807 1589 0 66815 0 594977
1786852454.812291 70796 40944 2807 1589 0 66815 0 643292
1786852455.813206 70796 36832 2807 1589 0 66815 0 655562
1786852456.813798 72332 41458 2807 1589 0 68351 0 667831
1786852457.813881 72332 39398 2807 1589 0 68351 0 680100
1786852458.813190 72332 39359 2807 1589 0 68351 0 692372
1786852459.813833 72332 39433 2807 1589 0 68351 0 704642
1786852460.813543 72332 37655 2807 1589 0 68351 0 716911
1786852461.819137 72332 39000 2807 1589 0 68351 0 820791
1786852462.812687 72332 35649 2807 1589 0 68351 0 706227
1786852463.813310 72332 39574 2807 1589 0 68351 0 714913
1786852464.814445 72332 37900 2807 1589 0 68351 0 723591
1786852465.814824 72332 38359 2807 1589 0 68351 0 733119
1786852466.818910 72332 40619 2807 1589 0 68351 0 760333
1786852467.817634 72332 41646 2807 1589 0 68351 0 786547
1786852468.818556 72332 40983 2807 1589 0 68351 0 798561
1786852469.819374 72332 44026 2807 1589 0 68351 0 810831
1786852470.819911 72332 41264 2807 1589 0 68351 0 822590
1786852471.820142 72332 44487 2807 1589 0 68351 0 836398
1786852472.821803 72332 40422 2807 1589 0 68351 0 846926
1786852473.822265 72332 44387 2807 1589 0 68351 0 858892
1786852474.813358 72332 39246 2807 1589 0 68351 0 846229
1786852475.813777 72332 39247 2807 1589 0 68351 0 846229
1786852476.819122 72332 39710 2807 1589 0 68351 0 817484
1786852477.819365 72332 40363 2807 1589 0 68351 0 828163
1786852478.819985 72332 41152 2807 1589 0 68351 0 837749
1786852479.820720 72332 41152 2807 1589 0 68351 0 850019
1786852480.821009 72332 41760 2807 1589 0 68351 0 862290
1786852481.822139 72332 40540 2807 1589 0 68351 0 882354
1786852482.823207 72332 43209 2807 1589 0 68351 0 894623
1786852483.823077 72332 43212 2807 1589 0 68351 0 906895
1786852484.823841 72332 42300 2807 1589 0 68351 0 918261
1786852485.824896 72332 45132 2807 1589 0 68351 0 931435
1786852486.825709 72332 43182 2807 1589 0 68351 0 943705
1786852487.818627 72332 40068 2807 1589 0 68351 0 955974
1786852488.819276 72332 39882 2807 1589 0 68351 0 955975
1786852489.818876 72332 40113 2807 1589 0 68351 0 955976
1786852490.818178 72332 39135 2807 1589 0 68351 0 968245
1786852491.819040 72332 39135 2807 1589 0 68351 0 968245
1786852492.818554 72332 39138 2807 1589 0 68351 0 968246
1786852493.832570 74124 40636 2807 1589 0 70143 0 945459
1786852494.830730 74124 43801 2807 1589 0 70143 0 950238
1786852495.830375 74124 39323 2807 1589 0 70143 0 936230
1786852496.830408 74124 38297 2807 1589 0 70143 0 943559
1786852497.830785 74124 41379 2807 1589 0 70143 0 951201
1786852498.831138 74124 37436 2807 1589 0 70143 0 956364
1786852499.832523 74124 41622 2807 1589 0 70143 0 982470
1786852500.833300 74124 38589 2807 1589 0 70143 0 994741
1786852501.834064 74124 43166 2807 1589 0 70143 0 1007011
1786852502.836004 74124 43271 2807 1589 0 70143 0 1033992
1786852503.836257 75148 39756 2807 1589 0 71167 0 1042167
1786852504.836857 75148 42188 2807 1589 0 71167 0 1051367
1786852505.836702 75148 39809 2807 1589 0 71167 0 1043821
1786852506.837178 75148 40349 2807 1589 0 71167 0 1056091
1786852507.828626 75148 37158 2807 1589 0 71167 0 1068361
1786852508.823613 75148 37294 2807 1589 0 71167 0 1068361
1786852509.823569 75148 37275 2807 1589 0 71167 0 1068362
1786852510.830603 75148 42251 2807 1589 0 71167 0 1035404
1786852511.831532 75148 38291 2807 1589 0 71167 0 1041307
1786852512.836711 75148 43265 2807 1589 0 71167 0 1064810
1786852513.833737 75148 42513 2807 1589 0 71167 0 1066719
1786852514.837456 75148 39939 2807 1589 0 71167 0 1068357
1786852515.837239 75148 44766 2807 1589 0 71167 0 1077529
1786852516.830855 75148 40181 2807 1589 0 71167 0 1065599
1786852517.833162 75148 46452 2807 1589 0 71167 0 1091521
1786852518.833288 75148 40384 2807 1589 0 71167 0 1103792
1786852519.834273 75148 46377 2807 1589 0 71167 0 1116063
1786852520.834816 75148 40212 2807 1589 0 71167 0 1128333
1786852521.835409 77196 44596 2807 1589 0 73215 0 1140604
1786852522.835563 77196 43127 2807 1589 0 73215 0 1152875
1786852523.828677 77196 44690 2807 1589 0 73215 0 1165145
1786852524.828439 77196 44698 2807 1589 0 73215 0 1165146
1786852525.828459 77196 43941 2807 1589 0 73215 0 1165147
1786852526.827698 77196 44038 2807 1589 0 73215 0 1143744
1786852527.827749 77196 41977 2807 1589 0 73215 0 1177419
1786852528.836289 77196 42766 2807 1589 0 73215 0 1113116
1786852529.836050 77196 45649 2807 1589 0 73215 0 1127231
1786852530.853921 77196 45239 2807 1589 0 73215 0 1158971
1786852531.844012 77196 44219 2807 1589 0 73215 0 1169446
1786852532.844652 77196 46250 2807 1589 0 73215 0 1174852
1786852533.844465 77196 42153 2807 1589 0 73215 0 1172413
1786852534.844923 77196 46114 2807 1589 0 73215 0 1178668
1786852535.843846 77196 44069 2807 1589 0 73215 0 1166144
1786852536.844271 77196 46146 2807 1589 0 73215 0 1191962
1786852537.845835 77196 43304 2807 1589 0 73215 0 1204233
1786852538.846892 77196 43773 2807 1589 0 73215 0 1216504
1786852539.847571 77196 45713 2807 1589 0 73215 0 1228775
1786852540.847650 77196 43986 2807 1589 0 73215 0 1241045
1786852541.849072 77196 45254 2807 1589 0 73215 0 1253314
1786852542.832620 77196 45616 2807 1589 0 73215 0 1253315
1786852543.832617 77196 45656 2807 1589 0 73215 0 1253316
1786852544.832334 77196 45549 2807 1589 0 73215 0 1253316
1786852545.847194 77196 46061 2807 1589 0 73215 0 1256706
1786852546.834915 77196 45998 2807 1589 0 73215 0 1265587
1786852547.850378 77196 46867 2807 1589 0 73215 0 1215798
1786852548.845494 77196 38416 2807 1589 0 73215 0 1224442
1786852549.830814 81293 38109 2807 1589 0 77311 0 1204359
1786852550.826996 81293 38109 2807 1589 0 77311 0 1198637
1786852551.827032 81293 38109 2807 1589 0 77311 0 1198638
1786852552.826570 81293 38104 2807 1589 0 77311 0 1188494
1786852553.826075 81293 37655 2807 1589 0 77311 0 1179350
1786852554.825557 81293 37591 2807 1589 0 77311 0 1170395
1786852555.825553 81293 37591 2807 1589 0 77311 0 1170396
1786852556.825222 81293 37440 2807 1589 0 77311 0 1161278
1786852557.825812 81293 37396 2807 1589 0 77311 0 1152727
1786852558.824311 81293 37302 2807 1589 0 77311 0 1144022
1786852559.823574 81293 36826 2807 1589 0 77311 0 1119336
1786852560.824110 81293 37311 2807 1589 0 77311 0 1137360
1786852561.824501 81293 37205 2807 1589 0 77311 0 1148137
1786852562.824941 81293 37342 2807 1589 0 77311 0 1148138
1786852563.824679 81293 37247 2807 1589 0 77311 0 1148139
1786852564.824675 81293 37339 2807 1589 0 77311 0 1148139
1786852565.827663 81293 37088 2807 1589 0 77311 0 1148140
1786852566.824946 81293 37094 2807 1589 0 77311 0 1148141
1786852567.824998 81293 37655 2807 1589 0 77311 0 1148142
1786852568.823658 81293 37350 2807 1589 0 77311 0 1116790
1786852569.825008 81293 37491 2807 1589 0 77311 0 1150948
1786852570.826133 81293 37715 2807 1589 0 77311 0 1150948
1786852571.824858 81293 37658 2807 1589 0 77311 0 1150949
1786852572.824954 81293 37659 2807 1589 0 77311 0 1150950
1786852573.825500 81293 37659 2807 1589 0 77311 0 1150951
1786852574.824853 81293 37437 2807 1589 0 77311 0 1150952
1786852575.825123 81293 37557 2807 1589 0 77311 0 1150953
1786852576.824976 81293 37341 2807 1589 0 77311 0 1150954
1786852577.824940 81293 37329 2807 1589 0 77311 0 1150955
1786852578.825013 81293 37565 2807 1589 0 77311 0 1150955
1786852579.826620 81293 38746 2807 1589 0 77311 0 1188835
1786852580.820922 81293 32158 2807 1589 0 77311 0 1062929
1786852581.820672 81293 32036 2807 1589 0 77311 0 1054401
1786852582.820283 81293 32036 2807 1589 0 77311 0 1046233
1786852583.820219 81293 31898 2807 1589 0 77311 0 1046234
1786852584.824028 81293 31574 2807 1589 0 77311 0 1123696
1786852585.823818 81293 31574 2807 1589 0 77311 0 1125407
1786852586.823809 81293 31574 2807 1589 0 77311 0 1125408
1786852587.823643 81293 31574 2807 1589 0 77311 0 1125409
1786852588.823623 81293 30652 2807 1589 0 77311 0 1125410
1786852589.823756 81293 30523 2807 1589 0 77311 0 1125411
1786852590.823917 81293 30719 2807 1589 0 77311 0 1125412
1786852591.823637 81293 30737 2807 1589 0 77311 0 1125413
1786852592.823845 81293 30737 2807 1589 0 77311 0 1125414
1786852593.823701 81293 30737 2807 1589 0 77311 0 1125415
1786852594.823899 81293 30673 2807 1589 0 77311 0 1125415
1786852595.823752 81293 30695 2807 1589 0 77311 0 1125417
1786852596.823538 81293 30695 2807 1589 0 77311 0 1125417
1786852597.823861 81293 30695 2807 1589 0 77311 0 1125418
1786852598.821870 81293 32091 2807 1589 0 77311 0 993491
1786852599.817288 179086 137037 2823 1589 0 175103 0 976430
1786852600.817203 308622 265037 2823 1589 0 304639 0 976430
1786852601.817068 487310 393037 2823 1589 0 483327 0 976430
1786852602.817175 575374 520525 2823 1589 0 571391 0 976430
1786852603.817118 788366 646477 2823 1589 0 784383 0 976430
1786852604.831636 924558 773453 2823 1589 0 920575 0 976430
1786852605.820085 1094542 897869 2823 1589 0 1090559 0 976430
1786852606.820951 1094542 1021740 2790 1589 0 1090559 0 976430
1786852607.820602 1302415 1072408 2790 1589 0 1298431 0 976430
1786852608.817445 1302415 1072408 2790 1589 0 1298431 0 976430
1786852609.817302 1302415 1072408 2790 1589 0 1298431 0 976430
1786852610.819125 1302415 1072408 2790 1589 0 1298431 0 976430
1786852611.824597 1302415 1072408 2790 1589 0 1298431 0 976430
1786852612.817043 1302415 1072408 2790 1589 0 1298431 0 976430
1786852613.817330 1306512 1072413 2790 1589 0 1302527 0 976430
1786852614.817190 1306512 1072413 2790 1589 0 1302527 0 976430
1786852615.817194 1306512 1072413 2790 1589 0 1302527 0 976430
1786852616.817665 1306512 1072413 2790 1589 0 1302527 0 976430
1786852617.817338 1306512 1072413 2790 1589 0 1302527 0 976430
1786852618.817240 1306512 1072413 2790 1589 0 1302527 0 976430
1786852619.817173 1310609 1072409 2790 1589 0 1306623 0 976430
1786852620.817160 1310609 1072409 2790 1589 0 1306623 0 976430
1786852621.817427 1310609 1072409 2790 1589 0 1306623 0 976430
1786852622.817197 1310609 1072409 2790 1589 0 1306623 0 976430
1786852623.817173 1310609 1072409 2790 1589 0 1306623 0 976430
1786852624.817366 1310609 1072409 2790 1589 0 1306623 0 976430
1786852625.817197 1310609 1072409 2790 1589 0 1306623 0 976430
1786852626.817005 1310609 1072409 2790 1589 0 1306623 0 976430
1786852627.817149 1310609 1072409 2790 1589 0 1306623 0 976430
1786852628.817107 1310609 1072409 2790 1589 0 1306623 0 976430
1786852629.817329 1310609 1072409 2790 1589 0 1306623 0 976430
1786852630.817270 1310609 1072409 2790 1589 0 1306623 0 976430
1786852631.817253 1310609 1072409 2790 1589 0 1306623 0 976430
1786852632.817411 1310609 1072409 2790 1589 0 1306623 0 976430
1786852633.817233 1310609 1072409 2790 1589 0 1306623 0 976430
1786852634.817251 1310609 1072409 2790 1589 0 1306623 0 976430
1786852635.817301 1310609 1072409 2790 1589 0 1306623 0 976430
1786852636.817060 1310609 1072409 2790 1589 0 1306623 0 976430
1786852637.817343 1310609 1072409 2790 1589 0 1306623 0 976430
1786852638.817014 1310609 1072409 2790 1589 0 1306623 0 976430
1786852639.817235 1310609 1072409 2790 1589 0 1306623 0 976430
1786852640.817109 1310609 1072409 2790 1589 0 1306623 0 976430
1786852641.817134 1310609 1072409 2790 1589 0 1306623 0 976430
1786852642.817770 1310609 1072409 2790 1589 0 1306623 0 976430
1786852643.817110 1310609 1072409 2790 1589 0 1306623 0 976430
1786852644.817165 1310609 1072409 2790 1589 0 1306623 0 976430
1786852645.817285 1310609 1072409 2790 1589 0 1306623 0 976430
1786852646.817086 1310609 1072409 2790 1589 0 1306623 0 976430
1786852647.817319 1310609 1072409 2790 1589 0 1306623 0 976430
1786852648.817344 1310609 1072409 2790 1589 0 1306623 0 976430
1786852649.817177 1310609 1072409 2790 1589 0 1306623 0 976430
1786852650.817205 1310609 1072409 2790 1589 0 1306623 0 976430
1786852651.817108 1310609 1072409 2790 1589 0 1306623 0 976430
1786852652.817093 1310609 1072409 2790 1589 0 1306623 0 976430
1786852653.817363 1310609 1072409 2790 1589 0 1306623 0 976430
1786852654.817253 1310609 1072409 2790 1589 0 1306623 0 976430
1786852655.817238 1310609 1072409 2790 1589 0 1306623 0 976430
1786852656.817230 1310609 1072409 2790 1589 0 1306623 0 976430
1786852657.817274 1310609 1072409 2790 1589 0 1306623 0 976430
1786852658.817244 1310609 1072409 2790 1589 0 1306623 0 976430
1786852659.817100 1310609 1072409 2790 1589 0 1306623 0 976430
1786852660.817270 1310609 1072409 2790 1589 0 1306623 0 976430
1786852661.817226 1310609 1072409 2790 1589 0 1306623 0 976430
1786852662.817633 1310609 1072409 2790 1589 0 1306623 0 976430
1786852663.817340 1310609 1072409 2790 1589 0 1306623 0 976430
1786852664.817318 1310609 1072409 2790 1589 0 1306623 0 976430
1786852665.817260 1310609 1072409 2790 1589 0 1306623 0 976430
1786852666.816968 1310609 1072409 2790 1589 0 1306623 0 976430
1786852667.817066 1310609 1072409 2790 1589 0 1306623 0 976430
1786852668.817172 1310609 1072409 2790 1589 0 1306623 0 976430
1786852669.819490 1310609 1072409 2790 1589 0 1306623 0 976430
1786852670.817361 1310609 1072409 2790 1589 0 1306623 0 976430
1786852671.824167 1310609 1072409 2790 1589 0 1306623 0 976430
1786852672.817241 1310609 1072409 2790 1589 0 1306623 0 976430
1786852673.817291 1310609 1072409 2790 1589 0 1306623 0 976430
1786852674.817229 1310609 1072409 2790 1589 0 1306623 0 976430
1786852675.817146 1310609 1072409 2790 1589 0 1306623 0 976430
1786852676.817152 1310609 1072409 2790 1589 0 1306623 0 976430
1786852677.817357 1310609 1072409 2790 1589 0 1306623 0 976430
1786852678.817204 1310609 1072409 2790 1589 0 1306623 0 976430
1786852679.817189 1310609 1072409 2790 1589 0 1306623 0 976430
1786852680.817229 1310609 1072409 2790 1589 0 1306623 0 976430
1786852681.817253 1310609 1072409 2790 1589 0 1306623 0 976430
1786852682.817137 1310609 1072409 2790 1589 0 1306623 0 976430
1786852683.817215 1310609 1072409 2790 1589 0 1306623 0 976430
1786852684.817070 1310609 1072409 2790 1589 0 1306623 0 976430
1786852685.817307 1310609 1072409 2790 1589 0 1306623 0 976430
1786852686.817359 1310609 1072409 2790 1589 0 1306623 0 976430
1786852687.817300 1310609 1072409 2790 1589 0 1306623 0 976430
1786852688.817350 1310609 1072409 2790 1589 0 1306623 0 976430
1786852689.817214 1310609 1072409 2790 1589 0 1306623 0 976430
1786852690.817236 1310609 1072409 2790 1589 0 1306623 0 976430
1786852691.817197 1310609 1072409 2790 1589 0 1306623 0 976430
1786852692.817287 1310609 1072409 2790 1589 0 1306623 0 976430
1786852693.817234 1310609 1072409 2790 1589 0 1306623 0 976430
1786852694.817275 1310609 1072409 2790 1589 0 1306623 0 976430
1786852695.817173 1310609 1072409 2790 1589 0 1306623 0 976430
1786852696.817303 1310609 1072409 2790 1589 0 1306623 0 976430
1786852697.817152 1310609 1072409 2790 1589 0 1306623 0 976430
1786852698.817250 1310609 1072409 2790 1589 0 1306623 0 976430
1786852699.817254 1310609 1072409 2790 1589 0 1306623 0 976430
1786852700.817168 1310609 1072409 2790 1589 0 1306623 0 976430
1786852701.817391 1310609 1072409 2790 1589 0 1306623 0 976430
1786852702.817419 1310609 1072409 2790 1589 0 1306623 0 976430
1786852703.817238 1310609 1072409 2790 1589 0 1306623 0 976430
1786852704.817311 1310609 1072409 2790 1589 0 1306623 0 976430
1786852705.817349 1310609 1072409 2790 1589 0 1306623 0 976430
1786852706.817241 1310609 1072423 2790 1589 0 1306623 0 976430
1786852707.817156 1310609 1072423 2790 1589 0 1306623 0 976430
1786852708.817160 1310609 1072423 2790 1589 0 1306623 0 976430
1786852709.817228 1310609 1072423 2790 1589 0 1306623 0 976430
1786852710.817280 1310609 1072423 2790 1589 0 1306623 0 976430
1786852711.817261 1310609 1072423 2790 1589 0 1306623 0 976430
1786852712.817225 1310609 1072423 2790 1589 0 1306623 0 976430
1786852713.817224 1310609 1072423 2790 1589 0 1306623 0 976430
1786852714.816952 1310609 1072423 2790 1589 0 1306623 0 976430
1786852715.817022 1310609 1072423 2790 1589 0 1306623 0 976430
1786852716.816996 1310609 1072423 2790 1589 0 1306623 0 976430
1786852717.817195 1310609 1072423 2790 1589 0 1306623 0 976430
1786852718.817161 1310609 1072423 2790 1589 0 1306623 0 976430
1786852719.817057 1310609 1072423 2790 1589 0 1306623 0 976430
1786852720.817017 1310609 1072423 2790 1589 0 1306623 0 976430
1786852721.817047 1310609 1072423 2790 1589 0 1306623 0 976430
1786852722.816940 1310609 1072423 2790 1589 0 1306623 0 976430
1786852723.816979 1310609 1072423 2790 1589 0 1306623 0 976430
1786852724.816903 1310609 1072423 2790 1589 0 1306623 0 976430
1786852725.817181 1310609 1072423 2790 1589 0 1306623 0 976430
1786852726.817109 1310609 1072423 2790 1589 0 1306623 0 976430
1786852727.817194 1310609 1072423 2790 1589 0 1306623 0 976430
1786852728.816974 1310609 1072423 2790 1589 0 1306623 0 976430
1786852729.816958 1310609 1072423 2790 1589 0 1306623 0 976430
1786852730.816951 1310609 1072423 2790 1589 0 1306623 0 976430
1786852731.823253 1310609 1072423 2790 1589 0 1306623 0 976430
1786852732.816932 1310609 1072423 2790 1589 0 1306623 0 976430
1786852733.817192 1310609 1072423 2790 1589 0 1306623 0 976430
1786852734.817120 1310609 1072423 2790 1589 0 1306623 0 976430
1786852735.817069 1310609 1072423 2790 1589 0 1306623 0 976430
1786852736.816809 1310609 1072423 2790 1589 0 1306623 0 976430
1786852737.816923 1310609 1072423 2790 1589 0 1306623 0 976430
1786852738.817006 1310609 1072423 2790 1589 0 1306623 0 976430
1786852739.816968 1310609 1072423 2790 1589 0 1306623 0 976430
1786852740.816935 1310609 1072423 2790 1589 0 1306623 0 976430
1786852741.817175 1310609 1072423 2790 1589 0 1306623 0 976430
1786852742.817092 1310609 1072423 2790 1589 0 1306623 0 976430
1786852743.817062 1310609 1072423 2790 1589 0 1306623 0 976430
1786852744.816950 1310609 1072423 2790 1589 0 1306623 0 976430
1786852745.816921 1310609 1072423 2790 1589 0 1306623 0 976430
1786852746.817008 1310609 1072423 2790 1589 0 1306623 0 976430
1786852747.816936 1310609 1072423 2790 1589 0 1306623 0 976430
1786852748.817245 1310609 1072423 2790 1589 0 1306623 0 976430
1786852749.817134 1310609 1072423 2790 1589 0 1306623 0 976430
1786852750.817107 1310609 1072423 2790 1589 0 1306623 0 976430
1786852751.816987 1310609 1072423 2790 1589 0 1306623 0 976430
1786852752.816989 1310609 1072423 2790 1589 0 1306623 0 976430
1786852753.816957 1310609 1072423 2790 1589 0 1306623 0 976430
1786852754.817130 1310609 1072423 2790 1589 0 1306623 0 976430
1786852755.816944 1310609 1072423 2790 1589 0 1306623 0 976430
1786852756.816888 1310609 1072423 2790 1589 0 1306623 0 976430
1786852757.816869 1310609 1072423 2790 1589 0 1306623 0 976430
1786852758.817242 1310609 1072423 2790 1589 0 1306623 0 976430
1786852759.817016 1310609 1072423 2790 1589 0 1306623 0 976430
1786852760.817130 1310609 1072423 2790 1589 0 1306623 0 976430
1786852761.817094 1310609 1072423 2790 1589 0 1306623 0 976430
1786852762.816914 1310609 1072423 2790 1589 0 1306623 0 976430
1786852763.817062 1310609 1072423 2790 1589 0 1306623 0 976430
1786852764.817085 1310609 1072423 2790 1589 0 1306623 0 976430
1786852765.817480 1310609 1072423 2790 1589 0 1306623 0 976430
1786852766.817142 1310609 1072423 2790 1589 0 1306623 0 976430
1786852767.817177 1310609 1072423 2790 1589 0 1306623 0 976430
1786852768.817125 1310609 1072423 2790 1589 0 1306623 0 976430
1786852769.817166 1310609 1072423 2790 1589 0 1306623 0 976430
1786852770.817072 1310609 1072423 2790 1589 0 1306623 0 976430
1786852771.818040 1310609 1072423 2790 1589 0 1306623 0 976430
1786852772.816977 1310609 1072423 2790 1589 0 1306623 0 976430
1786852773.817104 1310609 1072423 2790 1589 0 1306623 0 976430
1786852774.817087 1310609 1072423 2790 1589 0 1306623 0 976430
1786852775.817143 1310609 1072423 2790 1589 0 1306623 0 976430
1786852776.817102 1310609 1072423 2790 1589 0 1306623 0 976430
1786852777.818561 1310609 1072423 2790 1589 0 1306623 0 976430
1786852778.817080 1310609 1072423 2790 1589 0 1306623 0 976430
1786852779.817062 1310609 1072423 2790 1589 0 1306623 0 976430
1786852780.816985 1310609 1072423 2790 1589 0 1306623 0 976430
1786852781.817044 1310609 1072423 2790 1589 0 1306623 0 976430
1786852782.817271 1310609 1072423 2790 1589 0 1306623 0 976430
1786852783.818275 1310609 1072423 2790 1589 0 1306623 0 976430
1786852784.817050 1310609 1072423 2790 1589 0 1306623 0 976430
1786852785.817078 1310609 1072423 2790 1589 0 1306623 0 976430
1786852786.817040 1310609 1072423 2790 1589 0 1306623 0 976430
1786852787.817070 1310609 1072423 2790 1589 0 1306623 0 976430
1786852788.816958 1310609 1072423 2790 1589 0 1306623 0 976430
1786852789.818051 1310609 1072423 2790 1589 0 1306623 0 976430
1786852790.817131 1310609 1072423 2790 1589 0 1306623 0 976430
1786852791.817048 1310609 1072423 2790 1589 0 1306623 0 976430
1786852792.817001 1310609 1072423 2790 1589 0 1306623 0 976430
1786852793.816976 1310609 1072423 2790 1589 0 1306623 0 976430
1786852794.816998 1310609 1072423 2790 1589 0 1306623 0 976430
1786852795.816944 1310609 1072423 2790 1589 0 1306623 0 976430
1786852796.816946 1310609 1072423 2790 1589 0 1306623 0 976430
1786852797.817078 1310609 1072423 2790 1589 0 1306623 0 976430
1786852798.817142 1310609 1072423 2790 1589 0 1306623 0 976430
1786852799.817140 1310609 1072423 2790 1589 0 1306623 0 976430
1786852800.816979 1310609 1072423 2790 1589 0 1306623 0 976430
1786852801.817040 1310609 1072423 2790 1589 0 1306623 0 976430
1786852802.816953 1310609 1072423 2790 1589 0 1306623 0 976430
1786852803.816979 1310609 1072423 2790 1589 0 1306623 0 976430
1786852804.816900 1310609 1072423 2790 1589 0 1306623 0 976430
1786852805.816984 1310609 1072423 2790 1589 0 1306623 0 976430
1786852806.817018 1310609 1072423 2790 1589 0 1306623 0 976430
1786852807.817108 1310609 1072423 2790 1589 0 1306623 0 976430
1786852808.816915 1310609 1072423 2790 1589 0 1306623 0 976430
1786852809.817012 1310609 1072423 2790 1589 0 1306623 0 976430
1786852810.817034 1310609 1072423 2790 1589 0 1306623 0 976430
1786852811.816984 1310609 1072423 2790 1589 0 1306623 0 976430
1786852812.816919 1310609 1072423 2790 1589 0 1306623 0 976430
1786852813.817062 1310609 1072423 2790 1589 0 1306623 0 976430
1786852814.817221 1310609 1072423 2790 1589 0 1306623 0 976430
1786852815.816894 1310609 1072423 2790 1589 0 1306623 0 976430
1786852816.821900 1310609 1072423 2790 1589 0 1306623 0 976430
1786852817.817210 1310609 1072423 2790 1589 0 1306623 0 976430
1786852818.817442 1310609 1072423 2790 1589 0 1306623 0 976430
1786852819.817267 1310609 1072423 2790 1589 0 1306623 0 976430
1786852820.817179 1310609 1072423 2790 1589 0 1306623 0 976430
1786852821.817607 1310609 1072423 2790 1589 0 1306623 0 976430
1786852822.817265 1310609 1072423 2790 1589 0 1306623 0 976430
1786852823.817251 1310609 1072423 2790 1589 0 1306623 0 976430
1786852824.817456 1310609 1072423 2790 1589 0 1306623 0 976430
1786852825.817258 1310609 1072423 2790 1589 0 1306623 0 976430
1786852826.819314 1310609 1072423 2790 1589 0 1306623 0 976430
1786852827.817141 1310609 1072423 2790 1589 0 1306623 0 976430
1786852828.817203 1310609 1072423 2790 1589 0 1306623 0 976430
1786852829.817380 1310609 1072423 2790 1589 0 1306623 0 976430
1786852830.817362 1310609 1072423 2790 1589 0 1306623 0 976430
1786852831.817271 1310609 1072423 2790 1589 0 1306623 0 976430
1786852832.817263 1310609 1072423 2790 1589 0 1306623 0 976430
1786852833.817221 1310609 1072423 2790 1589 0 1306623 0 976430
1786852834.817111 1310609 1072423 2790 1589 0 1306623 0 976430
1786852835.817175 1310609 1072423 2790 1589 0 1306623 0 976430
1786852836.819135 1310609 1072423 2790 1589 0 1306623 0 976430
1786852837.817395 1310609 1072423 2790 1589 0 1306623 0 976430
1786852838.817287 1310609 1072423 2790 1589 0 1306623 0 976430
1786852839.817256 1310609 1072423 2790 1589 0 1306623 0 976430
1786852840.817184 1310609 1072423 2790 1589 0 1306623 0 976430
1786852841.817114 1310609 1072423 2790 1589 0 1306623 0 976430
1786852842.817126 1310609 1072423 2790 1589 0 1306623 0 976430
1786852843.817185 1310609 1072423 2790 1589 0 1306623 0 976430
1786852844.817094 1310609 1072423 2790 1589 0 1306623 0 976430
1786852845.817174 1310609 1072423 2790 1589 0 1306623 0 976430
1786852846.819561 1310609 1072423 2790 1589 0 1306623 0 976430
1786852847.817248 1310609 1072423 2790 1589 0 1306623 0 976430
1786852848.817486 1310609 1072423 2790 1589 0 1306623 0 976430
1786852849.817220 1310609 1072423 2790 1589 0 1306623 0 976430
1786852850.817360 1310609 1072423 2790 1589 0 1306623 0 976430
1786852851.817228 1310609 1072423 2790 1589 0 1306623 0 976430
1786852852.816877 1310609 1072423 2790 1589 0 1306623 0 976430
1786852853.817124 1310609 1072423 2790 1589 0 1306623 0 976430
1786852854.817119 1310609 1072423 2790 1589 0 1306623 0 976430
1786852855.816827 1310609 1072423 2790 1589 0 1306623 0 976430
1786852856.818741 1310609 1072423 2790 1589 0 1306623 0 976430
1786852857.816979 1310609 1072423 2790 1589 0 1306623 0 976430
1786852858.816911 1310609 1072423 2790 1589 0 1306623 0 976430
1786852859.816968 1310609 1072423 2790 1589 0 1306623 0 976430
1786852860.816920 1310609 1072423 2790 1589 0 1306623 0 976430
1786852861.817150 1310609 1072423 2790 1589 0 1306623 0 976430
1786852862.817117 1310609 1072423 2790 1589 0 1306623 0 976430
1786852863.817122 1310609 1072423 2790 1589 0 1306623 0 976430
1786852864.816926 1310609 1072423 2790 1589 0 1306623 0 976430
1786852865.817027 1310609 1072423 2790 1589 0 1306623 0 976430
1786852866.816920 1310609 1072423 2790 1589 0 1306623 0 976430
1786852867.816939 1310609 1072423 2790 1589 0 1306623 0 976430
1786852868.817040 1310609 1072423 2790 1589 0 1306623 0 976430
1786852869.817070 1310609 1072423 2790 1589 0 1306623 0 976430
1786852870.817063 1310609 1072423 2790 1589 0 1306623 0 976430
1786852871.816993 1310609 1072423 2790 1589 0 1306623 0 976430
1786852872.817016 1310609 1072423 2790 1589 0 1306623 0 976430
1786852873.816969 1310609 1072423 2790 1589 0 1306623 0 976430
1786852874.816923 1310609 1072423 2790 1589 0 1306623 0 976430
1786852875.816920 1310609 1072423 2790 1589 0 1306623 0 976430
1786852876.816903 1310609 1072423 2790 1589 0 1306623 0 976430
1786852877.817092 1310609 1072423 2790 1589 0 1306623 0 976430
1786852878.817173 1310609 1072423 2790 1589 0 1306623 0 976430
1786852879.816973 1310609 1072423 2790 1589 0 1306623 0 976430
1786852880.816981 1310609 1072423 2790 1589 0 1306623 0 976430
1786852881.817051 1310609 1072423 2790 1589 0 1306623 0 976430
1786852882.816928 1310609 1072423 2790 1589 0 1306623 0 976430
1786852883.816886 1310609 1072423 2790 1589 0 1306623 0 976430
1786852884.816930 1310609 1072423 2790 1589 0 1306623 0 976430
1786852885.817139 1310609 1072423 2790 1589 0 1306623 0 976430
1786852886.816978 1310609 1072423 2790 1589 0 1306623 0 976430
1786852887.817036 1310609 1072423 2790 1589 0 1306623 0 976430
1786852888.817081 1310609 1072423 2790 1589 0 1306623 0 976430
1786852889.816961 1310609 1072423 2790 1589 0 1306623 0 976430
1786852890.816917 1310609 1072423 2790 1589 0 1306623 0 976430
