# start_epoch=1786140193.130202  page_size=4096  cachestat=ok  fields=size,resident,shared,text,lib,data,dt,pagecache
1786140194.134498 466882 43831 3237 2101 0 462282 0 63687
1786140195.136614 466889 41345 3244 2101 0 462282 0 97454
1786140196.138732 467785 41809 3244 2101 0 463178 0 131195
1786140197.140820 467785 39903 3244 2101 0 463178 0 165245
1786140198.142952 467785 43142 3313 2101 0 463178 0 199309
1786140199.145086 468809 43156 3313 2101 0 464202 0 233910
1786140200.147245 468809 45077 3313 2101 0 464202 0 268000
1786140201.149396 470089 47700 3313 2101 0 465482 0 302601
1786140202.151522 470089 48181 3313 2101 0 465482 0 337201
1786140203.153819 470089 50559 3313 2101 0 465482 0 372314
1786140204.155923 470089 50417 3313 2101 0 465482 0 407172
1786140205.158144 471625 51332 3313 2101 0 467018 0 441773
1786140206.160397 471625 49673 3313 2101 0 467018 0 476630
1786140207.162447 471625 51912 3313 2101 0 467018 0 511231
1786140208.164512 471625 51931 3313 2101 0 467018 0 545832
1786140209.166785 471625 52161 3313 2101 0 467018 0 580177
1786140210.168909 473417 52932 3313 2101 0 468810 0 615290
1786140211.171244 473417 53019 3313 2101 0 468810 0 650147
1786140212.173981 473417 53649 3313 2101 0 468810 0 684237
1786140213.175719 473417 53831 3313 2101 0 468810 0 719605
1786140214.178002 473417 53844 3313 2101 0 468810 0 754974
1786140215.180180 475465 54519 3313 2101 0 470858 0 789832
1786140216.182210 475465 54369 3313 2101 0 470858 0 824946
1786140217.184444 475465 54717 3313 2101 0 470858 0 859832
1786140218.186565 475465 52878 3313 2101 0 470858 0 894924
1786140219.176274 480970 37524 3329 2101 0 476362 0 890365
1786140220.175947 480970 37355 3329 2101 0 476362 0 890366
1786140221.174406 480970 37489 3329 2101 0 476362 0 890367
1786140222.175464 480970 37150 3329 2101 0 476362 0 890368
1786140223.175085 481866 38113 3329 2101 0 477258 0 890368
1786140224.174424 481866 37944 3329 2101 0 477258 0 890369
1786140225.174370 481866 38153 3329 2101 0 477258 0 890369
1786140226.176027 481866 38154 3329 2101 0 477258 0 890370
1786140227.173260 482890 31697 3329 2101 0 478282 0 884325
1786140228.173170 484170 31903 3329 2101 0 479562 0 884326
1786140229.172995 484170 31903 3329 2101 0 479562 0 884326
1786140230.172863 484170 31903 3329 2101 0 479562 0 884327
1786140231.173093 484170 31903 3329 2101 0 479562 0 884328
1786140232.173608 484170 32074 3329 2101 0 479562 0 871112
1786140233.172353 484170 32182 3329 2101 0 479562 0 884329
1786140234.173035 484170 32182 3329 2101 0 479562 0 884330
1786140235.172622 485706 26432 3329 2101 0 481098 0 878315
1786140236.172430 485706 27354 3329 2101 0 481098 0 878315
1786140237.172289 485706 26712 3329 2101 0 481098 0 878316
1786140238.172660 485706 27073 3329 2101 0 481098 0 878317
1786140239.172435 485706 27073 3329 2101 0 481098 0 878318
1786140240.172754 485706 27146 3329 2101 0 481098 0 878318
1786140241.172695 485706 27155 3329 2101 0 481098 0 878319
1786140242.173024 485706 27002 3329 2101 0 481098 0 878319
1786140243.171851 487498 26815 3329 2101 0 482890 0 872304
1786140244.171798 487498 27328 3329 2101 0 482890 0 872304
1786140245.171671 489546 27840 3329 2101 0 484938 0 872305
1786140246.171704 489546 27837 3329 2101 0 484938 0 872306
1786140247.171551 489546 27625 3329 2101 0 484938 0 872306
1786140248.172278 489546 27802 3329 2101 0 484938 0 872307
1786140249.172214 489546 27367 3329 2101 0 484938 0 872308
1786140250.172611 489546 27633 3329 2101 0 484938 0 872308
1786140251.171470 489546 23928 3329 2101 0 484938 0 866292
1786140252.172100 489546 24367 3329 2101 0 484938 0 866293
1786140253.171490 492106 24880 3329 2101 0 487498 0 866294
1786140254.171124 497234 44153 3368 2101 0 492618 0 846210
1786140255.170052 562258 131632 3368 2101 0 557642 0 846210
1786140256.170482 671314 221007 3368 2101 0 666698 0 846210
1786140257.170846 764498 309220 3368 2101 0 759882 0 846210
1786140258.171255 821842 397293 3368 2101 0 817226 0 846210
1786140259.170104 974930 486264 3368 2101 0 970314 0 846210
1786140260.170291 1077330 574067 3368 2101 0 1072714 0 846210
1786140261.170548 1077330 660714 3368 2101 0 1072714 0 846210
1786140262.171749 1197138 747746 3368 2101 0 1192522 0 846210
1786140263.170377 1328210 835673 3368 2101 0 1323594 0 846210
1786140264.170276 1334354 922962 3368 2101 0 1329738 0 846210
1786140265.170142 1498194 1010632 3368 2101 0 1493578 0 846210
1786140266.170935 1505362 1097656 3368 2101 0 1500746 0 846210
1786140267.169959 1704530 1185576 3368 2101 0 1699914 0 846210
1786140268.170520 1704530 1272863 3368 2101 0 1699914 0 846210
1786140269.170060 1942098 1360504 3368 2101 0 1937482 0 846210
1786140270.170089 1942098 1446520 3368 2101 0 1937482 0 846210
1786140271.169903 1942098 1532391 3368 2101 0 1937482 0 846210
1786140272.171363 2214482 1604243 3524 2101 0 2209866 0 846210
1786140273.170441 2214482 1676360 3524 2101 0 2209866 0 846210
1786140274.170444 2218579 1704553 3524 2101 0 2213962 0 846210
1786140275.170699 2218579 1704553 3524 2101 0 2213962 0 846210
1786140276.170399 2218579 1704553 3524 2101 0 2213962 0 846210
1786140277.170397 2218579 1704553 3524 2101 0 2213962 0 846210
1786140278.170397 2218579 1704553 3524 2101 0 2213962 0 846210
1786140279.170443 2218579 1704553 3524 2101 0 2213962 0 846210
1786140280.170684 2218579 1704553 3524 2101 0 2213962 0 846210
1786140281.170817 2218579 1704553 3524 2101 0 2213962 0 846210
1786140282.169838 2218579 1704553 3524 2101 0 2213962 0 846210
1786140283.170387 2218579 1704553 3524 2101 0 2213962 0 846210
1786140284.170783 2218579 1704553 3524 2101 0 2213962 0 846210
1786140285.169806 2218579 1704553 3524 2101 0 2213962 0 846210
1786140286.170324 2222676 1704558 3524 2101 0 2218058 0 846210
1786140287.170726 2222676 1704563 3524 2101 0 2218058 0 846210
1786140288.170280 2222676 1704563 3524 2101 0 2218058 0 846210
1786140289.170653 2222676 1704563 3524 2101 0 2218058 0 846210
1786140290.169998 2222676 1704563 3524 2101 0 2218058 0 846210
1786140291.170115 2222676 1704563 3524 2101 0 2218058 0 846210
1786140292.170158 2222676 1704563 3524 2101 0 2218058 0 846210
1786140293.170493 2222676 1704563 3524 2101 0 2218058 0 846210
1786140294.170959 2222676 1704563 3524 2101 0 2218058 0 846210
1786140295.170052 2222676 1704563 3524 2101 0 2218058 0 846210
1786140296.170511 2222676 1704563 3524 2101 0 2218058 0 846210
1786140297.171611 2222676 1704563 3524 2101 0 2218058 0 846210
1786140298.170478 2226766 1704553 3517 2101 0 2222154 0 846210
1786140299.170727 2226766 1704553 3517 2101 0 2222154 0 846210
1786140300.170810 2226766 1704553 3517 2101 0 2222154 0 846210
1786140301.170216 2226766 1704553 3517 2101 0 2222154 0 846210
1786140302.170742 2226766 1704553 3517 2101 0 2222154 0 846210
1786140303.170852 2226766 1704553 3517 2101 0 2222154 0 846210
1786140304.170802 2226766 1704553 3517 2101 0 2222154 0 846210
1786140305.170363 2226766 1704553 3517 2101 0 2222154 0 846210
1786140306.170553 2226766 1704553 3517 2101 0 2222154 0 846210
1786140307.170782 2226766 1704553 3517 2101 0 2222154 0 846210
1786140308.170271 2226766 1705105 3517 2101 0 2222154 0 846210
1786140309.170672 2226766 1705105 3517 2101 0 2222154 0 846210
1786140310.170804 2226766 1705105 3517 2101 0 2222154 0 846210
1786140311.171668 2226766 1705105 3517 2101 0 2222154 0 846210
1786140312.170588 2226766 1705105 3517 2101 0 2222154 0 846210
1786140313.170261 2226766 1705105 3517 2101 0 2222154 0 846210
1786140314.170781 2226766 1705105 3517 2101 0 2222154 0 846210
1786140315.170146 2226766 1705105 3517 2101 0 2222154 0 846210
1786140316.170938 2226766 1705105 3517 2101 0 2222154 0 846210
1786140317.170194 2226766 1705105 3517 2101 0 2222154 0 846210
1786140318.170172 2226766 1705105 3517 2101 0 2222154 0 846210
1786140319.170737 2226766 1705105 3517 2101 0 2222154 0 846210
1786140320.170750 2226766 1705105 3517 2101 0 2222154 0 846210
1786140321.170335 2226766 1705105 3517 2101 0 2222154 0 846210
1786140322.170312 2226766 1705105 3517 2101 0 2222154 0 846210
1786140323.170339 2226766 1705105 3517 2101 0 2222154 0 846210
1786140324.170814 2226766 1705105 3517 2101 0 2222154 0 846210
1786140325.170474 2226766 1705105 3517 2101 0 2222154 0 846210
1786140326.170127 2226766 1705105 3517 2101 0 2222154 0 846210
1786140327.170443 2226766 1705105 3517 2101 0 2222154 0 846210
1786140328.170828 2226766 1705601 3517 2101 0 2222154 0 846210
1786140329.170752 2226766 1705601 3517 2101 0 2222154 0 846210
1786140330.170299 2226766 1705601 3517 2101 0 2222154 0 846210
1786140331.170101 2226766 1705601 3517 2101 0 2222154 0 846210
1786140332.169792 2226766 1705601 3517 2101 0 2222154 0 846210
1786140333.170808 2226766 1705601 3517 2101 0 2222154 0 846210
1786140334.170815 2226766 1705601 3517 2101 0 2222154 0 846210
1786140335.170722 2226766 1705601 3517 2101 0 2222154 0 846210
1786140336.170816 2226766 1705601 3517 2101 0 2222154 0 846210
1786140337.170428 2226766 1705601 3517 2101 0 2222154 0 846210
1786140338.170066 2226766 1706081 3517 2101 0 2222154 0 846210
1786140339.170140 2226766 1706081 3517 2101 0 2222154 0 846210
1786140340.170429 2226766 1706081 3517 2101 0 2222154 0 846210
1786140341.170377 2226766 1706081 3517 2101 0 2222154 0 846210
1786140342.170136 2226766 1706081 3517 2101 0 2222154 0 846210
1786140343.170468 2226766 1706081 3517 2101 0 2222154 0 846210
1786140344.170135 2226766 1706081 3517 2101 0 2222154 0 846210
1786140345.170339 2226766 1706081 3517 2101 0 2222154 0 846210
1786140346.170492 2226766 1706081 3517 2101 0 2222154 0 846210
1786140347.170321 2226766 1706081 3517 2101 0 2222154 0 846210
1786140348.170679 2226766 1706081 3517 2101 0 2222154 0 846210
1786140349.170763 2226766 1706081 3517 2101 0 2222154 0 846210
1786140350.170223 2226766 1706081 3517 2101 0 2222154 0 846210
1786140351.170480 2226766 1706081 3517 2101 0 2222154 0 846210
1786140352.170431 2226766 1706081 3517 2101 0 2222154 0 846210
1786140353.170184 2226766 1706081 3517 2101 0 2222154 0 846210
1786140354.170755 2226766 1706081 3517 2101 0 2222154 0 846210
1786140355.170725 2226766 1706081 3517 2101 0 2222154 0 846210
1786140356.170040 2226766 1706081 3517 2101 0 2222154 0 846210
1786140357.170394 2226766 1706081 3517 2101 0 2222154 0 846210
1786140358.170682 2226766 1706081 3517 2101 0 2222154 0 846210
1786140359.170402 2226766 1706991 3517 2101 0 2222154 0 846210
1786140360.170285 2226766 1706991 3517 2101 0 2222154 0 846210
1786140361.169929 2226766 1706991 3517 2101 0 2222154 0 846210
1786140362.171169 2226766 1706991 3517 2101 0 2222154 0 846210
1786140363.170623 2226766 1706991 3517 2101 0 2222154 0 846210
1786140364.170666 2226766 1706991 3517 2101 0 2222154 0 846210
1786140365.170682 2226766 1706991 3517 2101 0 2222154 0 846210
1786140366.171193 2226766 1706991 3517 2101 0 2222154 0 846210
1786140367.171034 2226766 1706991 3517 2101 0 2222154 0 846210
1786140368.170726 2226766 1706991 3517 2101 0 2222154 0 846210
1786140369.170727 2226766 1707439 3517 2101 0 2222154 0 846210
1786140370.170697 2226766 1707439 3517 2101 0 2222154 0 846210
1786140371.170688 2226766 1707439 3517 2101 0 2222154 0 846210
1786140372.170670 2226766 1707439 3517 2101 0 2222154 0 846210
1786140373.170776 2226766 1707439 3517 2101 0 2222154 0 846210
1786140374.170753 2226766 1707439 3517 2101 0 2222154 0 846210
1786140375.171252 2226766 1707439 3517 2101 0 2222154 0 846210
1786140376.170750 2226766 1707439 3517 2101 0 2222154 0 846210
1786140377.170685 2226766 1707439 3517 2101 0 2222154 0 846210
1786140378.170714 2226766 1707439 3517 2101 0 2222154 0 846210
1786140379.170641 2226766 1707901 3517 2101 0 2222154 0 846210
1786140380.171237 2226766 1707901 3517 2101 0 2222154 0 846210
1786140381.170647 2226766 1707901 3517 2101 0 2222154 0 846210
1786140382.170639 2226766 1707901 3517 2101 0 2222154 0 846210
1786140383.170713 2226766 1707901 3517 2101 0 2222154 0 846210
1786140384.170676 2226766 1707901 3517 2101 0 2222154 0 846210
1786140385.170668 2226766 1707901 3517 2101 0 2222154 0 846210
1786140386.171173 2226766 1707901 3517 2101 0 2222154 0 846210
1786140387.170574 2226766 1707901 3517 2101 0 2222154 0 846210
1786140388.170653 2226766 1707901 3517 2101 0 2222154 0 846210
1786140389.170519 2226766 1707901 3517 2101 0 2222154 0 846210
1786140390.169821 2226766 1708809 3517 2101 0 2222154 0 846210
1786140391.170265 2226766 1708809 3517 2101 0 2222154 0 846210
1786140392.170537 2226766 1708809 3517 2101 0 2222154 0 846210
1786140393.169510 2226766 1708809 3517 2101 0 2222154 0 846210
1786140394.170271 2226766 1708809 3517 2101 0 2222154 0 846210
1786140395.170430 2226766 1708809 3517 2101 0 2222154 0 846210
1786140396.170121 2226766 1708809 3517 2101 0 2222154 0 846210
1786140397.170649 2226766 1708809 3517 2101 0 2222154 0 846210
1786140398.170609 2226766 1708809 3517 2101 0 2222154 0 846210
1786140399.171143 2226766 1708809 3517 2101 0 2222154 0 846210
1786140400.170620 2226766 1709225 3517 2101 0 2222154 0 846210
1786140401.170911 2226766 1709225 3517 2101 0 2222154 0 846210
1786140402.170647 2226766 1709225 3517 2101 0 2222154 0 846210
1786140403.170624 2226766 1709225 3517 2101 0 2222154 0 846210
1786140404.170856 2226766 1709225 3517 2101 0 2222154 0 846210
1786140405.170638 2226766 1709225 3517 2101 0 2222154 0 846210
1786140406.170645 2226766 1709225 3517 2101 0 2222154 0 846210
1786140407.170652 2226766 1709225 3517 2101 0 2222154 0 846210
1786140408.170629 2226766 1709225 3517 2101 0 2222154 0 846210
1786140409.170269 2226766 1709225 3517 2101 0 2222154 0 846210
1786140410.170568 2226766 1709719 3517 2101 0 2222154 0 846210
1786140411.170640 2226766 1709719 3517 2101 0 2222154 0 846210
1786140412.170619 2226766 1709719 3517 2101 0 2222154 0 846210
1786140413.171116 2226766 1709719 3517 2101 0 2222154 0 846210
1786140414.170981 2226766 1709719 3517 2101 0 2222154 0 846210
1786140415.170641 2226766 1709719 3517 2101 0 2222154 0 846210
1786140416.170647 2226766 1709719 3517 2101 0 2222154 0 846210
1786140417.171165 2226766 1709719 3517 2101 0 2222154 0 846210
1786140418.170653 2226766 1709719 3517 2101 0 2222154 0 846210
1786140419.170625 2226766 1709719 3517 2101 0 2222154 0 846210
1786140420.170641 2226766 1710626 3517 2101 0 2222154 0 846210
1786140421.170370 2226766 1710626 3517 2101 0 2222154 0 846210
1786140422.170806 2226766 1710626 3517 2101 0 2222154 0 846210
1786140423.170613 2226766 1710626 3517 2101 0 2222154 0 846210
1786140424.170599 2226766 1710626 3517 2101 0 2222154 0 846210
1786140425.171045 2226766 1710626 3517 2101 0 2222154 0 846210
1786140426.170605 2226766 1710626 3517 2101 0 2222154 0 846210
1786140427.170596 2226766 1710626 3517 2101 0 2222154 0 846210
1786140428.170592 2226766 1710626 3517 2101 0 2222154 0 846210
1786140429.170582 2226766 1710626 3517 2101 0 2222154 0 846210
1786140430.170707 2226766 1710626 3517 2101 0 2222154 0 846210
1786140431.170619 2226766 1711010 3517 2101 0 2222154 0 846210
1786140432.171142 2226766 1711010 3517 2101 0 2222154 0 846210
1786140433.170825 2226766 1711010 3517 2101 0 2222154 0 846210
1786140434.170815 2226766 1711010 3517 2101 0 2222154 0 846210
1786140435.170792 2226766 1711010 3517 2101 0 2222154 0 846210
1786140436.171250 2226766 1711010 3517 2101 0 2222154 0 846210
1786140437.170737 2226766 1711010 3517 2101 0 2222154 0 846210
1786140438.170223 2226766 1711010 3517 2101 0 2222154 0 846210
1786140439.170773 2226766 1711010 3517 2101 0 2222154 0 846210
1786140440.170369 2226766 1711010 3517 2101 0 2222154 0 846210
1786140441.170555 2226766 1711010 3517 2101 0 2222154 0 846210
1786140442.169575 2226766 1711010 3517 2101 0 2222154 0 846210
1786140443.170438 2226766 1711010 3517 2101 0 2222154 0 846210
1786140444.170684 2226766 1711010 3517 2101 0 2222154 0 846210
1786140445.170647 2226766 1711010 3517 2101 0 2222154 0 846210
1786140446.170756 2226766 1711010 3517 2101 0 2222154 0 846210
1786140447.171119 2226766 1711010 3517 2101 0 2222154 0 846210
1786140448.170529 2226766 1711010 3517 2101 0 2222154 0 846210
1786140449.169997 2226766 1711010 3517 2101 0 2222154 0 846210
1786140450.169853 2226766 1711010 3517 2101 0 2222154 0 846210
1786140451.170430 2226766 1711378 3517 2101 0 2222154 0 846210
1786140452.170833 2226766 1711378 3517 2101 0 2222154 0 846210
1786140453.170905 2226766 1711378 3517 2101 0 2222154 0 846210
1786140454.171176 2226766 1711378 3517 2101 0 2222154 0 846210
1786140455.171329 2226766 1711378 3517 2101 0 2222154 0 846210
1786140456.171119 2226766 1711378 3517 2101 0 2222154 0 846210
1786140457.170775 2226766 1711378 3517 2101 0 2222154 0 846210
1786140458.170373 2226766 1711378 3517 2101 0 2222154 0 846210
1786140459.170773 2226766 1711378 3517 2101 0 2222154 0 846210
1786140460.169739 2226766 1711378 3517 2101 0 2222154 0 846210
1786140461.170235 2226766 1711730 3517 2101 0 2222154 0 846210
1786140462.170426 2226766 1711730 3517 2101 0 2222154 0 846210
1786140463.170631 2226766 1711730 3517 2101 0 2222154 0 846210
1786140464.170637 2226766 1711730 3517 2101 0 2222154 0 846210
1786140465.169541 2226766 1711730 3517 2101 0 2222154 0 846210
1786140466.170106 2226766 1711730 3517 2101 0 2222154 0 846210
1786140467.169869 2226766 1711730 3517 2101 0 2222154 0 846210
1786140468.170555 2226766 1711730 3517 2101 0 2222154 0 846210
1786140469.170272 2226766 1711730 3517 2101 0 2222154 0 846210
1786140470.170750 2226766 1711730 3517 2101 0 2222154 0 846210
1786140471.170726 2226766 1711730 3517 2101 0 2222154 0 846210
1786140472.170831 2226766 1711730 3517 2101 0 2222154 0 846210
1786140473.170375 2226766 1711730 3517 2101 0 2222154 0 846210
1786140474.170612 2226766 1711730 3517 2101 0 2222154 0 846210
1786140475.170112 2226766 1711730 3517 2101 0 2222154 0 846210
1786140476.170854 2226766 1711730 3517 2101 0 2222154 0 846210
1786140477.170356 2226766 1711730 3517 2101 0 2222154 0 846210
1786140478.169683 2226766 1711730 3517 2101 0 2222154 0 846210
1786140479.170390 2226766 1711730 3517 2101 0 2222154 0 846210
1786140480.170427 2226766 1711730 3517 2101 0 2222154 0 846210
1786140481.170378 2226766 1711730 3517 2101 0 2222154 0 846210
1786140482.170734 2226766 1712066 3517 2101 0 2222154 0 846210
1786140483.169909 2226766 1712066 3517 2101 0 2222154 0 846210
1786140484.170458 2226766 1712066 3517 2101 0 2222154 0 846210
1786140485.169891 2226766 1712066 3517 2101 0 2222154 0 846210
1786140486.169992 2226766 1712066 3517 2101 0 2222154 0 846210
1786140487.170803 2226766 1712066 3517 2101 0 2222154 0 846210
1786140488.169689 2226766 1712066 3517 2101 0 2222154 0 846210
1786140489.170232 2226766 1712066 3517 2101 0 2222154 0 846210
1786140490.170701 2226766 1712066 3517 2101 0 2222154 0 846210
1786140491.170062 2226766 1712066 3517 2101 0 2222154 0 846210
1786140492.170951 2226766 1712386 3517 2101 0 2222154 0 846210
1786140493.170333 2226766 1712386 3517 2101 0 2222154 0 846210
1786140494.170712 2226766 1712386 3517 2101 0 2222154 0 846210
1786140495.171183 2226766 1712386 3517 2101 0 2222154 0 846210
1786140496.170749 2226766 1712386 3517 2101 0 2222154 0 846210
1786140497.170674 2226766 1712386 3517 2101 0 2222154 0 846210
1786140498.170673 2226766 1712386 3517 2101 0 2222154 0 846210
1786140499.170685 2226766 1712386 3517 2101 0 2222154 0 846210
1786140500.170640 2226766 1712386 3517 2101 0 2222154 0 846210
1786140501.170702 2226766 1712386 3517 2101 0 2222154 0 846210
1786140502.170679 2226766 1712386 3517 2101 0 2222154 0 846210
1786140503.170508 2226766 1712386 3517 2101 0 2222154 0 846210
1786140504.170165 2226766 1712386 3517 2101 0 2222154 0 846210
1786140505.169674 2226766 1712386 3517 2101 0 2222154 0 846210
1786140506.171147 2226766 1712386 3517 2101 0 2222154 0 846210
1786140507.171939 2226766 1712386 3517 2101 0 2222154 0 846210
1786140508.170044 2226766 1712386 3517 2101 0 2222154 0 846210
1786140509.169893 2226766 1712386 3517 2101 0 2222154 0 846210
1786140510.170439 2226766 1712386 3517 2101 0 2222154 0 846210
1786140511.169962 2226766 1712386 3517 2101 0 2222154 0 846210
1786140512.170676 2226766 1712386 3517 2101 0 2222154 0 846210
1786140513.169811 2226766 1712690 3517 2101 0 2222154 0 846210
1786140514.170815 2226766 1712690 3517 2101 0 2222154 0 846210
1786140515.171200 2226766 1712690 3517 2101 0 2222154 0 846210
1786140516.170679 2226766 1712690 3517 2101 0 2222154 0 846210
1786140517.170698 2226766 1712690 3517 2101 0 2222154 0 846210
1786140518.170651 2226766 1712690 3517 2101 0 2222154 0 846210
1786140519.170155 2226766 1712690 3517 2101 0 2222154 0 846210
1786140520.170404 2226766 1712690 3517 2101 0 2222154 0 846210
1786140521.171002 2226766 1712690 3517 2101 0 2222154 0 846210
1786140522.170771 2226766 1712690 3517 2101 0 2222154 0 846210
1786140523.170712 2226766 1712978 3517 2101 0 2222154 0 846210
1786140524.170523 2226766 1712978 3517 2101 0 2222154 0 846210
1786140525.169803 2226766 1712978 3517 2101 0 2222154 0 846210
1786140526.170516 2226766 1712978 3517 2101 0 2222154 0 846210
1786140527.170482 2226766 1712978 3517 2101 0 2222154 0 846210
1786140528.170123 2226766 1712978 3517 2101 0 2222154 0 846210
1786140529.170474 2226766 1712978 3517 2101 0 2222154 0 846210
1786140530.170719 2226766 1712978 3517 2101 0 2222154 0 846210
1786140531.170299 2226766 1712978 3517 2101 0 2222154 0 846210
1786140532.170259 2226766 1712978 3517 2101 0 2222154 0 846210
1786140533.170207 2226766 1712978 3517 2101 0 2222154 0 846210
1786140534.169829 2226766 1712978 3517 2101 0 2222154 0 846210
1786140535.170066 2226766 1712978 3517 2101 0 2222154 0 846210
1786140536.170769 2226766 1712978 3517 2101 0 2222154 0 846210
1786140537.171305 2226766 1712978 3517 2101 0 2222154 0 846210
1786140538.170681 2226766 1712978 3517 2101 0 2222154 0 846210
1786140539.170682 2226766 1712978 3517 2101 0 2222154 0 846210
1786140540.170745 2226766 1712978 3517 2101 0 2222154 0 846210
1786140541.170708 2226766 1712978 3517 2101 0 2222154 0 846210
1786140542.170932 2226766 1712978 3517 2101 0 2222154 0 846210
1786140543.170789 2226766 1712978 3517 2101 0 2222154 0 846210
1786140544.171276 2226766 1712978 3517 2101 0 2222154 0 846210
1786140545.170750 2226766 1712978 3517 2101 0 2222154 0 846210
1786140546.170681 2226766 1712978 3517 2101 0 2222154 0 846210
1786140547.171728 2226766 1712978 3517 2101 0 2222154 0 846210
1786140548.170695 2226766 1712978 3517 2101 0 2222154 0 846210
1786140549.170740 2226766 1712978 3517 2101 0 2222154 0 846210
1786140550.171221 2226766 1712978 3517 2101 0 2222154 0 846210
1786140551.171096 2226766 1712978 3517 2101 0 2222154 0 846210
1786140552.171307 2226766 1712978 3517 2101 0 2222154 0 846210
1786140553.170763 2226766 1712978 3517 2101 0 2222154 0 846210
1786140554.171215 2226766 1712978 3517 2101 0 2222154 0 846210
1786140555.170989 2226766 1712978 3517 2101 0 2222154 0 846210
1786140556.170865 2226766 1712978 3517 2101 0 2222154 0 846210
1786140557.170702 2226766 1712978 3517 2101 0 2222154 0 846210
1786140558.170653 2226766 1712978 3517 2101 0 2222154 0 846210
1786140559.170703 2226766 1712978 3517 2101 0 2222154 0 846210
1786140560.170656 2226766 1712978 3517 2101 0 2222154 0 846210
1786140561.171156 2226766 1712978 3517 2101 0 2222154 0 846210
1786140562.170715 2226766 1712978 3517 2101 0 2222154 0 846210
1786140563.170731 2226766 1712978 3517 2101 0 2222154 0 846210
1786140564.170699 2226766 1712978 3517 2101 0 2222154 0 846210
1786140565.170677 2226766 1712978 3517 2101 0 2222154 0 846210
1786140566.170768 2226766 1712978 3517 2101 0 2222154 0 846210
1786140567.171232 2226766 1712978 3517 2101 0 2222154 0 846210
1786140568.170688 2226766 1712978 3517 2101 0 2222154 0 846210
1786140569.170859 2226766 1712978 3517 2101 0 2222154 0 846210
1786140570.170699 2226766 1712978 3517 2101 0 2222154 0 846210
1786140571.170714 2226766 1712978 3517 2101 0 2222154 0 846210
1786140572.170810 2226766 1712978 3517 2101 0 2222154 0 846210
1786140573.170688 2226766 1712978 3517 2101 0 2222154 0 846210
1786140574.170715 2226766 1712978 3517 2101 0 2222154 0 846210
1786140575.170753 2226766 1712978 3517 2101 0 2222154 0 846210
1786140576.170798 2226766 1712978 3517 2101 0 2222154 0 846210
1786140577.170704 2226766 1712978 3517 2101 0 2222154 0 846210
1786140578.170270 2226766 1712978 3517 2101 0 2222154 0 846210
1786140579.170683 2226766 1712978 3517 2101 0 2222154 0 846210
1786140580.170634 2226766 1712978 3517 2101 0 2222154 0 846210
1786140581.170706 2226766 1712978 3517 2101 0 2222154 0 846210
1786140582.170752 2226766 1712978 3517 2101 0 2222154 0 846210
1786140583.170677 2226766 1712978 3517 2101 0 2222154 0 846210
1786140584.170679 2226766 1712978 3517 2101 0 2222154 0 846210
1786140585.170697 2226766 1712978 3517 2101 0 2222154 0 846210
1786140586.170788 2226766 1712978 3517 2101 0 2222154 0 846210
1786140587.170666 2226766 1712978 3517 2101 0 2222154 0 846210
1786140588.170720 2226766 1712978 3517 2101 0 2222154 0 846210
1786140589.171178 2226766 1712978 3517 2101 0 2222154 0 846210
1786140590.170741 2226766 1712978 3517 2101 0 2222154 0 846210
1786140591.170686 2226766 1712978 3517 2101 0 2222154 0 846210
1786140592.170786 2226766 1712978 3517 2101 0 2222154 0 846210
1786140593.171175 2226766 1712978 3517 2101 0 2222154 0 846210
1786140594.170979 2226766 1712978 3517 2101 0 2222154 0 846210
1786140595.170735 2226766 1712978 3517 2101 0 2222154 0 846210
1786140596.170641 2226766 1712978 3517 2101 0 2222154 0 846210
1786140597.170761 2226766 1712978 3517 2101 0 2222154 0 846210
1786140598.170527 2226766 1712978 3517 2101 0 2222154 0 846210
1786140599.171071 2226766 1712978 3517 2101 0 2222154 0 846210
1786140600.170626 2226766 1712978 3517 2101 0 2222154 0 846210
1786140601.170703 2226766 1712978 3517 2101 0 2222154 0 846210
1786140602.170702 2226766 1712978 3517 2101 0 2222154 0 846210
1786140603.171251 2226766 1712978 3517 2101 0 2222154 0 846210
1786140604.170750 2226766 1712978 3517 2101 0 2222154 0 846210
1786140605.170698 2226766 1712978 3517 2101 0 2222154 0 846210
1786140606.170552 2226766 1712978 3517 2101 0 2222154 0 846210
1786140607.170331 2226766 1712978 3517 2101 0 2222154 0 846210
1786140608.170631 2226766 1712978 3517 2101 0 2222154 0 846210
1786140609.170700 2226766 1712978 3517 2101 0 2222154 0 846210
1786140610.170671 2226766 1712978 3517 2101 0 2222154 0 846210
