# start_epoch=1786139672.734161  page_size=4096  cachestat=ok  fields=size,resident,shared,text,lib,data,dt,pagecache
1786139673.736349 447675 31661 3233 2101 0 443082 0 31804
1786139674.737682 453570 34334 3289 2101 0 448970 0 52401
1786139675.738507 453570 35265 3289 2101 0 448970 0 66699
1786139676.739341 453570 36274 3289 2101 0 448970 0 80167
1786139677.741150 454217 37887 3381 2101 0 449610 0 107960
1786139678.740677 460361 38380 3381 2101 0 455754 0 103172
1786139679.741995 460361 35806 3381 2101 0 455754 0 114911
1786139680.741642 460361 34946 3381 2101 0 455754 0 123579
1786139681.742695 461129 40320 3381 2101 0 456522 0 134293
1786139682.744342 461129 37559 3381 2101 0 456522 0 146545
1786139683.743799 461129 39100 3381 2101 0 456522 0 158796
1786139684.744473 461129 37897 3381 2101 0 456522 0 171049
1786139685.745960 461129 40936 3381 2101 0 456522 0 199116
1786139686.746877 461129 37342 3381 2101 0 456522 0 211366
1786139687.761292 461129 40476 3381 2101 0 456522 0 240398
1786139688.767265 462025 40636 3381 2101 0 457418 0 249576
1786139689.748048 462025 39093 3381 2101 0 457418 0 222543
1786139690.765793 462025 43717 3381 2101 0 457418 0 270327
1786139691.766519 462025 39281 3381 2101 0 457418 0 279505
1786139692.749890 462025 40557 3381 2101 0 457418 0 270917
1786139693.749618 462025 41064 3381 2101 0 457418 0 263368
1786139694.751166 462025 41759 3381 2101 0 457418 0 292624
1786139695.750257 463049 37303 3381 2101 0 458442 0 281573
1786139696.752960 463049 40387 3381 2101 0 458442 0 317128
1786139697.755279 463049 41466 3381 2101 0 458442 0 326159
1786139698.754769 463049 38898 3381 2101 0 458442 0 331530
1786139699.756237 463049 39739 3381 2101 0 458442 0 356716
1786139700.755737 463049 38443 3381 2101 0 458442 0 348128
1786139701.756547 463049 42589 3381 2101 0 458442 0 360379
1786139702.756022 463049 37898 3381 2101 0 458442 0 351915
1786139703.756803 463049 42277 3381 2101 0 458442 0 364166
1786139704.757383 463049 38555 3381 2101 0 458442 0 373927
1786139705.759361 463049 41270 3381 2101 0 458442 0 402704
1786139706.760654 463049 39792 3381 2101 0 458442 0 425324
1786139707.761227 463049 40517 3381 2101 0 458442 0 434204
1786139708.760696 463049 38544 3381 2101 0 458442 0 425616
1786139709.760106 464329 41340 3381 2101 0 459722 0 416150
1786139710.760700 464329 37453 3381 2101 0 459722 0 427393
1786139711.761317 464329 40179 3381 2101 0 459722 0 437436
1786139712.760380 464329 37784 3381 2101 0 459722 0 429266
1786139713.764946 464329 40440 3381 2101 0 459722 0 493064
1786139714.765161 464329 40200 3381 2101 0 459722 0 500399
1786139715.765716 464329 38182 3381 2101 0 459722 0 509634
1786139716.764033 464329 41018 3381 2101 0 459722 0 479517
1786139717.764494 464329 38887 3381 2101 0 459722 0 489797
1786139718.765173 464329 41531 3381 2101 0 459722 0 500084
1786139719.763917 464329 38452 3381 2101 0 459722 0 510365
1786139720.765233 464329 43376 3381 2101 0 459722 0 526516
1786139721.768914 464329 43604 3381 2101 0 459722 0 565642
1786139722.769832 464329 41721 3381 2101 0 459722 0 571494
1786139723.769404 465865 41821 3381 2101 0 461258 0 562138
1786139724.768509 466761 42876 3381 2101 0 462154 0 551291
1786139725.769048 466761 42456 3381 2101 0 462154 0 561347
1786139726.769767 466761 44413 3381 2101 0 462154 0 571395
1786139727.771325 466761 44312 3381 2101 0 462154 0 596852
1786139728.772958 466761 44321 3381 2101 0 462154 0 624605
1786139729.773356 466761 42212 3381 2101 0 462154 0 633015
1786139730.772899 466761 39963 3381 2101 0 462154 0 621354
1786139731.773463 466761 44939 3381 2101 0 462154 0 633605
1786139732.772758 466761 40711 3381 2101 0 462154 0 622070
1786139733.771922 466761 44801 3381 2101 0 462154 0 621060
1786139734.773736 466761 42714 3381 2101 0 462154 0 638810
1786139735.776682 466761 42420 3381 2101 0 462154 0 682640
1786139736.776989 466761 44528 3381 2101 0 462154 0 691052
1786139737.777579 466761 44529 3381 2101 0 462154 0 698951
1786139738.776943 466761 44539 3381 2101 0 462154 0 691389
1786139739.777751 466761 44072 3381 2101 0 462154 0 703640
1786139740.774621 466761 44838 3381 2101 0 462154 0 671958
1786139741.777560 466761 45016 3381 2101 0 462154 0 699266
1786139742.778104 466761 45043 3381 2101 0 462154 0 708548
1786139743.781537 466761 43588 3381 2101 0 462154 0 762081
1786139744.783644 466761 44892 3381 2101 0 462154 0 799084
1786139745.781620 466761 45082 3381 2101 0 462154 0 763967
1786139746.780957 466761 45108 3381 2101 0 462154 0 754870
1786139747.781604 466761 44876 3381 2101 0 462154 0 767121
1786139748.782628 466761 44673 3381 2101 0 462154 0 779372
1786139749.783054 466761 44546 3381 2101 0 462154 0 791622
1786139750.783952 467785 44942 3381 2101 0 463178 0 803873
1786139751.784085 467785 45209 3381 2101 0 463178 0 803380
1786139752.783808 467785 40047 3381 2101 0 463178 0 806475
1786139753.783530 467785 44931 3381 2101 0 463178 0 790977
1786139754.784638 467785 42434 3381 2101 0 463178 0 814908
1786139755.785344 467785 39725 3381 2101 0 463178 0 827158
1786139756.784296 467785 41079 3381 2101 0 463178 0 838758
1786139757.786795 467785 40966 3381 2101 0 463178 0 851659
1786139758.788509 467785 44049 3381 2101 0 463178 0 879412
1786139759.789064 467785 43631 3381 2101 0 463178 0 889104
1786139760.789745 467785 38056 3381 2101 0 463178 0 892794
1786139761.785860 467785 42974 3381 2101 0 463178 0 867504
1786139762.788232 467785 41652 3381 2101 0 463178 0 869166
1786139763.788237 467785 43805 3381 2101 0 463178 0 874849
1786139764.789114 467785 41614 3381 2101 0 463178 0 885256
1786139765.791861 467785 44227 3381 2101 0 463178 0 932798
1786139766.791990 467785 41939 3381 2101 0 463178 0 928067
1786139767.791210 467785 38738 3381 2101 0 463178 0 915128
1786139768.791606 467785 42502 3381 2101 0 463178 0 927378
1786139769.792245 467785 38149 3381 2101 0 463178 0 939629
1786139770.792938 467785 38955 3381 2101 0 463178 0 951879
1786139771.794000 469577 39128 3381 2101 0 464970 0 964130
1786139772.794579 469577 44331 3381 2101 0 464970 0 976380
1786139773.796393 469577 43498 3381 2101 0 464970 0 1003365
1786139774.794159 469577 41866 3381 2101 0 464970 0 991851
1786139775.795652 469577 45533 3381 2101 0 464970 0 961388
1786139776.794230 469577 39442 3381 2101 0 464970 0 970818
1786139777.794628 469577 39962 3381 2101 0 464970 0 975561
1786139778.793403 469577 39136 3381 2101 0 464970 0 973360
1786139779.793375 469577 42643 3381 2101 0 464970 0 988852
1786139780.795473 469577 44189 3381 2101 0 464970 0 1017147
1786139781.799043 469577 42438 3381 2101 0 464970 0 1045058
1786139782.799212 469577 41341 3381 2101 0 464970 0 1052446
1786139783.799457 469577 38786 3381 2101 0 464970 0 1043091
1786139784.799894 469577 42288 3381 2101 0 464970 0 1055344
1786139785.800673 469577 41153 3381 2101 0 464970 0 1067594
1786139786.801160 469577 41417 3381 2101 0 464970 0 1079847
1786139787.803108 469577 44009 3381 2101 0 464970 0 1109135
1786139788.803698 469577 41802 3381 2101 0 464970 0 1118056
1786139789.800001 469577 41073 3381 2101 0 464970 0 1063201
1786139790.800928 469577 39123 3381 2101 0 464970 0 1070429
1786139791.801105 469577 36972 3381 2101 0 464970 0 1078306
1786139792.801098 469577 39303 3381 2101 0 464970 0 1083334
1786139793.801821 469577 44396 3381 2101 0 464970 0 1086836
1786139794.802827 469577 41254 3381 2101 0 464970 0 1108800
1786139795.804261 469577 38914 3381 2101 0 464970 0 1127126
1786139796.803454 469577 41229 3381 2101 0 464970 0 1119562
1786139797.803967 469577 38482 3381 2101 0 464970 0 1131812
1786139798.804834 469577 42740 3381 2101 0 464970 0 1144063
1786139799.805764 469577 38926 3381 2101 0 464970 0 1156316
1786139800.804633 469577 44096 3381 2101 0 464970 0 1162654
1786139801.808237 469577 42621 3381 2101 0 464970 0 1194015
1786139802.806575 469577 39442 3381 2101 0 464970 0 1180910
1786139803.794161 469577 40842 3381 2101 0 464970 0 1184885
1786139804.794488 469577 40707 3381 2101 0 464970 0 1193070
1786139805.798578 469577 41608 3381 2101 0 464970 0 1129159
1786139806.800245 471625 40080 3381 2101 0 467018 0 1159434
1786139807.801826 471625 39710 3381 2101 0 467018 0 1163790
1786139808.803585 471625 39791 3381 2101 0 467018 0 1165633
1786139809.805684 471625 43931 3381 2101 0 467018 0 1188467
1786139810.805597 471625 44129 3381 2101 0 467018 0 1190242
1786139811.806240 471625 42999 3381 2101 0 467018 0 1197135
1786139812.807212 471625 41533 3381 2101 0 467018 0 1204039
1786139813.808809 471625 41293 3381 2101 0 467018 0 1227591
1786139814.809228 471625 43497 3381 2101 0 467018 0 1238562
1786139815.811145 471625 44112 3381 2101 0 467018 0 1249534
1786139816.806286 471625 44234 3381 2101 0 467018 0 1241969
1786139817.807817 471625 37927 3381 2101 0 467018 0 1256781
1786139818.793822 475722 33093 3381 2101 0 471114 0 1247776
1786139819.793934 475722 33093 3381 2101 0 471114 0 1247777
1786139820.793821 475722 32947 3381 2101 0 471114 0 1247778
1786139821.793751 475722 32999 3381 2101 0 471114 0 1247779
1786139822.793901 475722 33045 3381 2101 0 471114 0 1247780
1786139823.793673 475722 32873 3381 2101 0 471114 0 1247781
1786139824.775542 475722 32926 3381 2101 0 471114 0 856323
1786139825.790026 475722 33408 3381 2101 0 471114 0 1164230
1786139826.790799 475722 33412 3381 2101 0 471114 0 1185100
1786139827.790559 475722 33153 3381 2101 0 471114 0 1179796
1786139828.790109 475722 33047 3381 2101 0 471114 0 1171673
1786139829.792267 475722 32751 3381 2101 0 471114 0 1154219
1786139830.789242 475722 32756 3381 2101 0 471114 0 1161068
1786139831.789667 475722 32523 3381 2101 0 471114 0 1152925
1786139832.789050 475722 32374 3381 2101 0 471114 0 1145012
1786139833.788549 475722 32417 3381 2101 0 471114 0 1137942
1786139834.788117 475722 32419 3381 2101 0 471114 0 1128808
1786139835.787847 475722 32296 3381 2101 0 471114 0 1122188
1786139836.787466 475722 32296 3381 2101 0 471114 0 1115568
1786139837.787179 475722 32157 3381 2101 0 471114 0 1109425
1786139838.786821 475722 32091 3381 2101 0 471114 0 1101744
1786139839.786491 475722 32010 3381 2101 0 471114 0 1095132
1786139840.785990 475722 31795 3381 2101 0 471114 0 1085037
1786139841.786611 475722 31943 3381 2101 0 471114 0 1096712
1786139842.786791 475722 31895 3381 2101 0 471114 0 1096713
1786139843.786719 475722 31883 3381 2101 0 471114 0 1096714
1786139844.786670 475722 32122 3381 2101 0 471114 0 1096715
1786139845.785852 475722 31707 3381 2101 0 471114 0 1078204
1786139846.785485 475722 32030 3381 2101 0 471114 0 1073535
1786139847.785275 475722 32012 3381 2101 0 471114 0 1064865
1786139848.787490 475722 32358 3381 2101 0 471114 0 1116501
1786139849.787502 475722 32358 3381 2101 0 471114 0 1116502
1786139850.787056 475722 32358 3381 2101 0 471114 0 1106509
1786139851.787527 475722 32173 3381 2101 0 471114 0 1116504
1786139852.787520 475722 31915 3381 2101 0 471114 0 1116505
1786139853.784374 475722 32464 3381 2101 0 471114 0 1041546
1786139854.784033 475722 32534 3381 2101 0 471114 0 1041547
1786139855.783981 475722 32440 3381 2101 0 471114 0 1041548
1786139856.784085 475722 32364 3381 2101 0 471114 0 1041549
1786139857.784018 475722 33561 3381 2101 0 471114 0 1041550
1786139858.783710 475722 33163 3381 2101 0 471114 0 1034496
1786139859.784037 475722 33082 3381 2101 0 471114 0 1041553
1786139860.784563 475722 33082 3381 2101 0 471114 0 1041554
1786139861.783004 475722 33378 3381 2101 0 471114 0 1020651
1786139862.782953 475722 33104 3381 2101 0 471114 0 1020652
1786139863.782958 475722 32844 3381 2101 0 471114 0 1020653
1786139864.783043 475722 32844 3381 2101 0 471114 0 1020654
1786139865.782940 475722 32844 3381 2101 0 471114 0 1020655
1786139866.782954 475722 32560 3381 2101 0 471114 0 1020656
1786139867.782936 475722 33446 3381 2101 0 471114 0 1020658
1786139868.782912 475722 33237 3381 2101 0 471114 0 1020658
1786139869.782964 475722 33237 3381 2101 0 471114 0 1020659
1786139870.782924 475722 33237 3381 2101 0 471114 0 1020661
1786139871.782119 475722 33975 3381 2101 0 471114 0 1002491
1786139872.782079 475722 33772 3381 2101 0 471114 0 1002493
1786139873.780921 506450 77752 3388 2101 0 501834 0 976546
1786139874.780960 598098 177161 3388 2101 0 593482 0 976546
1786139875.781105 705106 274761 3388 2101 0 700490 0 976546
1786139876.780847 814674 373932 3388 2101 0 810058 0 976546
1786139877.780877 883794 470564 3388 2101 0 879178 0 976546
1786139878.781460 1068114 566731 3388 2101 0 1063498 0 976546
1786139879.781423 1068114 662760 3388 2101 0 1063498 0 976546
1786139880.780935 1187922 758080 3388 2101 0 1183306 0 976546
1786139881.781547 1325138 855303 3388 2101 0 1320522 0 976546
1786139882.780944 1491538 953383 3388 2101 0 1486922 0 976546
1786139883.781403 1491538 1051301 3388 2101 0 1486922 0 976546
1786139884.781347 1502803 1092473 3388 2101 0 1498186 0 976546
1786139885.780797 1502803 1092473 3388 2101 0 1498186 0 976546
1786139886.780849 1502803 1092473 3388 2101 0 1498186 0 976546
1786139887.780819 1502803 1093330 3388 2101 0 1498186 0 976546
1786139888.781047 1502803 1093330 3388 2101 0 1498186 0 976546
1786139889.780835 1502803 1093330 3388 2101 0 1498186 0 976546
1786139890.780787 1502803 1093330 3388 2101 0 1498186 0 976546
1786139891.780864 1506900 1093330 3388 2101 0 1502282 0 976546
1786139892.781403 1506900 1093330 3388 2101 0 1502282 0 976546
1786139893.780773 1506900 1093330 3388 2101 0 1502282 0 976546
1786139894.780957 1506900 1093330 3388 2101 0 1502282 0 976546
1786139895.780932 1506900 1093330 3388 2101 0 1502282 0 976546
1786139896.781395 1506900 1093330 3388 2101 0 1502282 0 976546
1786139897.780864 1506900 1093330 3388 2101 0 1502282 0 976546
1786139898.780868 1506900 1093330 3388 2101 0 1502282 0 976546
1786139899.780864 1510990 1093324 3381 2101 0 1506378 0 976546
1786139900.781449 1510990 1093324 3381 2101 0 1506378 0 976546
1786139901.780887 1510990 1093324 3381 2101 0 1506378 0 976546
1786139902.781523 1510990 1093324 3381 2101 0 1506378 0 976546
1786139903.780953 1510990 1093324 3381 2101 0 1506378 0 976546
1786139904.780953 1510990 1093324 3381 2101 0 1506378 0 976546
1786139905.781052 1510990 1093324 3381 2101 0 1506378 0 976546
1786139906.781491 1510990 1093324 3381 2101 0 1506378 0 976546
1786139907.780906 1510990 1093324 3381 2101 0 1506378 0 976546
1786139908.781672 1510990 1093829 3381 2101 0 1506378 0 976546
1786139909.780905 1510990 1093829 3381 2101 0 1506378 0 976546
1786139910.780922 1510990 1093829 3381 2101 0 1506378 0 976546
1786139911.780863 1510990 1093829 3381 2101 0 1506378 0 976546
1786139912.780913 1510990 1093829 3381 2101 0 1506378 0 976546
1786139913.781189 1510990 1093829 3381 2101 0 1506378 0 976546
1786139914.780258 1510990 1093829 3381 2101 0 1506378 0 976546
1786139915.780905 1510990 1093829 3381 2101 0 1506378 0 976546
1786139916.780826 1510990 1093829 3381 2101 0 1506378 0 976546
1786139917.780910 1510990 1093829 3381 2101 0 1506378 0 976546
1786139918.780907 1510990 1093829 3381 2101 0 1506378 0 976546
1786139919.780670 1510990 1093829 3381 2101 0 1506378 0 976546
1786139920.780909 1510990 1093829 3381 2101 0 1506378 0 976546
1786139921.780867 1510990 1093829 3381 2101 0 1506378 0 976546
1786139922.780897 1510990 1093829 3381 2101 0 1506378 0 976546
1786139923.780895 1510990 1093829 3381 2101 0 1506378 0 976546
1786139924.781461 1510990 1093829 3381 2101 0 1506378 0 976546
1786139925.780885 1510990 1093829 3381 2101 0 1506378 0 976546
1786139926.780878 1510990 1093829 3381 2101 0 1506378 0 976546
1786139927.780853 1510990 1093829 3381 2101 0 1506378 0 976546
1786139928.780840 1510990 1093829 3381 2101 0 1506378 0 976546
1786139929.780829 1510990 1093829 3381 2101 0 1506378 0 976546
1786139930.780838 1510990 1093829 3381 2101 0 1506378 0 976546
1786139931.780822 1510990 1093829 3381 2101 0 1506378 0 976546
1786139932.780863 1510990 1093829 3381 2101 0 1506378 0 976546
1786139933.780866 1510990 1093829 3381 2101 0 1506378 0 976546
1786139934.780876 1510990 1093829 3381 2101 0 1506378 0 976546
1786139935.780907 1510990 1093829 3381 2101 0 1506378 0 976546
1786139936.781462 1510990 1093829 3381 2101 0 1506378 0 976546
1786139937.780831 1510990 1093829 3381 2101 0 1506378 0 976546
1786139938.780940 1510990 1093829 3381 2101 0 1506378 0 976546
1786139939.780934 1510990 1093829 3381 2101 0 1506378 0 976546
1786139940.781460 1510990 1093829 3381 2101 0 1506378 0 976546
1786139941.781450 1510990 1093829 3381 2101 0 1506378 0 976546
1786139942.780846 1510990 1093829 3381 2101 0 1506378 0 976546
1786139943.784033 1510990 1093829 3381 2101 0 1506378 0 976546
1786139944.780855 1510990 1093829 3381 2101 0 1506378 0 976546
1786139945.781105 1510990 1093829 3381 2101 0 1506378 0 976546
1786139946.781408 1510990 1093829 3381 2101 0 1506378 0 976546
1786139947.780922 1510990 1093829 3381 2101 0 1506378 0 976546
1786139948.781036 1510990 1093829 3381 2101 0 1506378 0 976546
1786139949.780785 1510990 1093829 3381 2101 0 1506378 0 976546
1786139950.781148 1510990 1093829 3381 2101 0 1506378 0 976546
1786139951.781137 1510990 1093829 3381 2101 0 1506378 0 976546
1786139952.780882 1510990 1093829 3381 2101 0 1506378 0 976546
1786139953.780876 1510990 1093829 3381 2101 0 1506378 0 976546
1786139954.780868 1510990 1093829 3381 2101 0 1506378 0 976546
1786139955.780901 1510990 1093829 3381 2101 0 1506378 0 976546
1786139956.780849 1510990 1093829 3381 2101 0 1506378 0 976546
1786139957.780843 1510990 1093829 3381 2101 0 1506378 0 976546
1786139958.780877 1510990 1093829 3381 2101 0 1506378 0 976546
1786139959.780865 1510990 1093846 3381 2101 0 1506378 0 976546
1786139960.780869 1510990 1093846 3381 2101 0 1506378 0 976546
1786139961.780859 1510990 1093846 3381 2101 0 1506378 0 976546
1786139962.781077 1510990 1093846 3381 2101 0 1506378 0 976546
1786139963.780835 1510990 1093846 3381 2101 0 1506378 0 976546
1786139964.780663 1510990 1093846 3381 2101 0 1506378 0 976546
1786139965.781371 1510990 1093846 3381 2101 0 1506378 0 976546
1786139966.780854 1510990 1093846 3381 2101 0 1506378 0 976546
1786139967.780845 1510990 1093846 3381 2101 0 1506378 0 976546
1786139968.780846 1510990 1093846 3381 2101 0 1506378 0 976546
1786139969.781102 1510990 1093885 3381 2101 0 1506378 0 976546
1786139970.780859 1510990 1093885 3381 2101 0 1506378 0 976546
1786139971.780833 1510990 1093885 3381 2101 0 1506378 0 976546
1786139972.781414 1510990 1093885 3381 2101 0 1506378 0 976546
1786139973.780857 1510990 1093885 3381 2101 0 1506378 0 976546
1786139974.780864 1510990 1093885 3381 2101 0 1506378 0 976546
1786139975.780875 1510990 1093885 3381 2101 0 1506378 0 976546
1786139976.780843 1510990 1093885 3381 2101 0 1506378 0 976546
1786139977.780910 1510990 1093885 3381 2101 0 1506378 0 976546
1786139978.780836 1510990 1093885 3381 2101 0 1506378 0 976546
1786139979.780630 1510990 1094637 3381 2101 0 1506378 0 976546
1786139980.780896 1510990 1094637 3381 2101 0 1506378 0 976546
1786139981.780865 1510990 1094637 3381 2101 0 1506378 0 976546
1786139982.780878 1510990 1094637 3381 2101 0 1506378 0 976546
1786139983.780835 1510990 1094637 3381 2101 0 1506378 0 976546
1786139984.780848 1510990 1094637 3381 2101 0 1506378 0 976546
1786139985.780886 1510990 1094637 3381 2101 0 1506378 0 976546
1786139986.780876 1510990 1094637 3381 2101 0 1506378 0 976546
1786139987.780889 1510990 1094637 3381 2101 0 1506378 0 976546
1786139988.781068 1510990 1094637 3381 2101 0 1506378 0 976546
1786139989.780869 1510990 1094637 3381 2101 0 1506378 0 976546
1786139990.780859 1510990 1094637 3381 2101 0 1506378 0 976546
1786139991.780823 1510990 1094637 3381 2101 0 1506378 0 976546
1786139992.780821 1510990 1094637 3381 2101 0 1506378 0 976546
1786139993.780839 1510990 1094637 3381 2101 0 1506378 0 976546
1786139994.779995 1510990 1094637 3381 2101 0 1506378 0 976546
1786139995.780964 1510990 1094637 3381 2101 0 1506378 0 976546
1786139996.780892 1510990 1094637 3381 2101 0 1506378 0 976546
1786139997.780882 1510990 1094637 3381 2101 0 1506378 0 976546
1786139998.780870 1510990 1094637 3381 2101 0 1506378 0 976546
1786139999.780926 1510990 1094637 3381 2101 0 1506378 0 976546
1786140000.780902 1510990 1095133 3381 2101 0 1506378 0 976546
1786140001.780845 1510990 1095133 3381 2101 0 1506378 0 976546
1786140002.780835 1510990 1095133 3381 2101 0 1506378 0 976546
1786140003.780865 1510990 1095133 3381 2101 0 1506378 0 976546
1786140004.780839 1510990 1095133 3381 2101 0 1506378 0 976546
1786140005.781405 1510990 1095133 3381 2101 0 1506378 0 976546
1786140006.780878 1510990 1095133 3381 2101 0 1506378 0 976546
1786140007.780842 1510990 1095133 3381 2101 0 1506378 0 976546
1786140008.780844 1510990 1095133 3381 2101 0 1506378 0 976546
1786140009.781478 1510990 1095133 3381 2101 0 1506378 0 976546
1786140010.781376 1510990 1095613 3381 2101 0 1506378 0 976546
1786140011.781392 1510990 1095613 3381 2101 0 1506378 0 976546
1786140012.780828 1510990 1095613 3381 2101 0 1506378 0 976546
1786140013.780839 1510990 1095613 3381 2101 0 1506378 0 976546
1786140014.780846 1510990 1095613 3381 2101 0 1506378 0 976546
1786140015.780844 1510990 1095613 3381 2101 0 1506378 0 976546
1786140016.780195 1510990 1095613 3381 2101 0 1506378 0 976546
1786140017.780814 1510990 1095613 3381 2101 0 1506378 0 976546
1786140018.780371 1510990 1095613 3381 2101 0 1506378 0 976546
1786140019.781432 1510990 1095613 3381 2101 0 1506378 0 976546
1786140020.780928 1510990 1095613 3381 2101 0 1506378 0 976546
1786140021.781248 1510990 1095613 3381 2101 0 1506378 0 976546
1786140022.780811 1510990 1095613 3381 2101 0 1506378 0 976546
1786140023.781300 1510990 1095613 3381 2101 0 1506378 0 976546
1786140024.781172 1510990 1095613 3381 2101 0 1506378 0 976546
1786140025.781048 1510990 1095613 3381 2101 0 1506378 0 976546
1786140026.781058 1510990 1095613 3381 2101 0 1506378 0 976546
1786140027.781611 1510990 1095613 3381 2101 0 1506378 0 976546
1786140028.781694 1510990 1095613 3381 2101 0 1506378 0 976546
1786140029.781106 1510990 1095613 3381 2101 0 1506378 0 976546
1786140030.781611 1510990 1095613 3381 2101 0 1506378 0 976546
1786140031.781206 1510990 1096077 3381 2101 0 1506378 0 976546
1786140032.781159 1510990 1096077 3381 2101 0 1506378 0 976546
1786140033.781000 1510990 1096077 3381 2101 0 1506378 0 976546
1786140034.781646 1510990 1096077 3381 2101 0 1506378 0 976546
1786140035.781034 1510990 1096077 3381 2101 0 1506378 0 976546
1786140036.781760 1510990 1096077 3381 2101 0 1506378 0 976546
1786140037.781160 1510990 1096077 3381 2101 0 1506378 0 976546
1786140038.781062 1510990 1096077 3381 2101 0 1506378 0 976546
1786140039.781597 1510990 1096077 3381 2101 0 1506378 0 976546
1786140040.781006 1510990 1096077 3381 2101 0 1506378 0 976546
1786140041.781026 1510990 1096525 3381 2101 0 1506378 0 976546
1786140042.781629 1510990 1096525 3381 2101 0 1506378 0 976546
1786140043.780997 1510990 1096525 3381 2101 0 1506378 0 976546
1786140044.780987 1510990 1096525 3381 2101 0 1506378 0 976546
1786140045.781115 1510990 1096525 3381 2101 0 1506378 0 976546
1786140046.781378 1510990 1096525 3381 2101 0 1506378 0 976546
1786140047.781026 1510990 1096525 3381 2101 0 1506378 0 976546
1786140048.781088 1510990 1096525 3381 2101 0 1506378 0 976546
1786140049.781084 1510990 1096525 3381 2101 0 1506378 0 976546
1786140050.780993 1510990 1096525 3381 2101 0 1506378 0 976546
1786140051.781272 1510990 1096525 3381 2101 0 1506378 0 976546
1786140052.781593 1510990 1096525 3381 2101 0 1506378 0 976546
1786140053.781145 1510990 1096525 3381 2101 0 1506378 0 976546
1786140054.781089 1510990 1096525 3381 2101 0 1506378 0 976546
1786140055.781634 1510990 1096525 3381 2101 0 1506378 0 976546
1786140056.781590 1510990 1096525 3381 2101 0 1506378 0 976546
1786140057.781260 1510990 1096525 3381 2101 0 1506378 0 976546
1786140058.781278 1510990 1096525 3381 2101 0 1506378 0 976546
1786140059.780837 1510990 1096525 3381 2101 0 1506378 0 976546
1786140060.781034 1510990 1096525 3381 2101 0 1506378 0 976546
1786140061.781000 1510990 1096957 3381 2101 0 1506378 0 976546
1786140062.781031 1510990 1096957 3381 2101 0 1506378 0 976546
1786140063.781145 1510990 1096957 3381 2101 0 1506378 0 976546
1786140064.781115 1510990 1096957 3381 2101 0 1506378 0 976546
1786140065.781065 1510990 1096957 3381 2101 0 1506378 0 976546
1786140066.781043 1510990 1096957 3381 2101 0 1506378 0 976546
1786140067.781079 1510990 1096957 3381 2101 0 1506378 0 976546
1786140068.781239 1510990 1096957 3381 2101 0 1506378 0 976546
1786140069.781096 1510990 1096957 3381 2101 0 1506378 0 976546
1786140070.781107 1510990 1096957 3381 2101 0 1506378 0 976546
1786140071.781172 1510990 1096957 3381 2101 0 1506378 0 976546
1786140072.780991 1510990 1097373 3381 2101 0 1506378 0 976546
1786140073.781057 1510990 1097373 3381 2101 0 1506378 0 976546
1786140074.780880 1510990 1097373 3381 2101 0 1506378 0 976546
1786140075.780861 1510990 1097373 3381 2101 0 1506378 0 976546
1786140076.780946 1510990 1097373 3381 2101 0 1506378 0 976546
1786140077.781348 1510990 1097373 3381 2101 0 1506378 0 976546
1786140078.780613 1510990 1097373 3381 2101 0 1506378 0 976546
1786140079.781377 1510990 1097373 3381 2101 0 1506378 0 976546
1786140080.780949 1510990 1097373 3381 2101 0 1506378 0 976546
1786140081.780914 1510990 1097373 3381 2101 0 1506378 0 976546
1786140082.781460 1510990 1097373 3381 2101 0 1506378 0 976546
1786140083.780988 1510990 1097373 3381 2101 0 1506378 0 976546
1786140084.780857 1510990 1097373 3381 2101 0 1506378 0 976546
1786140085.780993 1510990 1097373 3381 2101 0 1506378 0 976546
1786140086.780829 1510990 1097373 3381 2101 0 1506378 0 976546
1786140087.780901 1510990 1097373 3381 2101 0 1506378 0 976546
1786140088.780964 1510990 1097373 3381 2101 0 1506378 0 976546
1786140089.781052 1510990 1097373 3381 2101 0 1506378 0 976546
1786140090.780924 1510990 1097373 3381 2101 0 1506378 0 976546
1786140091.780978 1510990 1097373 3381 2101 0 1506378 0 976546
1786140092.781039 1510990 1097773 3381 2101 0 1506378 0 976546
1786140093.781296 1510990 1097773 3381 2101 0 1506378 0 976546
1786140094.781398 1510990 1097773 3381 2101 0 1506378 0 976546
1786140095.781476 1510990 1097773 3381 2101 0 1506378 0 976546
1786140096.780941 1510990 1097773 3381 2101 0 1506378 0 976546
1786140097.781087 1510990 1097773 3381 2101 0 1506378 0 976546
1786140098.780944 1510990 1097773 3381 2101 0 1506378 0 976546
1786140099.781571 1510990 1097773 3381 2101 0 1506378 0 976546
1786140100.781174 1510990 1097773 3381 2101 0 1506378 0 976546
1786140101.781052 1510990 1097773 3381 2101 0 1506378 0 976546
1786140102.781033 1510990 1098157 3381 2101 0 1506378 0 976546
1786140103.780986 1510990 1098157 3381 2101 0 1506378 0 976546
1786140104.781110 1510990 1098157 3381 2101 0 1506378 0 976546
1786140105.781017 1510990 1098157 3381 2101 0 1506378 0 976546
1786140106.780509 1510990 1098157 3381 2101 0 1506378 0 976546
1786140107.780917 1510990 1098157 3381 2101 0 1506378 0 976546
1786140108.780954 1510990 1098157 3381 2101 0 1506378 0 976546
1786140109.781581 1510990 1098157 3381 2101 0 1506378 0 976546
1786140110.781032 1510990 1098157 3381 2101 0 1506378 0 976546
1786140111.780740 1510990 1098157 3381 2101 0 1506378 0 976546
1786140112.781004 1510990 1098157 3381 2101 0 1506378 0 976546
1786140113.780962 1510990 1098157 3381 2101 0 1506378 0 976546
1786140114.781507 1510990 1098157 3381 2101 0 1506378 0 976546
1786140115.781139 1510990 1098157 3381 2101 0 1506378 0 976546
1786140116.780996 1510990 1098157 3381 2101 0 1506378 0 976546
1786140117.780943 1510990 1098157 3381 2101 0 1506378 0 976546
1786140118.780990 1510990 1098157 3381 2101 0 1506378 0 976546
1786140119.781328 1510990 1098157 3381 2101 0 1506378 0 976546
1786140120.780977 1510990 1098157 3381 2101 0 1506378 0 976546
1786140121.780935 1510990 1098157 3381 2101 0 1506378 0 976546
1786140122.781555 1510990 1098157 3381 2101 0 1506378 0 976546
1786140123.780947 1510990 1098525 3381 2101 0 1506378 0 976546
1786140124.780921 1510990 1098525 3381 2101 0 1506378 0 976546
1786140125.781535 1510990 1098525 3381 2101 0 1506378 0 976546
1786140126.780991 1510990 1098525 3381 2101 0 1506378 0 976546
1786140127.780920 1510990 1098525 3381 2101 0 1506378 0 976546
1786140128.780944 1510990 1098525 3381 2101 0 1506378 0 976546
1786140129.780963 1510990 1098525 3381 2101 0 1506378 0 976546
1786140130.781612 1510990 1098525 3381 2101 0 1506378 0 976546
1786140131.780970 1510990 1098525 3381 2101 0 1506378 0 976546
1786140132.780962 1510990 1098525 3381 2101 0 1506378 0 976546
1786140133.780977 1510990 1098877 3381 2101 0 1506378 0 976546
1786140134.781547 1510990 1098877 3381 2101 0 1506378 0 976546
1786140135.781000 1510990 1098877 3381 2101 0 1506378 0 976546
1786140136.781020 1510990 1098877 3381 2101 0 1506378 0 976546
1786140137.781251 1510990 1098877 3381 2101 0 1506378 0 976546
1786140138.781041 1510990 1098877 3381 2101 0 1506378 0 976546
1786140139.781520 1510990 1098877 3381 2101 0 1506378 0 976546
1786140140.780951 1510990 1098877 3381 2101 0 1506378 0 976546
1786140141.781002 1510990 1098877 3381 2101 0 1506378 0 976546
1786140142.781043 1510990 1098877 3381 2101 0 1506378 0 976546
1786140143.780971 1510990 1098877 3381 2101 0 1506378 0 976546
1786140144.780906 1510990 1098877 3381 2101 0 1506378 0 976546
1786140145.781552 1510990 1098877 3381 2101 0 1506378 0 976546
1786140146.780921 1510990 1098877 3381 2101 0 1506378 0 976546
1786140147.781547 1510990 1098877 3381 2101 0 1506378 0 976546
1786140148.780929 1510990 1098877 3381 2101 0 1506378 0 976546
1786140149.780935 1510990 1098877 3381 2101 0 1506378 0 976546
1786140150.781506 1510990 1098877 3381 2101 0 1506378 0 976546
1786140151.780940 1510990 1098877 3381 2101 0 1506378 0 976546
1786140152.781363 1510990 1098877 3381 2101 0 1506378 0 976546
1786140153.780993 1510990 1098877 3381 2101 0 1506378 0 976546
1786140154.780948 1510990 1099213 3381 2101 0 1506378 0 976546
1786140155.780999 1510990 1099213 3381 2101 0 1506378 0 976546
1786140156.780940 1510990 1099213 3381 2101 0 1506378 0 976546
1786140157.781170 1510990 1099213 3381 2101 0 1506378 0 976546
1786140158.780956 1510990 1099213 3381 2101 0 1506378 0 976546
1786140159.781425 1510990 1099213 3381 2101 0 1506378 0 976546
1786140160.780986 1510990 1099213 3381 2101 0 1506378 0 976546
1786140161.781523 1510990 1099213 3381 2101 0 1506378 0 976546
1786140162.780991 1510990 1099213 3381 2101 0 1506378 0 976546
1786140163.780936 1510990 1099213 3381 2101 0 1506378 0 976546
1786140164.781529 1510990 1099533 3381 2101 0 1506378 0 976546
1786140165.780933 1510990 1099533 3381 2101 0 1506378 0 976546
1786140166.780872 1510990 1099533 3381 2101 0 1506378 0 976546
1786140167.781016 1510990 1099533 3381 2101 0 1506378 0 976546
1786140168.780897 1510990 1099533 3381 2101 0 1506378 0 976546
1786140169.781041 1510990 1099533 3381 2101 0 1506378 0 976546
1786140170.780927 1510990 1099533 3381 2101 0 1506378 0 976546
1786140171.781144 1510990 1099533 3381 2101 0 1506378 0 976546
1786140172.780720 1510990 1099533 3381 2101 0 1506378 0 976546
1786140173.780940 1510990 1099533 3381 2101 0 1506378 0 976546
1786140174.780994 1510990 1099533 3381 2101 0 1506378 0 976546
1786140175.781061 1510990 1099533 3381 2101 0 1506378 0 976546
1786140176.780876 1510990 1099533 3381 2101 0 1506378 0 976546
1786140177.780945 1510990 1099533 3381 2101 0 1506378 0 976546
1786140178.780928 1510990 1099533 3381 2101 0 1506378 0 976546
1786140179.780979 1510990 1099533 3381 2101 0 1506378 0 976546
1786140180.780941 1510990 1099533 3381 2101 0 1506378 0 976546
1786140181.780912 1510990 1099533 3381 2101 0 1506378 0 976546
1786140182.780933 1510990 1099533 3381 2101 0 1506378 0 976546
1786140183.780956 1510990 1099533 3381 2101 0 1506378 0 976546
1786140184.781557 1510990 1099837 3381 2101 0 1506378 0 976546
1786140185.780975 1510990 1099837 3381 2101 0 1506378 0 976546
1786140186.780949 1510990 1099837 3381 2101 0 1506378 0 976546
1786140187.781055 1510990 1099837 3381 2101 0 1506378 0 976546
1786140188.780984 1510990 1099837 3381 2101 0 1506378 0 976546
1786140189.781103 1510990 1099837 3381 2101 0 1506378 0 976546
1786140190.780948 1510990 1099837 3381 2101 0 1506378 0 976546
1786140191.781519 1510990 1099837 3381 2101 0 1506378 0 976546
