# start_epoch=1786771790.959412  page_size=4096  cachestat=ok  fields=size,resident,shared,text,lib,data,dt,pagecache
1786771791.959691 262499 28638 8651 99 0 248506 0 1
1786771792.959675 262499 28638 8651 99 0 248506 0 1
1786771793.967870 2932268 69030 49195 99 0 258106 0 55047
1786771794.965590 2955868 84567 64752 99 0 258106 0 81195
1786771795.965753 2978661 69902 50081 99 0 258106 0 107089
1786771796.967106 3001514 98281 78460 99 0 258106 0 124973
1786771797.970770 3037504 110879 91058 99 0 258106 0 173988
1786771798.969471 3047089 102996 83252 99 0 258106 0 193792
1786771799.972277 3082523 141026 121311 99 0 258106 0 213139
1786771800.974209 3102728 119138 99450 99 0 258106 0 232639
1786771801.974947 3139430 170492 150801 99 0 258106 0 257963
1786771802.977408 3168817 149576 129846 99 0 258106 0 300446
1786771803.980617 3207964 230576 210846 99 0 258106 0 359041
1786771804.978774 3214271 183139 163505 99 0 258106 0 336292
1786771805.979053 3214271 195429 175791 99 0 258106 0 343537
1786771806.983898 3310552 192207 172684 99 0 258106 0 407747
1786771807.980825 3223424 120105 100580 99 0 258106 0 353239
1786771808.983879 3290765 219670 200354 99 0 258106 0 410747
1786771809.983394 3291234 193999 174625 99 0 258106 0 401865
1786771810.980415 3291234 216152 196797 99 0 258106 0 410334
1786771811.990184 3269657 142407 123079 99 0 258106 0 419257
1786771812.988529 3342365 197825 178495 99 0 258106 0 462130
1786771813.985302 3339431 185707 165944 99 0 258106 0 450224
1786771814.985970 3339431 203687 183924 99 0 258106 0 462195
1786771815.985947 3339431 210177 190414 99 0 258106 0 466358
1786771816.989993 3358003 125852 106259 99 0 258106 0 478105
1786771817.988352 3338878 137757 118164 99 0 258106 0 456204
1786771818.992158 3374185 217939 198346 99 0 258106 0 519629
1786771820.024204 3394532 191179 170297 99 0 280122 0 525857
1786771821.005495 3477161 282610 260685 99 0 281146 0 550528
1786771821.991574 3380684 100631 78733 99 0 281146 0 466708
1786771822.993067 3421709 170044 148142 99 0 281146 0 529137
1786771824.015425 3455262 220548 197036 99 0 282682 0 555358
1786771825.000107 3447163 235708 213013 99 0 282682 0 582854
1786771826.004727 3609779 321003 298360 99 0 282682 0 707073
1786771827.022161 3439623 170739 146668 99 0 284218 0 553797
1786771828.005529 3476310 244341 220266 99 0 284218 0 587016
1786771828.998247 3510665 285587 261509 99 0 284218 0 628033
1786771829.998511 3439039 141148 118548 99 0 284218 0 552229
1786771830.995242 3443029 165390 142831 99 0 284218 0 558643
1786771832.034543 3506620 208902 186364 99 0 284218 0 624463
1786771833.002342 3558904 289518 265434 99 0 285754 0 661450
1786771834.006543 3538784 269173 244626 99 0 285754 0 634093
1786771834.998968 3506351 160098 135495 99 0 285754 0 605999
1786771835.998202 3547618 207570 182967 99 0 285754 0 643745
1786771837.003362 3547234 211524 186941 99 0 289850 0 643416
1786771838.001570 3567477 254639 230051 99 0 289850 0 654178
1786771839.000917 3612253 292661 268859 99 0 289850 0 704745
1786771839.994928 3480708 77122 53342 99 0 289850 0 562190
1786771840.995318 3501335 206244 180835 99 0 289850 0 588198
1786771842.000155 3534764 321614 297379 99 0 289850 0 632453
1786771842.995428 3511944 141545 117154 99 0 289850 0 578742
1786771843.996003 3518021 166155 141465 99 0 289850 0 580464
1786771844.995165 3447163 142151 116120 99 0 291642 0 561658
1786771845.995092 3469351 212377 186341 99 0 291642 0 580879
1786771846.995004 3469351 279591 253510 99 0 291642 0 554257
1786771847.999057 3543186 347819 323405 99 0 291642 0 633109
1786771849.000537 3558337 421391 396187 99 0 291642 0 653265
1786771850.003069 3601228 500181 474971 99 0 291642 0 700878
1786771850.980933 3324961 54710 30719 99 0 291642 0 399357
1786771851.979967 3324961 91941 67939 99 0 291642 0 404998
1786771852.981490 3353583 95002 66269 99 0 320826 0 443757
1786771853.988274 3425717 140090 106291 99 0 344890 0 448735
1786771854.982187 3370106 99223 71624 99 0 344890 0 405827
1786771855.981234 3370106 142188 105848 99 0 344890 0 443758
1786771856.981524 3370106 141546 105848 99 0 344890 0 449748
1786771857.984883 3370106 158550 123272 99 0 344890 0 408746
1786771858.979651 3370106 155028 123272 99 0 344890 0 414915
1786771859.979644 3275602 91644 57520 99 0 344890 0 353933
1786771860.987800 3337613 143025 104498 99 0 351290 0 353928
1786771861.975117 3282002 108408 76624 99 0 351290 0 316117
1786771862.978541 3282002 148974 107408 99 0 351290 0 349260
1786771863.976986 3282002 145450 107408 99 0 351290 0 355284
1786771864.998634 3294774 158625 125131 99 0 351290 0 309289
1786771865.971232 3193556 71230 38514 99 0 351290 0 237763
1786771866.975974 3249807 105968 64701 99 0 351930 0 261100
1786771867.972652 3262741 102585 68815 99 0 351930 0 266210
1786771868.972599 3194196 143465 105442 99 0 351930 0 264778
1786771869.982368 3249807 191478 150573 99 0 351930 0 265167
1786771870.970505 3194196 153241 119986 99 0 351930 0 220673
1786771871.985748 3210058 172460 136036 99 0 351930 0 226006
1786771872.969528 3103503 83036 46605 99 0 351930 0 156011
1786771873.982862 3159114 114502 79304 99 0 351930 0 171812
1786771874.965400 3103503 92178 63821 99 0 351930 0 115530
1786771875.979633 3120220 120342 87244 99 0 351930 0 134595
1786771876.962913 3057751 54656 25220 99 0 356026 0 64673
1786771877.962942 3057751 83936 54500 99 0 356026 0 64673
1786771878.962892 3057751 102896 73460 99 0 356026 0 64673
1786771879.962909 3061848 102893 73460 99 0 360122 0 64673
1786771880.963842 3061848 102893 73460 99 0 360122 0 64673
1786771881.963873 3061848 102893 73460 99 0 360122 0 64673
1786771882.962970 3065945 102886 73460 99 0 364218 0 64673
1786771883.962925 3065945 102886 73460 99 0 364218 0 64673
1786771884.962906 3065945 102886 73460 99 0 364218 0 64673
1786771885.962894 3070042 102882 73460 99 0 368314 0 64673
1786771886.962958 3070042 102882 73460 99 0 368314 0 64673
1786771887.962922 3070042 102882 73460 99 0 368314 0 64673
1786771888.962910 3070042 102882 73460 99 0 368314 0 64673
1786771889.962893 3070042 102882 73460 99 0 368314 0 64673
1786771890.962918 3070042 102882 73460 99 0 368314 0 64673
1786771891.962930 3070042 102882 73460 99 0 368314 0 64673
1786771892.962925 3070042 102882 73460 99 0 368314 0 64673
1786771893.962898 3070042 102882 73460 99 0 368314 0 64673
1786771894.963058 3070042 102882 73460 99 0 368314 0 64673
1786771895.962918 3070042 102882 73460 99 0 368314 0 64673
1786771896.962933 3070042 102882 73460 99 0 368314 0 64673
1786771897.962895 3070042 102882 73460 99 0 368314 0 64673
1786771898.962939 3070042 102882 73460 99 0 368314 0 64673
1786771899.962940 3070042 102882 73460 99 0 368314 0 64673
1786771900.962926 3070042 102882 73460 99 0 368314 0 64673
1786771901.962895 3070042 102882 73460 99 0 368314 0 64673
1786771902.962937 3070042 102882 73460 99 0 368314 0 64673
1786771903.962938 3070042 102882 73460 99 0 368314 0 64673
1786771904.962904 3070042 102882 73460 99 0 368314 0 64673
1786771905.962907 3070042 102882 73460 99 0 368314 0 64673
1786771906.962893 3070042 102882 73460 99 0 368314 0 64673
1786771907.962924 3070042 102882 73460 99 0 368314 0 64673
1786771908.962803 3070042 102882 73460 99 0 368314 0 64673
1786771909.962981 3070042 102882 73460 99 0 368314 0 64673
1786771910.962934 3070042 102882 73460 99 0 368314 0 64673
1786771911.962907 3070042 102882 73460 99 0 368314 0 64673
1786771912.962793 3070042 102882 73460 99 0 368314 0 64673
1786771913.962921 3070042 102882 73460 99 0 368314 0 64673
1786771914.962933 3070042 102882 73460 99 0 368314 0 64673
1786771915.962897 3070042 102882 73460 99 0 368314 0 64673
1786771916.963004 3070042 102882 73460 99 0 368314 0 64673
1786771917.962910 3070042 102882 73460 99 0 368314 0 64673
1786771918.962907 3070042 102882 73460 99 0 368314 0 64673
1786771919.962897 3070042 102882 73460 99 0 368314 0 64673
1786771920.963020 3070042 102852 73460 99 0 368314 0 64673
