# start_epoch=1786183506.090233  page_size=4096  cachestat=ok  fields=size,resident,shared,text,lib,data,dt,pagecache
1786183507.090447 172398 27143 7728 99 0 158392 0 1
1786183508.090413 172398 27143 7728 99 0 158392 0 1
1786183509.118406 2819717 49784 29562 99 0 163896 0 28986
1786183510.119049 2838083 66293 46065 99 0 163896 0 42148
1786183511.119441 2833415 55242 34999 99 0 165944 0 48796
1786183512.118027 2851677 76109 55863 99 0 165944 0 55183
1786183513.118281 2844949 53254 33010 99 0 165944 0 61304
1786183514.119050 2863211 70197 49953 99 0 165944 0 75426
1786183515.120144 2893211 85506 65242 99 0 165944 0 94012
1786183516.120710 2893161 91018 70754 99 0 165944 0 111337
1786183517.123910 2911423 106419 86327 99 0 165944 0 126418
1786183518.121566 2911423 109305 89213 99 0 165944 0 122906
1786183519.121694 2911423 112544 92452 99 0 165944 0 127693
1786183520.122151 2929685 129472 109524 99 0 165944 0 133998
1786183521.220616 2934968 71451 51520 99 0 165944 0 144873
1786183522.124634 2927089 86211 66280 99 0 165944 0 137836
1786183523.123602 2927089 94047 74116 99 0 165944 0 155511
1786183524.123293 2945351 114882 94945 99 0 165944 0 156736
1786183525.123893 2945351 122317 102378 99 0 165944 0 156502
1786183526.128187 2964892 85782 65843 99 0 165944 0 191947
1786183527.127567 2967667 104545 84600 99 0 165944 0 171699
1786183528.126427 2967667 106726 86781 99 0 165944 0 185262
1786183529.127399 2967667 110013 90064 99 0 165944 0 191036
1786183530.125828 2985929 125899 105950 99 0 165944 0 197785
1786183531.128037 2985929 129511 109604 99 0 165944 0 201815
1786183532.125830 3004191 143983 124076 99 0 165944 0 201768
1786183533.128859 3004191 151796 131896 99 0 165944 0 212398
1786183534.220300 3034152 83712 63816 99 0 165944 0 224846
1786183535.104883 3045212 101762 81893 99 0 165944 0 243445
1786183536.218814 3010564 104627 84743 99 0 165944 0 220373
1786183537.128072 3010564 107170 87286 99 0 165944 0 234175
1786183538.128197 3028826 121799 101910 99 0 165944 0 232522
1786183539.216657 3028826 123607 103718 99 0 165944 0 245814
1786183540.222012 3028826 126098 106206 99 0 165944 0 251509
1786183541.219030 3047088 140318 120434 99 0 165944 0 257204
1786183542.127059 3019914 69854 50077 99 0 165944 0 230001
1786183543.110712 3056502 101678 81901 99 0 165944 0 254811
1786183544.216862 3054495 104406 84623 99 0 165944 0 262276
1786183545.218699 3054495 107258 87475 99 0 165944 0 276453
1786183546.217534 3072757 122051 102290 99 0 165944 0 274418
1786183547.219467 3072757 128517 108756 99 0 165944 0 289286
1786183548.219240 3072757 135473 115710 99 0 165944 0 288133
1786183549.221002 3091019 154270 134506 99 0 165944 0 304215
1786183550.220513 3091019 159149 139382 99 0 165944 0 301896
1786183551.219916 3091019 163861 144094 99 0 165944 0 315877
1786183552.218472 3099745 103671 83930 99 0 165944 0 294806
1786183553.122152 3191216 101209 81472 99 0 165944 0 388752
1786183554.324240 3164124 104250 84513 99 0 165944 0 349598
1786183555.323345 3147487 107612 87875 99 0 165944 0 362543
1786183556.434772 3205401 113840 94102 99 0 165944 0 432368
1786183557.318223 3275074 132343 112599 99 0 165944 0 489159
1786183558.316995 3275074 137457 117713 99 0 165944 0 496105
1786183559.326486 3293336 152675 132927 99 0 165944 0 503791
1786183560.318568 3293336 154916 135168 99 0 165944 0 508381
1786183561.326989 4369838 169629 149880 99 0 165944 0 513674
1786183562.225087 3311662 171229 151495 99 0 165944 0 517904
1786183563.327550 3211051 93550 73815 99 0 165944 0 399671
1786183564.318635 3106477 97470 77735 99 0 165944 0 329288
1786183565.319662 3150690 113797 94056 99 0 165944 0 359972
1786183566.326250 3150690 118063 98319 99 0 165944 0 363731
1786183567.320898 3204839 123486 103740 99 0 165944 0 422101
1786183568.220546 3223165 138738 118998 99 0 165944 0 426223
1786183569.225494 3262772 141893 122220 99 0 165944 0 479656
1786183570.229162 3330847 164381 144708 99 0 165944 0 523346
1786183571.322707 3200233 121254 101574 99 0 165944 0 363055
1786183572.219980 3096818 95600 75920 99 0 165944 0 314649
1786183573.229312 3153677 101738 82052 99 0 165944 0 375964
1786183574.327238 3172003 118749 99087 99 0 165944 0 381127
1786183575.328589 3241249 124745 105080 99 0 165944 0 454886
1786183576.227819 3264223 129837 110184 99 0 165944 0 485150
1786183577.220761 3282485 144285 124657 99 0 165944 0 489060
1786183578.226314 3344640 149717 130089 99 0 165944 0 560033
1786183579.421792 3307814 131629 111993 99 0 165944 0 472351
1786183580.221692 3119539 93895 74259 99 0 165944 0 330921
1786183581.221119 3220747 101308 81679 99 0 165944 0 435064
1786183582.221395 3239009 115921 96290 99 0 165944 0 441330
1786183583.230504 3281234 119529 99898 99 0 165944 0 488485
1786183584.230331 3281234 124482 104851 99 0 165944 0 500938
1786183585.823908 3247902 140806 121170 99 0 165944 0 419702
1786183586.516666 3284685 108465 88829 99 0 165944 0 482221
1786183587.318920 3297426 101199 81672 99 0 165944 0 515676
1786183588.319585 3297426 108165 88638 99 0 165944 0 521624
1786183589.222170 3315688 124746 105224 99 0 165944 0 523648
1786183590.227772 3315688 130399 110877 99 0 165944 0 531150
1786183591.222762 3334014 147628 128106 99 0 165944 0 538789
1786183592.334267 3373911 153535 134028 99 0 165944 0 566004
1786183593.420163 3175544 100110 80578 99 0 165944 0 367759
1786183594.418363 3187061 76070 56620 99 0 165944 0 410177
1786183595.229345 3205387 90270 70818 99 0 165944 0 420857
1786183596.328721 3205387 93087 73630 99 0 165944 0 416628
1786183597.318279 3299833 98223 78774 99 0 165944 0 517900
1786183598.333944 3200550 111720 92255 99 0 165944 0 406175
1786183599.322449 3210162 117323 97858 99 0 165944 0 427911
1786183600.427319 3273022 84515 65050 99 0 165944 0 493169
1786183601.326002 3291284 100755 81287 99 0 165944 0 497080
1786183602.322801 3383973 109231 89763 99 0 165944 0 595979
1786183603.316958 3383973 114846 95392 99 0 165944 0 601282
1786183604.428305 3332538 129632 110186 99 0 165944 0 497076
1786183605.218950 3176953 71663 52217 99 0 165944 0 387166
1786183606.326971 3176953 73658 54212 99 0 165944 0 399082
1786183607.418221 3239556 76197 56745 99 0 165944 0 455644
1786183608.328791 3266795 90228 70791 99 0 165944 0 425686
1786183609.333934 3217737 105428 85974 99 0 165944 0 416872
1786183610.417410 3279193 112873 93419 99 0 165944 0 491181
1786183611.230918 3340639 119140 99686 99 0 165944 0 556121
1786183612.516922 3399201 89142 69683 99 0 165944 0 618624
1786183613.416268 3479813 107671 87986 99 0 165944 0 695661
1786183614.324655 3479813 114839 95154 99 0 165944 0 694442
1786183615.716663 3501600 132775 113182 99 0 165944 0 682126
1786183616.823760 3375378 135695 116102 99 0 165944 0 541748
1786183617.329837 3269721 121599 102006 99 0 165944 0 481316
1786183618.225276 3262639 81477 61885 99 0 165944 0 475331
1786183619.233217 3280965 96467 76875 99 0 165944 0 488107
1786183620.319455 3280965 98877 79284 99 0 165944 0 491589
1786183621.423916 3370154 119393 99800 99 0 165944 0 515473
1786183622.421871 3386828 123636 104064 99 0 165944 0 597049
1786183623.521505 3336902 78607 58789 99 0 165944 0 550217
1786183624.434124 3324613 83721 63897 99 0 165944 0 538827
1786183625.517764 3353887 88677 68853 99 0 165944 0 580162
1786183626.317050 3372149 106322 86506 99 0 165944 0 579266
1786183627.634797 3479318 112455 92633 99 0 165944 0 629161
1786183628.427569 3324099 114480 94658 99 0 165944 0 546162
1786183629.428318 3270020 131619 111797 99 0 165944 0 486748
1786183630.328636 3296825 86560 66731 99 0 165944 0 507358
1786183631.327684 3337769 92678 72976 99 0 165944 0 510511
1786183632.329225 3300155 106858 87151 99 0 165944 0 505780
1786183633.358500 3300155 109443 89596 99 0 165944 0 516692
1786183634.325748 3300155 114539 94687 99 0 165944 0 511969
1786183635.415886 3396729 130527 110674 99 0 165944 0 602383
1786183636.619310 3584774 139944 120091 99 0 165944 0 761435
1786183638.126795 3542171 110170 90346 99 0 165944 0 747620
1786183639.327552 3357694 125471 105680 99 0 165944 0 552266
1786183640.244156 3279355 80142 60351 99 0 165944 0 489892
1786183641.422724 3348525 99343 79551 99 0 165944 0 548351
1786183642.517489 3389139 103241 83449 99 0 165944 0 599687
1786183643.431328 3389139 106948 86707 99 0 165944 0 610718
1786183644.325978 3389139 111050 90803 99 0 165944 0 605847
1786183645.429647 4510507 101456 81209 99 0 165944 0 661034
1786183646.339673 3452334 105750 85512 99 0 165944 0 657945
1786183647.221940 3289049 106984 86746 99 0 165944 0 500152
1786183648.718725 3447512 126045 105797 99 0 165944 0 613645
1786183649.431372 3353725 76685 56437 99 0 165944 0 571164
1786183650.230449 3353725 78657 58431 99 0 165944 0 564870
1786183651.321803 3371987 94461 74235 99 0 165944 0 579580
1786183652.328357 3371987 100428 80202 99 0 165944 0 584315
1786183653.420731 3363894 115442 95299 99 0 165944 0 564536
1786183654.423005 3458778 120214 99798 99 0 165944 0 670130
1786183655.436151 3493354 80820 60403 99 0 165944 0 715521
1786183656.435990 3493354 87393 66972 99 0 165944 0 710900
1786183657.419889 3511680 103730 83309 99 0 165944 0 722172
1786183658.422572 3583352 110357 89933 99 0 165944 0 790880
1786183659.324362 3447120 111455 91087 99 0 165944 0 629363
1786183660.425292 3409291 127180 106779 99 0 165944 0 614656
1786183661.434431 3409291 130894 110493 99 0 165944 0 654083
1786183662.524440 3461927 101731 81321 99 0 165944 0 638215
1786183663.616709 3555937 91945 71535 99 0 165944 0 778932
1786183664.421829 3574199 108288 87876 99 0 165944 0 798928
1786183665.327703 3612290 115554 95153 99 0 165944 0 828955
1786183666.721127 3574186 130867 110488 99 0 165944 0 757592
1786183667.434144 3446797 124448 104069 99 0 165944 0 628752
1786183668.325642 3320584 100241 79865 99 0 165944 0 528959
1786183669.332488 3380800 94437 74059 99 0 165944 0 584122
1786183670.337197 3380800 97017 76639 99 0 165944 0 596314
1786183671.335670 3399126 112202 91824 99 0 165944 0 599595
1786183672.321984 3399126 120522 100143 99 0 165944 0 605502
1786183673.620791 3445478 125904 105522 99 0 165944 0 654261
1786183674.631281 3504748 83910 63528 99 0 165944 0 731674
1786183675.528086 3566976 101388 81000 99 0 165944 0 772588
1786183676.519505 3566976 105842 85495 99 0 165944 0 784017
1786183677.518968 3566976 109506 89159 99 0 165944 0 777705
1786183678.419227 3700534 114223 93963 99 0 165944 0 887151
1786183679.815951 3530539 127394 107118 99 0 165944 0 718274
1786183680.533294 3426272 76990 56714 99 0 165944 0 619465
1786183681.228850 3383492 80969 60693 99 0 165944 0 607549
1786183682.430904 3383492 85330 65047 99 0 165944 0 595679
1786183683.417825 3401818 101613 81330 99 0 165944 0 615939
1786183684.316309 3490409 108198 87912 99 0 165944 0 701750
1786183685.529428 3587427 125749 105455 99 0 165944 0 741311
1786183686.537777 3485377 77117 56823 99 0 165944 0 700096
1786183687.621586 4595362 84165 63870 99 0 165944 0 747099
1786183688.627128 3591666 97303 77008 99 0 165944 0 814070
1786183689.324719 3619183 99827 79538 99 0 165944 0 833530
1786183690.418810 3637509 116200 95910 99 0 165944 0 818135
1786183691.531849 3637256 120212 99921 99 0 165944 0 778710
1786183692.416701 3509079 123180 102879 99 0 165944 0 725102
1786183693.429377 3527341 139968 119667 99 0 165944 0 738395
1786183694.626450 3595862 146101 125806 99 0 165944 0 802434
1786183695.919201 3663530 150742 130447 99 0 165944 0 873189
1786183696.823923 3669793 127340 107045 99 0 165944 0 874790
1786183697.518958 3623518 123776 103481 99 0 165944 0 833171
1786183699.020216 3579434 128702 108422 99 0 165944 0 693716
1786183699.629173 3403196 130189 109909 99 0 165944 0 618035
1786183700.521412 3421495 145036 124756 99 0 165944 0 628377
1786183701.532329 3474416 96190 75904 99 0 165944 0 684765
1786183702.325973 3474416 100371 80085 99 0 165944 0 688709
1786183703.332056 3574980 105525 85245 99 0 165944 0 793784
1786183704.519229 3593242 124024 103744 99 0 165944 0 799253
1786183705.533408 3604562 129874 109579 99 0 165944 0 779888
1786183706.718045 3455551 132663 112401 99 0 165944 0 665980
1786183707.530438 3523118 150418 130154 99 0 165944 0 731424
1786183708.438041 3574075 102937 82666 99 0 165944 0 782037
1786183709.618756 3574075 106952 86681 99 0 165944 0 793428
1786183710.526903 3639488 111103 90832 99 0 165944 0 861937
1786183711.927489 3682967 125576 105321 99 0 165944 0 827258
1786183712.825178 3571828 102344 82131 99 0 165944 0 720287
1786183713.626332 3459905 77579 57360 99 0 165944 0 653962
1786183714.319422 3443800 80343 60132 99 0 165944 0 653861
1786183715.326951 3554206 95019 74808 99 0 165944 0 758376
1786183716.322660 3554206 102507 82296 99 0 165944 0 767590
1786183717.429673 3494777 118572 98372 99 0 165944 0 661340
1786183718.328133 3455821 119655 99440 99 0 165944 0 668535
1786183719.520495 3480565 76290 56075 99 0 165944 0 698460
1786183720.518212 4551691 90222 70007 99 0 165944 0 692894
1786183721.423071 3493590 95168 74957 99 0 165944 0 705810
1786183722.445250 3582230 101521 81310 99 0 165944 0 799582
1786183723.427976 3591301 118256 98044 99 0 165944 0 735508
1786183724.417062 3525255 122036 101833 99 0 165944 0 733374
1786183725.336738 3551542 137089 116869 99 0 165944 0 761125
1786183726.434198 3551542 140284 120064 99 0 165944 0 772299
1786183727.529767 3604622 144064 123844 99 0 165944 0 827062
1786183728.436415 3622910 159219 138992 99 0 165944 0 828694
1786183729.627994 3622910 164298 144071 99 0 165944 0 811424
1786183730.730372 3789675 124954 104778 99 0 165944 0 1000690
1786183731.732100 3789675 128235 108057 99 0 165944 0 1011206
1786183732.516938 3866570 132681 112501 99 0 165944 0 1069533
1786183733.724934 3760801 146407 126226 99 0 165944 0 959704
1786183734.619135 3576570 131105 110924 99 0 165944 0 776219
1786183735.520325 3408384 78230 58059 99 0 165944 0 622223
1786183736.426825 3408384 83643 63466 99 0 165944 0 624200
1786183737.321104 3542103 100790 80639 99 0 165944 0 747399
1786183738.433926 3542103 103211 83060 99 0 165944 0 758794
1786183739.433659 3542103 110007 89856 99 0 165944 0 755752
1786183740.528920 3550431 128069 107913 99 0 165944 0 714563
1786183741.631878 3568699 132667 112514 99 0 165944 0 786567
1786183742.425541 3568699 138074 117916 99 0 165944 0 789099
1786183743.519366 3693486 100271 80112 99 0 165944 0 897724
1786183744.623373 3693486 104340 84181 99 0 165944 0 909654
1786183745.530638 3693486 108356 88207 99 0 165944 0 904394
1786183746.332016 4734067 113321 93190 99 0 165944 0 832306
1786183747.616271 3563545 127368 107236 99 0 165944 0 771391
1786183748.427024 3602223 77128 56981 99 0 165944 0 819926
1786183749.616963 3620549 90407 70259 99 0 165944 0 817475
1786183750.723380 3616926 96582 76428 99 0 165944 0 808802
1786183751.629199 3632452 101886 81732 99 0 165944 0 831633
1786183752.531973 3647620 107579 87425 99 0 165944 0 867688
1786183753.718612 3767871 126364 106205 99 0 165944 0 976914
1786183754.717405 3742686 129259 109104 99 0 165944 0 939540
1786183755.430247 3630805 130208 110053 99 0 165944 0 849655
1786183756.524007 3649131 143951 123796 99 0 165944 0 862015
1786183757.723964 3649131 148281 128121 99 0 165944 0 851575
1786183758.626855 3659189 125759 105599 99 0 165944 0 845390
1786183759.325587 4707015 120255 100099 99 0 165944 0 852232
1786183760.425496 3769588 122901 102744 99 0 165944 0 979724
1786183761.821057 3670802 127160 107108 99 0 165944 0 838793
1786183762.636826 4700749 145041 124989 99 0 165944 0 851693
1786183763.823720 3642573 149450 129393 99 0 165944 0 864067
1786183764.718634 3642573 152884 132821 99 0 165944 0 856934
1786183765.623923 3700936 167369 147304 99 0 165944 0 950283
1786183766.820049 3845657 146405 126338 99 0 165944 0 1040636
1786183767.527841 3767368 125558 105489 99 0 165944 0 977138
1786183768.535398 3767368 130788 110732 99 0 165944 0 969783
1786183769.935344 3754814 145368 125307 99 0 165944 0 935890
1786183770.630947 3772212 147411 127347 99 0 165944 0 989316
1786183771.818012 3772212 149902 129838 99 0 165944 0 1000038
1786183773.029097 3790538 166330 146260 99 0 165944 0 994287
1786183773.919158 3803556 170242 150171 99 0 165944 0 999111
1786183774.626727 3733031 121283 101212 99 0 165944 0 955227
1786183775.524569 3853076 138266 118193 99 0 165944 0 1052715
1786183776.619240 3968882 145418 125343 99 0 165944 0 1181273
1786183777.620291 3968882 150717 130642 99 0 165944 0 1193506
1786183778.722569 3968882 157582 137519 99 0 165944 0 1171028
1786183779.824703 4963766 120135 100059 99 0 165944 0 1103130
1786183780.717139 4866860 99840 79764 99 0 165944 0 1012719
1786183781.417376 4768447 103766 83685 99 0 165944 0 928277
1786183782.529494 5687475 111554 91479 99 0 165944 0 718760
1786183783.323001 3512185 119754 99679 99 0 165944 0 716715
1786183784.322600 3512185 122459 102384 99 0 165944 0 728757
1786183785.322641 3663606 141966 121888 99 0 165944 0 870009
1786183786.729963 3810184 150298 130215 99 0 165944 0 986842
1786183787.719212 3705189 126649 106566 99 0 165944 0 914656
1786183788.623404 3644922 101447 81364 99 0 165944 0 874455
1786183789.629919 3663184 118077 97988 99 0 165944 0 869453
1786183790.640673 3814047 123093 103070 99 0 165944 0 1031611
1786183791.728494 3814047 126440 106415 99 0 165944 0 1026285
1786183792.817835 3832309 140939 120914 99 0 165944 0 1038578
1786183793.737707 3972088 145556 125529 99 0 165944 0 1189461
1786183794.524221 4052351 149199 129187 99 0 165944 0 1271750
1786183796.124734 4085471 163659 143641 99 0 165944 0 1220712
1786183797.720644 3750998 97010 76995 99 0 165944 0 956650
1786183798.529242 3644413 99287 79272 99 0 165944 0 849821
1786183799.625078 3588222 113269 93244 99 0 165944 0 791724
1786183800.329266 3685706 118247 98228 99 0 165944 0 894245
1786183801.332045 3685706 123166 103147 99 0 165944 0 897819
1786183802.536276 3805572 141908 121888 99 0 165944 0 1013109
1786183803.922188 3790886 146656 126658 99 0 165944 0 938694
1786183804.718773 3685068 149372 129374 99 0 165944 0 904885
1786183805.626883 3792615 166167 146166 99 0 165944 0 975051
1786183806.627865 3708291 169193 149186 99 0 165944 0 911789
1786183807.626459 3788321 119684 99677 99 0 165944 0 1002196
1786183808.724226 3788321 122979 102972 99 0 165944 0 1012588
1786183809.822689 3900803 138237 118227 99 0 165944 0 1103990
1786183810.819224 3900803 144350 124339 99 0 165944 0 1115811
1786183811.517949 4006557 150295 130298 99 0 165944 0 1224157
1786183812.423777 4024883 166519 146522 99 0 165944 0 1228161
1786183813.821045 4063353 172904 152907 99 0 165944 0 1283492
1786183814.734985 3955136 174700 154700 99 0 165944 0 1106524
1786183815.739474 3808891 188039 168038 99 0 165944 0 986904
1786183816.935872 3711950 163068 143066 99 0 165944 0 928588
1786183817.528023 3594224 115320 95318 99 0 165944 0 779971
1786183818.516759 3584362 118215 98208 99 0 165944 0 803700
1786183819.816675 3776823 135554 115546 99 0 165944 0 990746
1786183820.726862 3776823 139564 119554 99 0 165944 0 984983
1786183821.629980 3776823 144968 124958 99 0 165944 0 996549
1786183822.422655 3776823 153802 133805 99 0 165944 0 994022
1786183824.035413 3887005 170890 150889 99 0 165944 0 1072879
1786183824.817600 3772268 172336 152335 99 0 165944 0 945571
1786183825.432480 3652788 173779 153778 99 0 165944 0 864797
1786183826.623646 3653989 187588 167583 99 0 165944 0 869297
1786183827.719163 3727419 163516 143510 99 0 165944 0 884266
1786183828.927765 3778464 115505 95488 99 0 165944 0 998418
1786183829.733009 3796790 129614 109596 99 0 165944 0 1009177
1786183830.836696 3894469 136689 116699 99 0 165944 0 1105179
1786183831.729870 3894469 143199 123207 99 0 165944 0 1114655
1786183832.617626 3912795 160718 140725 99 0 165944 0 1120700
1786183833.520892 3912795 165989 146007 99 0 165944 0 1121760
1786183834.927770 3923074 168629 148631 99 0 165944 0 1131485
1786183835.826428 4021437 185261 165263 99 0 165944 0 1191509
1786183836.925179 4081424 190402 170404 99 0 165944 0 1268283
1786183838.022859 4079439 168158 148154 99 0 165944 0 1216217
1786183838.920681 3994836 126413 106409 99 0 165944 0 1217542
1786183839.925091 5071210 148996 128989 99 0 165944 0 1221300
1786183840.717456 4013098 148136 128129 99 0 165944 0 1232077
1786183841.716122 4101875 155287 135305 99 0 165944 0 1317064
1786183842.721789 5178249 180081 160097 99 0 165944 0 1330976
1786183843.631277 4120137 180866 160882 99 0 165944 0 1328807
1786183844.716167 4120137 185308 165337 99 0 165944 0 1341698
1786183845.924878 4109736 198844 178861 99 0 165944 0 1259290
1786183847.017158 3973553 201669 181682 99 0 165944 0 1189053
1786183847.927545 3867745 205073 185086 99 0 165944 0 1074446
1786183848.922140 3776841 174059 154066 99 0 165944 0 962881
1786183849.517588 4773363 128785 108795 99 0 165944 0 897400
1786183850.417351 3709491 137921 117928 99 0 165944 0 920016
1786183851.622644 3829187 141416 121422 99 0 165944 0 1043101
1786183852.434492 3847449 155347 135353 99 0 165944 0 1053797
1786183853.625556 3934603 158528 138534 99 0 165944 0 1144264
1786183854.516265 3934603 164430 144436 99 0 165944 0 1145222
1786183855.530342 3990677 185112 165128 99 0 165944 0 1125842
1786183857.217602 3916066 168863 148849 99 0 165944 0 1002884
1786183858.625435 3852271 132560 112545 99 0 165944 0 1063231
1786183859.625568 3852271 135861 115841 99 0 165944 0 1073284
1786183860.834683 3852271 139671 119651 99 0 165944 0 1075645
1786183861.921914 3985929 157399 137377 99 0 165944 0 1196598
1786183862.934280 3985929 162426 142404 99 0 165944 0 1207861
1786183863.933899 3985929 166484 146462 99 0 165944 0 1200482
1786183864.818829 4004255 182364 162342 99 0 165944 0 1223549
1786183865.719829 4178432 186857 166833 99 0 165944 0 1391127
1786183866.527551 4287547 190489 170464 99 0 165944 0 1505799
1786183867.615857 4305873 207975 187963 99 0 165944 0 1513131
1786183868.827802 4305873 214488 194476 99 0 165944 0 1474001
1786183869.924206 4245348 228515 208479 99 0 165944 0 1396635
1786183870.916081 4139486 232139 212116 99 0 165944 0 1330571
1786183871.830574 4036819 234290 214262 99 0 165944 0 1210975
1786183873.123884 3945358 218812 198784 99 0 165944 0 1169181
1786183874.723759 3907402 156846 136816 99 0 165944 0 1093649
1786183875.619029 3847530 158999 138969 99 0 165944 0 1062613
1786183876.621422 3847530 161998 141979 99 0 165944 0 1067338
1786183877.424504 3865856 177025 157014 99 0 165944 0 1069891
1786183878.530202 3952540 179745 159734 99 0 165944 0 1167215
1786183879.529646 4081614 182811 162800 99 0 165944 0 1297996
1786183880.528325 4198484 199039 179026 99 0 165944 0 1412206
1786183881.530470 4216810 214093 194078 99 0 165944 0 1417412
1786183882.529509 4216810 222572 202557 99 0 165944 0 1433265
1786183884.534677 4339934 240646 220594 99 0 165944 0 1497741
1786183885.828261 4107278 196814 176762 99 0 165944 0 1264944
1786183886.732056 3952037 174527 154511 99 0 165944 0 1048634
1786183887.920308 3777179 172130 152108 99 0 165944 0 957212
1786183888.719448 3698484 168546 148524 99 0 165944 0 905510
1786183889.724766 3698484 172857 152877 99 0 165944 0 907064
1786183891.022365 3984548 178183 158239 99 0 165944 0 1203401
1786183892.035145 4029588 181574 161629 99 0 165944 0 1249373
1786183892.820586 4029588 184475 164530 99 0 165944 0 1250320
1786183894.023587 5155809 195639 175780 99 0 165944 0 1310749
1786183894.924765 4108406 203201 183341 99 0 165944 0 1315309
1786183895.531307 4108406 204280 184440 99 0 165944 0 1323879
1786183896.516703 4108406 207438 187605 99 0 165944 0 1323344
1786183897.523101 4269443 224549 204710 99 0 165944 0 1480574
1786183898.625747 4269443 227469 207630 99 0 165944 0 1492366
1786183899.531612 4287769 241630 221788 99 0 165944 0 1495348
1786183900.719289 4287769 244171 224329 99 0 165944 0 1477770
1786183901.932273 4228684 246277 226461 99 0 165944 0 1443848
1786183903.622391 4226492 233339 213523 99 0 165944 0 1413408
1786183905.018442 4047323 138439 118624 99 0 165944 0 1244614
1786183905.837088 3940850 139027 119212 99 0 165944 0 1113777
1786183906.527612 3997159 140675 120855 99 0 165944 0 1213771
1786183907.638849 5062888 145715 125895 99 0 165944 0 1213675
1786183908.620123 4015485 158688 138868 99 0 165944 0 1234902
1786183910.023658 4160758 162879 143083 99 0 165944 0 1374699
1786183911.026993 4226349 167807 148011 99 0 165944 0 1449875
1786183911.734110 4226349 171641 151845 99 0 165944 0 1451288
1786183912.725776 4319748 188939 169155 99 0 165944 0 1522619
1786183914.228411 4333389 193024 173212 99 0 165944 0 1433896
1786183915.928202 4101186 173190 153378 99 0 165944 0 1167707
1786183916.726794 3909106 140899 121081 99 0 165944 0 1084352
1786183917.519361 3921701 120204 100383 99 0 165944 0 1127189
1786183918.826227 3921701 126619 106798 99 0 165944 0 1139111
1786183919.718746 3921701 131189 111366 99 0 165944 0 1141644
1786183920.726299 3994436 135463 115640 99 0 165944 0 1217538
1786183921.517378 4012698 150332 130521 99 0 165944 0 1218781
1786183922.336944 4012698 152690 132915 99 0 165944 0 1217805
1786183923.322610 3822744 150795 131486 99 0 165944 0 1012032
1786183924.449117 3834017 158331 138997 99 0 167992 0 1038728
1786183925.521165 3909310 166810 147474 99 0 167992 0 1109158
1786183926.616193 3909310 170417 151081 99 0 167992 0 1110480
1786183927.435364 3920024 94685 75347 99 0 167992 0 1120368
1786183928.324277 3933814 98597 79268 99 0 167992 0 1098882
1786183929.328435 3881335 100389 81066 99 0 167992 0 1078904
1786183930.427573 3917562 119513 99993 99 0 167992 0 1073663
1786183931.326053 3805918 77969 58449 99 0 167992 0 1008926
1786183932.140810 3854205 84770 65250 99 0 167992 0 1049419
1786183933.331655 3817840 84629 65108 99 0 167992 0 981751
1786183934.145140 3725484 33214 13693 99 0 167992 0 920702
1786183935.158946 3725484 33214 13693 99 0 167992 0 920702
1786183936.144223 3725484 33214 13693 99 0 167992 0 920702
1786183937.143206 3721630 33216 13695 99 0 167992 0 916849
1786183938.150428 3826315 33798 14277 99 0 167992 0 1021535
1786183939.162103 3841266 33950 14428 99 0 167992 0 1036488
1786183940.164440 3841266 34156 14428 99 0 167992 0 1036489
1786183941.155792 3841266 34156 14428 99 0 167992 0 1036489
1786183942.162407 3841266 34156 14428 99 0 167992 0 1036489
1786183943.151207 3841266 34156 14428 99 0 167992 0 1036489
1786183944.317603 3960975 34890 15161 99 0 167992 0 1105897
1786183945.145217 3737363 33668 13939 99 0 167992 0 932588
1786183946.153005 3859505 34402 14673 99 0 167992 0 1054730
1786183947.140828 3859505 34402 14673 99 0 167992 0 1054730
1786183948.137604 3859505 34402 14673 99 0 167992 0 1054730
1786183949.145293 4031524 35427 15748 99 0 167992 0 1226751
1786183950.142678 3580943 32607 12928 99 0 167992 0 776176
1786183951.125403 3580943 32827 12928 99 0 167992 0 776176
1786183952.125646 3580943 32827 12928 99 0 167992 0 776176
1786183953.128132 3580943 32827 12928 99 0 167992 0 776176
1786183954.138543 3580935 32755 12856 99 0 167992 0 776170
1786183955.127951 3580935 32755 12856 99 0 167992 0 776170
1786183956.125580 3580935 32755 12856 99 0 167992 0 776170
1786183957.128127 3580935 32755 12856 99 0 167992 0 776170
1786183958.128066 3580928 32652 12753 99 0 167992 0 776165
1786183959.125762 3580928 32652 12753 99 0 167992 0 776165
1786183960.125584 3580928 32652 12753 99 0 167992 0 776165
1786183961.125769 3580928 33045 12753 99 0 167992 0 776165
1786183962.125479 3580920 32989 12697 99 0 167992 0 776158
1786183963.125669 3580920 32989 12697 99 0 167992 0 776158
1786183964.125352 3580920 32989 12697 99 0 167992 0 776158
1786183965.125096 3580920 32989 12697 99 0 167992 0 776158
1786183966.125278 3580912 32869 12577 99 0 167992 0 776152
1786183967.125360 3580912 32869 12577 99 0 167992 0 776152
1786183968.125264 3580912 32869 12577 99 0 167992 0 776152
1786183969.125375 3580912 32869 12577 99 0 167992 0 776152
1786183970.125508 3580904 32765 12473 99 0 167992 0 776145
1786183971.125174 3580904 32773 12473 99 0 167992 0 776145
1786183972.125542 3580904 32773 12473 99 0 167992 0 776145
1786183973.125364 3580904 32773 12473 99 0 167992 0 776145
1786183974.125253 3580896 32683 12433 99 0 167992 0 776139
1786183975.125350 3580896 32683 12433 99 0 167992 0 776139
1786183976.125190 3580896 32683 12433 99 0 167992 0 776139
1786183977.128806 3580896 32683 12433 99 0 167992 0 776139
1786183978.228527 3580888 32594 12361 99 0 167992 0 776133
1786183979.223335 3580888 32594 12361 99 0 167992 0 776133
1786183980.225891 3580888 32594 12361 99 0 167992 0 776133
1786183981.224621 3580888 32594 12361 99 0 167992 0 776133
1786183982.222765 3580888 32594 12361 99 0 167992 0 776133
1786183983.226035 3580888 32594 12361 99 0 167992 0 776133
1786183984.224916 3580888 32594 12361 99 0 167992 0 776133
1786183985.222109 3580888 32594 12361 99 0 167992 0 776133
1786183986.222881 3580888 32594 12361 99 0 167992 0 776133
1786183987.225807 3580888 32594 12361 99 0 167992 0 776133
1786183988.222934 3582937 32497 12361 99 0 170040 0 776133
1786183989.222977 3582937 32497 12361 99 0 170040 0 776133
1786183990.222788 3582937 32497 12361 99 0 170040 0 776133
1786183991.225898 3582937 32497 12361 99 0 170040 0 776133
1786183992.225915 3582937 32497 12361 99 0 170040 0 776133
1786183993.222791 3582937 32497 12361 99 0 170040 0 776133
1786183994.223260 3582937 32497 12361 99 0 170040 0 776133
1786183995.224892 3582937 32497 12361 99 0 170040 0 776133
1786183996.226277 3582937 32497 12361 99 0 170040 0 776133
1786183997.226186 3584986 32501 12361 99 0 172088 0 776133
1786183998.223062 3584986 32501 12361 99 0 172088 0 776133
1786183999.223044 3584986 32501 12361 99 0 172088 0 776133
1786184000.224926 3584986 32501 12361 99 0 172088 0 776133
1786184001.226271 3584986 32501 12361 99 0 172088 0 776133
1786184002.224839 3584986 32501 12361 99 0 172088 0 776133
1786184003.225229 3584986 32501 12361 99 0 172088 0 776133
1786184004.228942 3584986 32501 12361 99 0 172088 0 776133
1786184005.224278 3584986 32501 12361 99 0 172088 0 776133
1786184006.226157 3584986 32501 12361 99 0 172088 0 776133
1786184007.228064 3587035 32505 12361 99 0 174136 0 776133
1786184008.227029 3587035 32505 12361 99 0 174136 0 776133
1786184009.223098 3587035 32505 12361 99 0 174136 0 776133
1786184010.223171 3587035 32505 12361 99 0 174136 0 776133
1786184011.223037 3587035 32505 12361 99 0 174136 0 776133
1786184012.223150 3587035 32505 12361 99 0 174136 0 776133
1786184013.224742 3587035 32505 12361 99 0 174136 0 776133
1786184014.223295 3587035 32505 12361 99 0 174136 0 776133
1786184015.223205 3587035 32505 12361 99 0 174136 0 776133
1786184016.222871 3587035 32505 12361 99 0 174136 0 776133
1786184017.221450 3587035 32505 12361 99 0 174136 0 776133
1786184018.226757 3587035 32505 12361 99 0 174136 0 776133
1786184019.223062 3587035 32505 12361 99 0 174136 0 776133
1786184020.222907 3587035 32505 12361 99 0 174136 0 776133
1786184021.223336 3587035 32505 12361 99 0 174136 0 776133
1786184022.223018 3587035 32505 12361 99 0 174136 0 776133
1786184023.225962 3587035 32505 12361 99 0 174136 0 776133
1786184024.223146 3587035 32505 12361 99 0 174136 0 776133
1786184025.222213 3587035 32505 12361 99 0 174136 0 776133
1786184026.223212 3587035 32505 12361 99 0 174136 0 776133
1786184027.223086 3587035 32505 12361 99 0 174136 0 776133
1786184028.222253 3587035 32505 12361 99 0 174136 0 776133
1786184029.226187 3587035 32505 12361 99 0 174136 0 776133
1786184030.223187 3587035 32505 12361 99 0 174136 0 776133
1786184031.223155 3587035 32505 12361 99 0 174136 0 776133
1786184032.222289 3587035 32505 12361 99 0 174136 0 776133
1786184033.226068 3587035 32505 12361 99 0 174136 0 776133
1786184034.224853 3587035 32505 12361 99 0 174136 0 776133
1786184035.223070 3587035 32505 12361 99 0 174136 0 776133
1786184036.222750 3587035 32505 12361 99 0 174136 0 776133
1786184037.222040 3587035 32505 12361 99 0 174136 0 776133
1786184038.223221 3587035 32505 12361 99 0 174136 0 776133
1786184039.222623 3587035 32505 12361 99 0 174136 0 776133
1786184040.226124 3587035 32505 12361 99 0 174136 0 776133
1786184041.227294 3587035 32505 12361 99 0 174136 0 776133
1786184042.226892 3587035 32505 12361 99 0 174136 0 776133
1786184043.222100 3587035 32505 12361 99 0 174136 0 776133
1786184044.222907 3587035 32505 12361 99 0 174136 0 776133
1786184045.224821 3587035 32505 12361 99 0 174136 0 776133
1786184046.226010 3587035 32505 12361 99 0 174136 0 776133
1786184047.222388 3587035 32505 12361 99 0 174136 0 776133
1786184048.222215 3587035 32505 12361 99 0 174136 0 776133
1786184049.222945 3587035 32505 12361 99 0 174136 0 776133
1786184050.222139 3587035 32505 12361 99 0 174136 0 776133
1786184051.223185 3587035 32505 12361 99 0 174136 0 776133
1786184052.228175 3587035 32505 12361 99 0 174136 0 776133
1786184053.221726 3587035 32505 12361 99 0 174136 0 776133
1786184054.225787 3587035 32505 12361 99 0 174136 0 776133
1786184055.225133 3587035 32505 12361 99 0 174136 0 776133
1786184056.222693 3587035 32505 12361 99 0 174136 0 776133
