# start_epoch=1786800317.281002  page_size=4096  cachestat=ok  fields=size,resident,shared,text,lib,data,dt,pagecache
1786800318.281262 262499 27679 7692 99 0 248506 0 1
1786800319.281204 262499 27679 7692 99 0 248506 0 1
1786800320.288227 3005347 129643 106267 99 0 277562 0 117757
1786800321.290957 4128752 140288 115416 99 0 280634 0 158639
1786800322.292000 3133977 198130 173250 99 0 280634 0 232828
1786800323.296001 3114629 156678 131765 99 0 280634 0 247614
1786800324.295612 3149328 144367 120759 99 0 280634 0 240669
1786800325.299145 3203322 180729 155311 99 0 280634 0 307110
1786800326.299489 3201357 150299 124881 99 0 280634 0 307610
1786800327.300441 3255284 180240 155597 99 0 280634 0 372564
1786800328.303455 3253376 152600 128343 99 0 280634 0 373168
1786800329.305232 3324677 197352 173219 99 0 280634 0 421136
1786800330.307301 3305455 155336 130880 99 0 280634 0 435228
1786800331.306803 3359394 180582 156125 99 0 280634 0 444165
1786800332.310830 3357532 157903 133446 99 0 280634 0 496544
1786800333.310323 3392211 147098 122114 99 0 280634 0 487804
1786800334.310360 3446121 180537 155560 99 0 280634 0 550029
1786800335.313548 3444213 149427 124450 99 0 280634 0 550776
1786800336.309708 3498252 181243 156266 99 0 280634 0 618378
1786800337.318113 3496302 153992 129015 99 0 280634 0 618880
1786800338.311823 3567567 198599 173622 99 0 280634 0 672701
1786800339.321492 3548236 156616 132115 99 0 280634 0 682750
1786800340.321803 3582955 145026 120463 99 0 280634 0 674082
1786800341.310734 3575004 113707 89410 99 0 284730 0 673545
1786800342.308178 3535668 34982 10166 99 0 287802 0 613873
1786800343.308750 3535668 69418 44590 99 0 287802 0 626902
1786800344.309306 3535668 105824 78948 99 0 287802 0 639931
1786800345.310140 3535668 133009 108181 99 0 287802 0 660925
1786800346.308116 3535668 157787 132959 99 0 287802 0 610506
1786800347.308842 3535668 190978 166582 99 0 287802 0 624270
1786800348.309261 3535668 225892 200380 99 0 287802 0 636459
1786800349.309850 3535668 256962 232144 99 0 287802 0 653574
1786800350.310360 3593759 313906 289084 99 0 287802 0 664883
1786800351.308470 3535668 312694 287866 99 0 287802 0 620652
1786800352.308965 3535668 347505 321983 99 0 287802 0 633320
1786800353.309512 3535668 381571 356048 99 0 287802 0 645488
1786800354.310158 3560494 431203 405674 99 0 287802 0 659717
1786800355.308524 3535668 435188 409658 99 0 287802 0 617807
1786800356.311810 3535663 40276 17762 99 0 287802 0 622638
1786800357.313726 3535663 75635 51965 99 0 287802 0 635411
1786800358.309512 3535663 107090 83184 99 0 287802 0 648092
1786800359.310464 3593754 156933 133022 99 0 287802 0 664894
1786800360.308165 3535663 162408 138497 99 0 287802 0 618322
1786800361.309553 3587665 84705 60771 99 0 287802 0 645220
1786800362.353527 3609759 73592 39366 99 0 332602 0 641092
1786800363.308703 3580466 74256 47536 99 0 332602 0 629744
1786800364.324856 3609759 114531 84239 99 0 332602 0 645027
1786800365.309306 3580466 111796 83282 99 0 332602 0 639825
1786800366.309400 3580466 114244 83282 99 0 332602 0 645791
1786800367.313000 3580466 142956 108077 99 0 332602 0 639826
1786800368.308532 3580466 142880 114925 99 0 332602 0 620270
1786800369.355524 3609759 180060 147756 99 0 332602 0 642881
1786800370.309235 3580466 182237 152538 99 0 332602 0 637619
1786800371.314466 3612831 219045 186921 99 0 335674 0 645680
1786800372.309166 3583538 215348 182496 99 0 335674 0 639830
1786800373.309478 3589060 214962 187490 99 0 335674 0 645351
1786800374.320829 3612831 241491 209790 99 0 335674 0 640351
1786800375.308713 3583538 243937 217703 99 0 335674 0 625109
1786800376.349057 3612831 285369 253158 99 0 335674 0 644186
1786800377.309016 3583538 283290 256904 99 0 335674 0 639834
1786800378.309439 3583538 289141 256904 99 0 335674 0 645784
1786800379.309159 3583538 320052 281698 99 0 335674 0 639835
1786800380.308265 3583538 316248 288709 99 0 335674 0 620499
1786800381.329847 3612831 355120 323108 99 0 335674 0 643268
1786800382.309535 3583538 356719 328305 99 0 335674 0 640559
1786800383.309737 3583538 363778 331297 99 0 335674 0 645734
1786800384.309236 3583538 387622 356102 99 0 335674 0 639839
1786800385.313042 3583538 385376 357268 99 0 335674 0 612523
1786800386.327270 3612831 420906 389827 99 0 335674 0 641652
1786800387.308952 3583538 424194 396395 99 0 335674 0 631998
1786800388.320996 3612831 464775 432458 99 0 335674 0 645232
1786800389.318191 3583538 459136 424729 99 0 335674 0 633027
1786800390.304019 3508073 283136 258012 99 0 335674 0 510261
1786800391.295654 3269440 76932 40332 99 0 339514 0 321908
1786800392.294551 3272000 79146 46446 99 0 342074 0 301659
1786800393.314244 3304365 117798 79611 99 0 345146 0 325004
1786800394.298710 3275072 120609 84952 99 0 345146 0 320104
1786800395.295794 3278656 129000 89928 99 0 348730 0 327793
1786800396.295499 3278656 153333 114731 99 0 348730 0 321912
1786800397.294166 3278656 148996 114731 99 0 348730 0 292619
1786800398.319643 3307949 185589 147217 99 0 348730 0 323664
1786800399.295245 3278656 188825 154294 99 0 348730 0 313376
1786800400.305832 3307949 228048 190339 99 0 348730 0 327255
1786800401.295388 3278656 226998 189083 99 0 348730 0 321916
1786800402.295752 3278656 227619 189083 99 0 348730 0 327902
1786800403.318212 3302665 254945 216612 99 0 348730 0 318624
1786800404.287997 3135014 62661 29838 99 0 352826 0 144888
1786800405.287748 3135014 117608 84785 99 0 352826 0 144888
1786800406.287972 3135014 173900 141077 99 0 352826 0 144888
1786800407.287857 3139111 185792 152964 99 0 356922 0 144888
1786800408.287876 3139111 185793 152964 99 0 356922 0 144888
1786800409.287731 3143208 185792 152964 99 0 361018 0 144888
1786800410.287767 3143208 185792 152964 99 0 361018 0 144888
1786800411.287791 3147305 185749 152964 99 0 365114 0 144888
1786800412.287818 3147305 185749 152964 99 0 365114 0 144888
1786800413.287794 3147305 185749 152964 99 0 365114 0 144888
1786800414.287906 3147305 185749 152964 99 0 365114 0 144888
1786800415.287724 3147305 185749 152964 99 0 365114 0 144888
1786800416.287828 3147305 185749 152964 99 0 365114 0 144888
1786800417.287688 3147305 185749 152964 99 0 365114 0 144888
1786800418.287924 3147305 185749 152964 99 0 365114 0 144888
1786800419.287987 3147305 185749 152964 99 0 365114 0 144888
1786800420.287743 3147305 185749 152964 99 0 365114 0 144888
1786800421.287741 3147305 185749 152964 99 0 365114 0 144888
1786800422.287881 3147305 185749 152964 99 0 365114 0 144888
1786800423.287863 3147305 185749 152964 99 0 365114 0 144888
1786800424.287707 3147305 185749 152964 99 0 365114 0 144888
1786800425.287748 3147305 185749 152964 99 0 365114 0 144888
1786800426.287726 3147305 185749 152964 99 0 365114 0 144888
1786800427.287926 3147305 185749 152964 99 0 365114 0 144888
1786800428.287738 3147305 185749 152964 99 0 365114 0 144888
1786800429.287758 3147305 185749 152964 99 0 365114 0 144888
1786800430.287881 3147305 185749 152964 99 0 365114 0 144888
1786800431.287836 3147305 185749 152964 99 0 365114 0 144888
1786800432.287720 3147305 185749 152964 99 0 365114 0 144888
1786800433.287725 3147305 185749 152964 99 0 365114 0 144888
1786800434.287946 3147305 185749 152964 99 0 365114 0 144888
1786800435.287923 3147305 185749 152964 99 0 365114 0 144888
1786800436.287742 3147305 185749 152964 99 0 365114 0 144888
1786800437.287677 3147305 185749 152964 99 0 365114 0 144888
1786800438.287837 3147305 185749 152964 99 0 365114 0 144888
1786800439.287708 3147305 185749 152964 99 0 365114 0 144888
1786800440.287750 3147305 185749 152964 99 0 365114 0 144888
1786800441.287688 3147305 185717 152964 99 0 365114 0 144888
