# start_epoch=1789367347.183973  page_size=4096  cachestat=ok  fields=size,resident,shared,text,lib,data,dt,pagecache
1789367348.186614 447720 32677 3217 2138 0 443084 0 41431
1789367349.187340 453615 35534 3272 2138 0 448972 0 55490
1789367350.190254 453615 36302 3272 2138 0 448972 0 71088
1789367351.192125 453622 36485 3327 2138 0 448972 0 79626
1789367352.194238 454262 34934 3380 2138 0 449612 0 86173
1789367353.188601 454262 34929 3381 2138 0 449612 0 79538
1789367354.189248 454262 31327 3381 2138 0 449612 0 91808
1789367355.190219 454262 34670 3381 2138 0 449612 0 106902
1789367356.191567 455030 32245 3381 2138 0 450380 0 134370
1789367357.193420 455030 37979 3381 2138 0 450380 0 146640
1789367358.194705 455030 33091 3381 2138 0 450380 0 158909
1789367359.204918 455030 37966 3381 2138 0 450380 0 185637
1789367360.197559 455030 39096 3381 2138 0 450380 0 180925
1789367361.199927 455030 37286 3381 2138 0 450380 0 225913
1789367362.202088 456822 36693 3381 2138 0 452172 0 235366
1789367363.198740 456822 35220 3381 2138 0 452172 0 245846
1789367364.196983 456822 37906 3381 2138 0 452172 0 221591
1789367365.199411 456822 39435 3381 2138 0 452172 0 270418
1789367366.200278 462966 41980 3381 2138 0 458316 0 286529
1789367367.200835 462966 42842 3381 2138 0 458316 0 299568
1789367368.200372 462966 37307 3381 2138 0 458316 0 292393
1789367369.201095 463990 39889 3381 2138 0 459340 0 304662
1789367370.201602 463990 38082 3381 2138 0 459340 0 316931
1789367371.201902 463990 42001 3381 2138 0 459340 0 329202
1789367372.201867 463990 32709 3381 2138 0 459340 0 320867
1789367373.202801 463990 43439 3381 2138 0 459340 0 333138
1789367374.206443 463990 35776 3381 2138 0 459340 0 380981
1789367375.207155 465270 41599 3381 2138 0 460620 0 396579
1789367376.205690 465270 40979 3381 2138 0 460620 0 377155
1789367377.208125 465270 43035 3381 2138 0 460620 0 427005
1789367378.208024 465270 43749 3381 2138 0 460620 0 423280
1789367379.205873 465270 40079 3381 2138 0 460620 0 395155
1789367380.207929 465270 40010 3381 2138 0 460620 0 425450
1789367381.208843 465270 42164 3381 2138 0 460620 0 452734
1789367382.209554 465270 42182 3381 2138 0 460620 0 465004
1789367383.209722 465270 42476 3381 2138 0 460620 0 477273
1789367384.210952 465270 45321 3381 2138 0 460620 0 489544
1789367385.210898 465270 40027 3381 2138 0 460620 0 501813
1789367386.212321 466294 42638 3381 2138 0 461644 0 514084
1789367387.212501 466294 40295 3381 2138 0 461644 0 526353
1789367388.216742 466294 45805 3381 2138 0 461644 0 560999
1789367389.214715 466294 41770 3381 2138 0 461644 0 546566
1789367390.215961 466294 42891 3381 2138 0 461644 0 560371
1789367391.216302 466294 44447 3381 2138 0 461644 0 575200
1789367392.216816 466294 43760 3381 2138 0 461644 0 602258
1789367393.218158 466294 42985 3381 2138 0 461644 0 611969
1789367394.218846 466294 45554 3381 2138 0 461644 0 625262
1789367395.219397 466294 44274 3381 2138 0 461644 0 637790
1789367396.220489 466294 45285 3381 2138 0 461644 0 651340
1789367397.220675 466294 44532 3381 2138 0 461644 0 664615
1789367398.220363 466294 43585 3381 2138 0 461644 0 653785
1789367399.220954 466294 45183 3381 2138 0 461644 0 671132
1789367400.216268 466294 43475 3381 2138 0 461644 0 683403
1789367401.215786 466294 43475 3381 2138 0 461644 0 683403
1789367402.222186 466294 44000 3381 2138 0 461644 0 647965
1789367403.223760 466294 44671 3381 2138 0 461644 0 678261
1789367404.224046 466294 45006 3381 2138 0 461644 0 685827
1789367405.224993 466294 42918 3381 2138 0 461644 0 698918
1789367406.225748 466294 44966 3381 2138 0 461644 0 727802
1789367407.227042 466294 45245 3381 2138 0 461644 0 741352
1789367408.226663 467830 45785 3381 2138 0 463180 0 755068
1789367409.226441 467830 45594 3381 2138 0 463180 0 768720
1789367410.227542 467830 45693 3381 2138 0 463180 0 780724
1789367411.227809 467830 45712 3381 2138 0 463180 0 791457
1789367412.229358 467830 45792 3381 2138 0 463180 0 802444
1789367413.221423 467830 45638 3381 2138 0 463180 0 792086
1789367414.220906 467830 45781 3381 2138 0 463180 0 792086
1789367415.225570 467830 46138 3381 2138 0 463180 0 792087
1789367416.219418 467830 35362 3381 2138 0 463180 0 804358
1789367417.220158 467830 35523 3381 2138 0 463180 0 804359
1789367418.205972 467830 35555 3381 2138 0 463180 0 424196
1789367419.232001 467830 42181 3381 2138 0 463180 0 785606
1789367420.229978 467830 44617 3381 2138 0 463180 0 793309
1789367421.228080 467830 46667 3381 2138 0 463180 0 786569
1789367422.228456 467830 37742 3381 2138 0 463180 0 798840
1789367423.228794 467830 44131 3381 2138 0 463180 0 805984
1789367424.228865 467830 39937 3381 2138 0 463180 0 818254
1789367425.229664 467830 45950 3381 2138 0 463180 0 830524
1789367426.231894 467830 40213 3381 2138 0 463180 0 842796
1789367427.235820 467830 45771 3381 2138 0 463180 0 886822
1789367428.235661 467830 42237 3381 2138 0 463180 0 902164
1789367429.235196 467830 46598 3381 2138 0 463180 0 909221
1789367430.225516 467830 41176 3381 2138 0 463180 0 902024
1789367431.225652 467830 41176 3381 2138 0 463180 0 902025
1789367432.225715 467830 41176 3381 2138 0 463180 0 902026
1789367433.225823 467830 38347 3381 2138 0 463180 0 914297
1789367434.224088 467830 38348 3381 2138 0 463180 0 914297
1789367435.225983 467830 38706 3381 2138 0 463180 0 914298
1789367436.235973 467830 38708 3381 2138 0 463180 0 914299
1789367437.224067 467830 38711 3381 2138 0 463180 0 914299
1789367438.225467 467830 38711 3381 2138 0 463180 0 914300
1789367439.225510 467830 39196 3381 2138 0 463180 0 914300
1789367440.241963 467830 43562 3381 2138 0 463180 0 887407
1789367441.237715 467830 45986 3381 2138 0 463180 0 897885
1789367442.238029 469622 41528 3381 2138 0 464972 0 903633
1789367443.238442 469622 45866 3381 2138 0 464972 0 910575
1789367444.238539 469622 41248 3381 2138 0 464972 0 916995
1789367445.239219 469622 45035 3381 2138 0 464972 0 923407
1789367446.239476 469622 39214 3381 2138 0 464972 0 930682
1789367447.240395 469622 45216 3381 2138 0 464972 0 943209
1789367448.241157 469622 38538 3381 2138 0 464972 0 954455
1789367449.238776 469622 44726 3381 2138 0 464972 0 945613
1789367450.241604 469622 38957 3381 2138 0 464972 0 967890
1789367451.242425 469622 44475 3381 2138 0 464972 0 980161
1789367452.243059 469622 40417 3381 2138 0 464972 0 992432
1789367453.241681 469622 38707 3381 2138 0 464972 0 991552
1789367454.240563 469622 40764 3381 2138 0 464972 0 985638
1789367455.245126 469622 41252 3381 2138 0 464972 0 1029242
1789367456.235378 469622 40799 3381 2138 0 464972 0 1041512
1789367457.231922 469622 40799 3381 2138 0 464972 0 1041513
1789367458.231860 469622 40799 3381 2138 0 464972 0 1041513
1789367459.232041 469622 40625 3381 2138 0 464972 0 1040208
1789367460.239785 469622 43577 3381 2138 0 464972 0 1011673
1789367461.239520 469622 41742 3381 2138 0 464972 0 1000174
1789367462.240783 469622 41739 3381 2138 0 464972 0 1025503
1789367463.241603 469622 43117 3381 2138 0 464972 0 1033006
1789367464.242003 469622 42924 3381 2138 0 464972 0 1040528
1789367465.243131 469622 42142 3381 2138 0 464972 0 1048042
1789367466.244145 469622 40108 3381 2138 0 464972 0 1060313
1789367467.244638 469622 45672 3381 2138 0 464972 0 1082203
1789367468.246802 469622 47118 3381 2138 0 464972 0 1111747
1789367469.245835 469622 42197 3381 2138 0 464972 0 1106745
1789367470.248161 469622 45904 3381 2138 0 464972 0 1137038
1789367471.249443 469622 47077 3381 2138 0 464972 0 1147792
1789367472.247738 469622 48041 3381 2138 0 464972 0 1161580
1789367473.237322 469622 42424 3381 2138 0 464972 0 1143559
1789367474.237061 469622 42600 3381 2138 0 464972 0 1143560
1789367475.254002 469622 42600 3381 2138 0 464972 0 1172080
1789367476.243136 469622 37234 3381 2138 0 464972 0 1155830
1789367477.239248 469622 37234 3381 2138 0 464972 0 1155831
1789367478.243122 469622 37234 3381 2138 0 464972 0 1155832
1789367479.255079 469622 47564 3381 2138 0 464972 0 1137153
1789367480.252798 469622 46911 3381 2138 0 464972 0 1147628
1789367481.254141 469622 46233 3381 2138 0 464972 0 1173232
1789367482.253345 469622 45352 3381 2138 0 464972 0 1156423
1789367483.251692 469622 45066 3381 2138 0 464972 0 1148799
1789367484.254409 469622 45298 3381 2138 0 464972 0 1168966
1789367485.253970 469622 43519 3381 2138 0 464972 0 1174849
1789367486.254764 469622 42783 3381 2138 0 464972 0 1179981
1789367487.255976 469622 43757 3381 2138 0 464972 0 1201252
1789367488.255358 469622 42383 3381 2138 0 464972 0 1193965
1789367489.256215 469622 43243 3381 2138 0 464972 0 1206235
1789367490.256813 469622 43582 3381 2138 0 464972 0 1218506
1789367491.256613 471670 44271 3381 2138 0 467020 0 1230777
1789367492.241853 471670 43212 3381 2138 0 467020 0 1243049
1789367493.246914 471670 43244 3381 2138 0 467020 0 1243050
1789367494.241801 471670 43244 3381 2138 0 467020 0 1243050
1789367495.242086 471670 42823 3381 2138 0 467020 0 1243051
1789367496.242876 471670 41082 3381 2138 0 467020 0 1253278
1789367497.248915 471670 40921 3381 2138 0 467020 0 1255323
1789367498.229760 471670 40929 3381 2138 0 467020 0 925331
1789367499.258844 471670 46857 3381 2138 0 467020 0 1232136
1789367500.258125 471670 45836 3381 2138 0 467020 0 1238131
1789367501.257409 471670 41415 3381 2138 0 467020 0 1230418
1789367502.240248 475767 36163 3381 2138 0 471116 0 1202455
1789367503.236814 475767 36153 3381 2138 0 471116 0 1200871
1789367504.236383 475767 35976 3381 2138 0 471116 0 1192184
1789367505.236159 475767 35985 3381 2138 0 471116 0 1187621
1789367506.235953 475767 35755 3381 2138 0 471116 0 1178658
1789367507.235683 475767 35695 3381 2138 0 471116 0 1174092
1789367508.235547 475767 35695 3381 2138 0 471116 0 1169525
1789367509.235089 475767 35945 3381 2138 0 471116 0 1160394
1789367510.235191 475767 36229 3381 2138 0 471116 0 1155828
1789367511.235643 475767 36394 3381 2138 0 471116 0 1169286
1789367512.235616 475767 36318 3381 2138 0 471116 0 1169288
1789367513.235544 475767 36312 3381 2138 0 471116 0 1169288
1789367514.235394 475767 36312 3381 2138 0 471116 0 1169289
1789367515.235544 475767 36254 3381 2138 0 471116 0 1169290
1789367516.235646 475767 36360 3381 2138 0 471116 0 1169291
1789367517.236061 475767 36193 3381 2138 0 471116 0 1169292
1789367518.235507 475767 36229 3381 2138 0 471116 0 1169293
1789367519.234056 475767 37030 3381 2138 0 471116 0 1134075
1789367520.233750 475767 37344 3381 2138 0 471116 0 1134076
1789367521.235976 475767 37782 3381 2138 0 471116 0 1180031
1789367522.235835 475767 37782 3381 2138 0 471116 0 1180032
1789367523.235630 475767 37782 3381 2138 0 471116 0 1172829
1789367524.236067 475767 37589 3381 2138 0 471116 0 1180034
1789367525.236262 475767 37589 3381 2138 0 471116 0 1180035
1789367526.236061 475767 37589 3381 2138 0 471116 0 1180036
1789367527.235923 475767 37065 3381 2138 0 471116 0 1180036
1789367528.231786 475767 37921 3381 2138 0 471116 0 1085117
1789367529.231788 475767 37922 3381 2138 0 471116 0 1085118
1789367530.239324 475767 37922 3381 2138 0 471116 0 1127954
1789367531.233380 475767 37654 3381 2138 0 471116 0 1127955
1789367532.233505 475767 37654 3381 2138 0 471116 0 1127956
1789367533.233507 475767 37337 3381 2138 0 471116 0 1127957
1789367534.233478 475767 37337 3381 2138 0 471116 0 1127958
1789367535.233419 475767 37337 3381 2138 0 471116 0 1127959
1789367536.233428 475767 36609 3381 2138 0 471116 0 1127960
1789367537.233347 475767 36753 3381 2138 0 471116 0 1127961
1789367538.233440 475767 36774 3381 2138 0 471116 0 1127962
1789367539.229521 475767 38292 3381 2138 0 471116 0 1038698
1789367540.231630 475767 38292 3381 2138 0 471116 0 1038699
1789367541.229613 475767 38443 3381 2138 0 471116 0 1038700
1789367542.229512 475767 38134 3381 2138 0 471116 0 1038701
1789367543.229446 475767 38134 3381 2138 0 471116 0 1038702
1789367544.229435 475767 37842 3381 2138 0 471116 0 1038702
1789367545.229459 475767 37141 3381 2138 0 471116 0 1038703
1789367546.229348 475767 36899 3381 2138 0 471116 0 1038704
1789367547.229398 475767 37067 3381 2138 0 471116 0 1038705
1789367548.229360 475767 37067 3381 2138 0 471116 0 1038706
1789367549.229939 475767 37924 3381 2138 0 471116 0 1000461
1789367550.229654 475767 37825 3381 2138 0 471116 0 1000462
1789367551.227483 475767 38255 3381 2138 0 471116 0 983653
1789367552.229970 534655 110864 3404 2138 0 529996 0 976464
1789367553.226866 629375 206917 3404 2138 0 624716 0 976464
1789367554.226753 757375 302905 3404 2138 0 752716 0 976464
1789367555.226856 814719 396225 3404 2138 0 810060 0 976464
1789367556.226708 965759 490444 3404 2138 0 961100 0 976464
1789367557.229803 1068159 583966 3404 2138 0 1063500 0 976464
1789367558.226800 1187967 678884 3404 2138 0 1183308 0 976464
1789367559.226925 1187967 772114 3404 2138 0 1183308 0 976464
1789367560.231471 1325183 866219 3404 2138 0 1320524 0 976464
1789367561.226762 1489023 960690 3404 2138 0 1484364 0 976464
1789367562.226794 1489023 1054996 3404 2138 0 1484364 0 976464
1789367563.226808 1500288 1090494 3404 2138 0 1495628 0 976464
1789367564.226779 1500288 1090494 3404 2138 0 1495628 0 976464
1789367565.226708 1500288 1090494 3404 2138 0 1495628 0 976464
1789367566.226791 1500288 1090494 3404 2138 0 1495628 0 976464
1789367567.226613 1500288 1090494 3404 2138 0 1495628 0 976464
1789367568.226773 1500288 1090494 3404 2138 0 1495628 0 976464
1789367569.226776 1500288 1090494 3404 2138 0 1495628 0 976464
1789367570.228071 1500288 1090494 3404 2138 0 1495628 0 976464
1789367571.226717 1504385 1090479 3404 2138 0 1499724 0 976464
1789367572.226724 1504385 1090863 3404 2138 0 1499724 0 976464
1789367573.226679 1504385 1090863 3404 2138 0 1499724 0 976464
1789367574.226655 1504385 1090863 3404 2138 0 1499724 0 976464
1789367575.226693 1504385 1090863 3404 2138 0 1499724 0 976464
1789367576.226876 1504385 1090863 3404 2138 0 1499724 0 976464
1789367577.226848 1504385 1090863 3404 2138 0 1499724 0 976464
1789367578.226841 1504385 1090863 3404 2138 0 1499724 0 976464
1789367579.226887 1504385 1090863 3404 2138 0 1499724 0 976464
1789367580.226900 1508475 1090856 3397 2138 0 1503820 0 976464
1789367581.226739 1508475 1090856 3397 2138 0 1503820 0 976464
1789367582.226778 1508475 1091224 3397 2138 0 1503820 0 976464
1789367583.226684 1508475 1091224 3397 2138 0 1503820 0 976464
1789367584.226685 1508475 1091224 3397 2138 0 1503820 0 976464
1789367585.226972 1508475 1091224 3397 2138 0 1503820 0 976464
1789367586.226822 1508475 1091224 3397 2138 0 1503820 0 976464
1789367587.226794 1508475 1091224 3397 2138 0 1503820 0 976464
1789367588.226863 1508475 1091224 3397 2138 0 1503820 0 976464
1789367589.226783 1508475 1091224 3397 2138 0 1503820 0 976464
1789367590.226761 1508475 1091224 3397 2138 0 1503820 0 976464
1789367591.226689 1508475 1091224 3397 2138 0 1503820 0 976464
1789367592.226753 1508475 1091224 3397 2138 0 1503820 0 976464
1789367593.226800 1508475 1091224 3397 2138 0 1503820 0 976464
1789367594.226703 1508475 1091224 3397 2138 0 1503820 0 976464
1789367595.226853 1508475 1091224 3397 2138 0 1503820 0 976464
1789367596.226822 1508475 1091224 3397 2138 0 1503820 0 976464
1789367597.226772 1508475 1091224 3397 2138 0 1503820 0 976464
1789367598.226878 1508475 1091224 3397 2138 0 1503820 0 976464
1789367599.226766 1508475 1091224 3397 2138 0 1503820 0 976464
1789367600.226711 1508475 1091224 3397 2138 0 1503820 0 976464
1789367601.226649 1508475 1091224 3397 2138 0 1503820 0 976464
1789367602.226665 1508475 1091576 3397 2138 0 1503820 0 976464
1789367603.226829 1508475 1091576 3397 2138 0 1503820 0 976464
1789367604.226869 1508475 1091576 3397 2138 0 1503820 0 976464
1789367605.226795 1508475 1091576 3397 2138 0 1503820 0 976464
1789367606.226879 1508475 1091576 3397 2138 0 1503820 0 976464
1789367607.226916 1508475 1091576 3397 2138 0 1503820 0 976464
1789367608.226774 1508475 1091576 3397 2138 0 1503820 0 976464
1789367609.226676 1508475 1091576 3397 2138 0 1503820 0 976464
1789367610.226719 1508475 1091576 3397 2138 0 1503820 0 976464
1789367611.226916 1508475 1091576 3397 2138 0 1503820 0 976464
1789367612.226828 1508475 1091576 3397 2138 0 1503820 0 976464
1789367613.226781 1508475 1091912 3397 2138 0 1503820 0 976464
1789367614.226755 1508475 1091912 3397 2138 0 1503820 0 976464
1789367615.226916 1508475 1091912 3397 2138 0 1503820 0 976464
1789367616.226744 1508475 1091912 3397 2138 0 1503820 0 976464
1789367617.226716 1508475 1091912 3397 2138 0 1503820 0 976464
1789367618.226716 1508475 1091912 3397 2138 0 1503820 0 976464
1789367619.226796 1508475 1091912 3397 2138 0 1503820 0 976464
1789367620.226964 1508475 1091912 3397 2138 0 1503820 0 976464
1789367621.227042 1508475 1091912 3397 2138 0 1503820 0 976464
1789367622.226849 1508475 1091912 3397 2138 0 1503820 0 976464
1789367623.226805 1508475 1091912 3397 2138 0 1503820 0 976464
1789367624.226748 1508475 1091912 3397 2138 0 1503820 0 976464
1789367625.226755 1508475 1091912 3397 2138 0 1503820 0 976464
1789367626.226762 1508475 1091912 3397 2138 0 1503820 0 976464
1789367627.226730 1508475 1091912 3397 2138 0 1503820 0 976464
1789367628.226688 1508475 1091912 3397 2138 0 1503820 0 976464
1789367629.226831 1508475 1091912 3397 2138 0 1503820 0 976464
1789367630.226850 1508475 1091912 3397 2138 0 1503820 0 976464
1789367631.226772 1508475 1091912 3397 2138 0 1503820 0 976464
1789367632.226804 1508475 1091912 3397 2138 0 1503820 0 976464
1789367633.226863 1508475 1092232 3397 2138 0 1503820 0 976464
1789367634.226837 1508475 1092232 3397 2138 0 1503820 0 976464
1789367635.226806 1508475 1092232 3397 2138 0 1503820 0 976464
1789367636.226720 1508475 1092232 3397 2138 0 1503820 0 976464
1789367637.226708 1508475 1092232 3397 2138 0 1503820 0 976464
1789367638.226888 1508475 1092232 3397 2138 0 1503820 0 976464
1789367639.226873 1508475 1092232 3397 2138 0 1503820 0 976464
1789367640.226787 1508475 1092232 3397 2138 0 1503820 0 976464
1789367641.226762 1508475 1092232 3397 2138 0 1503820 0 976464
1789367642.226759 1508475 1092232 3397 2138 0 1503820 0 976464
1789367643.226747 1508475 1092536 3397 2138 0 1503820 0 976464
1789367644.226690 1508475 1092536 3397 2138 0 1503820 0 976464
1789367645.226684 1508475 1092536 3397 2138 0 1503820 0 976464
1789367646.226728 1508475 1092536 3397 2138 0 1503820 0 976464
1789367647.227388 1508475 1092536 3397 2138 0 1503820 0 976464
1789367648.226942 1508475 1092536 3397 2138 0 1503820 0 976464
1789367649.226783 1508475 1092536 3397 2138 0 1503820 0 976464
1789367650.226765 1508475 1092536 3397 2138 0 1503820 0 976464
1789367651.226754 1508475 1092536 3397 2138 0 1503820 0 976464
1789367652.228586 1508475 1092536 3397 2138 0 1503820 0 976464
1789367653.226743 1508475 1092536 3397 2138 0 1503820 0 976464
1789367654.226720 1508475 1092536 3397 2138 0 1503820 0 976464
1789367655.226913 1508475 1092536 3397 2138 0 1503820 0 976464
1789367656.226868 1508475 1092536 3397 2138 0 1503820 0 976464
1789367657.226807 1508475 1092536 3397 2138 0 1503820 0 976464
1789367658.226832 1508475 1092536 3397 2138 0 1503820 0 976464
1789367659.226786 1508475 1092536 3397 2138 0 1503820 0 976464
1789367660.226854 1508475 1092536 3397 2138 0 1503820 0 976464
1789367661.227011 1508475 1092536 3397 2138 0 1503820 0 976464
1789367662.226811 1508475 1092536 3397 2138 0 1503820 0 976464
1789367663.226819 1508475 1092536 3397 2138 0 1503820 0 976464
1789367664.226944 1508475 1092824 3397 2138 0 1503820 0 976464
1789367665.226885 1508475 1092824 3397 2138 0 1503820 0 976464
1789367666.226790 1508475 1092824 3397 2138 0 1503820 0 976464
1789367667.226794 1508475 1092824 3397 2138 0 1503820 0 976464
1789367668.226864 1508475 1092824 3397 2138 0 1503820 0 976464
1789367669.226770 1508475 1092824 3397 2138 0 1503820 0 976464
1789367670.226775 1508475 1092824 3397 2138 0 1503820 0 976464
1789367671.226789 1508475 1092824 3397 2138 0 1503820 0 976464
1789367672.226681 1508475 1092824 3397 2138 0 1503820 0 976464
1789367673.226825 1508475 1092824 3397 2138 0 1503820 0 976464
1789367674.226921 1508475 1093096 3397 2138 0 1503820 0 976464
1789367675.226742 1508475 1093096 3397 2138 0 1503820 0 976464
1789367676.226826 1508475 1093096 3397 2138 0 1503820 0 976464
1789367677.226846 1508475 1093096 3397 2138 0 1503820 0 976464
1789367678.226749 1508475 1093096 3397 2138 0 1503820 0 976464
1789367679.226782 1508475 1093096 3397 2138 0 1503820 0 976464
1789367680.226702 1508475 1093096 3397 2138 0 1503820 0 976464
1789367681.226658 1508475 1093096 3397 2138 0 1503820 0 976464
1789367682.226848 1508475 1093096 3397 2138 0 1503820 0 976464
1789367683.226887 1508475 1093096 3397 2138 0 1503820 0 976464
1789367684.226926 1508475 1093096 3397 2138 0 1503820 0 976464
1789367685.226794 1508475 1093096 3397 2138 0 1503820 0 976464
1789367686.226841 1508475 1093096 3397 2138 0 1503820 0 976464
1789367687.226916 1508475 1093096 3397 2138 0 1503820 0 976464
1789367688.226874 1508475 1093096 3397 2138 0 1503820 0 976464
1789367689.226839 1508475 1093096 3397 2138 0 1503820 0 976464
1789367690.226717 1508475 1093096 3397 2138 0 1503820 0 976464
1789367691.226957 1508475 1093096 3397 2138 0 1503820 0 976464
1789367692.227914 1508475 1093096 3397 2138 0 1503820 0 976464
1789367693.227662 1508475 1093096 3397 2138 0 1503820 0 976464
1789367694.226831 1508475 1093096 3397 2138 0 1503820 0 976464
1789367695.226837 1508475 1093352 3397 2138 0 1503820 0 976464
1789367696.226744 1508475 1093352 3397 2138 0 1503820 0 976464
1789367697.227372 1508475 1093352 3397 2138 0 1503820 0 976464
1789367698.227577 1508475 1093352 3397 2138 0 1503820 0 976464
1789367699.226831 1508475 1093352 3397 2138 0 1503820 0 976464
1789367700.226824 1508475 1093352 3397 2138 0 1503820 0 976464
1789367701.226894 1508475 1093352 3397 2138 0 1503820 0 976464
1789367702.227108 1508475 1093352 3397 2138 0 1503820 0 976464
1789367703.227023 1508475 1093352 3397 2138 0 1503820 0 976464
1789367704.226786 1508475 1093352 3397 2138 0 1503820 0 976464
1789367705.226683 1508475 1093592 3397 2138 0 1503820 0 976464
1789367706.226705 1508475 1093592 3397 2138 0 1503820 0 976464
1789367707.226646 1508475 1093592 3397 2138 0 1503820 0 976464
1789367708.226858 1508475 1093592 3397 2138 0 1503820 0 976464
1789367709.226846 1508475 1093592 3397 2138 0 1503820 0 976464
1789367710.226776 1508475 1093592 3397 2138 0 1503820 0 976464
1789367711.226831 1508475 1093592 3397 2138 0 1503820 0 976464
1789367712.226828 1508475 1093592 3397 2138 0 1503820 0 976464
1789367713.226867 1508475 1093592 3397 2138 0 1503820 0 976464
1789367714.226830 1508475 1093592 3397 2138 0 1503820 0 976464
1789367715.226836 1508475 1093592 3397 2138 0 1503820 0 976464
1789367716.226745 1508475 1093592 3397 2138 0 1503820 0 976464
1789367717.226840 1508475 1093592 3397 2138 0 1503820 0 976464
1789367718.226876 1508475 1093592 3397 2138 0 1503820 0 976464
1789367719.226844 1508475 1093592 3397 2138 0 1503820 0 976464
1789367720.226802 1508475 1093592 3397 2138 0 1503820 0 976464
1789367721.226743 1508475 1093592 3397 2138 0 1503820 0 976464
1789367722.226742 1508475 1093592 3397 2138 0 1503820 0 976464
1789367723.226770 1508475 1093592 3397 2138 0 1503820 0 976464
1789367724.226764 1508475 1093592 3397 2138 0 1503820 0 976464
1789367725.226784 1508475 1093816 3397 2138 0 1503820 0 976464
1789367726.226906 1508475 1093816 3397 2138 0 1503820 0 976464
1789367727.226993 1508475 1093816 3397 2138 0 1503820 0 976464
1789367728.226962 1508475 1093816 3397 2138 0 1503820 0 976464
1789367729.226987 1508475 1093816 3397 2138 0 1503820 0 976464
1789367730.226797 1508475 1093816 3397 2138 0 1503820 0 976464
1789367731.226751 1508475 1093816 3397 2138 0 1503820 0 976464
1789367732.226724 1508475 1093816 3397 2138 0 1503820 0 976464
1789367733.226732 1508475 1093816 3397 2138 0 1503820 0 976464
1789367734.226897 1508475 1093816 3397 2138 0 1503820 0 976464
1789367735.226863 1508475 1093816 3397 2138 0 1503820 0 976464
1789367736.236002 1508475 1094024 3397 2138 0 1503820 0 976464
1789367737.226771 1508475 1094024 3397 2138 0 1503820 0 976464
1789367738.227079 1508475 1094024 3397 2138 0 1503820 0 976464
1789367739.226825 1508475 1094024 3397 2138 0 1503820 0 976464
1789367740.226802 1508475 1094024 3397 2138 0 1503820 0 976464
1789367741.226708 1508475 1094024 3397 2138 0 1503820 0 976464
1789367742.226765 1508475 1094024 3397 2138 0 1503820 0 976464
1789367743.227055 1508475 1094024 3397 2138 0 1503820 0 976464
1789367744.226726 1508475 1094024 3397 2138 0 1503820 0 976464
1789367745.226808 1508475 1094024 3397 2138 0 1503820 0 976464
1789367746.226777 1508475 1094024 3397 2138 0 1503820 0 976464
1789367747.226744 1508475 1094024 3397 2138 0 1503820 0 976464
1789367748.226713 1508475 1094024 3397 2138 0 1503820 0 976464
1789367749.226745 1508475 1094024 3397 2138 0 1503820 0 976464
1789367750.226729 1508475 1094024 3397 2138 0 1503820 0 976464
1789367751.226744 1508475 1094024 3397 2138 0 1503820 0 976464
1789367752.226787 1508475 1094024 3397 2138 0 1503820 0 976464
1789367753.226777 1508475 1094024 3397 2138 0 1503820 0 976464
1789367754.226806 1508475 1094024 3397 2138 0 1503820 0 976464
1789367755.226861 1508475 1094024 3397 2138 0 1503820 0 976464
1789367756.226888 1508475 1094216 3397 2138 0 1503820 0 976464
1789367757.226627 1508475 1094216 3397 2138 0 1503820 0 976464
1789367758.226734 1508475 1094216 3397 2138 0 1503820 0 976464
1789367759.226723 1508475 1094216 3397 2138 0 1503820 0 976464
1789367760.226710 1508475 1094216 3397 2138 0 1503820 0 976464
1789367761.226832 1508475 1094216 3397 2138 0 1503820 0 976464
1789367762.226818 1508475 1094216 3397 2138 0 1503820 0 976464
1789367763.226780 1508475 1094216 3397 2138 0 1503820 0 976464
1789367764.226768 1508475 1094216 3397 2138 0 1503820 0 976464
1789367765.226758 1508475 1094216 3397 2138 0 1503820 0 976464
1789367766.226774 1508475 1094392 3397 2138 0 1503820 0 976464
1789367767.229487 1508475 1094392 3397 2138 0 1503820 0 976464
1789367768.227042 1508475 1094392 3397 2138 0 1503820 0 976464
1789367769.226893 1508475 1094392 3397 2138 0 1503820 0 976464
1789367770.227246 1508475 1094392 3397 2138 0 1503820 0 976464
1789367771.227074 1508475 1094392 3397 2138 0 1503820 0 976464
1789367772.227146 1508475 1094392 3397 2138 0 1503820 0 976464
1789367773.227112 1508475 1094392 3397 2138 0 1503820 0 976464
1789367774.227079 1508475 1094392 3397 2138 0 1503820 0 976464
1789367775.227147 1508475 1094392 3397 2138 0 1503820 0 976464
1789367776.227374 1508475 1094392 3397 2138 0 1503820 0 976464
1789367777.227008 1508475 1094392 3397 2138 0 1503820 0 976464
1789367778.226947 1508475 1094392 3397 2138 0 1503820 0 976464
1789367779.227184 1508475 1094392 3397 2138 0 1503820 0 976464
1789367780.227140 1508475 1094392 3397 2138 0 1503820 0 976464
1789367781.227037 1508475 1094392 3397 2138 0 1503820 0 976464
1789367782.227002 1508475 1094392 3397 2138 0 1503820 0 976464
1789367783.227038 1508475 1094392 3397 2138 0 1503820 0 976464
1789367784.227155 1508475 1094392 3397 2138 0 1503820 0 976464
1789367785.227175 1508475 1094392 3397 2138 0 1503820 0 976464
1789367786.227138 1508475 1094392 3397 2138 0 1503820 0 976464
1789367787.227317 1508475 1094552 3397 2138 0 1503820 0 976464
1789367788.227193 1508475 1094552 3397 2138 0 1503820 0 976464
1789367789.227228 1508475 1094552 3397 2138 0 1503820 0 976464
1789367790.227172 1508475 1094552 3397 2138 0 1503820 0 976464
1789367791.227133 1508475 1094552 3397 2138 0 1503820 0 976464
1789367792.227189 1508475 1094552 3397 2138 0 1503820 0 976464
1789367793.227153 1508475 1094552 3397 2138 0 1503820 0 976464
1789367794.227312 1508475 1094552 3397 2138 0 1503820 0 976464
1789367795.227080 1508475 1094552 3397 2138 0 1503820 0 976464
1789367796.227366 1508475 1094552 3397 2138 0 1503820 0 976464
1789367797.230901 1508475 1094696 3397 2138 0 1503820 0 976464
1789367798.227181 1508475 1094696 3397 2138 0 1503820 0 976464
1789367799.227231 1508475 1094696 3397 2138 0 1503820 0 976464
1789367800.227260 1508475 1094696 3397 2138 0 1503820 0 976464
1789367801.227228 1508475 1094696 3397 2138 0 1503820 0 976464
1789367802.227341 1508475 1094696 3397 2138 0 1503820 0 976464
1789367803.227316 1508475 1094696 3397 2138 0 1503820 0 976464
1789367804.227091 1508475 1094696 3397 2138 0 1503820 0 976464
1789367805.227874 1508475 1094696 3397 2138 0 1503820 0 976464
1789367806.227197 1508475 1094696 3397 2138 0 1503820 0 976464
1789367807.227214 1508475 1094696 3397 2138 0 1503820 0 976464
1789367808.227200 1508475 1094696 3397 2138 0 1503820 0 976464
1789367809.227074 1508475 1094696 3397 2138 0 1503820 0 976464
1789367810.227443 1508475 1094696 3397 2138 0 1503820 0 976464
1789367811.227378 1508475 1094696 3397 2138 0 1503820 0 976464
1789367812.227247 1508475 1094696 3397 2138 0 1503820 0 976464
1789367813.227136 1508475 1094696 3397 2138 0 1503820 0 976464
1789367814.227263 1508475 1094696 3397 2138 0 1503820 0 976464
1789367815.227318 1508475 1094696 3397 2138 0 1503820 0 976464
1789367816.227295 1508475 1094696 3397 2138 0 1503820 0 976464
1789367817.227276 1508475 1094824 3397 2138 0 1503820 0 976464
1789367818.227283 1508475 1094824 3397 2138 0 1503820 0 976464
1789367819.227217 1508475 1094824 3397 2138 0 1503820 0 976464
1789367820.227293 1508475 1094824 3397 2138 0 1503820 0 976464
1789367821.227174 1508475 1094824 3397 2138 0 1503820 0 976464
1789367822.227188 1508475 1094824 3397 2138 0 1503820 0 976464
1789367823.227421 1508475 1094824 3397 2138 0 1503820 0 976464
1789367824.227512 1508475 1094824 3397 2138 0 1503820 0 976464
1789367825.227401 1508475 1094824 3397 2138 0 1503820 0 976464
1789367826.227533 1508475 1094824 3397 2138 0 1503820 0 976464
1789367827.227213 1508475 1094824 3397 2138 0 1503820 0 976464
1789367828.227268 1508475 1094940 3397 2138 0 1503820 0 976464
1789367829.227311 1508475 1094940 3397 2138 0 1503820 0 976464
1789367830.227469 1508475 1094940 3397 2138 0 1503820 0 976464
1789367831.227458 1508475 1094940 3397 2138 0 1503820 0 976464
1789367832.227453 1508475 1094940 3397 2138 0 1503820 0 976464
1789367833.227415 1508475 1094940 3397 2138 0 1503820 0 976464
1789367834.227208 1508475 1094940 3397 2138 0 1503820 0 976464
1789367835.227249 1508475 1094940 3397 2138 0 1503820 0 976464
1789367836.227304 1508475 1094940 3397 2138 0 1503820 0 976464
1789367837.227272 1508475 1094940 3397 2138 0 1503820 0 976464
1789367838.227215 1508475 1094940 3397 2138 0 1503820 0 976464
1789367839.227283 1508475 1094940 3397 2138 0 1503820 0 976464
1789367840.227431 1508475 1094940 3397 2138 0 1503820 0 976464
1789367841.227431 1508475 1094940 3397 2138 0 1503820 0 976464
1789367842.227475 1508475 1094940 3397 2138 0 1503820 0 976464
1789367843.227542 1508475 1094940 3397 2138 0 1503820 0 976464
1789367844.227260 1508475 1094940 3397 2138 0 1503820 0 976464
1789367845.227208 1508475 1094940 3397 2138 0 1503820 0 976464
1789367846.227230 1508475 1094940 3397 2138 0 1503820 0 976464
1789367847.227291 1508475 1094940 3397 2138 0 1503820 0 976464
1789367848.227232 1508475 1095057 3397 2138 0 1503820 0 976464
1789367849.227144 1508475 1095057 3397 2138 0 1503820 0 976464
1789367850.227550 1508475 1095057 3397 2138 0 1503820 0 976464
1789367851.227504 1508475 1095057 3397 2138 0 1503820 0 976464
1789367852.227434 1508475 1095057 3397 2138 0 1503820 0 976464
1789367853.227317 1508475 1095057 3397 2138 0 1503820 0 976464
1789367854.227247 1508475 1095057 3397 2138 0 1503820 0 976464
1789367855.227424 1508475 1095057 3397 2138 0 1503820 0 976464
1789367856.227305 1508475 1095057 3397 2138 0 1503820 0 976464
1789367857.229270 1508475 1095057 3397 2138 0 1503820 0 976464
1789367858.227157 1508475 1095171 3397 2138 0 1503820 0 976464
1789367859.227031 1508475 1095171 3397 2138 0 1503820 0 976464
1789367860.227252 1508475 1095171 3397 2138 0 1503820 0 976464
