# start_epoch=1789367861.731901  page_size=4096  cachestat=ok  fields=size,resident,shared,text,lib,data,dt,pagecache
1789367862.740405 466934 46941 3327 2138 0 462284 0 87524
1789367863.738625 468342 49434 3328 2138 0 463692 0 107293
1789367864.740724 468342 45645 3328 2138 0 463692 0 143385
1789367865.742704 469238 47019 3328 2138 0 464588 0 176013
1789367866.743809 469238 44266 3381 2138 0 464588 0 193827
1789367867.747152 469238 48647 3381 2138 0 464588 0 199098
1789367868.746121 469238 44272 3381 2138 0 464588 0 232239
1789367869.746429 469238 39952 3381 2138 0 464588 0 237254
1789367870.748506 469238 48557 3381 2138 0 464588 0 270675
1789367871.749548 470262 37127 3381 2138 0 465612 0 288258
1789367872.750687 470262 51550 3381 2138 0 465612 0 294083
1789367873.754828 470262 47532 3381 2138 0 465612 0 326300
1789367874.753799 470262 42957 3381 2138 0 465612 0 358596
1789367875.754964 471542 46963 3381 2138 0 466892 0 376691
1789367876.755308 471542 37544 3381 2138 0 466892 0 382260
1789367877.755450 471542 52763 3381 2138 0 466892 0 381871
1789367878.758469 471542 48676 3381 2138 0 466892 0 430992
1789367879.759431 471542 45507 3381 2138 0 466892 0 447808
1789367880.759773 471542 48262 3381 2138 0 466892 0 453889
1789367881.761617 473078 42631 3381 2138 0 468428 0 487326
1789367882.762520 473078 48852 3381 2138 0 468428 0 504653
1789367883.764983 473078 43170 3381 2138 0 468428 0 510990
1789367884.764837 473078 41942 3381 2138 0 468428 0 536690
1789367885.763881 473974 53602 3381 2138 0 469324 0 535729
1789367886.766231 473974 41394 3381 2138 0 469324 0 556904
1789367887.769180 473974 51024 3381 2138 0 469324 0 606588
1789367888.769452 473974 48228 3381 2138 0 469324 0 611133
1789367889.771484 473974 50254 3381 2138 0 469324 0 644826
1789367890.772268 475766 46060 3381 2138 0 471116 0 661988
1789367891.773480 475766 46518 3381 2138 0 471116 0 683576
1789367892.774872 475766 48170 3381 2138 0 471116 0 700645
1789367893.775344 475766 44945 3381 2138 0 471116 0 708774
1789367894.776952 475766 42504 3381 2138 0 471116 0 739651
1789367895.777567 475766 56079 3381 2138 0 471116 0 743940
1789367896.779350 475766 40073 3381 2138 0 471116 0 771944
1789367897.780254 477814 54695 3381 2138 0 473164 0 783590
1789367898.781390 477814 52960 3381 2138 0 473164 0 808407
1789367899.781339 477814 47436 3381 2138 0 473164 0 812046
1789367900.784352 477814 50324 3381 2138 0 473164 0 859976
1789367901.784957 477814 50679 3381 2138 0 473164 0 865766
1789367902.785529 477814 49826 3381 2138 0 473164 0 888214
1789367903.787951 477814 46549 3381 2138 0 473164 0 917044
1789367904.774753 481911 39231 3381 2138 0 477260 0 886318
1789367905.771508 481911 39774 3381 2138 0 477260 0 886319
1789367906.770355 481911 39786 3381 2138 0 477260 0 849231
1789367907.770492 484471 39943 3381 2138 0 479820 0 864402
1789367908.770515 484471 40082 3381 2138 0 479820 0 864403
1789367909.770482 484471 40109 3381 2138 0 479820 0 864403
1789367910.770395 484471 40109 3381 2138 0 479820 0 864404
1789367911.770656 484471 40109 3381 2138 0 479820 0 864405
1789367912.770695 484471 40190 3381 2138 0 479820 0 864405
1789367913.770566 484471 40190 3381 2138 0 479820 0 864406
1789367914.770543 484471 40190 3381 2138 0 479820 0 864406
1789367915.770547 484471 40190 3381 2138 0 479820 0 864407
1789367916.770503 484471 39564 3381 2138 0 479820 0 864394
1789367917.770446 484471 39777 3381 2138 0 479820 0 864394
1789367918.770316 484471 39781 3381 2138 0 479820 0 864395
1789367919.770363 484471 40337 3381 2138 0 479820 0 864396
1789367920.770482 484471 40337 3381 2138 0 479820 0 864396
1789367921.770521 484471 40337 3381 2138 0 479820 0 864397
1789367922.770553 484471 40337 3381 2138 0 479820 0 864397
1789367923.770401 484471 40042 3381 2138 0 479820 0 864398
1789367924.770403 484471 40366 3381 2138 0 479820 0 864398
1789367925.770352 484471 40367 3381 2138 0 479820 0 864399
1789367926.770303 484471 41833 3381 2138 0 479820 0 864387
1789367927.770250 484471 41846 3381 2138 0 479820 0 864388
1789367928.770131 484471 41848 3381 2138 0 479820 0 864388
1789367929.770421 484471 41848 3381 2138 0 479820 0 864389
1789367930.770312 484471 41459 3381 2138 0 479820 0 864390
1789367931.770300 484471 41798 3381 2138 0 479820 0 864390
1789367932.770927 484471 41798 3381 2138 0 479820 0 864390
1789367933.770326 484471 41798 3381 2138 0 479820 0 864391
1789367934.770160 484471 41798 3381 2138 0 479820 0 864392
1789367935.770229 484471 41798 3381 2138 0 479820 0 864392
1789367936.770067 484471 40805 3381 2138 0 479820 0 864385
1789367937.770353 484471 41464 3381 2138 0 479820 0 864385
1789367938.770221 484471 41464 3381 2138 0 479820 0 864386
1789367939.770266 484471 41464 3381 2138 0 479820 0 864386
1789367940.769975 484471 41472 3381 2138 0 479820 0 864387
1789367941.770157 484471 41472 3381 2138 0 479820 0 864387
1789367942.770567 484471 40797 3381 2138 0 479820 0 864388
1789367943.770235 484471 41168 3381 2138 0 479820 0 864388
1789367944.770282 484471 41169 3381 2138 0 479820 0 864389
1789367945.770084 484471 41169 3381 2138 0 479820 0 864390
1789367946.770043 484471 42258 3381 2138 0 479820 0 846350
1789367947.769334 489599 49500 3404 2138 0 484940 0 846353
1789367948.769560 554623 132793 3404 2138 0 549964 0 846353
1789367949.769331 663679 217485 3404 2138 0 659020 0 846353
1789367950.769321 758911 303081 3404 2138 0 754252 0 846353
1789367951.769219 816255 388557 3404 2138 0 811596 0 846353
1789367952.770519 885375 473395 3404 2138 0 880716 0 846353
1789367953.769135 971391 557600 3404 2138 0 966732 0 846353
1789367954.769128 1069695 642196 3404 2138 0 1065036 0 846353
1789367955.769896 1189503 726158 3404 2138 0 1184844 0 846353
1789367956.769495 1320575 808449 3404 2138 0 1315916 0 846353
1789367957.769352 1326719 893188 3404 2138 0 1322060 0 846353
1789367958.770527 1493119 978308 3404 2138 0 1488460 0 846353
1789367959.769319 1500287 1061779 3404 2138 0 1495628 0 846353
1789367960.769170 1696895 1146148 3404 2138 0 1692236 0 846353
1789367961.769168 1696895 1229371 3404 2138 0 1692236 0 846353
1789367962.769298 1705087 1312983 3404 2138 0 1700428 0 846353
1789367963.769137 1934463 1395963 3404 2138 0 1929804 0 846353
1789367964.770956 1934463 1478907 3404 2138 0 1929804 0 846353
1789367965.782454 2196607 1563562 3579 2138 0 2191948 0 846353
1789367966.769272 2206847 1646506 3579 2138 0 2202188 0 846353
1789367967.769349 2210944 1703144 3579 2138 0 2206284 0 846353
1789367968.769112 2210944 1703144 3579 2138 0 2206284 0 846353
1789367969.769241 2210944 1703144 3579 2138 0 2206284 0 846353
1789367970.769347 2210944 1703144 3579 2138 0 2206284 0 846353
1789367971.769136 2210944 1703144 3579 2138 0 2206284 0 846353
1789367972.768899 2210944 1703144 3579 2138 0 2206284 0 846353
1789367973.769214 2210944 1703144 3579 2138 0 2206284 0 846353
1789367974.769139 2210944 1703144 3579 2138 0 2206284 0 846353
1789367975.769071 2210944 1703144 3579 2138 0 2206284 0 846353
1789367976.769248 2210944 1703144 3579 2138 0 2206284 0 846353
1789367977.769107 2210944 1703144 3579 2138 0 2206284 0 846353
1789367978.769041 2210944 1703144 3579 2138 0 2206284 0 846353
1789367979.769622 2210944 1703144 3579 2138 0 2206284 0 846353
1789367980.768903 2215041 1703149 3579 2138 0 2210380 0 846353
1789367981.769140 2215041 1703159 3579 2138 0 2210380 0 846353
1789367982.769161 2215041 1703159 3579 2138 0 2210380 0 846353
1789367983.769176 2215041 1703159 3579 2138 0 2210380 0 846353
1789367984.769149 2215041 1703159 3579 2138 0 2210380 0 846353
1789367985.768986 2215041 1703159 3579 2138 0 2210380 0 846353
1789367986.769298 2215041 1703159 3579 2138 0 2210380 0 846353
1789367987.769172 2215041 1703159 3579 2138 0 2210380 0 846353
1789367988.769067 2215041 1703159 3579 2138 0 2210380 0 846353
1789367989.768961 2215041 1703159 3579 2138 0 2210380 0 846353
1789367990.769116 2215041 1703159 3579 2138 0 2210380 0 846353
1789367991.769057 2215041 1703514 3579 2138 0 2210380 0 846353
1789367992.769215 2215041 1703514 3579 2138 0 2210380 0 846353
1789367993.769221 2219131 1703501 3572 2138 0 2214476 0 846353
1789367994.769127 2219131 1703501 3572 2138 0 2214476 0 846353
1789367995.768964 2219131 1703501 3572 2138 0 2214476 0 846353
1789367996.769108 2219131 1703501 3572 2138 0 2214476 0 846353
1789367997.769122 2219131 1703501 3572 2138 0 2214476 0 846353
1789367998.769282 2219131 1703501 3572 2138 0 2214476 0 846353
1789367999.769161 2219131 1703501 3572 2138 0 2214476 0 846353
1789368000.769206 2219131 1703501 3572 2138 0 2214476 0 846353
1789368001.769024 2219131 1703501 3572 2138 0 2214476 0 846353
1789368002.769556 2219131 1703501 3572 2138 0 2214476 0 846353
1789368003.769270 2219131 1703501 3572 2138 0 2214476 0 846353
1789368004.769120 2219131 1703501 3572 2138 0 2214476 0 846353
1789368005.769076 2219131 1703501 3572 2138 0 2214476 0 846353
1789368006.769336 2219131 1703501 3572 2138 0 2214476 0 846353
1789368007.769225 2219131 1703501 3572 2138 0 2214476 0 846353
1789368008.769412 2219131 1703501 3572 2138 0 2214476 0 846353
1789368009.769025 2219131 1703501 3572 2138 0 2214476 0 846353
1789368010.769225 2219131 1703501 3572 2138 0 2214476 0 846353
1789368011.769187 2219131 1703997 3572 2138 0 2214476 0 846353
1789368012.769110 2219131 1703997 3572 2138 0 2214476 0 846353
1789368013.769131 2219131 1703997 3572 2138 0 2214476 0 846353
1789368014.769123 2219131 1703997 3572 2138 0 2214476 0 846353
1789368015.774669 2219131 1703997 3572 2138 0 2214476 0 846353
1789368016.769377 2219131 1703997 3572 2138 0 2214476 0 846353
1789368017.769809 2219131 1703997 3572 2138 0 2214476 0 846353
1789368018.769255 2219131 1703997 3572 2138 0 2214476 0 846353
1789368019.769196 2219131 1703997 3572 2138 0 2214476 0 846353
1789368020.769124 2219131 1703997 3572 2138 0 2214476 0 846353
1789368021.769160 2219131 1703997 3572 2138 0 2214476 0 846353
1789368022.769285 2219131 1703997 3572 2138 0 2214476 0 846353
1789368023.770894 2219131 1703997 3572 2138 0 2214476 0 846353
1789368024.769152 2219131 1703997 3572 2138 0 2214476 0 846353
1789368025.769347 2219131 1703997 3572 2138 0 2214476 0 846353
1789368026.769204 2219131 1703997 3572 2138 0 2214476 0 846353
1789368027.769279 2219131 1703997 3572 2138 0 2214476 0 846353
1789368028.769074 2219131 1703997 3572 2138 0 2214476 0 846353
1789368029.769084 2219131 1703997 3572 2138 0 2214476 0 846353
1789368030.771276 2219131 1703997 3572 2138 0 2214476 0 846353
1789368031.768977 2219131 1703997 3572 2138 0 2214476 0 846353
1789368032.769210 2219131 1704477 3572 2138 0 2214476 0 846353
1789368033.769118 2219131 1704477 3572 2138 0 2214476 0 846353
1789368034.769253 2219131 1704477 3572 2138 0 2214476 0 846353
1789368035.769105 2219131 1704477 3572 2138 0 2214476 0 846353
1789368036.769143 2219131 1704477 3572 2138 0 2214476 0 846353
1789368037.769077 2219131 1704477 3572 2138 0 2214476 0 846353
1789368038.769300 2219131 1704477 3572 2138 0 2214476 0 846353
1789368039.769154 2219131 1704477 3572 2138 0 2214476 0 846353
1789368040.769035 2219131 1704477 3572 2138 0 2214476 0 846353
1789368041.768946 2219131 1704477 3572 2138 0 2214476 0 846353
1789368042.769215 2219131 1704941 3572 2138 0 2214476 0 846353
1789368043.769355 2219131 1704941 3572 2138 0 2214476 0 846353
1789368044.770483 2219131 1704941 3572 2138 0 2214476 0 846353
1789368045.769131 2219131 1704941 3572 2138 0 2214476 0 846353
1789368046.769551 2219131 1704941 3572 2138 0 2214476 0 846353
1789368047.769127 2219131 1704941 3572 2138 0 2214476 0 846353
1789368048.769937 2219131 1704941 3572 2138 0 2214476 0 846353
1789368049.769149 2219131 1704941 3572 2138 0 2214476 0 846353
1789368050.769026 2219131 1704941 3572 2138 0 2214476 0 846353
1789368051.769008 2219131 1704941 3572 2138 0 2214476 0 846353
1789368052.769449 2219131 1704941 3572 2138 0 2214476 0 846353
1789368053.769233 2219131 1704941 3572 2138 0 2214476 0 846353
1789368054.769180 2219131 1704941 3572 2138 0 2214476 0 846353
1789368055.769107 2219131 1704941 3572 2138 0 2214476 0 846353
1789368056.769309 2219131 1704941 3572 2138 0 2214476 0 846353
1789368057.769167 2219131 1704941 3572 2138 0 2214476 0 846353
1789368058.769282 2219131 1704941 3572 2138 0 2214476 0 846353
1789368059.769120 2219131 1704941 3572 2138 0 2214476 0 846353
1789368060.769265 2219131 1704941 3572 2138 0 2214476 0 846353
1789368061.769111 2219131 1704941 3572 2138 0 2214476 0 846353
1789368062.769227 2219131 1704941 3572 2138 0 2214476 0 846353
1789368063.769235 2219131 1705389 3572 2138 0 2214476 0 846353
1789368064.769094 2219131 1705389 3572 2138 0 2214476 0 846353
1789368065.769371 2219131 1705389 3572 2138 0 2214476 0 846353
1789368066.769400 2219131 1705389 3572 2138 0 2214476 0 846353
1789368067.769208 2219131 1705389 3572 2138 0 2214476 0 846353
1789368068.769187 2219131 1705389 3572 2138 0 2214476 0 846353
1789368069.769117 2219131 1705389 3572 2138 0 2214476 0 846353
1789368070.769299 2219131 1705389 3572 2138 0 2214476 0 846353
1789368071.769088 2219131 1705389 3572 2138 0 2214476 0 846353
1789368072.769560 2219131 1705389 3572 2138 0 2214476 0 846353
1789368073.772076 2219131 1705821 3572 2138 0 2214476 0 846353
1789368074.769467 2219131 1705821 3572 2138 0 2214476 0 846353
1789368075.769202 2219131 1705821 3572 2138 0 2214476 0 846353
1789368076.769291 2219131 1705821 3572 2138 0 2214476 0 846353
1789368077.769233 2219131 1705821 3572 2138 0 2214476 0 846353
1789368078.769422 2219131 1705821 3572 2138 0 2214476 0 846353
1789368079.769157 2219131 1705821 3572 2138 0 2214476 0 846353
1789368080.771001 2219131 1705821 3572 2138 0 2214476 0 846353
1789368081.769134 2219131 1705821 3572 2138 0 2214476 0 846353
1789368082.769247 2219131 1705821 3572 2138 0 2214476 0 846353
1789368083.769325 2219131 1705821 3572 2138 0 2214476 0 846353
1789368084.768986 2219131 1705821 3572 2138 0 2214476 0 846353
1789368085.769008 2219131 1705821 3572 2138 0 2214476 0 846353
1789368086.769231 2219131 1705821 3572 2138 0 2214476 0 846353
1789368087.769150 2219131 1705821 3572 2138 0 2214476 0 846353
1789368088.769207 2219131 1705821 3572 2138 0 2214476 0 846353
1789368089.769223 2219131 1705821 3572 2138 0 2214476 0 846353
1789368090.772077 2219131 1705821 3572 2138 0 2214476 0 846353
1789368091.769410 2219131 1705821 3572 2138 0 2214476 0 846353
1789368092.769189 2219131 1705821 3572 2138 0 2214476 0 846353
1789368093.769213 2219131 1706237 3572 2138 0 2214476 0 846353
1789368094.769137 2219131 1706237 3572 2138 0 2214476 0 846353
1789368095.769199 2219131 1706237 3572 2138 0 2214476 0 846353
1789368096.769630 2219131 1706237 3572 2138 0 2214476 0 846353
1789368097.769220 2219131 1706237 3572 2138 0 2214476 0 846353
1789368098.769239 2219131 1706237 3572 2138 0 2214476 0 846353
1789368099.769325 2219131 1706237 3572 2138 0 2214476 0 846353
1789368100.771537 2219131 1706237 3572 2138 0 2214476 0 846353
1789368101.769411 2219131 1706237 3572 2138 0 2214476 0 846353
1789368102.769193 2219131 1706237 3572 2138 0 2214476 0 846353
1789368103.769160 2219131 1706237 3572 2138 0 2214476 0 846353
1789368104.769131 2219131 1706637 3572 2138 0 2214476 0 846353
1789368105.769073 2219131 1706637 3572 2138 0 2214476 0 846353
1789368106.769353 2219131 1706637 3572 2138 0 2214476 0 846353
1789368107.769182 2219131 1706637 3572 2138 0 2214476 0 846353
1789368108.769264 2219131 1706637 3572 2138 0 2214476 0 846353
1789368109.769024 2219131 1706637 3572 2138 0 2214476 0 846353
1789368110.770503 2219131 1706637 3572 2138 0 2214476 0 846353
1789368111.769167 2219131 1706637 3572 2138 0 2214476 0 846353
1789368112.769042 2219131 1706637 3572 2138 0 2214476 0 846353
1789368113.769047 2219131 1706637 3572 2138 0 2214476 0 846353
1789368114.769386 2219131 1706637 3572 2138 0 2214476 0 846353
1789368115.769117 2219131 1706637 3572 2138 0 2214476 0 846353
1789368116.769262 2219131 1706637 3572 2138 0 2214476 0 846353
1789368117.769209 2219131 1706637 3572 2138 0 2214476 0 846353
1789368118.769147 2219131 1706637 3572 2138 0 2214476 0 846353
1789368119.769286 2219131 1706637 3572 2138 0 2214476 0 846353
1789368120.769251 2219131 1706637 3572 2138 0 2214476 0 846353
1789368121.769147 2219131 1706637 3572 2138 0 2214476 0 846353
1789368122.770039 2219131 1706637 3572 2138 0 2214476 0 846353
1789368123.769355 2219131 1706637 3572 2138 0 2214476 0 846353
1789368124.769307 2219131 1707021 3572 2138 0 2214476 0 846353
1789368125.769183 2219131 1707021 3572 2138 0 2214476 0 846353
1789368126.769265 2219131 1707021 3572 2138 0 2214476 0 846353
1789368127.769283 2219131 1707021 3572 2138 0 2214476 0 846353
1789368128.769201 2219131 1707021 3572 2138 0 2214476 0 846353
1789368129.769118 2219131 1707021 3572 2138 0 2214476 0 846353
1789368130.769356 2219131 1707021 3572 2138 0 2214476 0 846353
1789368131.769435 2219131 1707021 3572 2138 0 2214476 0 846353
1789368132.769410 2219131 1707021 3572 2138 0 2214476 0 846353
1789368133.769321 2219131 1707021 3572 2138 0 2214476 0 846353
1789368134.768980 2219131 1707389 3572 2138 0 2214476 0 846353
1789368135.770612 2219131 1707389 3572 2138 0 2214476 0 846353
1789368136.769475 2219131 1707389 3572 2138 0 2214476 0 846353
1789368137.769233 2219131 1707389 3572 2138 0 2214476 0 846353
1789368138.769078 2219131 1707389 3572 2138 0 2214476 0 846353
1789368139.769407 2219131 1707389 3572 2138 0 2214476 0 846353
1789368140.769310 2219131 1707389 3572 2138 0 2214476 0 846353
1789368141.769315 2219131 1707389 3572 2138 0 2214476 0 846353
1789368142.769318 2219131 1707389 3572 2138 0 2214476 0 846353
1789368143.769591 2219131 1707389 3572 2138 0 2214476 0 846353
1789368144.769078 2219131 1707389 3572 2138 0 2214476 0 846353
1789368145.769187 2219131 1707389 3572 2138 0 2214476 0 846353
1789368146.769185 2219131 1707389 3572 2138 0 2214476 0 846353
1789368147.769298 2219131 1707389 3572 2138 0 2214476 0 846353
1789368148.769331 2219131 1707389 3572 2138 0 2214476 0 846353
1789368149.769213 2219131 1707389 3572 2138 0 2214476 0 846353
1789368150.769260 2219131 1707389 3572 2138 0 2214476 0 846353
1789368151.769214 2219131 1707389 3572 2138 0 2214476 0 846353
1789368152.769387 2219131 1707389 3572 2138 0 2214476 0 846353
1789368153.769313 2219131 1707389 3572 2138 0 2214476 0 846353
1789368154.769201 2219131 1707389 3572 2138 0 2214476 0 846353
1789368155.769123 2219131 1707741 3572 2138 0 2214476 0 846353
1789368156.769223 2219131 1707741 3572 2138 0 2214476 0 846353
1789368157.769277 2219131 1707741 3572 2138 0 2214476 0 846353
1789368158.769267 2219131 1707741 3572 2138 0 2214476 0 846353
1789368159.769300 2219131 1707741 3572 2138 0 2214476 0 846353
1789368160.769054 2219131 1707741 3572 2138 0 2214476 0 846353
1789368161.769655 2219131 1707741 3572 2138 0 2214476 0 846353
1789368162.769317 2219131 1707741 3572 2138 0 2214476 0 846353
1789368163.769151 2219131 1707741 3572 2138 0 2214476 0 846353
1789368164.769075 2219131 1707741 3572 2138 0 2214476 0 846353
1789368165.769276 2219131 1708077 3572 2138 0 2214476 0 846353
1789368166.769385 2219131 1708077 3572 2138 0 2214476 0 846353
1789368167.769194 2219131 1708077 3572 2138 0 2214476 0 846353
1789368168.769276 2219131 1708077 3572 2138 0 2214476 0 846353
1789368169.769280 2219131 1708077 3572 2138 0 2214476 0 846353
1789368170.769213 2219131 1708077 3572 2138 0 2214476 0 846353
1789368171.769313 2219131 1708077 3572 2138 0 2214476 0 846353
1789368172.769268 2219131 1708077 3572 2138 0 2214476 0 846353
1789368173.769238 2219131 1708077 3572 2138 0 2214476 0 846353
1789368174.769502 2219131 1708077 3572 2138 0 2214476 0 846353
1789368175.769293 2219131 1708077 3572 2138 0 2214476 0 846353
1789368176.769449 2219131 1708077 3572 2138 0 2214476 0 846353
1789368177.769357 2219131 1708077 3572 2138 0 2214476 0 846353
1789368178.769367 2219131 1708077 3572 2138 0 2214476 0 846353
1789368179.769380 2219131 1708077 3572 2138 0 2214476 0 846353
1789368180.770172 2219131 1708077 3572 2138 0 2214476 0 846353
1789368181.769372 2219131 1708077 3572 2138 0 2214476 0 846353
1789368182.769106 2219131 1708077 3572 2138 0 2214476 0 846353
1789368183.769343 2219131 1708077 3572 2138 0 2214476 0 846353
1789368184.769077 2219131 1708077 3572 2138 0 2214476 0 846353
1789368185.769318 2219131 1708077 3572 2138 0 2214476 0 846353
1789368186.769456 2219131 1708397 3572 2138 0 2214476 0 846353
1789368187.769315 2219131 1708397 3572 2138 0 2214476 0 846353
1789368188.769384 2219131 1708397 3572 2138 0 2214476 0 846353
1789368189.769328 2219131 1708397 3572 2138 0 2214476 0 846353
1789368190.769106 2219131 1708397 3572 2138 0 2214476 0 846353
1789368191.770154 2219131 1708397 3572 2138 0 2214476 0 846353
1789368192.769254 2219131 1708397 3572 2138 0 2214476 0 846353
1789368193.769422 2219131 1708397 3572 2138 0 2214476 0 846353
1789368194.769374 2219131 1708397 3572 2138 0 2214476 0 846353
1789368195.769534 2219131 1708397 3572 2138 0 2214476 0 846353
1789368196.769544 2219131 1708701 3572 2138 0 2214476 0 846353
1789368197.769356 2219131 1708701 3572 2138 0 2214476 0 846353
1789368198.769292 2219131 1708701 3572 2138 0 2214476 0 846353
1789368199.769326 2219131 1708701 3572 2138 0 2214476 0 846353
1789368200.769401 2219131 1708701 3572 2138 0 2214476 0 846353
1789368201.769568 2219131 1708701 3572 2138 0 2214476 0 846353
1789368202.769360 2219131 1708701 3572 2138 0 2214476 0 846353
1789368203.769357 2219131 1708701 3572 2138 0 2214476 0 846353
1789368204.769349 2219131 1708701 3572 2138 0 2214476 0 846353
1789368205.769328 2219131 1708701 3572 2138 0 2214476 0 846353
1789368206.769489 2219131 1708701 3572 2138 0 2214476 0 846353
1789368207.769388 2219131 1708701 3572 2138 0 2214476 0 846353
1789368208.769445 2219131 1708701 3572 2138 0 2214476 0 846353
1789368209.769527 2219131 1708701 3572 2138 0 2214476 0 846353
1789368210.769467 2219131 1708701 3572 2138 0 2214476 0 846353
1789368211.769560 2219131 1708701 3572 2138 0 2214476 0 846353
1789368212.769345 2219131 1708701 3572 2138 0 2214476 0 846353
1789368213.769435 2219131 1708701 3572 2138 0 2214476 0 846353
1789368214.769282 2219131 1708701 3572 2138 0 2214476 0 846353
1789368215.769329 2219131 1708701 3572 2138 0 2214476 0 846353
1789368216.771510 2219131 1708989 3572 2138 0 2214476 0 846353
1789368217.769440 2219131 1708989 3572 2138 0 2214476 0 846353
1789368218.769468 2219131 1708989 3572 2138 0 2214476 0 846353
1789368219.769435 2219131 1708989 3572 2138 0 2214476 0 846353
1789368220.769375 2219131 1708989 3572 2138 0 2214476 0 846353
1789368221.769690 2219131 1708989 3572 2138 0 2214476 0 846353
1789368222.769518 2219131 1708989 3572 2138 0 2214476 0 846353
1789368223.769426 2219131 1708989 3572 2138 0 2214476 0 846353
1789368224.769386 2219131 1708989 3572 2138 0 2214476 0 846353
1789368225.769182 2219131 1708989 3572 2138 0 2214476 0 846353
1789368226.769479 2219131 1708989 3572 2138 0 2214476 0 846353
1789368227.769375 2219131 1709261 3572 2138 0 2214476 0 846353
1789368228.769522 2219131 1709261 3572 2138 0 2214476 0 846353
1789368229.769535 2219131 1709261 3572 2138 0 2214476 0 846353
1789368230.769311 2219131 1709261 3572 2138 0 2214476 0 846353
1789368231.769432 2219131 1709261 3572 2138 0 2214476 0 846353
1789368232.769232 2219131 1709261 3572 2138 0 2214476 0 846353
1789368233.769314 2219131 1709261 3572 2138 0 2214476 0 846353
1789368234.769166 2219131 1709261 3572 2138 0 2214476 0 846353
1789368235.769397 2219131 1709261 3572 2138 0 2214476 0 846353
1789368236.769442 2219131 1709261 3572 2138 0 2214476 0 846353
1789368237.770317 2219131 1709261 3572 2138 0 2214476 0 846353
1789368238.769610 2219131 1709261 3572 2138 0 2214476 0 846353
1789368239.769451 2219131 1709261 3572 2138 0 2214476 0 846353
1789368240.769544 2219131 1709261 3572 2138 0 2214476 0 846353
1789368241.769369 2219131 1709261 3572 2138 0 2214476 0 846353
1789368242.769334 2219131 1709261 3572 2138 0 2214476 0 846353
1789368243.769371 2219131 1709261 3572 2138 0 2214476 0 846353
1789368244.769431 2219131 1709261 3572 2138 0 2214476 0 846353
1789368245.769612 2219131 1709261 3572 2138 0 2214476 0 846353
1789368246.769851 2219131 1709261 3572 2138 0 2214476 0 846353
1789368247.769469 2219131 1709517 3572 2138 0 2214476 0 846353
1789368248.769528 2219131 1709517 3572 2138 0 2214476 0 846353
1789368249.769447 2219131 1709517 3572 2138 0 2214476 0 846353
1789368250.769402 2219131 1709517 3572 2138 0 2214476 0 846353
1789368251.769493 2219131 1709517 3572 2138 0 2214476 0 846353
1789368252.769370 2219131 1709517 3572 2138 0 2214476 0 846353
1789368253.769502 2219131 1709517 3572 2138 0 2214476 0 846353
1789368254.769397 2219131 1709517 3572 2138 0 2214476 0 846353
1789368255.769406 2219131 1709517 3572 2138 0 2214476 0 846353
1789368256.769475 2219131 1709517 3572 2138 0 2214476 0 846353
1789368257.769478 2219131 1709757 3572 2138 0 2214476 0 846353
1789368258.769475 2219131 1709757 3572 2138 0 2214476 0 846353
1789368259.769332 2219131 1709757 3572 2138 0 2214476 0 846353
1789368260.769446 2219131 1709757 3572 2138 0 2214476 0 846353
1789368261.770239 2219131 1709757 3572 2138 0 2214476 0 846353
1789368262.769510 2219131 1709757 3572 2138 0 2214476 0 846353
1789368263.769523 2219131 1709757 3572 2138 0 2214476 0 846353
1789368264.769323 2219131 1709757 3572 2138 0 2214476 0 846353
1789368265.769349 2219131 1709757 3572 2138 0 2214476 0 846353
1789368266.769506 2219131 1709757 3572 2138 0 2214476 0 846353
1789368267.769350 2219131 1709757 3572 2138 0 2214476 0 846353
1789368268.769350 2219131 1709757 3572 2138 0 2214476 0 846353
1789368269.769320 2219131 1709757 3572 2138 0 2214476 0 846353
1789368270.769715 2219131 1709757 3572 2138 0 2214476 0 846353
1789368271.769562 2219131 1709757 3572 2138 0 2214476 0 846353
1789368272.769512 2219131 1709757 3572 2138 0 2214476 0 846353
1789368273.769453 2219131 1709757 3572 2138 0 2214476 0 846353
1789368274.769464 2219131 1709757 3572 2138 0 2214476 0 846353
1789368275.769404 2219131 1709757 3572 2138 0 2214476 0 846353
1789368276.769338 2219131 1709757 3572 2138 0 2214476 0 846353
1789368277.769237 2219131 1709757 3572 2138 0 2214476 0 846353
1789368278.769414 2219131 1709981 3572 2138 0 2214476 0 846353
1789368279.769391 2219131 1709981 3572 2138 0 2214476 0 846353
1789368280.769461 2219131 1709981 3572 2138 0 2214476 0 846353
1789368281.769581 2219131 1709981 3572 2138 0 2214476 0 846353
1789368282.769345 2219131 1709981 3572 2138 0 2214476 0 846353
1789368283.769501 2219131 1709981 3572 2138 0 2214476 0 846353
1789368284.769403 2219131 1709981 3572 2138 0 2214476 0 846353
1789368285.769350 2219131 1709981 3572 2138 0 2214476 0 846353
1789368286.769590 2219131 1709981 3572 2138 0 2214476 0 846353
1789368287.769229 2219131 1709981 3572 2138 0 2214476 0 846353
1789368288.769544 2219131 1710189 3572 2138 0 2214476 0 846353
1789368289.769647 2219131 1710189 3572 2138 0 2214476 0 846353
1789368290.769530 2219131 1710189 3572 2138 0 2214476 0 846353
1789368291.769671 2219131 1710189 3572 2138 0 2214476 0 846353
1789368292.769346 2219131 1710189 3572 2138 0 2214476 0 846353
1789368293.769350 2219131 1710189 3572 2138 0 2214476 0 846353
1789368294.769596 2219131 1710189 3572 2138 0 2214476 0 846353
1789368295.769338 2219131 1710189 3572 2138 0 2214476 0 846353
1789368296.769634 2219131 1710189 3572 2138 0 2214476 0 846353
1789368297.769517 2219131 1710189 3572 2138 0 2214476 0 846353
1789368298.769521 2219131 1710189 3572 2138 0 2214476 0 846353
1789368299.769375 2219131 1710189 3572 2138 0 2214476 0 846353
1789368300.769562 2219131 1710189 3572 2138 0 2214476 0 846353
1789368301.769582 2219131 1710189 3572 2138 0 2214476 0 846353
1789368302.769559 2219131 1710189 3572 2138 0 2214476 0 846353
1789368303.769305 2219131 1710189 3572 2138 0 2214476 0 846353
1789368304.769271 2219131 1710189 3572 2138 0 2214476 0 846353
