# start_epoch=1786143016.251453  page_size=4096  cachestat=ok  fields=size,resident,shared,text,lib,data,dt,pagecache
1786143017.252555 48524 27727 2616 1589 0 44543 0 19053
1786143018.253526 58380 29914 2745 1589 0 54399 0 31303
1786143019.254055 59148 32661 2745 1589 0 55167 0 43554
1786143020.254746 59148 29841 2809 1589 0 55167 0 55820
1786143021.256784 59788 34409 2809 1589 0 55807 0 86093
1786143022.264852 59788 36373 2809 1589 0 55807 0 112941
1786143023.261078 60556 34146 2809 1589 0 56575 0 102146
1786143024.257033 60556 34664 2809 1589 0 56575 0 91765
1786143025.257725 60556 33243 2809 1589 0 56575 0 104015
1786143026.258861 60556 34257 2809 1589 0 56575 0 134289
1786143027.259615 60556 34313 2809 1589 0 56575 0 146540
1786143028.261183 60556 38594 2809 1589 0 56575 0 174289
1786143029.266228 60556 36156 2809 1589 0 56575 0 260166
1786143030.261862 60556 35269 2809 1589 0 56575 0 174845
1786143031.264331 60556 36435 2809 1589 0 56575 0 221993
1786143032.264884 67596 36347 2809 1589 0 63615 0 234498
1786143033.263727 67596 36900 2809 1589 0 63615 0 212323
1786143034.264341 67596 38169 2809 1589 0 63615 0 228156
1786143035.266450 67596 38723 2809 1589 0 63615 0 269797
1786143036.267915 67596 35087 2809 1589 0 63615 0 280001
1786143037.267510 67596 36234 2809 1589 0 63615 0 270920
1786143038.267892 67596 36041 2809 1589 0 63615 0 284706
1786143039.268001 68620 36203 2809 1589 0 64639 0 291720
1786143040.270278 68620 37246 2809 1589 0 64639 0 326463
1786143041.270889 68620 38338 2809 1589 0 64639 0 338713
1786143042.270952 68620 38683 2809 1589 0 64639 0 343842
1786143043.271488 68620 36192 2809 1589 0 64639 0 340904
1786143044.271654 69516 37551 2809 1589 0 65535 0 352419
1786143045.273703 69516 38361 2809 1589 0 65535 0 380432
1786143046.274177 69516 38448 2809 1589 0 65535 0 393451
1786143047.275060 69516 40568 2809 1589 0 65535 0 404351
1786143048.275854 69516 40782 2809 1589 0 65535 0 417187
1786143049.275115 69516 37853 2809 1589 0 65535 0 402763
1786143050.276167 69516 40586 2809 1589 0 65535 0 417534
1786143051.274428 69516 38523 2809 1589 0 65535 0 411250
1786143052.277457 70796 40858 2809 1589 0 66815 0 450389
1786143053.279130 70796 39306 2809 1589 0 66815 0 471036
1786143054.279257 70796 40935 2809 1589 0 66815 0 485334
1786143055.279744 70796 38769 2809 1589 0 66815 0 497585
1786143056.280268 70796 39602 2809 1589 0 66815 0 510862
1786143057.281067 70796 38859 2809 1589 0 66815 0 522344
1786143058.282411 70796 38604 2809 1589 0 66815 0 533888
1786143059.281010 70796 40032 2809 1589 0 66815 0 511049
1786143060.278756 70796 39862 2809 1589 0 66815 0 510294
1786143061.279816 70796 41330 2809 1589 0 66815 0 520593
1786143062.281076 70796 39326 2809 1589 0 66815 0 548161
1786143063.281912 70796 41786 2809 1589 0 66815 0 560412
1786143064.282450 70796 38750 2809 1589 0 66815 0 572662
1786143065.282695 70796 41497 2809 1589 0 66815 0 577751
1786143066.283783 70796 40233 2809 1589 0 66815 0 597163
1786143067.283719 70796 44175 2809 1589 0 66815 0 592376
1786143068.285040 70796 38052 2809 1589 0 66815 0 621664
1786143069.287064 70796 40803 2809 1589 0 66815 0 648132
1786143070.286943 70796 39847 2809 1589 0 66815 0 638114
1786143071.288347 70796 36763 2809 1589 0 66815 0 633003
1786143072.285122 70796 41016 2809 1589 0 66815 0 623708
1786143073.285535 70796 37177 2809 1589 0 66815 0 633210
1786143074.285408 70796 41494 2809 1589 0 66815 0 625297
1786143075.288059 70796 37374 2809 1589 0 66815 0 672985
1786143076.288260 70796 44339 2809 1589 0 66815 0 685236
1786143077.289174 70796 37531 2809 1589 0 66815 0 697487
1786143078.289349 72332 43892 2809 1589 0 68351 0 698167
1786143079.291724 72332 44082 2809 1589 0 68351 0 740012
1786143080.292504 72332 43218 2809 1589 0 68351 0 751273
1786143081.292890 72332 43887 2809 1589 0 68351 0 761734
1786143082.294468 72332 40884 2809 1589 0 68351 0 772959
1786143083.294639 72332 43803 2809 1589 0 68351 0 784698
1786143084.293052 72332 37492 2809 1589 0 68351 0 770993
1786143085.296595 72332 38339 2809 1589 0 68351 0 757147
1786143086.296643 72332 41736 2809 1589 0 68351 0 761311
1786143087.296183 72332 39719 2809 1589 0 68351 0 750327
1786143088.296537 72332 41713 2809 1589 0 68351 0 759294
1786143089.297327 72332 39743 2809 1589 0 68351 0 771545
1786143090.298347 72332 41829 2809 1589 0 68351 0 783795
1786143091.299718 72332 39231 2809 1589 0 68351 0 811543
1786143092.300581 72332 36377 2809 1589 0 68351 0 827215
1786143093.299944 72332 39035 2809 1589 0 68351 0 817348
1786143094.300704 73356 35059 2809 1589 0 69375 0 829600
1786143095.301532 73356 35476 2809 1589 0 69375 0 841851
1786143096.301927 73356 38627 2809 1589 0 69375 0 854103
1786143097.303593 73356 40534 2809 1589 0 69375 0 881084
1786143098.302807 73356 40619 2809 1589 0 69375 0 866355
1786143099.290396 73356 40619 2809 1589 0 69375 0 866356
1786143100.290439 73356 40619 2809 1589 0 69375 0 866357
1786143101.319991 73356 42240 2809 1589 0 69375 0 1144628
1786143102.305765 73356 40336 2809 1589 0 69375 0 856395
1786143103.301856 73356 39753 2809 1589 0 69375 0 862101
1786143104.301992 73356 41050 2809 1589 0 69375 0 849689
1786143105.302726 73356 41091 2809 1589 0 69375 0 858621
1786143106.303035 73356 43640 2809 1589 0 69375 0 866781
1786143107.303149 73356 43677 2809 1589 0 69375 0 872754
1786143108.303449 73356 43620 2809 1589 0 69375 0 897037
1786143109.306662 73356 43886 2809 1589 0 69375 0 927063
1786143110.307329 75148 41446 2809 1589 0 71167 0 935472
1786143111.306771 75148 43502 2809 1589 0 71167 0 925093
1786143112.306895 75148 40790 2809 1589 0 71167 0 937344
1786143113.308112 75148 31983 2809 1589 0 71167 0 949595
1786143114.308766 75148 41557 2809 1589 0 71167 0 961848
1786143115.308757 75148 43750 2809 1589 0 71167 0 974098
1786143116.326589 75148 45143 2809 1589 0 71167 0 1259132
1786143117.308399 75148 44736 2809 1589 0 71167 0 969727
1786143118.309494 75148 42442 2809 1589 0 71167 0 973573
1786143119.308221 75148 42434 2809 1589 0 71167 0 957509
1786143120.308872 75148 43601 2809 1589 0 71167 0 965704
1786143121.310245 75148 39493 2809 1589 0 71167 0 990655
1786143122.312453 75148 42640 2809 1589 0 71167 0 1020707
1786143123.312591 75148 40074 2809 1589 0 71167 0 1026560
1786143124.311933 75148 39414 2809 1589 0 71167 0 1015157
1786143125.312540 75148 37363 2809 1589 0 71167 0 1027408
1786143126.313332 75148 42255 2809 1589 0 71167 0 1039660
1786143127.313997 75148 37460 2809 1589 0 71167 0 1051912
1786143128.315906 75148 43403 2809 1589 0 71167 0 1082185
1786143129.316340 75148 41555 2809 1589 0 71167 0 1090120
1786143130.316873 75148 37504 2809 1589 0 71167 0 1096997
1786143131.325586 75148 42405 2809 1589 0 71167 0 1269832
1786143132.315585 75148 43717 2809 1589 0 71167 0 1076149
1786143133.316661 75148 41441 2809 1589 0 71167 0 1094492
1786143134.315880 75148 41236 2809 1589 0 71167 0 1080316
1786143135.315076 75148 38803 2809 1589 0 71167 0 1066929
1786143136.315390 75148 39015 2809 1589 0 71167 0 1070629
1786143137.315838 75148 38081 2809 1589 0 71167 0 1078601
1786143138.314020 75148 39854 2809 1589 0 71167 0 1068541
1786143139.319051 75148 42184 2809 1589 0 71167 0 1132078
1786143140.319305 75148 38665 2809 1589 0 71167 0 1138704
1786143141.318275 75148 38941 2809 1589 0 71167 0 1129090
1786143142.319103 75148 39975 2809 1589 0 71167 0 1141342
1786143143.319645 75148 40517 2809 1589 0 71167 0 1153594
1786143144.320527 75148 44707 2809 1589 0 71167 0 1165846
1786143145.322072 75148 42678 2809 1589 0 71167 0 1193850
1786143146.313200 75148 42292 2809 1589 0 71167 0 1178097
1786143147.307476 75148 42663 2809 1589 0 71167 0 1178098
1786143148.323473 75148 43529 2809 1589 0 71167 0 1335729
1786143149.313218 77196 40326 2809 1589 0 73215 0 1140386
1786143150.313836 77196 43267 2809 1589 0 73215 0 1147164
1786143151.322350 77196 44732 2809 1589 0 73215 0 1153936
1786143152.320936 77196 41569 2809 1589 0 73215 0 1172379
1786143153.316361 77196 38251 2809 1589 0 73215 0 1116315
1786143154.320572 77196 41066 2809 1589 0 73215 0 1162621
1786143155.320846 77196 43409 2809 1589 0 73215 0 1167384
1786143156.322060 77196 41249 2809 1589 0 73215 0 1190261
1786143157.320854 77196 43427 2809 1589 0 73215 0 1194156
1786143158.324346 77196 43213 2809 1589 0 73215 0 1224630
1786143159.319421 77196 38771 2809 1589 0 73215 0 1178718
1786143160.324278 77196 42907 2809 1589 0 73215 0 1227013
1786143161.325055 77196 34805 2809 1589 0 73215 0 1239263
1786143162.325556 77196 41256 2809 1589 0 73215 0 1251515
1786143163.327536 77196 43583 2809 1589 0 73215 0 1280287
1786143164.323153 77196 41241 2809 1589 0 73215 0 1263766
1786143165.311172 77196 41347 2809 1589 0 73215 0 1263767
1786143166.311314 77196 41507 2809 1589 0 73215 0 1263768
1786143167.306057 81293 36036 2809 1589 0 77311 0 1211251
1786143168.304851 81293 35607 2809 1589 0 77311 0 1186666
1786143169.304293 81293 35379 2809 1589 0 77311 0 1175110
1786143170.304893 81293 35395 2809 1589 0 77311 0 1187837
1786143171.304711 81293 35491 2809 1589 0 77311 0 1187838
1786143172.304138 81293 34958 2809 1589 0 77311 0 1175231
1786143173.304027 81293 34757 2809 1589 0 77311 0 1168499
1786143174.303851 81293 34852 2809 1589 0 77311 0 1161753
1786143175.303618 81293 34820 2809 1589 0 77311 0 1154805
1786143176.303443 81293 34820 2809 1589 0 77311 0 1154806
1786143177.303200 81293 34820 2809 1589 0 77311 0 1145698
1786143178.302870 81293 34827 2809 1589 0 77311 0 1138759
1786143179.302341 81293 34421 2809 1589 0 77311 0 1131296
1786143180.302459 81293 34612 2809 1589 0 77311 0 1131297
1786143181.301196 81293 34407 2809 1589 0 77311 0 1098389
1786143182.302578 81293 34344 2809 1589 0 77311 0 1134435
1786143183.302605 81293 34285 2809 1589 0 77311 0 1134436
1786143184.302636 81293 34365 2809 1589 0 77311 0 1134437
1786143185.302505 81293 34371 2809 1589 0 77311 0 1134438
1786143186.302691 81293 34371 2809 1589 0 77311 0 1134439
1786143187.302680 81293 34597 2809 1589 0 77311 0 1134440
1786143188.301166 81293 35694 2809 1589 0 77311 0 1105964
1786143189.302250 81293 35259 2809 1589 0 77311 0 1130597
1786143190.302590 81293 35291 2809 1589 0 77311 0 1130598
1786143191.302526 81293 35372 2809 1589 0 77311 0 1130599
1786143192.302595 81293 35372 2809 1589 0 77311 0 1130600
1786143193.302519 81293 35372 2809 1589 0 77311 0 1130600
1786143194.302421 81293 35287 2809 1589 0 77311 0 1130602
1786143195.302591 81293 35287 2809 1589 0 77311 0 1130602
1786143196.302530 81293 35287 2809 1589 0 77311 0 1130603
1786143197.302394 81293 35206 2809 1589 0 77311 0 1130604
1786143198.302693 81293 35206 2809 1589 0 77311 0 1130605
1786143199.302444 81293 35206 2809 1589 0 77311 0 1130606
1786143200.302525 81293 35333 2809 1589 0 77311 0 1127091
1786143201.299106 83853 27590 2809 1589 0 79871 0 1058847
1786143202.299008 83853 27590 2809 1589 0 79871 0 1058848
1786143203.298569 83853 27292 2809 1589 0 79871 0 1049194
1786143204.298219 83853 27292 2809 1589 0 79871 0 1042424
1786143205.298252 83853 27292 2809 1589 0 79871 0 1042425
1786143206.297668 83853 26926 2809 1589 0 79871 0 1029643
1786143207.298565 83853 26591 2809 1589 0 79871 0 1042427
1786143208.298369 83853 26106 2809 1589 0 79871 0 1042428
1786143209.298296 83853 25993 2809 1589 0 79871 0 1042429
1786143210.298323 83853 25993 2809 1589 0 79871 0 1042430
1786143211.298325 83853 26139 2809 1589 0 79871 0 1042430
1786143212.298428 83853 25850 2809 1589 0 79871 0 1042432
1786143213.298271 83853 25850 2809 1589 0 79871 0 1042433
1786143214.298279 83853 25850 2809 1589 0 79871 0 1042433
1786143215.298487 83853 25850 2809 1589 0 79871 0 1042434
1786143216.298400 83853 25850 2809 1589 0 79871 0 1042435
1786143217.296538 83853 27495 2809 1589 0 79871 0 1000971
1786143218.296421 83853 27403 2809 1589 0 79871 0 1000972
1786143219.295393 142734 106978 2825 1589 0 138751 0 976461
1786143220.295413 270222 233954 2825 1589 0 266239 0 976461
1786143221.295380 420750 359906 2825 1589 0 416767 0 976461
1786143222.295285 573838 485858 2825 1589 0 569855 0 976461
1786143223.295409 676238 610786 2825 1589 0 672255 0 976461
1786143224.295364 796046 736226 2825 1589 0 792063 0 976461
1786143225.305226 933262 861666 2825 1589 0 929279 0 976461
1786143226.295244 1097102 987106 2825 1589 0 1093119 0 976461
1786143227.295279 1304975 1072596 2825 1589 0 1300991 0 976461
1786143228.295356 1304975 1072596 2825 1589 0 1300991 0 976461
1786143229.295307 1304975 1072596 2825 1589 0 1300991 0 976461
1786143230.295301 1304975 1072596 2825 1589 0 1300991 0 976461
1786143231.295420 1304975 1072596 2825 1589 0 1300991 0 976461
1786143232.295493 1304975 1072596 2825 1589 0 1300991 0 976461
1786143233.295352 1309072 1072591 2825 1589 0 1305087 0 976461
1786143234.295509 1309072 1072591 2825 1589 0 1305087 0 976461
1786143235.295362 1309072 1072591 2825 1589 0 1305087 0 976461
1786143236.295325 1309072 1072591 2825 1589 0 1305087 0 976461
1786143237.295354 1309072 1072591 2825 1589 0 1305087 0 976461
1786143238.295370 1309072 1072591 2825 1589 0 1305087 0 976461
1786143239.295576 1313169 1072592 2825 1589 0 1309183 0 976461
1786143240.295310 1313169 1072592 2825 1589 0 1309183 0 976461
1786143241.295561 1313169 1072592 2825 1589 0 1309183 0 976461
1786143242.295516 1313169 1072592 2825 1589 0 1309183 0 976461
1786143243.295397 1313169 1072592 2825 1589 0 1309183 0 976461
1786143244.295496 1313169 1072592 2825 1589 0 1309183 0 976461
1786143245.295315 1313169 1072592 2825 1589 0 1309183 0 976461
1786143246.295324 1313169 1072592 2825 1589 0 1309183 0 976461
1786143247.295576 1313169 1072592 2825 1589 0 1309183 0 976461
1786143248.295467 1313169 1072592 2825 1589 0 1309183 0 976461
1786143249.295435 1313169 1072592 2825 1589 0 1309183 0 976461
1786143250.295378 1313169 1072592 2825 1589 0 1309183 0 976461
1786143251.295190 1313169 1072592 2825 1589 0 1309183 0 976461
1786143252.295373 1313169 1072592 2825 1589 0 1309183 0 976461
1786143253.295414 1313169 1072592 2825 1589 0 1309183 0 976461
1786143254.295341 1313169 1072592 2825 1589 0 1309183 0 976461
1786143255.295396 1313169 1072592 2825 1589 0 1309183 0 976461
1786143256.295401 1313169 1072592 2825 1589 0 1309183 0 976461
1786143257.295420 1313169 1072592 2825 1589 0 1309183 0 976461
1786143258.295478 1313169 1072592 2825 1589 0 1309183 0 976461
1786143259.295493 1313169 1072592 2825 1589 0 1309183 0 976461
1786143260.295411 1313169 1072592 2825 1589 0 1309183 0 976461
1786143261.295412 1313169 1072592 2825 1589 0 1309183 0 976461
1786143262.295269 1313169 1072592 2825 1589 0 1309183 0 976461
1786143263.295246 1313169 1072592 2825 1589 0 1309183 0 976461
1786143264.295481 1313169 1072592 2825 1589 0 1309183 0 976461
1786143265.295456 1313169 1072592 2825 1589 0 1309183 0 976461
1786143266.295370 1313169 1072592 2825 1589 0 1309183 0 976461
1786143267.295390 1313169 1072592 2825 1589 0 1309183 0 976461
1786143268.295549 1313169 1072592 2825 1589 0 1309183 0 976461
1786143269.295473 1313169 1072592 2825 1589 0 1309183 0 976461
1786143270.295282 1313169 1072592 2825 1589 0 1309183 0 976461
1786143271.295421 1313169 1072592 2825 1589 0 1309183 0 976461
1786143272.295505 1313169 1072592 2825 1589 0 1309183 0 976461
1786143273.295260 1313169 1072592 2825 1589 0 1309183 0 976461
1786143274.295431 1313169 1072592 2825 1589 0 1309183 0 976461
1786143275.295481 1313169 1072592 2825 1589 0 1309183 0 976461
1786143276.295536 1313169 1072592 2825 1589 0 1309183 0 976461
1786143277.295369 1313169 1072592 2825 1589 0 1309183 0 976461
1786143278.295178 1313169 1072592 2825 1589 0 1309183 0 976461
1786143279.295336 1313169 1072592 2825 1589 0 1309183 0 976461
1786143280.301400 1313169 1072592 2825 1589 0 1309183 0 976461
1786143281.295487 1313169 1072592 2825 1589 0 1309183 0 976461
1786143282.295497 1313169 1072592 2825 1589 0 1309183 0 976461
1786143283.295410 1313169 1072592 2825 1589 0 1309183 0 976461
1786143284.295427 1313169 1072592 2825 1589 0 1309183 0 976461
1786143285.295417 1313169 1072592 2825 1589 0 1309183 0 976461
1786143286.295304 1313169 1072592 2825 1589 0 1309183 0 976461
1786143287.295358 1313169 1072592 2825 1589 0 1309183 0 976461
1786143288.295469 1313169 1072592 2825 1589 0 1309183 0 976461
1786143289.295499 1313169 1072592 2825 1589 0 1309183 0 976461
1786143290.295383 1313169 1072592 2825 1589 0 1309183 0 976461
1786143291.295426 1313169 1072592 2825 1589 0 1309183 0 976461
1786143292.295477 1313169 1072592 2825 1589 0 1309183 0 976461
1786143293.295563 1313169 1072592 2825 1589 0 1309183 0 976461
1786143294.295357 1313169 1072592 2825 1589 0 1309183 0 976461
1786143295.295387 1313169 1072592 2825 1589 0 1309183 0 976461
1786143296.295335 1313169 1072592 2825 1589 0 1309183 0 976461
1786143297.295545 1313169 1072592 2825 1589 0 1309183 0 976461
1786143298.295496 1313169 1072592 2825 1589 0 1309183 0 976461
1786143299.295433 1313169 1072592 2825 1589 0 1309183 0 976461
1786143300.295361 1313169 1072592 2825 1589 0 1309183 0 976461
1786143301.295293 1313169 1072592 2825 1589 0 1309183 0 976461
1786143302.295534 1313169 1072592 2825 1589 0 1309183 0 976461
1786143303.295347 1313169 1072592 2825 1589 0 1309183 0 976461
1786143304.295352 1313169 1072592 2825 1589 0 1309183 0 976461
1786143305.295442 1313169 1072592 2825 1589 0 1309183 0 976461
1786143306.295471 1313169 1072592 2825 1589 0 1309183 0 976461
1786143307.295335 1313169 1072592 2825 1589 0 1309183 0 976461
1786143308.295400 1313169 1072592 2825 1589 0 1309183 0 976461
1786143309.295121 1313169 1072592 2825 1589 0 1309183 0 976461
1786143310.295282 1313169 1072592 2825 1589 0 1309183 0 976461
1786143311.295209 1313169 1072606 2825 1589 0 1309183 0 976461
1786143312.295333 1313169 1072606 2825 1589 0 1309183 0 976461
1786143313.296010 1313169 1072606 2825 1589 0 1309183 0 976461
1786143314.295470 1313169 1072606 2825 1589 0 1309183 0 976461
1786143315.295457 1313169 1072606 2825 1589 0 1309183 0 976461
1786143316.295464 1313169 1072606 2825 1589 0 1309183 0 976461
1786143317.295452 1313169 1072606 2825 1589 0 1309183 0 976461
1786143318.295478 1313169 1072606 2825 1589 0 1309183 0 976461
1786143319.296597 1313169 1072606 2825 1589 0 1309183 0 976461
1786143320.295308 1313169 1072606 2825 1589 0 1309183 0 976461
1786143321.295550 1313169 1072606 2825 1589 0 1309183 0 976461
1786143322.295506 1313169 1072606 2825 1589 0 1309183 0 976461
1786143323.295520 1313169 1072606 2825 1589 0 1309183 0 976461
1786143324.295372 1313169 1072606 2825 1589 0 1309183 0 976461
1786143325.296444 1313169 1072606 2825 1589 0 1309183 0 976461
1786143326.295432 1313169 1072606 2825 1589 0 1309183 0 976461
1786143327.295389 1313169 1072606 2825 1589 0 1309183 0 976461
1786143328.295330 1313169 1072606 2825 1589 0 1309183 0 976461
1786143329.295453 1313169 1072606 2825 1589 0 1309183 0 976461
1786143330.295492 1313169 1072606 2825 1589 0 1309183 0 976461
1786143331.296535 1313169 1072606 2825 1589 0 1309183 0 976461
1786143332.295445 1313169 1072606 2825 1589 0 1309183 0 976461
1786143333.295462 1313169 1072606 2825 1589 0 1309183 0 976461
1786143334.295432 1313169 1072606 2825 1589 0 1309183 0 976461
1786143335.295425 1313169 1072606 2825 1589 0 1309183 0 976461
1786143336.295336 1313169 1072606 2825 1589 0 1309183 0 976461
1786143337.296227 1313169 1072606 2825 1589 0 1309183 0 976461
1786143338.295523 1313169 1072606 2825 1589 0 1309183 0 976461
1786143339.295507 1313169 1072606 2825 1589 0 1309183 0 976461
1786143340.295400 1313169 1072606 2825 1589 0 1309183 0 976461
1786143341.295434 1313169 1072606 2825 1589 0 1309183 0 976461
1786143342.295411 1313169 1072606 2825 1589 0 1309183 0 976461
1786143343.295505 1313169 1072606 2825 1589 0 1309183 0 976461
1786143344.295316 1313169 1072606 2825 1589 0 1309183 0 976461
1786143345.295567 1313169 1072606 2825 1589 0 1309183 0 976461
1786143346.295462 1313169 1072606 2825 1589 0 1309183 0 976461
1786143347.295407 1313169 1072606 2825 1589 0 1309183 0 976461
1786143348.295383 1313169 1072606 2825 1589 0 1309183 0 976461
1786143349.295442 1313169 1072606 2825 1589 0 1309183 0 976461
1786143350.295426 1313169 1072606 2825 1589 0 1309183 0 976461
1786143351.295516 1313169 1072606 2825 1589 0 1309183 0 976461
1786143352.295462 1313169 1072606 2825 1589 0 1309183 0 976461
1786143353.295609 1313169 1072606 2825 1589 0 1309183 0 976461
1786143354.295600 1313169 1072606 2825 1589 0 1309183 0 976461
1786143355.295338 1313169 1072606 2825 1589 0 1309183 0 976461
1786143356.295426 1313169 1072606 2825 1589 0 1309183 0 976461
1786143357.295594 1313169 1072606 2825 1589 0 1309183 0 976461
1786143358.295428 1313169 1072606 2825 1589 0 1309183 0 976461
1786143359.295396 1313169 1072606 2825 1589 0 1309183 0 976461
1786143360.295526 1313169 1072606 2825 1589 0 1309183 0 976461
1786143361.295394 1313169 1072606 2825 1589 0 1309183 0 976461
1786143362.295586 1313169 1072606 2825 1589 0 1309183 0 976461
1786143363.295587 1313169 1072606 2825 1589 0 1309183 0 976461
1786143364.295563 1313169 1072606 2825 1589 0 1309183 0 976461
1786143365.295607 1313169 1072606 2825 1589 0 1309183 0 976461
1786143366.295566 1313169 1072606 2825 1589 0 1309183 0 976461
1786143367.295480 1313169 1072606 2825 1589 0 1309183 0 976461
1786143368.295267 1313169 1072606 2825 1589 0 1309183 0 976461
1786143369.295310 1313169 1072606 2825 1589 0 1309183 0 976461
1786143370.295814 1313169 1072606 2825 1589 0 1309183 0 976461
1786143371.295552 1313169 1072606 2825 1589 0 1309183 0 976461
1786143372.295739 1313169 1072606 2825 1589 0 1309183 0 976461
1786143373.295546 1313169 1072606 2825 1589 0 1309183 0 976461
1786143374.295556 1313169 1072606 2825 1589 0 1309183 0 976461
1786143375.295557 1313169 1072606 2825 1589 0 1309183 0 976461
1786143376.295484 1313169 1072606 2825 1589 0 1309183 0 976461
1786143377.295444 1313169 1072606 2825 1589 0 1309183 0 976461
1786143378.295472 1313169 1072606 2825 1589 0 1309183 0 976461
1786143379.295489 1313169 1072606 2825 1589 0 1309183 0 976461
1786143380.295418 1313169 1072606 2825 1589 0 1309183 0 976461
1786143381.295405 1313169 1072606 2825 1589 0 1309183 0 976461
1786143382.295469 1313169 1072606 2825 1589 0 1309183 0 976461
1786143383.295419 1313169 1072606 2825 1589 0 1309183 0 976461
1786143384.295402 1313169 1072606 2825 1589 0 1309183 0 976461
1786143385.295323 1313169 1072606 2825 1589 0 1309183 0 976461
1786143386.295500 1313169 1072606 2825 1589 0 1309183 0 976461
1786143387.295442 1313169 1072606 2825 1589 0 1309183 0 976461
1786143388.295501 1313169 1072606 2825 1589 0 1309183 0 976461
1786143389.295512 1313169 1072606 2825 1589 0 1309183 0 976461
1786143390.295419 1313169 1072606 2825 1589 0 1309183 0 976461
1786143391.295370 1313169 1072606 2825 1589 0 1309183 0 976461
1786143392.295370 1313169 1072606 2825 1589 0 1309183 0 976461
1786143393.295425 1313169 1072606 2825 1589 0 1309183 0 976461
1786143394.295558 1313169 1072606 2825 1589 0 1309183 0 976461
1786143395.295572 1313169 1072606 2825 1589 0 1309183 0 976461
1786143396.295514 1313169 1072606 2825 1589 0 1309183 0 976461
1786143397.295461 1313169 1072606 2825 1589 0 1309183 0 976461
1786143398.295437 1313169 1072606 2825 1589 0 1309183 0 976461
1786143399.295368 1313169 1072606 2825 1589 0 1309183 0 976461
1786143400.295353 1313169 1072606 2825 1589 0 1309183 0 976461
1786143401.295294 1313169 1072606 2825 1589 0 1309183 0 976461
1786143402.295720 1313169 1072606 2825 1589 0 1309183 0 976461
1786143403.295454 1313169 1072606 2825 1589 0 1309183 0 976461
1786143404.295457 1313169 1072606 2825 1589 0 1309183 0 976461
1786143405.295507 1313169 1072606 2825 1589 0 1309183 0 976461
1786143406.295478 1313169 1072606 2825 1589 0 1309183 0 976461
1786143407.295402 1313169 1072606 2825 1589 0 1309183 0 976461
1786143408.295374 1313169 1072606 2825 1589 0 1309183 0 976461
1786143409.295279 1313169 1072606 2825 1589 0 1309183 0 976461
1786143410.295330 1313169 1072606 2825 1589 0 1309183 0 976461
1786143411.295501 1313169 1072606 2825 1589 0 1309183 0 976461
1786143412.295425 1313169 1072606 2825 1589 0 1309183 0 976461
1786143413.295556 1313169 1072606 2825 1589 0 1309183 0 976461
1786143414.295513 1313169 1072606 2825 1589 0 1309183 0 976461
1786143415.295409 1313169 1072606 2825 1589 0 1309183 0 976461
1786143416.295403 1313169 1072606 2825 1589 0 1309183 0 976461
1786143417.295241 1313169 1072606 2825 1589 0 1309183 0 976461
1786143418.295295 1313169 1072606 2825 1589 0 1309183 0 976461
1786143419.295437 1313169 1072606 2825 1589 0 1309183 0 976461
1786143420.295445 1313169 1072606 2825 1589 0 1309183 0 976461
1786143421.295460 1313169 1072606 2825 1589 0 1309183 0 976461
1786143422.295358 1313169 1072606 2825 1589 0 1309183 0 976461
1786143423.295452 1313169 1072606 2825 1589 0 1309183 0 976461
1786143424.295405 1313169 1072606 2825 1589 0 1309183 0 976461
1786143425.295418 1313169 1072606 2825 1589 0 1309183 0 976461
1786143426.295289 1313169 1072606 2825 1589 0 1309183 0 976461
1786143427.295478 1313169 1072606 2825 1589 0 1309183 0 976461
1786143428.295424 1313169 1072606 2825 1589 0 1309183 0 976461
1786143429.295414 1313169 1072606 2825 1589 0 1309183 0 976461
1786143430.295432 1313169 1072606 2825 1589 0 1309183 0 976461
1786143431.295182 1313169 1072606 2825 1589 0 1309183 0 976461
1786143432.295256 1313169 1072606 2825 1589 0 1309183 0 976461
1786143433.295331 1313169 1072606 2825 1589 0 1309183 0 976461
1786143434.295207 1313169 1072606 2825 1589 0 1309183 0 976461
1786143435.295489 1313169 1072606 2825 1589 0 1309183 0 976461
1786143436.295540 1313169 1072606 2825 1589 0 1309183 0 976461
1786143437.295198 1313169 1072606 2825 1589 0 1309183 0 976461
1786143438.295363 1313169 1072606 2825 1589 0 1309183 0 976461
1786143439.296555 1313169 1072606 2825 1589 0 1309183 0 976461
1786143440.295335 1313169 1072606 2825 1589 0 1309183 0 976461
1786143441.295303 1313169 1072606 2825 1589 0 1309183 0 976461
1786143442.295331 1313169 1072606 2825 1589 0 1309183 0 976461
1786143443.295422 1313169 1072606 2825 1589 0 1309183 0 976461
1786143444.295382 1313169 1072606 2825 1589 0 1309183 0 976461
1786143445.295391 1313169 1072606 2825 1589 0 1309183 0 976461
1786143446.295411 1313169 1072606 2825 1589 0 1309183 0 976461
1786143447.295411 1313169 1072606 2825 1589 0 1309183 0 976461
1786143448.295442 1313169 1072606 2825 1589 0 1309183 0 976461
1786143449.295423 1313169 1072606 2825 1589 0 1309183 0 976461
1786143450.295356 1313169 1072606 2825 1589 0 1309183 0 976461
1786143451.295523 1313169 1072606 2825 1589 0 1309183 0 976461
1786143452.295448 1313169 1072606 2825 1589 0 1309183 0 976461
1786143453.295481 1313169 1072606 2825 1589 0 1309183 0 976461
1786143454.295492 1313169 1072606 2825 1589 0 1309183 0 976461
1786143455.295442 1313169 1072606 2825 1589 0 1309183 0 976461
1786143456.295407 1313169 1072606 2825 1589 0 1309183 0 976461
1786143457.295530 1313169 1072606 2825 1589 0 1309183 0 976461
1786143458.295356 1313169 1072606 2825 1589 0 1309183 0 976461
1786143459.295404 1313169 1072606 2825 1589 0 1309183 0 976461
1786143460.295493 1313169 1072606 2825 1589 0 1309183 0 976461
1786143461.295464 1313169 1072606 2825 1589 0 1309183 0 976461
1786143462.295330 1313169 1072606 2825 1589 0 1309183 0 976461
1786143463.295482 1313169 1072606 2825 1589 0 1309183 0 976461
1786143464.295374 1313169 1072606 2825 1589 0 1309183 0 976461
1786143465.295260 1313169 1072606 2825 1589 0 1309183 0 976461
1786143466.295238 1313169 1072606 2825 1589 0 1309183 0 976461
1786143467.295235 1313169 1072606 2825 1589 0 1309183 0 976461
1786143468.295416 1313169 1072606 2825 1589 0 1309183 0 976461
1786143469.295435 1313169 1072606 2825 1589 0 1309183 0 976461
1786143470.295399 1313169 1072606 2825 1589 0 1309183 0 976461
1786143471.295342 1313169 1072606 2825 1589 0 1309183 0 976461
1786143472.295400 1313169 1072606 2825 1589 0 1309183 0 976461
1786143473.295439 1313169 1072606 2825 1589 0 1309183 0 976461
1786143474.295364 1313169 1072606 2825 1589 0 1309183 0 976461
1786143475.295483 1313169 1072606 2825 1589 0 1309183 0 976461
1786143476.295419 1313169 1072606 2825 1589 0 1309183 0 976461
1786143477.295521 1313169 1072606 2825 1589 0 1309183 0 976461
1786143478.295441 1313169 1072606 2825 1589 0 1309183 0 976461
1786143479.295341 1313169 1072606 2825 1589 0 1309183 0 976461
1786143480.295319 1313169 1072606 2825 1589 0 1309183 0 976461
1786143481.295375 1313169 1072606 2825 1589 0 1309183 0 976461
1786143482.295432 1313169 1072606 2825 1589 0 1309183 0 976461
1786143483.295385 1313169 1072606 2825 1589 0 1309183 0 976461
1786143484.295460 1313169 1072606 2825 1589 0 1309183 0 976461
1786143485.295553 1313169 1072606 2825 1589 0 1309183 0 976461
1786143486.295380 1313169 1072606 2825 1589 0 1309183 0 976461
1786143487.295578 1313169 1072606 2825 1589 0 1309183 0 976461
1786143488.295400 1313169 1072606 2825 1589 0 1309183 0 976461
1786143489.295434 1313169 1072606 2825 1589 0 1309183 0 976461
1786143490.295305 1313169 1072606 2825 1589 0 1309183 0 976461
1786143491.295362 1313169 1072606 2825 1589 0 1309183 0 976461
1786143492.295484 1313169 1072606 2825 1589 0 1309183 0 976461
1786143493.295507 1313169 1072606 2825 1589 0 1309183 0 976461
1786143494.295432 1313169 1072606 2825 1589 0 1309183 0 976461
1786143495.295407 1313169 1072606 2825 1589 0 1309183 0 976461
1786143496.295312 1313169 1072606 2825 1589 0 1309183 0 976461
1786143497.295317 1313169 1072606 2825 1589 0 1309183 0 976461
1786143498.295232 1313169 1072606 2825 1589 0 1309183 0 976461
1786143499.295338 1313169 1072606 2825 1589 0 1309183 0 976461
1786143500.295360 1313169 1072606 2825 1589 0 1309183 0 976461
1786143501.295453 1313169 1072606 2825 1589 0 1309183 0 976461
1786143502.295497 1313169 1072606 2825 1589 0 1309183 0 976461
1786143503.295434 1313169 1072606 2825 1589 0 1309183 0 976461
1786143504.295460 1313169 1072606 2825 1589 0 1309183 0 976461
1786143505.295343 1313169 1072606 2825 1589 0 1309183 0 976461
1786143506.295300 1313169 1072606 2825 1589 0 1309183 0 976461
1786143507.295279 1313169 1072606 2825 1589 0 1309183 0 976461
1786143508.295508 1313169 1072606 2825 1589 0 1309183 0 976461
1786143509.295456 1313169 1072606 2825 1589 0 1309183 0 976461
1786143510.295469 1313169 1072606 2825 1589 0 1309183 0 976461
1786143511.295449 1313169 1072606 2825 1589 0 1309183 0 976461
1786143512.295737 1313169 1072606 2825 1589 0 1309183 0 976461
1786143513.295278 1313169 1072606 2825 1589 0 1309183 0 976461
1786143514.295230 1313169 1072606 2825 1589 0 1309183 0 976461
1786143515.295353 1313169 1072606 2825 1589 0 1309183 0 976461
1786143516.295272 1313169 1072606 2825 1589 0 1309183 0 976461
1786143517.295549 1313169 1072606 2825 1589 0 1309183 0 976461
1786143518.295377 1313169 1072606 2825 1589 0 1309183 0 976461
1786143519.295382 1313169 1072606 2825 1589 0 1309183 0 976461
1786143520.295139 1313169 1072606 2825 1589 0 1309183 0 976461
1786143521.295252 1313169 1072606 2825 1589 0 1309183 0 976461
1786143522.295348 1313169 1072606 2825 1589 0 1309183 0 976461
1786143523.295493 1313169 1072606 2825 1589 0 1309183 0 976461
1786143524.295363 1313169 1072606 2825 1589 0 1309183 0 976461
1786143525.295499 1313169 1072606 2825 1589 0 1309183 0 976461
1786143526.295466 1313169 1072606 2825 1589 0 1309183 0 976461
1786143527.295516 1313169 1072606 2825 1589 0 1309183 0 976461
1786143528.295457 1313169 1072606 2825 1589 0 1309183 0 976461
1786143529.295459 1313169 1072606 2825 1589 0 1309183 0 976461
1786143530.295410 1313169 1072606 2825 1589 0 1309183 0 976461
1786143531.295353 1313169 1072606 2825 1589 0 1309183 0 976461
1786143532.295359 1313169 1072606 2825 1589 0 1309183 0 976461
1786143533.295429 1313169 1072606 2825 1589 0 1309183 0 976461
1786143534.295488 1313169 1072606 2825 1589 0 1309183 0 976461
1786143535.295445 1313169 1072606 2825 1589 0 1309183 0 976461
1786143536.295469 1313169 1072606 2825 1589 0 1309183 0 976461
