# start_epoch=1786701292.289317  page_size=4096  cachestat=ok  fields=size,resident,shared,text,lib,data,dt,pagecache
1786701293.290573 439355 25720 3057 2101 0 434762 0 19056
1786701294.291232 452802 29520 3257 2101 0 448202 0 31223
1786701295.291682 453570 34377 3257 2101 0 448970 0 43390
1786701296.293283 453570 34377 3257 2101 0 448970 0 65509
1786701297.292873 453570 30854 3326 2101 0 448970 0 55576
1786701298.295136 454217 33261 3349 2101 0 449610 0 85765
1786701299.294659 454217 33294 3349 2101 0 449610 0 85766
1786701300.294245 454217 33031 3349 2101 0 449610 0 78727
1786701301.294979 454217 34326 3349 2101 0 449610 0 90894
1786701302.295813 454217 33218 3349 2101 0 449610 0 111733
1786701303.295778 454217 31745 3349 2101 0 449610 0 103063
1786701304.297493 454985 34052 3349 2101 0 450378 0 133253
1786701305.310932 454985 36087 3349 2101 0 450378 0 157933
1786701306.298247 454985 34015 3349 2101 0 450378 0 145424
1786701307.298997 454985 26915 3349 2101 0 450378 0 157592
1786701308.298695 454985 36249 3349 2101 0 450378 0 163209
1786701309.296027 454985 31944 3349 2101 0 450378 0 147625
1786701310.301100 455881 33392 3349 2101 0 451274 0 195839
1786701311.301923 455881 35255 3349 2101 0 451274 0 208009
1786701312.300253 455881 36454 3349 2101 0 451274 0 196390
1786701313.297541 455881 33887 3349 2101 0 451274 0 181317
1786701314.298057 455881 35460 3349 2101 0 451274 0 193484
1786701315.303822 455881 32614 3349 2101 0 451274 0 241697
1786701316.305626 455881 35169 3349 2101 0 451274 0 263817
1786701317.304633 455881 29820 3349 2101 0 451274 0 253867
1786701318.304141 455881 33030 3349 2101 0 451274 0 244740
1786701319.299643 455881 36368 3349 2101 0 451274 0 236916
1786701320.304005 455881 36368 3349 2101 0 451274 0 258140
1786701321.306411 456905 33152 3349 2101 0 452298 0 285130
1786701322.307124 456905 39836 3349 2101 0 452298 0 297295
1786701323.307910 456905 30341 3349 2101 0 452298 0 309465
1786701324.310650 456905 40791 3349 2101 0 452298 0 298546
1786701325.308506 457801 38999 3349 2101 0 453194 0 325019
1786701326.307828 457801 32951 3349 2101 0 453194 0 307871
1786701327.309440 457801 36933 3349 2101 0 453194 0 335209
1786701328.310140 457801 35445 3349 2101 0 453194 0 347378
1786701329.311615 457801 36894 3349 2101 0 453194 0 373593
1786701330.309598 457801 39725 3349 2101 0 453194 0 336716
1786701331.310297 457801 35306 3349 2101 0 453194 0 348885
1786701332.310678 457801 38900 3349 2101 0 453194 0 356320
1786701333.311319 457801 39439 3349 2101 0 453194 0 368490
1786701334.313460 457801 35841 3349 2101 0 453194 0 403331
1786701335.312878 457801 32826 3349 2101 0 453194 0 392868
1786701336.313501 457801 35238 3349 2101 0 453194 0 405037
1786701337.312731 457801 36831 3349 2101 0 453194 0 391601
1786701338.315053 457801 37271 3349 2101 0 453194 0 448289
1786701339.312617 459081 35682 3349 2101 0 454474 0 394807
1786701340.312086 459081 37996 3349 2101 0 454474 0 393908
1786701341.315407 459081 36067 3349 2101 0 454474 0 438250
1786701342.316936 459081 38120 3349 2101 0 454474 0 464978
1786701343.316059 459081 35184 3349 2101 0 454474 0 446792
1786701344.315358 459081 36513 3349 2101 0 454474 0 436384
1786701345.315966 459081 36130 3349 2101 0 454474 0 445275
1786701346.318611 459081 39700 3349 2101 0 454474 0 488290
1786701347.318862 459081 38228 3349 2101 0 454474 0 492010
1786701348.318338 459081 35997 3349 2101 0 454474 0 482827
1786701349.318728 459081 36953 3349 2101 0 454474 0 494995
1786701350.319535 459081 39806 3349 2101 0 454474 0 498908
1786701351.317977 459081 35182 3349 2101 0 454474 0 476997
1786701352.318473 459081 36366 3349 2101 0 454474 0 485678
1786701353.319981 459081 35798 3349 2101 0 454474 0 512375
1786701354.321793 459081 38360 3349 2101 0 454474 0 537054
1786701355.320763 459081 39049 3349 2101 0 454474 0 524541
1786701356.321622 459081 37004 3349 2101 0 454474 0 536709
1786701357.320702 459081 40833 3349 2101 0 454474 0 522966
1786701358.323030 459081 40837 3349 2101 0 454474 0 543870
1786701359.320552 459081 33560 3349 2101 0 454474 0 522661
1786701360.322185 459081 36496 3349 2101 0 454474 0 548297
1786701361.321647 459081 34496 3349 2101 0 454474 0 556762
1786701362.324463 460617 37858 3349 2101 0 456010 0 583609
1786701363.321276 460617 38896 3349 2101 0 456010 0 553247
1786701364.322056 460617 34066 3349 2101 0 456010 0 567156
1786701365.323359 460617 37357 3349 2101 0 456010 0 568642
1786701366.323595 460617 35294 3349 2101 0 456010 0 573153
1786701367.325442 460617 39401 3349 2101 0 456010 0 599881
1786701368.325416 460617 39108 3349 2101 0 456010 0 612133
1786701369.325449 460617 35332 3349 2101 0 456010 0 603975
1786701370.323915 460617 41500 3349 2101 0 456010 0 596874
1786701371.326886 460617 35149 3349 2101 0 456010 0 628314
1786701372.328646 460617 38817 3349 2101 0 456010 0 653251
1786701373.324188 460617 41211 3349 2101 0 456010 0 593057
1786701374.326619 460617 35157 3349 2101 0 456010 0 623248
1786701375.326523 460617 41582 3349 2101 0 456010 0 623247
1786701376.319311 464714 31396 3349 2101 0 460106 0 612212
1786701377.316365 464714 31410 3349 2101 0 460106 0 622803
1786701378.327646 464714 31439 3349 2101 0 460106 0 619298
1786701379.316174 464714 31301 3349 2101 0 460106 0 619878
1786701380.316142 464714 31108 3349 2101 0 460106 0 622806
1786701381.315204 464714 31136 3349 2101 0 460106 0 586762
1786701382.316086 464714 31137 3349 2101 0 460106 0 622808
1786701383.314925 464714 30464 3349 2101 0 460106 0 590796
1786701384.316326 464714 30817 3349 2101 0 460106 0 625916
1786701385.316540 464714 30561 3349 2101 0 460106 0 625917
1786701386.316229 464714 30788 3349 2101 0 460106 0 625918
1786701387.316454 464714 30797 3349 2101 0 460106 0 625919
1786701388.316196 464714 30797 3349 2101 0 460106 0 625919
1786701389.316572 464714 30752 3349 2101 0 460106 0 625920
1786701390.316595 464714 30794 3349 2101 0 460106 0 625921
1786701391.316480 464714 30799 3349 2101 0 460106 0 625922
1786701392.325174 464714 30706 3349 2101 0 460106 0 625923
1786701393.312404 464714 31479 3349 2101 0 460106 0 531697
1786701394.312446 464714 31479 3349 2101 0 460106 0 531698
1786701395.312360 464714 31479 3349 2101 0 460106 0 531699
1786701396.312369 464714 31990 3349 2101 0 460106 0 531700
1786701397.312271 464714 31777 3349 2101 0 460106 0 531701
1786701398.312617 464714 31404 3349 2101 0 460106 0 531702
1786701399.310600 483154 55596 3388 2101 0 478538 0 488745
1786701400.310569 593234 156004 3388 2101 0 588618 0 488745
1786701401.310493 698194 254221 3388 2101 0 693578 0 488745
1786701402.310429 809810 351748 3388 2101 0 805194 0 488745
1786701403.310495 878930 447039 3388 2101 0 874314 0 488745
1786701404.310502 964946 544224 3388 2101 0 960330 0 488745
1786701405.313921 969043 553564 3388 2101 0 964426 0 488745
1786701406.310611 969043 553564 3388 2101 0 964426 0 488745
1786701407.310568 969043 554028 3388 2101 0 964426 0 488745
1786701408.310687 969043 554028 3388 2101 0 964426 0 488745
1786701409.310466 973140 554015 3388 2101 0 968522 0 488745
1786701410.310560 973140 554015 3388 2101 0 968522 0 488745
1786701411.310631 973140 554015 3388 2101 0 968522 0 488745
1786701412.310599 977230 554008 3381 2101 0 972618 0 488745
1786701413.310475 977230 554008 3381 2101 0 972618 0 488745
1786701414.310580 977230 554008 3381 2101 0 972618 0 488745
1786701415.310975 977230 554008 3381 2101 0 972618 0 488745
1786701416.310542 977230 554008 3381 2101 0 972618 0 488745
1786701417.310496 977230 554008 3381 2101 0 972618 0 488745
1786701418.310583 977230 554008 3381 2101 0 972618 0 488745
1786701419.310448 977230 554008 3381 2101 0 972618 0 488745
1786701420.310589 977230 554008 3381 2101 0 972618 0 488745
1786701421.310416 977230 554008 3381 2101 0 972618 0 488745
1786701422.310552 977230 554008 3381 2101 0 972618 0 488745
1786701423.310350 977230 554008 3381 2101 0 972618 0 488745
1786701424.310520 977230 554008 3381 2101 0 972618 0 488745
1786701425.310722 977230 554008 3381 2101 0 972618 0 488745
1786701426.310574 977230 554008 3381 2101 0 972618 0 488745
1786701427.310517 977230 554456 3381 2101 0 972618 0 488745
1786701428.310495 977230 554456 3381 2101 0 972618 0 488745
1786701429.310444 977230 554456 3381 2101 0 972618 0 488745
1786701430.310465 977230 554456 3381 2101 0 972618 0 488745
1786701431.310447 977230 554456 3381 2101 0 972618 0 488745
1786701432.310596 977230 554456 3381 2101 0 972618 0 488745
1786701433.310585 977230 554456 3381 2101 0 972618 0 488745
1786701434.310568 977230 554456 3381 2101 0 972618 0 488745
1786701435.310585 977230 554456 3381 2101 0 972618 0 488745
1786701436.310560 977230 554456 3381 2101 0 972618 0 488745
1786701437.310500 977230 554888 3381 2101 0 972618 0 488745
1786701438.310412 977230 554888 3381 2101 0 972618 0 488745
1786701439.310582 977230 554888 3381 2101 0 972618 0 488745
1786701440.310274 977230 554888 3381 2101 0 972618 0 488745
1786701441.310625 977230 554888 3381 2101 0 972618 0 488745
1786701442.310509 977230 554888 3381 2101 0 972618 0 488745
1786701443.310612 977230 554888 3381 2101 0 972618 0 488745
1786701444.318373 977230 554888 3381 2101 0 972618 0 488745
1786701445.310406 977230 554888 3381 2101 0 972618 0 488745
1786701446.310553 977230 554888 3381 2101 0 972618 0 488745
1786701447.310416 977230 554888 3381 2101 0 972618 0 488745
1786701448.310306 977230 554888 3381 2101 0 972618 0 488745
1786701449.310427 977230 554888 3381 2101 0 972618 0 488745
1786701450.310518 977230 554888 3381 2101 0 972618 0 488745
1786701451.310537 977230 554888 3381 2101 0 972618 0 488745
1786701452.310762 977230 554888 3381 2101 0 972618 0 488745
1786701453.310540 977230 554888 3381 2101 0 972618 0 488745
1786701454.310616 977230 554888 3381 2101 0 972618 0 488745
1786701455.310517 977230 554888 3381 2101 0 972618 0 488745
1786701456.310316 977230 554888 3381 2101 0 972618 0 488745
1786701457.310338 977230 554888 3381 2101 0 972618 0 488745
1786701458.310601 977230 555304 3381 2101 0 972618 0 488745
1786701459.310444 977230 555304 3381 2101 0 972618 0 488745
1786701460.310628 977230 555304 3381 2101 0 972618 0 488745
1786701461.310528 977230 555304 3381 2101 0 972618 0 488745
1786701462.310428 977230 555304 3381 2101 0 972618 0 488745
1786701463.310396 977230 555304 3381 2101 0 972618 0 488745
1786701464.310281 977230 555304 3381 2101 0 972618 0 488745
1786701465.310365 977230 555304 3381 2101 0 972618 0 488745
1786701466.310617 977230 555304 3381 2101 0 972618 0 488745
1786701467.310538 977230 555304 3381 2101 0 972618 0 488745
1786701468.310601 977230 555704 3381 2101 0 972618 0 488745
1786701469.310642 977230 555704 3381 2101 0 972618 0 488745
1786701470.310463 977230 555704 3381 2101 0 972618 0 488745
1786701471.310395 977230 555704 3381 2101 0 972618 0 488745
1786701472.310439 977230 555704 3381 2101 0 972618 0 488745
1786701473.310344 977230 555704 3381 2101 0 972618 0 488745
1786701474.310308 977230 555704 3381 2101 0 972618 0 488745
1786701475.310343 977230 555704 3381 2101 0 972618 0 488745
1786701476.310488 977230 555704 3381 2101 0 972618 0 488745
1786701477.310473 977230 555704 3381 2101 0 972618 0 488745
1786701478.310429 977230 555704 3381 2101 0 972618 0 488745
1786701479.310598 977230 555704 3381 2101 0 972618 0 488745
1786701480.310421 977230 555704 3381 2101 0 972618 0 488745
1786701481.310486 977230 555704 3381 2101 0 972618 0 488745
1786701482.310348 977230 555704 3381 2101 0 972618 0 488745
1786701483.310380 977230 555704 3381 2101 0 972618 0 488745
1786701484.310745 977230 555704 3381 2101 0 972618 0 488745
1786701485.310474 977230 555704 3381 2101 0 972618 0 488745
1786701486.310517 977230 555704 3381 2101 0 972618 0 488745
1786701487.310508 977230 555704 3381 2101 0 972618 0 488745
1786701488.310447 977230 555704 3381 2101 0 972618 0 488745
1786701489.310484 977230 556088 3381 2101 0 972618 0 488745
1786701490.310408 977230 556088 3381 2101 0 972618 0 488745
1786701491.310494 977230 556088 3381 2101 0 972618 0 488745
1786701492.310373 977230 556088 3381 2101 0 972618 0 488745
1786701493.310803 977230 556088 3381 2101 0 972618 0 488745
1786701494.310601 977230 556088 3381 2101 0 972618 0 488745
1786701495.310536 977230 556088 3381 2101 0 972618 0 488745
1786701496.310982 977230 556088 3381 2101 0 972618 0 488745
1786701497.310792 977230 556088 3381 2101 0 972618 0 488745
1786701498.310460 977230 556088 3381 2101 0 972618 0 488745
1786701499.310422 977230 556456 3381 2101 0 972618 0 488745
1786701500.310457 977230 556456 3381 2101 0 972618 0 488745
1786701501.310473 977230 556456 3381 2101 0 972618 0 488745
1786701502.310656 977230 556456 3381 2101 0 972618 0 488745
1786701503.310444 977230 556456 3381 2101 0 972618 0 488745
1786701504.310479 977230 556456 3381 2101 0 972618 0 488745
1786701505.310589 977230 556456 3381 2101 0 972618 0 488745
1786701506.310426 977230 556456 3381 2101 0 972618 0 488745
1786701507.310528 977230 556456 3381 2101 0 972618 0 488745
1786701508.310317 977230 556456 3381 2101 0 972618 0 488745
1786701509.310430 977230 556456 3381 2101 0 972618 0 488745
1786701510.310354 977230 556456 3381 2101 0 972618 0 488745
1786701511.313538 977230 556456 3381 2101 0 972618 0 488745
1786701512.310427 977230 556456 3381 2101 0 972618 0 488745
1786701513.310709 977230 556456 3381 2101 0 972618 0 488745
1786701514.310601 977230 556456 3381 2101 0 972618 0 488745
1786701515.310704 977230 556456 3381 2101 0 972618 0 488745
1786701516.310564 977230 556456 3381 2101 0 972618 0 488745
1786701517.310651 977230 556456 3381 2101 0 972618 0 488745
1786701518.310570 977230 556456 3381 2101 0 972618 0 488745
1786701519.310868 977230 556808 3381 2101 0 972618 0 488745
1786701520.310703 977230 556808 3381 2101 0 972618 0 488745
1786701521.311016 977230 556808 3381 2101 0 972618 0 488745
1786701522.310492 977230 556808 3381 2101 0 972618 0 488745
1786701523.310654 977230 556808 3381 2101 0 972618 0 488745
1786701524.310643 977230 556808 3381 2101 0 972618 0 488745
1786701525.310791 977230 556808 3381 2101 0 972618 0 488745
1786701526.310696 977230 556808 3381 2101 0 972618 0 488745
1786701527.310642 977230 556808 3381 2101 0 972618 0 488745
1786701528.310877 977230 556808 3381 2101 0 972618 0 488745
1786701529.310849 977230 556808 3381 2101 0 972618 0 488745
1786701530.310798 977230 557144 3381 2101 0 972618 0 488745
1786701531.310623 977230 557144 3381 2101 0 972618 0 488745
1786701532.310642 977230 557144 3381 2101 0 972618 0 488745
1786701533.310662 977230 557144 3381 2101 0 972618 0 488745
1786701534.310855 977230 557144 3381 2101 0 972618 0 488745
1786701535.310733 977230 557144 3381 2101 0 972618 0 488745
1786701536.310748 977230 557144 3381 2101 0 972618 0 488745
1786701537.310681 977230 557144 3381 2101 0 972618 0 488745
1786701538.310762 977230 557144 3381 2101 0 972618 0 488745
1786701539.310588 977230 557144 3381 2101 0 972618 0 488745
1786701540.310678 977230 557144 3381 2101 0 972618 0 488745
1786701541.310553 977230 557144 3381 2101 0 972618 0 488745
1786701542.310494 977230 557144 3381 2101 0 972618 0 488745
1786701543.310579 977230 557144 3381 2101 0 972618 0 488745
1786701544.310476 977230 557144 3381 2101 0 972618 0 488745
1786701545.310706 977230 557144 3381 2101 0 972618 0 488745
1786701546.310720 977230 557144 3381 2101 0 972618 0 488745
1786701547.310651 977230 557144 3381 2101 0 972618 0 488745
1786701548.310855 977230 557144 3381 2101 0 972618 0 488745
1786701549.310507 977230 557144 3381 2101 0 972618 0 488745
1786701550.310487 977230 557464 3381 2101 0 972618 0 488745
1786701551.312273 977230 557464 3381 2101 0 972618 0 488745
1786701552.310621 977230 557464 3381 2101 0 972618 0 488745
1786701553.310594 977230 557464 3381 2101 0 972618 0 488745
1786701554.310785 977230 557464 3381 2101 0 972618 0 488745
1786701555.310645 977230 557464 3381 2101 0 972618 0 488745
1786701556.310646 977230 557464 3381 2101 0 972618 0 488745
1786701557.310528 977230 557464 3381 2101 0 972618 0 488745
1786701558.310635 977230 557464 3381 2101 0 972618 0 488745
1786701559.310462 977230 557464 3381 2101 0 972618 0 488745
1786701560.310659 977230 557776 3381 2101 0 972618 0 488745
1786701561.310480 977230 557776 3381 2101 0 972618 0 488745
1786701562.310601 977230 557776 3381 2101 0 972618 0 488745
1786701563.310537 977230 557776 3381 2101 0 972618 0 488745
1786701564.310610 977230 557776 3381 2101 0 972618 0 488745
1786701565.310421 977230 557776 3381 2101 0 972618 0 488745
1786701566.310401 977230 557776 3381 2101 0 972618 0 488745
1786701567.310408 977230 557776 3381 2101 0 972618 0 488745
1786701568.310464 977230 557776 3381 2101 0 972618 0 488745
