# start_epoch=1786714903.639241  page_size=4096  cachestat=ok  fields=size,resident,shared,text,lib,data,dt,pagecache
1786714904.642405 466889 47475 3287 2101 0 462282 0 46683
1786714905.644785 466889 41605 3287 2101 0 462282 0 81232
1786714906.648170 467785 48168 3287 2101 0 463178 0 134800
1786714907.650428 467785 40251 3287 2101 0 463178 0 170360
1786714908.652745 468809 49848 3356 2101 0 464202 0 206229
1786714909.655302 468809 44876 3356 2101 0 464202 0 241343
1786714910.657294 468809 50244 3356 2101 0 464202 0 277224
1786714911.659622 470089 48572 3356 2101 0 465482 0 313105
1786714912.662126 470089 46347 3356 2101 0 465482 0 348738
1786714913.664055 470089 51453 3356 2101 0 465482 0 385131
1786714914.666518 471625 47863 3356 2101 0 467018 0 421524
1786714915.669157 471625 51809 3356 2101 0 467018 0 457917
1786714916.670163 471625 51346 3356 2101 0 467018 0 486594
1786714917.673342 471625 48524 3356 2101 0 467018 0 529943
1786714918.675739 473417 53141 3356 2101 0 468810 0 566080
1786714919.677989 473417 45817 3356 2101 0 468810 0 602218
1786714920.680328 473417 53915 3356 2101 0 468810 0 638355
1786714921.680231 473417 52352 3356 2101 0 468810 0 671436
1786714922.684994 473417 50222 3356 2101 0 468810 0 709358
1786714923.687333 475465 47898 3356 2101 0 470858 0 744983
1786714924.689794 475465 50471 3356 2101 0 470858 0 781120
1786714925.691802 475465 53211 3356 2101 0 470858 0 817001
1786714926.693854 475465 51639 3356 2101 0 470858 0 852884
1786714927.695139 475465 53542 3356 2101 0 470858 0 870237
1786714928.685367 480202 36040 3356 2101 0 475594 0 890366
1786714929.682158 481866 37071 3356 2101 0 477258 0 890367
1786714930.681450 481866 37071 3356 2101 0 477258 0 890367
1786714931.681671 481866 36811 3356 2101 0 477258 0 890368
1786714932.682260 481866 36958 3356 2101 0 477258 0 890368
1786714933.682637 481866 36958 3356 2101 0 477258 0 890369
1786714934.682021 481866 36958 3356 2101 0 477258 0 890370
1786714935.681633 481866 36496 3356 2101 0 477258 0 890370
1786714936.681430 482890 24925 3356 2101 0 478282 0 884325
1786714937.681312 482890 25437 3356 2101 0 478282 0 884326
1786714938.681173 482890 25437 3356 2101 0 478282 0 884327
1786714939.681195 482890 25037 3356 2101 0 478282 0 884327
1786714940.681289 482890 25304 3356 2101 0 478282 0 884328
1786714941.681308 482890 25304 3356 2101 0 478282 0 884329
1786714942.681296 482890 25304 3356 2101 0 478282 0 884330
1786714943.681011 482890 25359 3356 2101 0 478282 0 884330
1786714944.680869 485706 24162 3356 2101 0 481098 0 878315
1786714945.680618 485706 24498 3356 2101 0 481098 0 878316
1786714946.680569 485706 24498 3356 2101 0 481098 0 878317
1786714947.680279 485706 24498 3356 2101 0 481098 0 878317
1786714948.680907 485706 24498 3356 2101 0 481098 0 868944
1786714949.680475 485706 24498 3356 2101 0 481098 0 878318
1786714950.680564 485706 24500 3356 2101 0 481098 0 878319
1786714951.680372 485706 24499 3356 2101 0 481098 0 878320
1786714952.681475 487498 25670 3356 2101 0 482890 0 854278
1786714953.681498 487498 26795 3356 2101 0 482890 0 872305
1786714954.680930 487498 26795 3356 2101 0 482890 0 872305
1786714955.680728 487498 26665 3356 2101 0 482890 0 872306
1786714956.680550 487498 26665 3356 2101 0 482890 0 872306
1786714957.680492 487498 26665 3356 2101 0 482890 0 872307
1786714958.680082 487498 26665 3356 2101 0 482890 0 872308
1786714959.679910 487498 26489 3356 2101 0 482890 0 872309
1786714960.680260 487498 26489 3356 2101 0 482890 0 872309
1786714961.680436 489546 24276 3356 2101 0 484938 0 866293
1786714962.680189 489546 24788 3356 2101 0 484938 0 866294
1786714963.684434 489546 23468 3356 2101 0 484938 0 846209
1786714964.679596 541266 105056 3379 2101 0 536650 0 846210
1786714965.679370 633426 195501 3379 2101 0 628810 0 846210
1786714966.679031 709714 284272 3379 2101 0 705098 0 846210
1786714967.679090 819282 373928 3379 2101 0 814666 0 846210
1786714968.679104 890450 463450 3379 2101 0 885834 0 846210
1786714969.679381 976466 551808 3379 2101 0 971850 0 846210
1786714970.679225 1074770 640044 3379 2101 0 1070154 0 846210
1786714971.679142 1194578 727630 3379 2101 0 1189962 0 846210
1786714972.678950 1325650 816106 3379 2101 0 1321034 0 846210
1786714973.679231 1331794 904453 3379 2101 0 1327178 0 846210
1786714974.679458 1495634 992668 3379 2101 0 1491018 0 846210
1786714975.679471 1502802 1080235 3379 2101 0 1498186 0 846210
1786714976.679308 1701970 1169199 3379 2101 0 1697354 0 846210
1786714977.685924 1701970 1255472 3379 2101 0 1697354 0 846210
1786714978.680200 1939538 1342635 3379 2101 0 1934922 0 846210
1786714979.680186 1939538 1430203 3379 2101 0 1934922 0 846210
1786714980.680186 1939538 1517755 3379 2101 0 1934922 0 846210
1786714981.680343 2201682 1589817 3526 2101 0 2197066 0 846210
1786714982.680318 2211922 1662775 3526 2101 0 2207306 0 846210
1786714983.680083 2216019 1704610 3526 2101 0 2211402 0 846210
1786714984.680175 2216019 1704610 3526 2101 0 2211402 0 846210
1786714985.680148 2216019 1704610 3526 2101 0 2211402 0 846210
1786714986.680179 2216019 1704610 3526 2101 0 2211402 0 846210
1786714987.680174 2216019 1704610 3526 2101 0 2211402 0 846210
1786714988.680022 2216019 1704610 3526 2101 0 2211402 0 846210
1786714989.679001 2216019 1704610 3526 2101 0 2211402 0 846210
1786714990.679181 2216019 1704610 3526 2101 0 2211402 0 846210
1786714991.679231 2216019 1704610 3526 2101 0 2211402 0 846210
1786714992.678864 2216019 1704610 3526 2101 0 2211402 0 846210
1786714993.678988 2216019 1704610 3526 2101 0 2211402 0 846210
1786714994.679244 2216019 1704610 3526 2101 0 2211402 0 846210
1786714995.679302 2220116 1704615 3526 2101 0 2215498 0 846210
1786714996.679573 2220116 1704615 3526 2101 0 2215498 0 846210
1786714997.679497 2220116 1704615 3526 2101 0 2215498 0 846210
1786714998.679340 2220116 1704615 3526 2101 0 2215498 0 846210
1786714999.679808 2220116 1704615 3526 2101 0 2215498 0 846210
1786715000.679169 2220116 1704615 3526 2101 0 2215498 0 846210
1786715001.679357 2220116 1704615 3526 2101 0 2215498 0 846210
1786715002.679137 2220116 1704615 3526 2101 0 2215498 0 846210
1786715003.679340 2220116 1704615 3526 2101 0 2215498 0 846210
1786715004.679294 2220116 1704615 3526 2101 0 2215498 0 846210
1786715005.679700 2220116 1704615 3526 2101 0 2215498 0 846210
1786715006.678959 2220116 1704615 3526 2101 0 2215498 0 846210
1786715007.679575 2224206 1704607 3519 2101 0 2219594 0 846210
1786715008.679428 2224206 1704607 3519 2101 0 2219594 0 846210
1786715009.679578 2224206 1704607 3519 2101 0 2219594 0 846210
1786715010.679483 2224206 1704607 3519 2101 0 2219594 0 846210
1786715011.679261 2224206 1704607 3519 2101 0 2219594 0 846210
1786715012.680421 2224206 1704607 3519 2101 0 2219594 0 846210
1786715013.680201 2224206 1704607 3519 2101 0 2219594 0 846210
1786715014.680199 2224206 1704607 3519 2101 0 2219594 0 846210
1786715015.680159 2224206 1704637 3519 2101 0 2219594 0 846210
1786715016.680159 2224206 1704637 3519 2101 0 2219594 0 846210
1786715017.680200 2224206 1704637 3519 2101 0 2219594 0 846210
1786715018.680175 2224206 1704637 3519 2101 0 2219594 0 846210
1786715019.680127 2224206 1704637 3519 2101 0 2219594 0 846210
1786715020.680195 2224206 1704637 3519 2101 0 2219594 0 846210
1786715021.680124 2224206 1704637 3519 2101 0 2219594 0 846210
1786715022.680155 2224206 1704637 3519 2101 0 2219594 0 846210
1786715023.682141 2224206 1704637 3519 2101 0 2219594 0 846210
1786715024.680472 2224206 1704637 3519 2101 0 2219594 0 846210
1786715025.680199 2224206 1704779 3519 2101 0 2219594 0 846210
1786715026.680185 2224206 1704779 3519 2101 0 2219594 0 846210
1786715027.680193 2224206 1704779 3519 2101 0 2219594 0 846210
1786715028.680208 2224206 1704779 3519 2101 0 2219594 0 846210
1786715029.680238 2224206 1704779 3519 2101 0 2219594 0 846210
1786715030.680189 2224206 1704779 3519 2101 0 2219594 0 846210
1786715031.680186 2224206 1704779 3519 2101 0 2219594 0 846210
1786715032.680182 2224206 1704779 3519 2101 0 2219594 0 846210
1786715033.680161 2224206 1704779 3519 2101 0 2219594 0 846210
1786715034.679887 2224206 1704779 3519 2101 0 2219594 0 846210
1786715035.680214 2224206 1705152 3519 2101 0 2219594 0 846210
1786715036.680242 2224206 1705152 3519 2101 0 2219594 0 846210
1786715037.680147 2224206 1705152 3519 2101 0 2219594 0 846210
1786715038.680182 2224206 1705152 3519 2101 0 2219594 0 846210
1786715039.680218 2224206 1705152 3519 2101 0 2219594 0 846210
1786715040.680191 2224206 1705152 3519 2101 0 2219594 0 846210
1786715041.680206 2224206 1705152 3519 2101 0 2219594 0 846210
1786715042.680177 2224206 1705152 3519 2101 0 2219594 0 846210
1786715043.680207 2224206 1705152 3519 2101 0 2219594 0 846210
1786715044.680149 2224206 1705152 3519 2101 0 2219594 0 846210
1786715045.680158 2224206 1705152 3519 2101 0 2219594 0 846210
1786715046.680188 2224206 1705152 3519 2101 0 2219594 0 846210
1786715047.680157 2224206 1705152 3519 2101 0 2219594 0 846210
1786715048.680178 2224206 1705152 3519 2101 0 2219594 0 846210
1786715049.680268 2224206 1705152 3519 2101 0 2219594 0 846210
1786715050.680201 2224206 1705152 3519 2101 0 2219594 0 846210
1786715051.680194 2224206 1705152 3519 2101 0 2219594 0 846210
1786715052.680172 2224206 1705152 3519 2101 0 2219594 0 846210
1786715053.680198 2224206 1705152 3519 2101 0 2219594 0 846210
1786715054.680184 2224206 1705152 3519 2101 0 2219594 0 846210
1786715055.680204 2224206 1705152 3519 2101 0 2219594 0 846210
1786715056.680107 2224206 1705648 3519 2101 0 2219594 0 846210
1786715057.679968 2224206 1705648 3519 2101 0 2219594 0 846210
1786715058.680110 2224206 1705648 3519 2101 0 2219594 0 846210
1786715059.680180 2224206 1705648 3519 2101 0 2219594 0 846210
1786715060.680214 2224206 1705648 3519 2101 0 2219594 0 846210
1786715061.680235 2224206 1705648 3519 2101 0 2219594 0 846210
1786715062.680251 2224206 1705648 3519 2101 0 2219594 0 846210
1786715063.680251 2224206 1705648 3519 2101 0 2219594 0 846210
1786715064.680110 2224206 1705648 3519 2101 0 2219594 0 846210
1786715065.680155 2224206 1705648 3519 2101 0 2219594 0 846210
1786715066.680161 2224206 1706128 3519 2101 0 2219594 0 846210
1786715067.679120 2224206 1706128 3519 2101 0 2219594 0 846210
1786715068.679917 2224206 1706128 3519 2101 0 2219594 0 846210
1786715069.679217 2224206 1706128 3519 2101 0 2219594 0 846210
1786715070.689409 2224206 1706128 3519 2101 0 2219594 0 846210
1786715071.679040 2224206 1706128 3519 2101 0 2219594 0 846210
1786715072.679197 2224206 1706128 3519 2101 0 2219594 0 846210
1786715073.678945 2224206 1706128 3519 2101 0 2219594 0 846210
1786715074.679058 2224206 1706128 3519 2101 0 2219594 0 846210
1786715075.679098 2224206 1706128 3519 2101 0 2219594 0 846210
1786715076.680420 2224206 1706128 3519 2101 0 2219594 0 846210
1786715077.679637 2224206 1706128 3519 2101 0 2219594 0 846210
1786715078.679376 2224206 1706128 3519 2101 0 2219594 0 846210
1786715079.679224 2224206 1706128 3519 2101 0 2219594 0 846210
1786715080.679382 2224206 1706128 3519 2101 0 2219594 0 846210
1786715081.678976 2224206 1706128 3519 2101 0 2219594 0 846210
1786715082.680535 2224206 1706128 3519 2101 0 2219594 0 846210
1786715083.679994 2224206 1706128 3519 2101 0 2219594 0 846210
1786715084.679513 2224206 1706128 3519 2101 0 2219594 0 846210
1786715085.678817 2224206 1706128 3519 2101 0 2219594 0 846210
1786715086.679651 2224206 1706128 3519 2101 0 2219594 0 846210
1786715087.679552 2224206 1707033 3519 2101 0 2219594 0 846210
1786715088.680451 2224206 1707033 3519 2101 0 2219594 0 846210
1786715089.679518 2224206 1707033 3519 2101 0 2219594 0 846210
1786715090.679298 2224206 1707033 3519 2101 0 2219594 0 846210
1786715091.679713 2224206 1707033 3519 2101 0 2219594 0 846210
1786715092.679619 2224206 1707033 3519 2101 0 2219594 0 846210
1786715093.679476 2224206 1707033 3519 2101 0 2219594 0 846210
1786715094.679269 2224206 1707033 3519 2101 0 2219594 0 846210
1786715095.678920 2224206 1707033 3519 2101 0 2219594 0 846210
1786715096.678794 2224206 1707033 3519 2101 0 2219594 0 846210
1786715097.678871 2224206 1707481 3519 2101 0 2219594 0 846210
1786715098.679357 2224206 1707481 3519 2101 0 2219594 0 846210
1786715099.679383 2224206 1707481 3519 2101 0 2219594 0 846210
1786715100.679813 2224206 1707481 3519 2101 0 2219594 0 846210
1786715101.679559 2224206 1707481 3519 2101 0 2219594 0 846210
1786715102.679533 2224206 1707481 3519 2101 0 2219594 0 846210
1786715103.679193 2224206 1707481 3519 2101 0 2219594 0 846210
1786715104.679420 2224206 1707481 3519 2101 0 2219594 0 846210
1786715105.679587 2224206 1707481 3519 2101 0 2219594 0 846210
1786715106.679408 2224206 1707481 3519 2101 0 2219594 0 846210
1786715107.679029 2224206 1707481 3519 2101 0 2219594 0 846210
1786715108.679176 2224206 1707481 3519 2101 0 2219594 0 846210
1786715109.679485 2224206 1707481 3519 2101 0 2219594 0 846210
1786715110.679621 2224206 1707481 3519 2101 0 2219594 0 846210
1786715111.679132 2224206 1707481 3519 2101 0 2219594 0 846210
1786715112.679345 2224206 1707481 3519 2101 0 2219594 0 846210
1786715113.679414 2224206 1707481 3519 2101 0 2219594 0 846210
1786715114.679211 2224206 1707481 3519 2101 0 2219594 0 846210
1786715115.679177 2224206 1707481 3519 2101 0 2219594 0 846210
1786715116.679293 2224206 1707481 3519 2101 0 2219594 0 846210
1786715117.679753 2224206 1707481 3519 2101 0 2219594 0 846210
1786715118.678916 2224206 1707481 3519 2101 0 2219594 0 846210
1786715119.679432 2224206 1707481 3519 2101 0 2219594 0 846210
1786715120.678905 2224206 1707481 3519 2101 0 2219594 0 846210
1786715121.679157 2224206 1707481 3519 2101 0 2219594 0 846210
1786715122.679079 2224206 1707481 3519 2101 0 2219594 0 846210
1786715123.680421 2224206 1707481 3519 2101 0 2219594 0 846210
1786715124.679379 2224206 1707481 3519 2101 0 2219594 0 846210
1786715125.679516 2224206 1707481 3519 2101 0 2219594 0 846210
1786715126.684442 2224206 1707481 3519 2101 0 2219594 0 846210
1786715127.680198 2224206 1707481 3519 2101 0 2219594 0 846210
1786715128.680229 2224206 1707481 3519 2101 0 2219594 0 846210
1786715129.680126 2224206 1707481 3519 2101 0 2219594 0 846210
1786715130.680265 2224206 1707481 3519 2101 0 2219594 0 846210
1786715131.680247 2224206 1707481 3519 2101 0 2219594 0 846210
1786715132.680224 2224206 1707481 3519 2101 0 2219594 0 846210
1786715133.680211 2224206 1707481 3519 2101 0 2219594 0 846210
1786715134.680207 2224206 1707481 3519 2101 0 2219594 0 846210
1786715135.680263 2224206 1707481 3519 2101 0 2219594 0 846210
1786715136.680204 2224206 1707481 3519 2101 0 2219594 0 846210
1786715137.680237 2224206 1707481 3519 2101 0 2219594 0 846210
1786715138.680186 2224206 1707481 3519 2101 0 2219594 0 846210
1786715139.680262 2224206 1707481 3519 2101 0 2219594 0 846210
1786715140.680118 2224206 1707481 3519 2101 0 2219594 0 846210
1786715141.680229 2224206 1707481 3519 2101 0 2219594 0 846210
1786715142.680265 2224206 1707481 3519 2101 0 2219594 0 846210
1786715143.680338 2224206 1707481 3519 2101 0 2219594 0 846210
1786715144.680273 2224206 1707481 3519 2101 0 2219594 0 846210
1786715145.680205 2224206 1707481 3519 2101 0 2219594 0 846210
1786715146.680207 2224206 1707481 3519 2101 0 2219594 0 846210
1786715147.680003 2224206 1707481 3519 2101 0 2219594 0 846210
1786715148.680216 2224206 1707481 3519 2101 0 2219594 0 846210
1786715149.680467 2224206 1707481 3519 2101 0 2219594 0 846210
1786715150.680196 2224206 1707481 3519 2101 0 2219594 0 846210
1786715151.680182 2224206 1707481 3519 2101 0 2219594 0 846210
1786715152.680482 2224206 1707481 3519 2101 0 2219594 0 846210
1786715153.680218 2224206 1707481 3519 2101 0 2219594 0 846210
1786715154.680204 2224206 1707481 3519 2101 0 2219594 0 846210
1786715155.680200 2224206 1707481 3519 2101 0 2219594 0 846210
1786715156.680129 2224206 1707481 3519 2101 0 2219594 0 846210
1786715157.680233 2224206 1707481 3519 2101 0 2219594 0 846210
1786715158.680219 2224206 1707481 3519 2101 0 2219594 0 846210
1786715159.680208 2224206 1707481 3519 2101 0 2219594 0 846210
1786715160.680245 2224206 1707481 3519 2101 0 2219594 0 846210
1786715161.680233 2224206 1707481 3519 2101 0 2219594 0 846210
1786715162.680265 2224206 1707481 3519 2101 0 2219594 0 846210
1786715163.680278 2224206 1707481 3519 2101 0 2219594 0 846210
1786715164.680496 2224206 1707481 3519 2101 0 2219594 0 846210
1786715165.680223 2224206 1707481 3519 2101 0 2219594 0 846210
1786715166.680250 2224206 1707481 3519 2101 0 2219594 0 846210
1786715167.680264 2224206 1707481 3519 2101 0 2219594 0 846210
1786715168.680479 2224206 1707481 3519 2101 0 2219594 0 846210
1786715169.680530 2224206 1707481 3519 2101 0 2219594 0 846210
1786715170.680324 2224206 1707481 3519 2101 0 2219594 0 846210
1786715171.680328 2224206 1707481 3519 2101 0 2219594 0 846210
1786715172.680258 2224206 1707481 3519 2101 0 2219594 0 846210
1786715173.680227 2224206 1707481 3519 2101 0 2219594 0 846210
1786715174.680233 2224206 1707481 3519 2101 0 2219594 0 846210
1786715175.680199 2224206 1707481 3519 2101 0 2219594 0 846210
1786715176.680237 2224206 1707481 3519 2101 0 2219594 0 846210
1786715177.680252 2224206 1707481 3519 2101 0 2219594 0 846210
1786715178.680215 2224206 1707481 3519 2101 0 2219594 0 846210
1786715179.680530 2224206 1707481 3519 2101 0 2219594 0 846210
1786715180.680252 2224206 1707481 3519 2101 0 2219594 0 846210
1786715181.680405 2224206 1707481 3519 2101 0 2219594 0 846210
1786715182.680266 2224206 1707481 3519 2101 0 2219594 0 846210
1786715183.680520 2224206 1707481 3519 2101 0 2219594 0 846210
1786715184.680302 2224206 1707481 3519 2101 0 2219594 0 846210
1786715185.680283 2224206 1707481 3519 2101 0 2219594 0 846210
1786715186.680238 2224206 1707481 3519 2101 0 2219594 0 846210
1786715187.680365 2224206 1707481 3519 2101 0 2219594 0 846210
1786715188.680303 2224206 1707481 3519 2101 0 2219594 0 846210
1786715189.680304 2224206 1707481 3519 2101 0 2219594 0 846210
1786715190.680313 2224206 1707481 3519 2101 0 2219594 0 846210
1786715191.680291 2224206 1707481 3519 2101 0 2219594 0 846210
1786715192.680267 2224206 1707481 3519 2101 0 2219594 0 846210
1786715193.680262 2224206 1707481 3519 2101 0 2219594 0 846210
1786715194.680385 2224206 1707481 3519 2101 0 2219594 0 846210
1786715195.680231 2224206 1707481 3519 2101 0 2219594 0 846210
1786715196.680270 2224206 1707481 3519 2101 0 2219594 0 846210
1786715197.680300 2224206 1707481 3519 2101 0 2219594 0 846210
1786715198.680287 2224206 1707481 3519 2101 0 2219594 0 846210
1786715199.680220 2224206 1707481 3519 2101 0 2219594 0 846210
1786715200.680217 2224206 1707481 3519 2101 0 2219594 0 846210
1786715201.680227 2224206 1707481 3519 2101 0 2219594 0 846210
1786715202.680261 2224206 1707481 3519 2101 0 2219594 0 846210
1786715203.680225 2224206 1707481 3519 2101 0 2219594 0 846210
1786715204.680255 2224206 1707481 3519 2101 0 2219594 0 846210
1786715205.680257 2224206 1707481 3519 2101 0 2219594 0 846210
1786715206.680280 2224206 1707481 3519 2101 0 2219594 0 846210
1786715207.680277 2224206 1707481 3519 2101 0 2219594 0 846210
1786715208.680517 2224206 1707481 3519 2101 0 2219594 0 846210
1786715209.680227 2224206 1707481 3519 2101 0 2219594 0 846210
1786715210.680252 2224206 1707481 3519 2101 0 2219594 0 846210
1786715211.680258 2224206 1707481 3519 2101 0 2219594 0 846210
1786715212.680265 2224206 1707481 3519 2101 0 2219594 0 846210
1786715213.680116 2224206 1707481 3519 2101 0 2219594 0 846210
1786715214.680233 2224206 1707481 3519 2101 0 2219594 0 846210
1786715215.680198 2224206 1707481 3519 2101 0 2219594 0 846210
1786715216.680136 2224206 1707481 3519 2101 0 2219594 0 846210
1786715217.681981 2224206 1707481 3519 2101 0 2219594 0 846210
1786715218.679127 2224206 1707481 3519 2101 0 2219594 0 846210
1786715219.679261 2224206 1707481 3519 2101 0 2219594 0 846210
1786715220.678882 2224206 1707481 3519 2101 0 2219594 0 846210
1786715221.678670 2224206 1707481 3519 2101 0 2219594 0 846210
1786715222.679816 2224206 1707481 3519 2101 0 2219594 0 846210
1786715223.679141 2224206 1707481 3519 2101 0 2219594 0 846210
1786715224.678890 2224206 1707481 3519 2101 0 2219594 0 846210
1786715225.679922 2224206 1707481 3519 2101 0 2219594 0 846210
1786715226.679059 2224206 1707481 3519 2101 0 2219594 0 846210
1786715227.679375 2224206 1707481 3519 2101 0 2219594 0 846210
1786715228.679326 2224206 1707481 3519 2101 0 2219594 0 846210
1786715229.678953 2224206 1707481 3519 2101 0 2219594 0 846210
1786715230.679708 2224206 1707481 3519 2101 0 2219594 0 846210
1786715231.679137 2224206 1707481 3519 2101 0 2219594 0 846210
1786715232.678936 2224206 1707481 3519 2101 0 2219594 0 846210
1786715233.679135 2224206 1707481 3519 2101 0 2219594 0 846210
1786715234.681332 2224206 1707481 3519 2101 0 2219594 0 846210
1786715235.679283 2224206 1707481 3519 2101 0 2219594 0 846210
1786715236.679388 2224206 1707481 3519 2101 0 2219594 0 846210
1786715237.679308 2224206 1707481 3519 2101 0 2219594 0 846210
1786715238.679440 2224206 1707481 3519 2101 0 2219594 0 846210
1786715239.678910 2224206 1707481 3519 2101 0 2219594 0 846210
1786715240.680356 2224206 1707481 3519 2101 0 2219594 0 846210
1786715241.680121 2224206 1707481 3519 2101 0 2219594 0 846210
1786715242.679961 2224206 1707958 3519 2101 0 2219594 0 846210
1786715243.680170 2224206 1707958 3519 2101 0 2219594 0 846210
1786715244.680156 2224206 1707958 3519 2101 0 2219594 0 846210
1786715245.680166 2224206 1707958 3519 2101 0 2219594 0 846210
1786715246.680195 2224206 1707958 3519 2101 0 2219594 0 846210
1786715247.680463 2224206 1707958 3519 2101 0 2219594 0 846210
1786715248.680175 2224206 1707958 3519 2101 0 2219594 0 846210
1786715249.680424 2224206 1707958 3519 2101 0 2219594 0 846210
1786715250.680184 2224206 1707958 3519 2101 0 2219594 0 846210
1786715251.680215 2224206 1707958 3519 2101 0 2219594 0 846210
1786715252.680209 2224206 1708374 3519 2101 0 2219594 0 846210
1786715253.680213 2224206 1708374 3519 2101 0 2219594 0 846210
1786715254.680406 2224206 1708374 3519 2101 0 2219594 0 846210
1786715255.682055 2224206 1708374 3519 2101 0 2219594 0 846210
1786715256.680169 2224206 1708374 3519 2101 0 2219594 0 846210
1786715257.680446 2224206 1708374 3519 2101 0 2219594 0 846210
1786715258.680189 2224206 1708374 3519 2101 0 2219594 0 846210
1786715259.680181 2224206 1708374 3519 2101 0 2219594 0 846210
1786715260.680186 2224206 1708374 3519 2101 0 2219594 0 846210
1786715261.680181 2224206 1708374 3519 2101 0 2219594 0 846210
1786715262.680125 2224206 1708374 3519 2101 0 2219594 0 846210
1786715263.680513 2224206 1708374 3519 2101 0 2219594 0 846210
1786715264.680086 2224206 1708374 3519 2101 0 2219594 0 846210
1786715265.680216 2224206 1708374 3519 2101 0 2219594 0 846210
1786715266.680214 2224206 1708374 3519 2101 0 2219594 0 846210
1786715267.680402 2224206 1708374 3519 2101 0 2219594 0 846210
1786715268.680179 2224206 1708374 3519 2101 0 2219594 0 846210
1786715269.680237 2224206 1708374 3519 2101 0 2219594 0 846210
1786715270.680205 2224206 1708374 3519 2101 0 2219594 0 846210
1786715271.680128 2224206 1708374 3519 2101 0 2219594 0 846210
1786715272.680185 2224206 1708374 3519 2101 0 2219594 0 846210
1786715273.679930 2224206 1708374 3519 2101 0 2219594 0 846210
1786715274.680202 2224206 1708374 3519 2101 0 2219594 0 846210
1786715275.680083 2224206 1708374 3519 2101 0 2219594 0 846210
1786715276.680184 2224206 1708374 3519 2101 0 2219594 0 846210
1786715277.680287 2224206 1708374 3519 2101 0 2219594 0 846210
1786715278.680501 2224206 1708374 3519 2101 0 2219594 0 846210
1786715279.680279 2224206 1708374 3519 2101 0 2219594 0 846210
1786715280.680232 2224206 1708374 3519 2101 0 2219594 0 846210
1786715281.680206 2224206 1708374 3519 2101 0 2219594 0 846210
1786715282.680163 2224206 1708374 3519 2101 0 2219594 0 846210
1786715283.680173 2224206 1708374 3519 2101 0 2219594 0 846210
1786715284.680136 2224206 1708374 3519 2101 0 2219594 0 846210
1786715285.680165 2224206 1708374 3519 2101 0 2219594 0 846210
1786715286.680479 2224206 1708374 3519 2101 0 2219594 0 846210
1786715287.680202 2224206 1708374 3519 2101 0 2219594 0 846210
1786715288.680263 2224206 1708374 3519 2101 0 2219594 0 846210
1786715289.680234 2224206 1708374 3519 2101 0 2219594 0 846210
1786715290.680274 2224206 1708374 3519 2101 0 2219594 0 846210
1786715291.680808 2224206 1708374 3519 2101 0 2219594 0 846210
1786715292.680217 2224206 1708374 3519 2101 0 2219594 0 846210
1786715293.680209 2224206 1708374 3519 2101 0 2219594 0 846210
1786715294.680184 2224206 1708374 3519 2101 0 2219594 0 846210
1786715295.680099 2224206 1708374 3519 2101 0 2219594 0 846210
1786715296.684193 2224206 1708374 3519 2101 0 2219594 0 846210
1786715297.680200 2224206 1708374 3519 2101 0 2219594 0 846210
1786715298.680156 2224206 1708374 3519 2101 0 2219594 0 846210
1786715299.680414 2224206 1708374 3519 2101 0 2219594 0 846210
1786715300.680069 2224206 1708374 3519 2101 0 2219594 0 846210
1786715301.680286 2224206 1708374 3519 2101 0 2219594 0 846210
1786715302.680253 2224206 1708374 3519 2101 0 2219594 0 846210
1786715303.680182 2224206 1708374 3519 2101 0 2219594 0 846210
1786715304.680193 2224206 1708374 3519 2101 0 2219594 0 846210
1786715305.680236 2224206 1708374 3519 2101 0 2219594 0 846210
1786715306.680263 2224206 1708374 3519 2101 0 2219594 0 846210
1786715307.680234 2224206 1708374 3519 2101 0 2219594 0 846210
1786715308.680161 2224206 1708374 3519 2101 0 2219594 0 846210
1786715309.680039 2224206 1708374 3519 2101 0 2219594 0 846210
1786715310.680173 2224206 1708374 3519 2101 0 2219594 0 846210
1786715311.680179 2224206 1708374 3519 2101 0 2219594 0 846210
1786715312.680178 2224206 1708374 3519 2101 0 2219594 0 846210
1786715313.680166 2224206 1708374 3519 2101 0 2219594 0 846210
1786715314.680168 2224206 1708374 3519 2101 0 2219594 0 846210
1786715315.680152 2224206 1708374 3519 2101 0 2219594 0 846210
1786715316.680073 2224206 1708374 3519 2101 0 2219594 0 846210
1786715317.680746 2224206 1708374 3519 2101 0 2219594 0 846210
1786715318.680176 2224206 1708374 3519 2101 0 2219594 0 846210
1786715319.680261 2224206 1708374 3519 2101 0 2219594 0 846210
1786715320.682178 2224206 1708374 3519 2101 0 2219594 0 846210
1786715321.680087 2224206 1708374 3519 2101 0 2219594 0 846210
1786715322.680206 2224206 1708374 3519 2101 0 2219594 0 846210
1786715323.680176 2224206 1708374 3519 2101 0 2219594 0 846210
1786715324.680199 2224206 1708374 3519 2101 0 2219594 0 846210
1786715325.680047 2224206 1708374 3519 2101 0 2219594 0 846210
1786715326.680188 2224206 1708374 3519 2101 0 2219594 0 846210
1786715327.680188 2224206 1708374 3519 2101 0 2219594 0 846210
