# start_epoch=1786793757.250263  page_size=4096  cachestat=ok  fields=size,resident,shared,text,lib,data,dt,pagecache
1786793758.250491 172397 27170 7755 99 0 158392 0 1
1786793759.250447 172397 27170 7755 99 0 158392 0 1
1786793760.317581 2818281 52329 32440 99 0 162488 0 41625
1786793761.317822 2838590 54783 33315 99 0 174264 0 46521
1786793762.320421 2896304 99065 76899 99 0 175160 0 84587
1786793763.318458 2886321 88480 65541 99 0 176696 0 89407
1786793764.318812 2897652 88945 65909 99 0 179384 0 92663
1786793765.320952 2907191 88505 65516 99 0 180280 0 98169
1786793766.327076 2915834 88288 64692 99 0 180280 0 102959
1786793767.317520 2954356 116075 92479 99 0 180280 0 137652
1786793768.318362 2942773 105708 82112 99 0 180280 0 143113
1786793769.324213 2959162 106623 83027 99 0 180280 0 144289
1786793770.324161 2941763 92996 70163 99 0 180280 0 149793
1786793771.324451 2950406 92055 68953 99 0 180280 0 152873
1786793772.324628 2959049 91519 67553 99 0 180280 0 156307
1786793773.324938 2967692 89695 66255 99 0 180280 0 160297
1786793774.324746 2976335 88703 65263 99 0 180280 0 164623
1786793775.321663 3014857 121171 97811 99 0 180280 0 199234
1786793776.324535 3003274 105712 82349 99 0 180280 0 206046
1786793777.327540 3011917 105565 82110 99 0 180280 0 207290
1786793778.327184 3002264 93746 70985 99 0 180280 0 212296
1786793779.328150 3010907 93213 69724 99 0 180280 0 216651
1786793780.328336 3019550 92154 68432 99 0 180280 0 220686
1786793781.328778 3028193 91064 67340 99 0 180280 0 224144
1786793782.328766 3036836 89798 66050 99 0 180280 0 227691
1786793783.414494 3063775 102100 78351 99 0 180280 0 231938
1786793784.327158 3072418 106837 83038 99 0 180280 0 259154
1786793785.325712 3072418 106269 82465 99 0 180280 0 266919
1786793786.328428 4128882 101298 77482 99 0 180280 0 262933
1786793787.415509 3071408 93734 69917 99 0 180280 0 277460
1786793788.331616 3080051 92074 68256 99 0 180280 0 279337
1786793789.331007 3088694 90423 66605 99 0 180280 0 282198
1786793790.419524 3097337 89399 65581 99 0 180280 0 286601
1786793791.326436 3124277 115465 91647 99 0 180280 0 319785
1786793792.328296 3124276 106468 82647 99 0 180280 0 321892
1786793793.329628 4191289 110918 87096 99 0 180280 0 326535
1786793794.415705 3123266 92237 69864 99 0 180280 0 329179
1786793795.416867 3131909 91068 68238 99 0 180280 0 331174
1786793796.418096 3140552 89119 66749 99 0 180280 0 333822
1786793797.423379 3167491 97797 74253 99 0 180280 0 337800
1786793798.334622 3177158 116616 91531 99 0 181304 0 368456
1786793799.336362 3177158 107538 82446 99 0 181304 0 370945
1786793800.420054 3167505 95479 70386 99 0 181304 0 374640
1786793801.420244 3176148 91271 68455 99 0 181304 0 375834
1786793802.417008 3184791 89313 66457 99 0 181304 0 376291
1786793803.420546 3201181 88430 65537 99 0 181304 0 379918
1786793804.333733 3211730 105726 82833 99 0 181304 0 405217
1786793805.421472 3202077 94512 71602 99 0 181304 0 394282
1786793806.423915 3210720 93272 70361 99 0 181304 0 417466
1786793807.424365 3219363 90425 68747 99 0 181304 0 419653
1786793808.420106 3228006 87895 66167 99 0 181304 0 417873
1786793809.417468 3266528 125835 102904 99 0 181304 0 421244
1786793810.332994 3254945 105913 82977 99 0 181304 0 456170
1786793811.334430 3263588 105667 82715 99 0 181304 0 456685
1786793812.424652 3253935 93988 71035 99 0 181304 0 462587
1786793813.424429 3262578 91348 68414 99 0 181304 0 462312
1786793814.423147 3271221 89395 66460 99 0 181304 0 462365
1786793815.415866 3309743 121544 98609 99 0 181304 0 474670
1786793816.415403 3298160 106013 83078 99 0 181304 0 495261
1786793817.426907 3288507 94207 71272 99 0 181304 0 487136
1786793818.425131 3297150 91107 69137 99 0 181304 0 497549
1786793819.426811 3305793 89865 66963 99 0 181304 0 499570
1786793820.423688 3314436 88486 65578 99 0 181304 0 500871
1786793821.423339 3341375 113272 90355 99 0 181304 0 535569
1786793822.419553 4399745 113329 90408 99 0 181304 0 534613
1786793823.427621 3331722 93326 70409 99 0 181304 0 537968
1786793824.428150 3340365 90768 68651 99 0 181304 0 539657
1786793825.430242 3349008 88097 67028 99 0 181304 0 541264
1786793826.415315 3387530 116382 95313 99 0 181304 0 552388
1786793827.427404 3375947 105773 83399 99 0 181304 0 577268
1786793828.431391 4432411 94517 72144 99 0 181304 0 566748
1786793829.431451 3374937 91771 69385 99 0 181304 0 576606
1786793830.430663 3383580 90159 67078 99 0 181304 0 576665
1786793831.518531 3410519 101961 78891 99 0 181304 0 579119
1786793832.421941 3410519 105778 83407 99 0 181304 0 611855
1786793833.430268 3400866 93899 71527 99 0 181304 0 610156
1786793834.519488 3409509 91854 69459 99 0 181304 0 612389
1786793835.518205 3418152 89818 67414 99 0 181304 0 612802
1786793836.517242 3436448 106489 84085 99 0 181304 0 603945
1786793837.425904 3445091 105753 83348 99 0 181304 0 638838
1786793838.520215 3435438 94171 71765 99 0 181304 0 625876
1786793839.520274 3444081 92116 69710 99 0 181304 0 646545
1786793840.518192 3452724 90577 67477 99 0 181304 0 646704
1786793841.519228 3479664 114477 91377 99 0 181304 0 647038
1786793842.431401 3479663 106381 83292 99 0 181304 0 673271
1786793843.524599 3470010 94747 71653 99 0 181304 0 660846
1786793844.519926 3478653 92520 69425 99 0 181304 0 680343
1786793845.427393 3487296 90470 67363 99 0 181304 0 677931
1786793846.426269 3514235 111232 88128 99 0 181304 0 709454
1786793847.427968 3514235 105266 83388 99 0 181304 0 707746
1786793848.522047 3504582 93526 71630 99 0 181304 0 713688
1786793849.522978 3513161 91016 69099 99 0 181304 0 714493
1786793850.524240 3521804 88986 67046 99 0 181304 0 714766
1786793851.428614 3548744 114690 92754 99 0 181304 0 714664
1786793852.430663 3548743 105432 83439 99 0 181304 0 748765
1786793853.526607 3539154 93263 72069 99 0 181304 0 731283
1786793854.527023 3547797 91386 69980 99 0 181304 0 751806
1786793855.527858 3556440 90036 67683 99 0 181304 0 751517
1786793856.514308 3583380 115443 93090 99 0 181304 0 779124
1786793857.430320 4641749 108479 86101 99 0 181304 0 777511
1786793858.526998 3573726 94360 71280 99 0 181304 0 781614
1786793859.525467 3582369 91970 68889 99 0 181304 0 781296
1786793860.616114 3591012 89790 66704 99 0 181304 0 782492
1786793861.515930 3609296 107218 84134 99 0 181304 0 812789
1786793862.517938 3599643 95557 72468 99 0 181304 0 791371
1786793863.530031 3608301 92778 69684 99 0 181304 0 811069
1786793864.431537 3616917 90126 67027 99 0 181304 0 805946
1786793865.522419 3635172 107419 84319 99 0 181304 0 839415
1786793866.430544 4702176 110987 87886 99 0 181304 0 835934
1786793867.614361 3634135 93592 70487 99 0 181304 0 839230
1786793868.616046 3642784 90837 67732 99 0 181304 0 837551
1786793869.520806 3669690 116401 93294 99 0 181304 0 865644
1786793870.522369 3669690 106964 83848 99 0 181304 0 865075
1786793871.616168 3660037 94639 71522 99 0 181304 0 867816
1786793872.531204 3668606 91761 68641 99 0 181304 0 866143
1786793873.618263 3695533 107813 84692 99 0 181304 0 864519
1786793874.520962 3695533 107243 84116 99 0 181304 0 890134
1786793875.617978 3685885 94300 72446 99 0 181304 0 888788
1786793876.618331 3694541 92126 69954 99 0 181304 0 896609
1786793877.620693 3703128 90217 67308 99 0 181304 0 896678
1786793878.524430 3721397 107503 84594 99 0 181304 0 925781
1786793879.533627 4777864 99483 76573 99 0 181304 0 913711
1786793880.620741 3720384 93093 70180 99 0 181304 0 924718
1786793881.619395 3729023 90567 67651 99 0 181304 0 923461
1786793882.524446 3747292 107366 84736 99 0 181304 0 951855
1786793883.519643 4814255 112332 89698 99 0 181304 0 949947
1786793884.624285 3746226 93674 71033 99 0 181304 0 952992
1786793885.621427 3755866 91668 67979 99 0 182328 0 949874
1786793886.526007 3782785 111218 88228 99 0 182328 0 949099
1786793887.615691 3782814 107224 84193 99 0 182328 0 976490
1786793888.620891 3773169 95040 72010 99 0 182328 0 981285
1786793889.620767 3781774 92304 69271 99 0 182328 0 979405
1786793890.623559 3800029 108084 85039 99 0 182328 0 967705
1786793891.529276 3808672 107234 84183 99 0 182328 0 1002107
1786793892.621642 3799016 95587 72536 99 0 182328 0 989866
1786793893.627914 3807667 92798 69744 99 0 182328 0 1008879
1786793894.715588 3834529 105729 82674 99 0 182328 0 1004054
1786793895.616076 3834514 107269 84209 99 0 182328 0 1027982
1786793896.623868 3824858 95214 72153 99 0 182328 0 1033636
1786793897.624203 3833471 91281 69380 99 0 182328 0 1031969
1786793898.626410 3851706 107047 85145 99 0 182328 0 1021425
1786793899.615032 3860357 107561 84516 99 0 182328 0 1054388
1786793900.630904 3850712 95330 72307 99 0 182328 0 1041789
1786793901.628747 3859317 91708 69455 99 0 182328 0 1059115
1786793902.623924 3897812 121383 99127 99 0 182328 0 1054908
1786793903.618434 3886249 106630 84353 99 0 182328 0 1079735
1786793904.629303 3876593 93705 71428 99 0 182328 0 1083904
1786793905.625631 3885244 91035 68751 99 0 182328 0 1081284
1786793906.627284 3912133 115914 93628 99 0 182328 0 1080445
1786793907.614612 4970491 109037 86731 99 0 182328 0 1105507
1786793908.715520 3902470 93875 71580 99 0 182328 0 1100996
1786793909.631156 3911098 89827 68381 99 0 182328 0 1106476
1786793910.532514 3929397 106561 85111 99 0 182328 0 1132983
1786793911.625191 3919747 95549 73290 99 0 182328 0 1111662
1786793912.714489 3928383 92955 70415 99 0 182328 0 1130389
1786793913.718842 3936985 90188 67645 99 0 182328 0 1129078
1786793914.617927 3955254 107271 84722 99 0 182328 0 1149122
1786793915.718754 3945598 95141 72590 99 0 182328 0 1137300
1786793916.717849 3954244 91812 69256 99 0 182328 0 1153459
1786793917.624731 3981136 116698 94142 99 0 182328 0 1149250
1786793918.621281 5039522 114843 92278 99 0 182328 0 1176600
1786793919.718244 3971499 94066 71471 99 0 182328 0 1178096
1786793920.714617 3980083 89673 68141 99 0 182328 0 1174627
1786793921.616594 3998352 105561 85245 99 0 182328 0 1198533
1786793922.634550 3988699 94250 73156 99 0 182328 0 1187848
1786793923.719830 3997348 89643 69611 99 0 182328 0 1195402
1786793924.617597 4024227 108145 86963 99 0 182328 0 1190989
1786793925.625077 4024242 106626 84802 99 0 182328 0 1218400
1786793926.718760 4014592 94534 71998 99 0 182328 0 1221156
1786793927.719070 4023205 90795 68255 99 0 182328 0 1217201
1786793928.626575 4041504 107542 84978 99 0 182328 0 1244605
1786793929.635872 4031851 95528 72955 99 0 182328 0 1223801
1786793930.718525 4040487 93124 69838 99 0 182328 0 1240464
1786793931.718870 4058756 108761 85475 99 0 182328 0 1226471
1786793932.626104 5125719 108186 84909 99 0 182328 0 1269582
1786793933.721829 4057690 95662 72381 99 0 182328 0 1266455
1786793934.536958 4066292 91958 68671 99 0 182328 0 1251391
1786793935.517140 4065684 78656 55026 99 0 184376 0 1251811
1786793936.438929 4056039 61361 36814 99 0 184376 0 1244872
1786793937.318023 4042658 36259 11677 99 0 184376 0 1221253
1786793938.317729 4042658 36259 11677 99 0 184376 0 1221253
1786793939.317205 4042658 36259 11677 99 0 184376 0 1221253
1786793940.317767 4042658 36259 11677 99 0 184376 0 1221253
1786793941.317031 4042658 36259 11677 99 0 184376 0 1221253
1786793942.317929 4042658 36274 11677 99 0 184376 0 1221253
1786793943.317248 4042658 36274 11677 99 0 184376 0 1221253
1786793944.316944 4042658 36274 11677 99 0 184376 0 1221253
1786793945.316939 4042658 36274 11677 99 0 184376 0 1221253
1786793946.319071 4042658 36274 11677 99 0 184376 0 1221253
1786793947.316828 4042658 36274 11677 99 0 184376 0 1221253
1786793948.317236 4042658 36274 11677 99 0 184376 0 1221253
1786793949.317090 4042658 36274 11677 99 0 184376 0 1221253
1786793950.317698 4042658 36274 11677 99 0 184376 0 1221253
1786793951.317086 4042658 36274 11677 99 0 184376 0 1221253
1786793952.442790 4129080 35164 11201 99 0 184376 0 1307676
1786793953.317655 4042650 34945 10956 99 0 184376 0 1221251
1786793954.316591 4042650 34945 10956 99 0 184376 0 1221251
1786793955.316600 4042650 34945 10956 99 0 184376 0 1221251
1786793956.318082 4042650 34945 10956 99 0 184376 0 1221251
1786793957.316846 4042650 34945 10956 99 0 184376 0 1221251
1786793958.317977 4042650 34945 10956 99 0 184376 0 1221251
1786793959.317891 4042650 34945 10956 99 0 184376 0 1221251
1786793960.317771 4042650 34945 10956 99 0 184376 0 1221251
1786793961.318154 4042650 34945 10956 99 0 184376 0 1221251
1786793962.317720 4042650 34945 10956 99 0 184376 0 1221251
1786793963.317722 4042650 35202 10956 99 0 184376 0 1221251
1786793964.318880 4042650 35202 10956 99 0 184376 0 1221251
1786793965.317690 4042650 35202 10956 99 0 184376 0 1221251
1786793966.316537 4042650 35202 10956 99 0 184376 0 1221251
1786793967.317542 4042650 35202 10956 99 0 184376 0 1221251
1786793968.320921 4042640 34447 10173 99 0 184376 0 1221245
1786793969.316546 4042640 34447 10173 99 0 184376 0 1221245
1786793970.316808 4042640 34447 10173 99 0 184376 0 1221245
1786793971.318594 4042640 34447 10173 99 0 184376 0 1221246
1786793972.316484 4042640 34447 10173 99 0 184376 0 1221246
1786793973.317627 4042640 34482 10173 99 0 184376 0 1221246
1786793974.316642 4042640 34482 10173 99 0 184376 0 1221246
1786793975.317517 4042640 34482 10173 99 0 184376 0 1221246
1786793976.316882 4042640 34482 10173 99 0 184376 0 1221246
1786793977.317681 4042640 34482 10173 99 0 184376 0 1221246
1786793978.316768 4042640 34482 10173 99 0 184376 0 1221246
1786793979.317704 4042640 34482 10173 99 0 184376 0 1221246
1786793980.316375 4042640 34482 10173 99 0 184376 0 1221246
1786793981.334206 4042619 33848 9518 99 0 184376 0 1221230
1786793982.318518 4042619 33848 9518 99 0 184376 0 1221230
1786793983.316307 4042619 34388 9518 99 0 184376 0 1221230
1786793984.317362 4042619 34388 9518 99 0 184376 0 1221230
1786793985.316546 4042619 34388 9518 99 0 184376 0 1221230
1786793986.316611 4042619 34388 9518 99 0 184376 0 1221230
1786793987.318525 4042619 34388 9518 99 0 184376 0 1221230
1786793988.317155 4042619 34388 9518 99 0 184376 0 1221230
1786793989.317651 4042619 34388 9518 99 0 184376 0 1221230
1786793990.316337 4042619 34388 9518 99 0 184376 0 1221230
1786793991.316379 4042619 34388 9518 99 0 184376 0 1221230
1786793992.321513 4042619 34388 9518 99 0 184376 0 1221230
1786793993.317332 4042619 35505 9518 99 0 184376 0 1221230
1786793994.317508 4042619 35505 9518 99 0 184376 0 1221230
1786793995.317198 4042619 35505 9518 99 0 184376 0 1221230
1786793996.435635 4407777 35892 9905 99 0 184376 0 1511915
1786793997.316468 4042619 35512 9525 99 0 184376 0 1221233
1786793998.317943 4042619 35512 9525 99 0 184376 0 1221233
1786793999.316649 4042619 35512 9525 99 0 184376 0 1221233
1786794000.316476 4042619 35512 9525 99 0 184376 0 1221233
1786794001.316482 4042619 35512 9525 99 0 184376 0 1221234
1786794002.316619 4042619 35512 9525 99 0 184376 0 1221234
1786794003.316533 4042619 35512 9525 99 0 184376 0 1221234
1786794004.316445 4042619 36017 9525 99 0 184376 0 1221234
1786794005.317618 4042619 36017 9525 99 0 184376 0 1221234
1786794006.316398 4042619 36017 9525 99 0 184376 0 1221234
1786794007.316616 4042619 36017 9525 99 0 184376 0 1221234
1786794008.317622 4042619 36017 9525 99 0 184376 0 1221234
1786794009.316555 4042619 36017 9525 99 0 184376 0 1221234
1786794010.318665 4042619 36017 9525 99 0 184376 0 1221234
1786794011.317381 4042619 36017 9525 99 0 184376 0 1221234
1786794012.319400 4042619 36002 9510 99 0 184376 0 1221236
1786794013.316462 4042619 36002 9510 99 0 184376 0 1221236
1786794014.317761 4042619 36063 9510 99 0 184376 0 1221236
1786794015.317538 4042619 36063 9510 99 0 184376 0 1221236
1786794016.317465 4042619 36063 9510 99 0 184376 0 1221236
1786794017.316853 4042619 36063 9510 99 0 184376 0 1221236
1786794018.317653 4042619 36063 9510 99 0 184376 0 1221236
1786794019.317336 4042619 36063 9510 99 0 184376 0 1221236
1786794020.316978 4042619 36063 9510 99 0 184376 0 1221236
1786794021.317435 4042619 36063 9510 99 0 184376 0 1221236
1786794022.316254 4042619 36063 9510 99 0 184376 0 1221236
1786794023.316415 4042619 36063 9510 99 0 184376 0 1221236
1786794024.317479 4042619 36063 9510 99 0 184376 0 1221236
1786794025.316231 4042619 36063 9510 99 0 184376 0 1221236
1786794026.316267 4042619 36063 9510 99 0 184376 0 1221236
1786794027.519836 4264479 36256 9703 99 0 184376 0 1418271
1786794028.435350 4044666 35811 9519 99 0 186424 0 1221236
1786794029.436480 4044666 35811 9519 99 0 186424 0 1221236
1786794030.437350 4044666 35811 9519 99 0 186424 0 1221236
1786794031.514413 4044666 35811 9519 99 0 186424 0 1221236
1786794032.514727 4044666 35811 9519 99 0 186424 0 1221236
1786794033.434113 4044666 35811 9519 99 0 186424 0 1221236
1786794034.435108 4044666 35811 9519 99 0 186424 0 1221236
1786794035.434001 4046715 35699 9519 99 0 188472 0 1221236
1786794036.434049 4046715 35699 9519 99 0 188472 0 1221236
1786794037.437185 4046715 35699 9519 99 0 188472 0 1221236
1786794038.434339 4046715 35699 9519 99 0 188472 0 1221236
1786794039.436202 4046715 35699 9519 99 0 188472 0 1221236
1786794040.438325 4046715 35699 9519 99 0 188472 0 1221236
1786794041.437019 4046715 35699 9519 99 0 188472 0 1221236
1786794042.436129 4048764 35704 9519 99 0 190520 0 1221236
1786794043.437129 4048764 35704 9519 99 0 190520 0 1221236
1786794044.435179 4048764 35704 9519 99 0 190520 0 1221236
1786794045.436193 4048764 35704 9519 99 0 190520 0 1221236
1786794046.437279 4048764 35704 9519 99 0 190520 0 1221236
1786794047.435469 4048764 35704 9519 99 0 190520 0 1221236
1786794048.435293 4048764 35704 9519 99 0 190520 0 1221236
1786794049.438289 4048764 35704 9519 99 0 190520 0 1221236
1786794050.436074 4050813 35708 9519 99 0 192568 0 1221236
1786794051.439158 4050813 35708 9519 99 0 192568 0 1221236
1786794052.438314 4050813 35708 9519 99 0 192568 0 1221236
1786794053.435953 4050813 35708 9519 99 0 192568 0 1221236
1786794054.436911 4050813 35708 9519 99 0 192568 0 1221236
1786794055.436997 4050813 35708 9519 99 0 192568 0 1221236
1786794056.436991 4050813 35708 9519 99 0 192568 0 1221236
1786794057.437352 4050813 35708 9519 99 0 192568 0 1221236
1786794058.434241 4050813 35708 9519 99 0 192568 0 1221236
1786794059.435011 4050813 35708 9519 99 0 192568 0 1221236
1786794060.434095 4050813 35708 9519 99 0 192568 0 1221236
1786794061.436930 4050813 35708 9519 99 0 192568 0 1221236
1786794062.437223 4050813 35708 9519 99 0 192568 0 1221236
1786794063.514874 4050813 35708 9519 99 0 192568 0 1221236
1786794064.435062 4050813 35708 9519 99 0 192568 0 1221236
1786794065.438039 4050813 35708 9519 99 0 192568 0 1221236
1786794066.437165 4050813 35708 9519 99 0 192568 0 1221236
1786794067.435261 4050813 35708 9519 99 0 192568 0 1221236
1786794068.435151 4050813 35708 9519 99 0 192568 0 1221236
1786794069.437225 4050813 35708 9519 99 0 192568 0 1221236
1786794070.433974 4050813 35708 9519 99 0 192568 0 1221236
1786794071.434194 4050813 35708 9519 99 0 192568 0 1221236
1786794072.435070 4050813 35708 9519 99 0 192568 0 1221236
1786794073.437148 4050813 35708 9519 99 0 192568 0 1221236
1786794074.434397 4050813 35708 9519 99 0 192568 0 1221236
1786794075.438326 4050813 35708 9519 99 0 192568 0 1221236
1786794076.437169 4050813 35708 9519 99 0 192568 0 1221236
1786794077.435170 4050813 35708 9519 99 0 192568 0 1221236
1786794078.436890 4050813 35708 9519 99 0 192568 0 1221236
1786794079.436313 4050813 35708 9519 99 0 192568 0 1221236
1786794080.437091 4050813 35708 9519 99 0 192568 0 1221236
1786794081.436192 4050813 35708 9519 99 0 192568 0 1221236
1786794082.435989 4050813 35708 9519 99 0 192568 0 1221236
1786794083.437720 4050813 35708 9519 99 0 192568 0 1221236
1786794084.436354 4050813 35708 9519 99 0 192568 0 1221236
1786794085.316264 4050813 35705 9519 99 0 192568 0 1221236
