# start_epoch=1786795236.668433  page_size=4096  cachestat=ok  fields=size,resident,shared,text,lib,data,dt,pagecache
1786795237.669770 36241 20592 2643 1589 0 32254 0 19053
1786795238.671079 47633 29509 2723 1589 0 43646 0 38612
1786795239.671372 52753 35653 2723 1589 0 48766 0 48848
1786795240.670342 52753 30118 2820 1589 0 48766 0 31321
1786795241.671804 53521 33966 2820 1589 0 49534 0 56254
1786795242.670835 53521 32423 2820 1589 0 49534 0 43572
1786795243.672121 53521 32423 2820 1589 0 49534 0 64410
1786795244.671143 53521 31972 2820 1589 0 49534 0 55823
1786795245.671274 53521 31489 2820 1589 0 49534 0 55823
1786795246.673216 53521 34314 2820 1589 0 49534 0 83059
1786795247.672626 53521 30831 2867 1589 0 49534 0 68073
1786795248.751792 53521 30831 2867 1589 0 49534 0 87888
1786795249.755500 54161 35717 2867 1589 0 50174 0 145297
1786795250.672999 54161 31364 2867 1589 0 50174 0 79522
1786795251.752147 54161 32900 2867 1589 0 50174 0 103175
1786795252.673715 54161 30368 2867 1589 0 50174 0 91772
1786795253.674062 54161 30376 2867 1589 0 50174 0 95705
1786795254.752990 54161 35269 2867 1589 0 50174 0 121177
1786795255.674385 54161 31669 2867 1589 0 50174 0 104021
1786795256.755618 54161 33205 2867 1589 0 50174 0 126906
1786795257.675070 54161 27053 2867 1589 0 50174 0 116271
1786795258.674894 54161 28539 2867 1589 0 50174 0 116271
1786795259.754872 54161 32927 2867 1589 0 50174 0 139412
1786795260.756899 54161 36274 2867 1589 0 50174 0 146321
1786795261.674435 54161 25915 2867 1589 0 50174 0 126305
1786795262.755882 54161 32210 2867 1589 0 50174 0 149702
1786795263.676313 54161 31097 2867 1589 0 50174 0 138556
1786795264.674855 54161 31097 2867 1589 0 50174 0 138556
1786795265.755710 54161 34956 2867 1589 0 50174 0 165280
1786795266.676992 54161 31852 2867 1589 0 50174 0 150806
1786795267.755090 54161 32112 2867 1589 0 50174 0 171644
1786795268.753373 54161 32362 2867 1589 0 50174 0 163058
1786795269.677487 54161 32370 2867 1589 0 50174 0 163058
1786795270.756607 54161 33394 2867 1589 0 50174 0 184408
1786795271.761799 54929 36885 2867 1589 0 50942 0 268044
1786795272.678061 61073 34821 2867 1589 0 57086 0 173614
1786795273.757466 61073 34829 2867 1589 0 57086 0 196500
1786795274.676931 61073 30709 2867 1589 0 57086 0 185863
1786795275.676877 61073 30709 2867 1589 0 57086 0 185863
1786795276.759466 61073 35076 2867 1589 0 57086 0 213355
1786795277.677405 61073 36273 2867 1589 0 57086 0 198113
1786795278.760010 61073 36529 2867 1589 0 57086 0 220487
1786795279.680484 61073 30138 2867 1589 0 57086 0 210363
1786795280.681095 61073 30138 2867 1589 0 57086 0 210363
1786795281.759123 61073 33986 2867 1589 0 57086 0 232225
1786795282.760123 61073 37844 2867 1589 0 57086 0 238366
1786795283.680586 61073 39327 2867 1589 0 57086 0 220341
1786795284.757696 61073 39327 2867 1589 0 57086 0 240412
1786795285.762456 61073 39327 2867 1589 0 57086 0 278928
1786795286.680579 61073 29308 2867 1589 0 57086 0 231586
1786795287.761257 61073 31262 2867 1589 0 57086 0 252162
1786795288.760581 61073 36741 2867 1589 0 57086 0 256207
1786795289.681933 61073 33398 2867 1589 0 57086 0 243836
1786795290.760181 61073 35223 2867 1589 0 57086 0 269280
1786795291.682766 61073 30963 2867 1589 0 57086 0 256085
1786795292.683844 61073 30963 2867 1589 0 57086 0 256085
1786795293.762881 61073 36661 2867 1589 0 57086 0 279482
1786795294.760920 61073 39686 2867 1589 0 57086 0 285329
1786795295.683004 61969 36008 2867 1589 0 57982 0 265615
1786795296.762089 61969 36008 2867 1589 0 57982 0 287221
1786795297.764972 61969 36202 2867 1589 0 57982 0 327523
1786795298.683650 61969 30089 2867 1589 0 57982 0 276855
1786795299.768598 61969 32550 2867 1589 0 57982 0 329283
1786795300.750928 61969 33325 2867 1589 0 57982 0 288084
1786795301.684404 61969 33325 2867 1589 0 57982 0 288084
1786795302.852644 61969 33908 2867 1589 0 57982 0 358502
1786795303.685013 61969 33211 2867 1589 0 57982 0 299324
1786795304.684639 61969 33211 2867 1589 0 57982 0 299324
1786795305.766649 61969 35012 2867 1589 0 57982 0 321442
1786795306.764094 61969 38218 2867 1589 0 57982 0 327071
1786795307.685141 61969 37329 2867 1589 0 57982 0 308924
1786795308.764879 61969 37776 2867 1589 0 57982 0 329762
1786795309.761950 61969 38385 2867 1589 0 57982 0 354119
1786795310.685498 61969 35868 2867 1589 0 57982 0 320457
1786795311.765852 61969 35742 2867 1589 0 57982 0 340272
1786795312.767808 61969 37962 2867 1589 0 57982 0 393436
1786795313.752990 61969 39648 2867 1589 0 57982 0 331688
1786795314.850183 61969 40499 2867 1589 0 57982 0 350735
1786795315.851649 61969 40510 2867 1589 0 57982 0 405081
1786795316.751397 61969 38975 2867 1589 0 57982 0 342843
1786795317.753099 61969 38975 2867 1589 0 57982 0 342843
1786795318.854664 61969 38625 2867 1589 0 57982 0 365984
1786795319.869888 61969 38695 2867 1589 0 57982 0 419342
1786795320.754838 61969 37670 2867 1589 0 57982 0 353593
1786795321.757184 61969 34071 2867 1589 0 57982 0 353593
1786795322.862033 61969 35641 2867 1589 0 57982 0 378526
1786795323.753123 61969 36679 2867 1589 0 57982 0 363543
1786795324.754838 61969 36988 2867 1589 0 57982 0 363543
1786795325.852141 61969 37116 2867 1589 0 57982 0 384637
1786795326.850655 61969 39951 2867 1589 0 57982 0 390523
1786795327.752008 61969 39196 2867 1589 0 57982 0 374183
1786795328.851787 61969 39261 2867 1589 0 57982 0 394170
1786795329.766788 61969 39262 2867 1589 0 57982 0 399883
1786795330.761099 61969 38798 2867 1589 0 57982 0 398261
1786795331.758027 61969 38798 2867 1589 0 57982 0 384461
1786795332.853975 61969 38798 2867 1589 0 57982 0 408882
1786795333.756547 61969 36813 2867 1589 0 57982 0 396711
1786795334.757518 61969 36815 2867 1589 0 57982 0 396711
1786795335.851453 62993 37333 2867 1589 0 59006 0 415337
1786795336.851744 62993 38357 2867 1589 0 59006 0 421479
1786795337.756629 62993 39906 2867 1589 0 59006 0 403823
1786795338.767577 62993 39906 2867 1589 0 59006 0 405593
1786795339.853399 62993 39907 2867 1589 0 59006 0 475790
1786795340.754209 62993 35466 2867 1589 0 59006 0 414061
1786795341.754161 62993 35466 2867 1589 0 59006 0 414061
1786795342.768343 62993 36929 2867 1589 0 59006 0 436691
1786795343.754733 62993 30827 2867 1589 0 59006 0 423935
1786795344.754794 62993 30994 2867 1589 0 59006 0 423935
1786795345.852917 62993 36993 2867 1589 0 59006 0 446820
1786795346.858803 62993 40467 2867 1589 0 59006 0 452450
1786795347.754970 62993 37511 2867 1589 0 59006 0 433549
1786795348.856444 62993 37569 2867 1589 0 59006 0 453364
1786795349.858322 62993 37596 2867 1589 0 59006 0 483148
1786795350.758438 62993 36498 2867 1589 0 59006 0 444432
1786795351.853799 62993 36788 2867 1589 0 59006 0 463479
1786795352.865007 62993 37844 2867 1589 0 59006 0 533003
1786795353.757487 62993 38780 2867 1589 0 59006 0 453819
1786795354.757285 62993 38780 2867 1589 0 59006 0 453819
1786795355.852997 62993 39060 2867 1589 0 59006 0 477216
1786795356.857730 62993 41117 2867 1589 0 59006 0 557043
1786795357.757764 62993 37782 2867 1589 0 59006 0 463198
1786795358.857211 62993 37783 2867 1589 0 59006 0 485572
1786795359.858858 62993 40855 2867 1589 0 59006 0 491201
1786795360.758413 62993 39599 2867 1589 0 59006 0 475450
1786795361.853839 62993 39349 2867 1589 0 59006 0 492670
1786795362.856446 62993 37325 2867 1589 0 59006 0 499579
1786795363.761785 62993 36894 2867 1589 0 59006 0 484849
1786795364.859419 62993 37174 2867 1589 0 59006 0 504152
1786795365.860517 62993 37766 2867 1589 0 59006 0 618498
1786795366.761266 62993 32105 2867 1589 0 59006 0 493986
1786795367.759617 62993 32617 2867 1589 0 59006 0 491760
1786795368.857965 62993 36779 2867 1589 0 59006 0 518740
1786795369.760971 62993 38070 2867 1589 0 59006 0 504010
1786795370.759908 62993 38070 2867 1589 0 59006 0 500718
1786795371.860816 62993 38070 2867 1589 0 59006 0 524371
1786795372.861160 62993 39607 2867 1589 0 59006 0 530513
1786795373.762884 62993 32657 2867 1589 0 59006 0 509880
1786795374.857830 62993 34667 2867 1589 0 59006 0 530462
1786795375.861043 62993 38259 2867 1589 0 59006 0 537116
1786795376.856445 62993 37809 2867 1589 0 59006 0 544076
1786795377.759284 62993 36390 2867 1589 0 59006 0 519580
1786795378.858229 62993 36647 2867 1589 0 59006 0 542465
1786795379.861091 62993 38279 2867 1589 0 59006 0 562110
1786795380.764773 62993 32623 2867 1589 0 59006 0 528133
1786795381.860631 62993 34415 2867 1589 0 59006 0 548715
1786795382.863434 62993 37771 2867 1589 0 59006 0 554857
1786795383.762101 62993 38056 2867 1589 0 59006 0 536665
1786795384.766011 62993 38056 2867 1589 0 59006 0 536665
1786795385.864844 62993 38313 2867 1589 0 59006 0 560830
1786795386.770777 62993 40441 2867 1589 0 59006 0 561260
1786795387.761269 62993 33797 2867 1589 0 59006 0 544827
1786795388.862749 62993 34882 2867 1589 0 59006 0 566689
1786795389.862603 62993 38478 2867 1589 0 59006 0 573086
1786795390.762147 62993 37874 2867 1589 0 59006 0 554580
1786795391.863867 62993 37874 2867 1589 0 59006 0 573627
1786795392.863610 62993 39491 2867 1589 0 59006 0 638034
1786795393.762408 62993 37024 2867 1589 0 59006 0 562736
1786795394.767689 62993 37024 2867 1589 0 59006 0 562736
1786795395.859407 62993 36731 2867 1589 0 59006 0 585877
1786795396.864250 64273 40560 2867 1589 0 60286 0 678330
1786795397.761855 64273 34251 2867 1589 0 60286 0 570796
1786795398.862211 64273 35531 2867 1589 0 60286 0 591378
1786795399.866454 64273 38875 2867 1589 0 60286 0 614436
1786795400.764287 64273 34248 2867 1589 0 60286 0 582257
1786795401.862546 64273 35338 2867 1589 0 60286 0 602328
1786795402.858882 64273 39402 2867 1589 0 60286 0 607957
1786795403.764666 64273 38047 2867 1589 0 60286 0 590199
1786795404.764959 64273 38047 2867 1589 0 60286 0 590199
1786795405.864607 64273 38559 2867 1589 0 60286 0 614108
1786795406.859659 64273 42185 2867 1589 0 60286 0 619738
1786795407.767126 64273 36026 2867 1589 0 60286 0 602449
1786795408.864317 64273 36401 2867 1589 0 60286 0 621488
1786795409.865790 64273 38969 2867 1589 0 60286 0 628141
1786795410.771433 64273 30204 2867 1589 0 60286 0 612388
1786795411.764187 64273 34141 2867 1589 0 60286 0 607871
1786795412.861613 64273 38788 2867 1589 0 60286 0 632549
1786795413.864618 64273 42131 2867 1589 0 60286 0 638143
1786795414.856168 64273 37051 2867 1589 0 60286 0 668499
1786795415.864566 65169 37693 2867 1589 0 61182 0 636809
1786795416.864349 65169 41030 2867 1589 0 61182 0 642439
1786795417.766999 65169 38763 2867 1589 0 61182 0 627964
1786795418.863329 65169 39020 2867 1589 0 61182 0 647267
1786795419.951857 65169 39021 2867 1589 0 61182 0 765886
1786795420.770816 65169 35422 2867 1589 0 61182 0 637504
1786795421.769649 65169 34373 2867 1589 0 61182 0 637504
1786795422.951886 65169 38760 2867 1589 0 61182 0 719830
1786795423.863871 65169 42355 2867 1589 0 61182 0 662444
1786795424.766187 65169 42013 2867 1589 0 61182 0 646011
1786795425.865659 65169 42218 2867 1589 0 61182 0 668129
1786795426.958604 65169 42219 2867 1589 0 61182 0 752001
1786795427.769286 65169 35228 2867 1589 0 61182 0 653314
1786795428.866346 65169 35704 2867 1589 0 61182 0 673129
1786795429.867346 65169 39819 2867 1589 0 61182 0 679014
1786795430.768029 65169 43250 2867 1589 0 61182 0 660273
1786795431.852570 65169 43250 2867 1589 0 61182 0 660273
1786795432.954705 65169 43250 2867 1589 0 61182 0 684694
1786795433.863453 65169 43272 2867 1589 0 61182 0 690546
1786795434.850334 65169 35280 2867 1589 0 61182 0 672524
1786795435.951533 65169 35275 2867 1589 0 61182 0 689440
1786795436.952340 65169 38875 2867 1589 0 61182 0 695325
1786795437.850976 65169 35781 2867 1589 0 61182 0 682132
1786795438.769934 65169 35781 2867 1589 0 61182 0 677277
1786795439.957712 65169 37264 2867 1589 0 61182 0 700162
1786795440.953658 65169 40089 2867 1589 0 61182 0 706560
1786795441.773567 65169 34540 2867 1589 0 61182 0 686997
1786795442.955378 65169 35820 2867 1589 0 61182 0 706300
1786795443.950657 65169 40202 2867 1589 0 61182 0 711418
1786795444.862720 65169 43499 2867 1589 0 61182 0 712243
1786795445.851668 65169 39959 2867 1589 0 61182 0 693949
1786795446.953709 65169 39960 2867 1589 0 61182 0 717346
1786795447.866912 65169 42071 2867 1589 0 61182 0 722976
1786795448.772948 65169 36944 2867 1589 0 61182 0 706199
1786795449.959325 65169 37482 2867 1589 0 61182 0 727549
1786795450.954050 65169 40514 2867 1589 0 61182 0 858720
1786795451.773105 65169 39295 2867 1589 0 61182 0 714703
1786795452.868073 65169 39295 2867 1589 0 61182 0 734518
1786795453.865897 65169 40831 2867 1589 0 61182 0 740147
1786795454.850943 65169 39641 2867 1589 0 61182 0 721819
1786795455.772723 65169 39641 2867 1589 0 61182 0 721819
1786795456.955113 65169 39641 2867 1589 0 61182 0 744960
1786795457.867332 65169 42466 2867 1589 0 61182 0 750590
1786795458.773283 65169 40950 2867 1589 0 61182 0 728912
1786795459.955463 65169 41153 2867 1589 0 61182 0 748983
1786795460.865981 65169 41176 2867 1589 0 61182 0 754356
1786795461.771278 65169 41207 2867 1589 0 61182 0 735872
1786795462.771603 65169 41207 2867 1589 0 61182 0 735872
1786795463.956609 65169 41466 2867 1589 0 61182 0 757990
1786795464.868040 65169 43030 2867 1589 0 61182 0 763875
1786795465.850722 65169 44066 2867 1589 0 61182 0 748121
1786795466.866373 65169 43746 2867 1589 0 61182 0 763302
1786795467.954549 65169 43748 2867 1589 0 61182 0 769700
1786795468.850340 65169 39706 2867 1589 0 61182 0 754715
1786795469.852541 65169 39706 2867 1589 0 61182 0 754715
1786795470.962181 66705 40215 2867 1589 0 62718 0 905742
1786795471.963221 66705 41310 2867 1589 0 62718 0 841840
1786795472.853738 66705 34169 2867 1589 0 62718 0 762576
1786795473.952264 66705 36868 2867 1589 0 62718 0 783414
1786795474.953807 66705 39437 2867 1589 0 62718 0 844603
1786795475.850846 66705 39961 2867 1589 0 62718 0 769528
1786795476.961637 66705 39963 2867 1589 0 62718 0 788383
1786795477.956211 66705 39966 2867 1589 0 62718 0 865452
1786795478.864668 66705 42764 2867 1589 0 62718 0 792239
1786795479.850154 66705 36878 2867 1589 0 62718 0 775806
1786795480.959179 66705 38414 2867 1589 0 62718 0 797668
1786795481.956822 66705 41760 2867 1589 0 62718 0 880490
1786795482.853689 66705 39253 2867 1589 0 62718 0 782061
1786795483.954696 66705 39255 2867 1589 0 62718 0 801876
1786795484.954646 66705 40799 2867 1589 0 62718 0 807505
1786795485.775515 66705 38210 2867 1589 0 62718 0 788253
1786795486.774705 66705 38210 2867 1589 0 62718 0 788253
1786795487.953868 66705 39843 2867 1589 0 62718 0 811138
1786795488.953140 66705 43252 2867 1589 0 62718 0 816768
1786795489.773561 66705 41703 2867 1589 0 62718 0 800503
1786795490.966191 66705 42199 2867 1589 0 62718 0 942094
1786795492.051239 66705 42200 2867 1589 0 62718 0 948096
1786795492.855535 66705 38057 2867 1589 0 62718 0 809201
1786795493.857053 66705 38057 2867 1589 0 62718 0 809201
1786795494.956038 66705 37977 2867 1589 0 62718 0 829099
1786795495.854488 66705 37458 2867 1589 0 62718 0 815137
1786795496.774989 66705 37458 2867 1589 0 62718 0 815137
1786795497.963081 66705 38408 2867 1589 0 62718 0 916440
1786795498.962395 66705 42012 2867 1589 0 62718 0 922581
1786795499.850550 66705 44074 2867 1589 0 62718 0 821101
1786795500.958357 66705 44074 2867 1589 0 62718 0 840660
1786795501.962671 66705 44155 2867 1589 0 62718 0 938428
1786795502.774581 66705 39724 2867 1589 0 62718 0 826637
1786795503.859733 66705 38460 2867 1589 0 62718 0 826637
1786795504.962487 66705 38669 2867 1589 0 62718 0 850034
1786795505.961109 66705 41540 2867 1589 0 62718 0 855920
1786795506.866883 66705 40553 2867 1589 0 62718 0 835009
1786795507.958932 66705 39742 2867 1589 0 62718 0 853545
1786795508.959890 66705 40767 2867 1589 0 62718 0 859431
1786795509.950631 66705 43368 2867 1589 0 62718 0 865060
1786795510.854977 66705 42257 2867 1589 0 62718 0 840670
1786795511.957880 66705 42260 2867 1589 0 62718 0 862788
1786795512.959837 66705 42260 2867 1589 0 62718 0 868417
1786795513.851407 66705 39428 2867 1589 0 62718 0 852920
1786795514.959331 66705 39791 2867 1589 0 62718 0 862224
1786795515.967338 66705 39801 2867 1589 0 62718 0 870894
1786795516.870334 66705 38835 2867 1589 0 62718 0 858467
1786795517.856225 66705 39394 2867 1589 0 62718 0 858467
1786795518.963778 66705 39065 2867 1589 0 62718 0 872384
1786795519.967501 66705 39958 2867 1589 0 62718 0 878526
1786795520.861977 66705 38109 2867 1589 0 62718 0 863795
1786795521.858642 66705 38109 2867 1589 0 62718 0 863795
1786795522.966549 66705 39645 2867 1589 0 62718 0 885913
1786795524.050893 66705 42595 2867 1589 0 62718 0 1026171
1786795524.852979 66705 43594 2867 1589 0 62718 0 871844
1786795525.963303 66705 39487 2867 1589 0 62718 0 890548
1786795526.958321 66705 41023 2867 1589 0 62718 0 896433
1786795527.860024 66705 35202 2867 1589 0 62718 0 882982
1786795528.955585 66705 35202 2867 1589 0 62718 0 892247
1786795529.961993 66705 38041 2867 1589 0 62718 0 897932
1786795530.956499 66705 41440 2867 1589 0 62718 0 903306
1786795531.852541 66705 43423 2867 1589 0 62718 0 888064
1786795532.854649 66705 43423 2867 1589 0 62718 0 880890
1786795533.963508 66705 43488 2867 1589 0 62718 0 904287
1786795534.963317 66705 43488 2867 1589 0 62718 0 909917
1786795535.855311 66705 39890 2867 1589 0 62718 0 893139
1786795536.959526 66705 36071 2867 1589 0 62718 0 906234
1786795537.965312 66705 39663 2867 1589 0 62718 0 911936
1786795538.863976 66705 41497 2867 1589 0 62718 0 898231
1786795539.864115 66705 41497 2867 1589 0 62718 0 898231
1786795541.056060 66705 41924 2867 1589 0 62718 0 1018707
1786795542.054888 66705 41924 2867 1589 0 62718 0 1024336
1786795542.862122 66705 37540 2867 1589 0 62718 0 903751
1786795543.860156 66705 37540 2867 1589 0 62718 0 903751
1786795545.053906 66705 39076 2867 1589 0 62718 0 927991
1786795545.861092 66705 42277 2867 1589 0 62718 0 911227
1786795546.855739 66705 42277 2867 1589 0 62718 0 911227
1786795547.964451 66705 42277 2867 1589 0 62718 0 931298
1786795549.051418 66705 42277 2867 1589 0 62718 0 937183
1786795549.859991 66705 40823 2867 1589 0 62718 0 916174
1786795550.858601 66705 40823 2867 1589 0 62718 0 916174
1786795551.968268 66705 40533 2867 1589 0 62718 0 937780
1786795553.052339 66705 41557 2867 1589 0 62718 0 944177
1786795553.872151 66705 40597 2867 1589 0 62718 0 920973
1786795554.854237 66705 40597 2867 1589 0 62718 0 920974
1786795555.960225 66705 40597 2867 1589 0 62718 0 943348
1786795556.964153 66705 43924 2867 1589 0 62718 0 948977
1786795557.860426 66705 41110 2867 1589 0 62718 0 925789
1786795559.057187 66705 41110 2867 1589 0 62718 0 940387
1786795560.050865 66705 41110 2867 1589 0 62718 0 950466
1786795560.867218 66705 35707 2867 1589 0 62718 0 938040
1786795561.862366 66705 35707 2867 1589 0 62718 0 930769
1786795562.963912 66705 38267 2867 1589 0 62718 0 951351
1786795564.056699 66705 42122 2867 1589 0 62718 0 956469
1786795564.856562 66705 39529 2867 1589 0 62718 0 943020
1786795565.854763 66705 39529 2867 1589 0 62718 0 943020
1786795567.059613 66705 39529 2867 1589 0 62718 0 1103221
1786795568.054184 66705 43378 2867 1589 0 62718 0 1109106
1786795568.855810 66705 37917 2867 1589 0 62718 0 950369
1786795570.050665 66705 37916 2867 1589 0 62718 0 969672
1786795570.967119 66705 42008 2867 1589 0 62718 0 1050031
1786795571.866186 66705 40472 2867 1589 0 62718 0 955173
1786795572.857424 66705 40472 2867 1589 0 62718 0 955173
1786795573.964185 66705 40472 2867 1589 0 62718 0 977291
1786795574.968128 66705 44146 2867 1589 0 62718 0 1066735
1786795575.856111 66705 37440 2867 1589 0 62718 0 959560
1786795576.965611 66705 37888 2867 1589 0 62718 0 980142
1786795577.962969 66705 41494 2867 1589 0 62718 0 985516
1786795578.966747 66705 39839 2867 1589 0 62718 0 964809
1786795579.860612 66705 39839 2867 1589 0 62718 0 963930
1786795580.965621 66705 40095 2867 1589 0 62718 0 986048
1786795581.962985 66705 43175 2867 1589 0 62718 0 991166
1786795582.856083 66705 38572 2867 1589 0 62718 0 976183
1786795583.858536 66705 38572 2867 1589 0 62718 0 967969
1786795584.963863 66705 40108 2867 1589 0 62718 0 991622
1786795585.963907 66705 42981 2867 1589 0 62718 0 997252
1786795586.859847 66705 39846 2867 1589 0 62718 0 980218
1786795588.051463 66705 39846 2867 1589 0 62718 0 1000012
1786795589.054854 68497 41466 2867 1589 0 64510 0 1146730
1786795589.859365 68497 38960 2867 1589 0 64510 0 987435
1786795590.860368 68497 38960 2867 1589 0 64510 0 987435
1786795591.968583 68497 41010 2867 1589 0 64510 0 1010065
1786795593.052892 68497 44180 2867 1589 0 64510 0 1103213
1786795593.859023 68497 42122 2867 1589 0 64510 0 991479
1786795595.051639 68497 42122 2867 1589 0 64510 0 1012317
1786795596.055088 68497 42122 2867 1589 0 64510 0 1017947
1786795596.861020 68497 38848 2867 1589 0 64510 0 999711
1786795597.864206 68497 38848 2867 1589 0 64510 0 999711
1786795598.965588 68497 40392 2867 1589 0 64510 0 1022341
1786795600.051079 68497 43472 2867 1589 0 64510 0 1027970
1786795600.968462 68497 43878 2867 1589 0 64510 0 1003753
1786795602.057335 68497 44085 2867 1589 0 64510 0 1022800
1786795602.964751 68497 44090 2867 1589 0 64510 0 1027920
1786795603.965810 68497 44157 2867 1589 0 64510 0 1033549
1786795604.863957 68497 40575 2867 1589 0 64510 0 1016005
1786795606.053263 68497 40831 2867 1589 0 64510 0 1028412
1786795606.965710 68497 41856 2867 1589 0 64510 0 1033784
1786795607.864190 68497 44937 2867 1589 0 64510 0 1020078
1786795608.863036 68497 44937 2867 1589 0 64510 0 1020078
1786795609.967882 68497 44940 2867 1589 0 64510 0 1041940
1786795611.150601 68497 45615 2867 1589 0 64510 0 1197967
1786795611.867456 68497 43566 2867 1589 0 64510 0 1026803
1786795613.053776 68497 43552 2867 1589 0 64510 0 1038238
1786795614.051225 68497 43553 2867 1589 0 64510 0 1050456
1786795615.050778 68497 45090 2867 1589 0 64510 0 1055574
1786795615.864876 68497 45610 2867 1589 0 64510 0 1030477
1786795617.052641 68497 45610 2867 1589 0 64510 0 1050804
1786795618.053227 68497 45610 2867 1589 0 64510 0 1056433
1786795618.862783 68497 43563 2867 1589 0 64510 0 1042726
1786795619.861336 68497 43083 2867 1589 0 64510 0 1034125
1786795621.056743 68497 43083 2867 1589 0 64510 0 1055714
1786795622.057457 68497 43595 2867 1589 0 64510 0 1061105
1786795622.869693 68497 45139 2867 1589 0 64510 0 1046376
1786795623.867421 68497 44944 2867 1589 0 64510 0 1037752
1786795625.055427 68497 44946 2867 1589 0 64510 0 1061405
1786795626.054703 68497 44946 2867 1589 0 64510 0 1067547
1786795626.871415 68497 42590 2867 1589 0 64510 0 1050002
1786795628.063441 68497 43332 2867 1589 0 64510 0 1176415
1786795629.063505 68497 43332 2867 1589 0 64510 0 1182044
1786795629.872141 68497 41531 2867 1589 0 64510 0 1053307
1786795630.873979 68497 34095 2867 1589 0 64510 0 1053307
1786795632.059342 68497 38182 2867 1589 0 64510 0 1075242
1786795633.056027 68497 41191 2867 1589 0 64510 0 1081054
1786795633.872632 68497 42976 2867 1589 0 64510 0 1059909
1786795634.874583 68497 42976 2867 1589 0 64510 0 1059909
1786795636.057732 68497 42976 2867 1589 0 64510 0 1082794
1786795637.062222 68497 42976 2867 1589 0 64510 0 1142609
1786795637.871967 68497 36551 2867 1589 0 64510 0 1063906
1786795639.055057 68497 36551 2867 1589 0 64510 0 1063906
1786795640.064609 68497 39228 2867 1589 0 64510 0 1088071
1786795640.959824 68497 41613 2867 1589 0 64510 0 1092506
1786795641.866921 68497 41620 2867 1589 0 64510 0 1067476
1786795643.050499 68497 41769 2867 1589 0 64510 0 1074761
1786795644.058180 68497 41892 2867 1589 0 64510 0 1091641
1786795644.951542 68497 42054 2867 1589 0 64510 0 1105220
1786795645.864889 68497 32293 2867 1589 0 64510 0 1070766
1786795647.055632 68497 37444 2867 1589 0 64510 0 1090325
1786795648.058882 68497 41814 2867 1589 0 64510 0 1095443
1786795648.960912 68497 44527 2867 1589 0 64510 0 1100768
1786795649.860740 68497 44414 2867 1589 0 64510 0 1074058
1786795651.056923 68497 44673 2867 1589 0 64510 0 1095408
1786795652.062842 68497 44673 2867 1589 0 64510 0 1100782
1786795652.865362 68497 40182 2867 1589 0 64510 0 1086311
1786795653.863970 68497 40182 2867 1589 0 64510 0 1086311
1786795655.057556 68497 40445 2867 1589 0 64510 0 1109708
1786795656.151350 68497 43254 2867 1589 0 64510 0 1265771
1786795656.865817 68497 44039 2867 1589 0 64510 0 1092818
1786795657.864406 68497 35069 2867 1589 0 64510 0 1098962
1786795658.718381 68497 33371 2867 1589 0 64510 0 1078076
1786795659.715867 68497 33371 2867 1589 0 64510 0 1078076
1786795660.715806 68497 33371 2867 1589 0 64510 0 1078076
1786795661.715569 68497 33354 2867 1589 0 64510 0 1068783
1786795662.715291 68497 33354 2867 1589 0 64510 0 1068783
1786795663.715280 68497 33354 2867 1589 0 64510 0 1068783
1786795664.715059 68497 33435 2867 1589 0 64510 0 1059581
1786795665.715094 68497 33435 2867 1589 0 64510 0 1055986
1786795666.715052 68497 33435 2867 1589 0 64510 0 1055986
1786795667.716125 68497 33435 2867 1589 0 64510 0 1055986
1786795668.714251 68497 33279 2867 1589 0 64510 0 1046644
1786795669.714459 68497 33279 2867 1589 0 64510 0 1046644
1786795670.714286 68497 33279 2867 1589 0 64510 0 1046644
1786795671.715509 68497 33441 2867 1589 0 64510 0 1044345
1786795672.714486 68497 33441 2867 1589 0 64510 0 1044346
1786795673.714530 68497 33443 2867 1589 0 64510 0 1042074
1786795674.714318 68497 33443 2867 1589 0 64510 0 1042074
1786795675.714569 68497 33443 2867 1589 0 64510 0 1042074
1786795676.750853 68497 33606 2867 1589 0 64510 0 1147131
1786795677.719236 68497 33606 2867 1589 0 64510 0 1147131
1786795678.718698 68497 33606 2867 1589 0 64510 0 1147131
1786795679.751816 68497 33606 2867 1589 0 64510 0 1147131
1786795680.718925 68497 33606 2867 1589 0 64510 0 1147131
1786795681.718935 68497 33606 2867 1589 0 64510 0 1147131
1786795682.750400 68497 33606 2867 1589 0 64510 0 1147132
1786795683.719210 68497 33606 2867 1589 0 64510 0 1147132
1786795684.719182 68497 33606 2867 1589 0 64510 0 1147132
1786795685.750761 68497 33606 2867 1589 0 64510 0 1147132
1786795686.719018 68497 33606 2867 1589 0 64510 0 1147132
1786795687.719207 68497 33606 2867 1589 0 64510 0 1147132
1786795688.750465 68497 33606 2867 1589 0 64510 0 1147132
1786795689.718750 68497 33606 2867 1589 0 64510 0 1147132
1786795690.718802 68497 33606 2867 1589 0 64510 0 1147132
1786795691.712629 70545 35495 2867 1589 0 66558 0 1003419
1786795692.712614 70545 35495 2867 1589 0 66558 0 1003420
1786795693.712551 70545 35495 2867 1589 0 66558 0 1003420
1786795694.713204 70545 35495 2867 1589 0 66558 0 1003420
1786795695.713746 70545 35495 2867 1589 0 66558 0 1003420
1786795696.712889 70545 35495 2867 1589 0 66558 0 1003420
1786795697.712938 70545 35495 2867 1589 0 66558 0 1003420
1786795698.712868 70545 35495 2867 1589 0 66558 0 1003420
1786795699.712552 70545 35495 2867 1589 0 66558 0 1003420
1786795700.712452 70545 35495 2867 1589 0 66558 0 1003420
1786795701.712572 70545 35495 2867 1589 0 66558 0 1003420
1786795702.711689 70545 35326 2867 1589 0 66558 0 983588
1786795703.711924 70545 35326 2867 1589 0 66558 0 983588
1786795704.712091 70545 35326 2867 1589 0 66558 0 983588
1786795705.712129 70545 35326 2867 1589 0 66558 0 983588
1786795706.711962 70545 35326 2867 1589 0 66558 0 983588
1786795707.712131 70545 35326 2867 1589 0 66558 0 983588
1786795708.711710 70545 35326 2867 1589 0 66558 0 983588
1786795709.711584 70545 35326 2867 1589 0 66558 0 983588
1786795710.711601 70545 35326 2867 1589 0 66558 0 983588
1786795711.711605 70545 35326 2867 1589 0 66558 0 983588
1786795712.711584 70545 35326 2867 1589 0 66558 0 983589
1786795713.853840 70545 27319 2883 1589 0 66558 0 976245
1786795714.850118 98705 77908 2883 1589 0 94718 0 976245
1786795715.850955 165777 135764 2883 1589 0 161790 0 976245
1786795716.775216 219025 192596 2883 1589 0 215038 0 976245
1786795717.850783 295313 248916 2883 1589 0 291326 0 976245
1786795718.850867 347537 305748 2883 1589 0 343550 0 976245
1786795719.852727 404881 361556 2883 1589 0 400894 0 976245
1786795720.775220 474001 417364 2883 1589 0 470014 0 976245
1786795721.852782 555921 474708 2883 1589 0 551934 0 976245
1786795722.851193 560017 531540 2883 1589 0 556030 0 976245
1786795723.850779 660369 589396 2883 1589 0 656382 0 976245
1786795724.852088 780177 646740 2883 1589 0 776190 0 976245
1786795725.775251 780177 703060 2883 1589 0 776190 0 976245
1786795726.852482 911249 760404 2883 1589 0 907262 0 976245
1786795727.850830 911249 817236 2883 1589 0 907262 0 976245
1786795728.776542 917393 874068 2883 1589 0 913406 0 976245
1786795729.855264 1081233 930900 2883 1589 0 1077246 0 976245
1786795730.860752 1081233 987220 2883 1589 0 1077246 0 976245
1786795731.776426 1088401 1043540 2883 1589 0 1084414 0 976245
1786795732.855122 1287058 1070151 2883 1589 0 1283070 0 976245
1786795733.856414 1287058 1070151 2883 1589 0 1283070 0 976245
1786795734.776339 1287058 1070151 2883 1589 0 1283070 0 976245
1786795735.776069 1287058 1070151 2883 1589 0 1283070 0 976245
1786795736.850427 1287058 1070151 2883 1589 0 1283070 0 976245
1786795737.776259 1287058 1070151 2883 1589 0 1283070 0 976245
1786795738.851824 1287058 1070151 2883 1589 0 1283070 0 976245
1786795739.850437 1287058 1070151 2883 1589 0 1283070 0 976245
1786795740.850627 1287058 1070151 2883 1589 0 1283070 0 976245
1786795741.857535 1287058 1070151 2883 1589 0 1283070 0 976245
1786795742.852328 1287058 1070151 2883 1589 0 1283070 0 976245
1786795743.854150 1287058 1070151 2883 1589 0 1283070 0 976245
1786795744.852130 1287058 1070151 2883 1589 0 1283070 0 976245
1786795745.857141 1289107 1070143 2883 1589 0 1285118 0 976245
1786795746.851897 1289107 1070143 2883 1589 0 1285118 0 976245
1786795747.851716 1289107 1070143 2883 1589 0 1285118 0 976245
1786795748.851852 1289107 1070143 2883 1589 0 1285118 0 976245
1786795749.850525 1289107 1070143 2883 1589 0 1285118 0 976245
1786795750.850477 1289107 1070143 2883 1589 0 1285118 0 976245
1786795751.854285 1289107 1070143 2883 1589 0 1285118 0 976245
1786795752.852024 1289107 1070143 2883 1589 0 1285118 0 976245
1786795753.854296 1289107 1070143 2883 1589 0 1285118 0 976245
1786795754.775586 1289107 1070143 2883 1589 0 1285118 0 976245
1786795755.851836 1289107 1070143 2883 1589 0 1285118 0 976245
1786795756.853869 1289107 1070143 2883 1589 0 1285118 0 976245
1786795757.851946 1289107 1070143 2883 1589 0 1285118 0 976245
1786795758.776204 1291156 1070144 2883 1589 0 1287166 0 976245
1786795759.851695 1291156 1070144 2883 1589 0 1287166 0 976245
1786795760.776324 1291156 1070144 2883 1589 0 1287166 0 976245
1786795761.851894 1291156 1070144 2883 1589 0 1287166 0 976245
1786795762.851026 1291156 1070144 2883 1589 0 1287166 0 976245
1786795763.853000 1291156 1070144 2883 1589 0 1287166 0 976245
1786795764.851768 1291156 1070144 2883 1589 0 1287166 0 976245
1786795765.851191 1291156 1070144 2883 1589 0 1287166 0 976245
1786795766.853075 1291156 1070144 2883 1589 0 1287166 0 976245
1786795767.852038 1291156 1070144 2883 1589 0 1287166 0 976245
1786795768.850558 1291156 1070144 2883 1589 0 1287166 0 976245
1786795769.776215 1291156 1070144 2883 1589 0 1287166 0 976245
1786795770.851651 1291156 1070144 2883 1589 0 1287166 0 976245
1786795771.850776 1291156 1070144 2883 1589 0 1287166 0 976245
1786795772.850837 1291156 1070144 2883 1589 0 1287166 0 976245
1786795773.776368 1291156 1070144 2883 1589 0 1287166 0 976245
1786795774.851727 1291156 1070144 2883 1589 0 1287166 0 976245
1786795775.776296 1291156 1070144 2883 1589 0 1287166 0 976245
1786795776.851823 1291156 1070144 2883 1589 0 1287166 0 976245
1786795777.777028 1291156 1070144 2883 1589 0 1287166 0 976245
1786795778.851928 1291156 1070144 2883 1589 0 1287166 0 976245
1786795779.852949 1291156 1070144 2883 1589 0 1287166 0 976245
1786795780.852292 1291156 1070144 2883 1589 0 1287166 0 976245
1786795781.775339 1291156 1070144 2883 1589 0 1287166 0 976245
1786795782.855369 1291156 1070144 2883 1589 0 1287166 0 976245
1786795783.851851 1291156 1070144 2883 1589 0 1287166 0 976245
1786795784.850915 1291156 1070144 2883 1589 0 1287166 0 976245
1786795785.850756 1291156 1070167 2883 1589 0 1287166 0 976245
1786795786.851983 1291156 1070167 2883 1589 0 1287166 0 976245
1786795787.776187 1291156 1070167 2883 1589 0 1287166 0 976245
1786795788.852042 1291156 1070167 2883 1589 0 1287166 0 976245
1786795789.850345 1291156 1070167 2883 1589 0 1287166 0 976245
1786795790.852056 1291156 1070167 2883 1589 0 1287166 0 976245
1786795791.776244 1291156 1070167 2883 1589 0 1287166 0 976245
1786795792.855210 1291156 1070167 2883 1589 0 1287166 0 976245
1786795793.777315 1291156 1070167 2883 1589 0 1287166 0 976245
1786795794.775965 1291156 1070167 2883 1589 0 1287166 0 976245
1786795795.851924 1291156 1070167 2883 1589 0 1287166 0 976245
1786795796.851487 1291156 1070167 2883 1589 0 1287166 0 976245
1786795797.776061 1291156 1070167 2883 1589 0 1287166 0 976245
1786795798.852020 1291156 1070167 2883 1589 0 1287166 0 976245
1786795799.850699 1291156 1070167 2883 1589 0 1287166 0 976245
1786795800.851320 1291156 1070167 2883 1589 0 1287166 0 976245
1786795801.776336 1291156 1070167 2883 1589 0 1287166 0 976245
1786795802.776420 1291156 1070167 2883 1589 0 1287166 0 976245
1786795803.776278 1291156 1070167 2883 1589 0 1287166 0 976245
1786795804.850912 1291156 1070167 2883 1589 0 1287166 0 976245
1786795805.776053 1291156 1070167 2883 1589 0 1287166 0 976245
1786795806.776234 1291156 1070167 2883 1589 0 1287166 0 976245
1786795807.852867 1291156 1070167 2883 1589 0 1287166 0 976245
1786795808.850905 1291156 1070167 2883 1589 0 1287166 0 976245
1786795809.853141 1291156 1070167 2883 1589 0 1287166 0 976245
1786795810.853111 1291156 1070167 2883 1589 0 1287166 0 976245
1786795811.854220 1291156 1070167 2883 1589 0 1287166 0 976245
1786795812.777331 1291156 1070167 2883 1589 0 1287166 0 976245
1786795813.777304 1291156 1070167 2883 1589 0 1287166 0 976245
1786795814.850903 1291156 1070167 2883 1589 0 1287166 0 976245
1786795815.774170 1291156 1070167 2883 1589 0 1287166 0 976245
1786795816.852833 1291156 1070167 2883 1589 0 1287166 0 976245
1786795817.850899 1291156 1070167 2883 1589 0 1287166 0 976245
1786795818.850828 1291156 1070167 2883 1589 0 1287166 0 976245
1786795819.853170 1291156 1070167 2883 1589 0 1287166 0 976245
1786795820.851064 1291156 1070167 2883 1589 0 1287166 0 976245
1786795821.854160 1291156 1070167 2883 1589 0 1287166 0 976245
1786795822.852155 1291156 1070167 2883 1589 0 1287166 0 976245
1786795823.775201 1291156 1070167 2883 1589 0 1287166 0 976245
1786795824.851894 1291156 1070167 2883 1589 0 1287166 0 976245
1786795825.851850 1291156 1070167 2883 1589 0 1287166 0 976245
1786795826.851950 1291156 1070167 2883 1589 0 1287166 0 976245
1786795827.776211 1291156 1070167 2883 1589 0 1287166 0 976245
1786795828.852813 1291156 1070167 2883 1589 0 1287166 0 976245
1786795829.852003 1291156 1070167 2883 1589 0 1287166 0 976245
1786795830.852253 1291156 1070167 2883 1589 0 1287166 0 976245
1786795831.852984 1291156 1070167 2883 1589 0 1287166 0 976245
1786795832.776544 1291156 1070167 2883 1589 0 1287166 0 976245
1786795833.776214 1291156 1070167 2883 1589 0 1287166 0 976245
1786795834.776021 1291156 1070167 2883 1589 0 1287166 0 976245
1786795835.850473 1291156 1070167 2883 1589 0 1287166 0 976245
1786795836.776130 1291156 1070167 2883 1589 0 1287166 0 976245
1786795837.853684 1291156 1070167 2883 1589 0 1287166 0 976245
1786795838.776173 1291156 1070167 2883 1589 0 1287166 0 976245
1786795839.862853 1291156 1070167 2883 1589 0 1287166 0 976245
1786795840.853700 1291796 1070218 2883 1589 0 1287806 0 976245
1786795841.850932 1291796 1070218 2883 1589 0 1287806 0 976245
1786795842.850870 1291796 1070218 2883 1589 0 1287806 0 976262
1786795843.775218 1291796 1070218 2883 1589 0 1287806 0 976262
1786795844.850644 1291796 1070218 2883 1589 0 1287806 0 976262
1786795845.851015 1291796 1070218 2883 1589 0 1287806 0 976262
1786795846.851034 1291796 1070218 2883 1589 0 1287806 0 976262
1786795847.851255 1291796 1070218 2883 1589 0 1287806 0 976262
1786795848.854383 1291796 1070218 2883 1589 0 1287806 0 976262
1786795849.850894 1291796 1070218 2883 1589 0 1287806 0 976262
1786795850.851410 1291796 1070218 2883 1589 0 1287806 0 976262
1786795851.775520 1291796 1070218 2883 1589 0 1287806 0 976262
1786795852.851803 1291796 1070218 2883 1589 0 1287806 0 976262
1786795853.850817 1291796 1070218 2883 1589 0 1287806 0 976262
1786795854.776147 1291796 1070218 2883 1589 0 1287806 0 976262
1786795855.850947 1291796 1070218 2883 1589 0 1287806 0 976262
1786795856.852844 1291796 1070218 2883 1589 0 1287806 0 976262
1786795857.851861 1291796 1070218 2883 1589 0 1287806 0 976262
1786795858.851054 1291796 1070218 2883 1589 0 1287806 0 976262
1786795859.853969 1291796 1070218 2883 1589 0 1287806 0 976262
1786795860.851288 1291796 1070218 2883 1589 0 1287806 0 976262
1786795861.850460 1291796 1070218 2883 1589 0 1287806 0 976262
1786795862.853918 1291796 1070218 2883 1589 0 1287806 0 976262
1786795863.776159 1291796 1070218 2883 1589 0 1287806 0 976262
1786795864.851060 1291796 1070218 2883 1589 0 1287806 0 976262
1786795865.776250 1291796 1070218 2883 1589 0 1287806 0 976262
1786795866.850851 1291796 1070218 2883 1589 0 1287806 0 976262
1786795867.850599 1291796 1070218 2883 1589 0 1287806 0 976262
1786795868.851212 1291796 1070218 2883 1589 0 1287806 0 976262
1786795869.852132 1291796 1070218 2883 1589 0 1287806 0 976262
1786795870.776360 1291796 1070218 2883 1589 0 1287806 0 976262
1786795871.853199 1291796 1070218 2883 1589 0 1287806 0 976262
1786795872.850770 1291796 1070218 2883 1589 0 1287806 0 976262
1786795873.852971 1291796 1070218 2883 1589 0 1287806 0 976262
1786795874.852971 1291796 1070218 2883 1589 0 1287806 0 976262
1786795875.777140 1291796 1070218 2883 1589 0 1287806 0 976262
1786795876.855042 1291796 1070218 2883 1589 0 1287806 0 976262
1786795877.852424 1291796 1070218 2883 1589 0 1287806 0 976262
1786795878.776526 1291796 1070218 2883 1589 0 1287806 0 976262
1786795879.862330 1291796 1070218 2883 1589 0 1287806 0 976262
1786795880.776402 1291796 1070218 2883 1589 0 1287806 0 976262
1786795881.776275 1291796 1070218 2883 1589 0 1287806 0 976262
1786795882.775949 1291796 1070218 2883 1589 0 1287806 0 976262
1786795883.777189 1291796 1070218 2883 1589 0 1287806 0 976262
1786795884.777337 1291796 1070218 2883 1589 0 1287806 0 976262
1786795885.853011 1291796 1070218 2883 1589 0 1287806 0 976262
1786795886.850428 1291796 1070218 2883 1589 0 1287806 0 976262
1786795887.776107 1291796 1070218 2883 1589 0 1287806 0 976262
1786795888.852119 1291796 1070218 2883 1589 0 1287806 0 976262
1786795889.854039 1291796 1070218 2883 1589 0 1287806 0 976262
1786795890.777261 1291796 1070218 2883 1589 0 1287806 0 976262
1786795891.855049 1291796 1070218 2883 1589 0 1287806 0 976262
1786795892.776371 1291796 1070218 2883 1589 0 1287806 0 976262
1786795893.853107 1291796 1070218 2883 1589 0 1287806 0 976262
1786795894.851900 1291796 1070218 2883 1589 0 1287806 0 976262
1786795895.775408 1291796 1070218 2883 1589 0 1287806 0 976262
1786795896.852625 1291796 1070218 2883 1589 0 1287806 0 976262
1786795897.852041 1291796 1070218 2883 1589 0 1287806 0 976262
1786795898.850126 1291796 1070218 2883 1589 0 1287806 0 976262
1786795899.776149 1291796 1070218 2883 1589 0 1287806 0 976262
1786795900.853058 1291796 1070218 2883 1589 0 1287806 0 976262
1786795901.775104 1291796 1070218 2883 1589 0 1287806 0 976262
1786795902.850927 1291796 1070218 2883 1589 0 1287806 0 976262
1786795903.850756 1291796 1070218 2883 1589 0 1287806 0 976262
1786795904.850450 1291796 1070218 2883 1589 0 1287806 0 976262
1786795905.775207 1291796 1070218 2883 1589 0 1287806 0 976262
1786795906.853762 1291796 1070218 2883 1589 0 1287806 0 976262
1786795907.852130 1291796 1070218 2883 1589 0 1287806 0 976262
1786795908.850255 1291796 1070218 2883 1589 0 1287806 0 976262
1786795909.852064 1291796 1070218 2883 1589 0 1287806 0 976262
1786795910.850732 1291796 1070218 2883 1589 0 1287806 0 976262
1786795911.777369 1291796 1070218 2883 1589 0 1287806 0 976262
1786795912.850835 1291796 1070218 2883 1589 0 1287806 0 976262
1786795913.775198 1291796 1070218 2883 1589 0 1287806 0 976262
1786795914.851000 1291796 1070218 2883 1589 0 1287806 0 976262
1786795915.854933 1291796 1070218 2883 1589 0 1287806 0 976262
1786795916.853102 1291796 1070218 2883 1589 0 1287806 0 976262
1786795917.851248 1291796 1070218 2883 1589 0 1287806 0 976262
1786795918.854359 1291796 1070218 2883 1589 0 1287806 0 976262
1786795919.851175 1291796 1070218 2883 1589 0 1287806 0 976262
1786795920.852585 1291796 1070218 2883 1589 0 1287806 0 976262
1786795921.850872 1291796 1070218 2883 1589 0 1287806 0 976262
1786795922.851316 1291796 1070218 2883 1589 0 1287806 0 976262
1786795923.853183 1291796 1070218 2883 1589 0 1287806 0 976262
1786795924.850709 1291796 1070218 2883 1589 0 1287806 0 976262
1786795925.852709 1291796 1070218 2883 1589 0 1287806 0 976262
1786795926.852934 1291796 1070218 2883 1589 0 1287806 0 976262
1786795927.775538 1291796 1070218 2883 1589 0 1287806 0 976262
1786795928.775338 1291796 1070218 2883 1589 0 1287806 0 976262
1786795929.853774 1291796 1070218 2883 1589 0 1287806 0 976262
1786795930.777178 1291796 1070218 2883 1589 0 1287806 0 976262
1786795931.853839 1291796 1070218 2883 1589 0 1287806 0 976262
1786795932.850736 1291796 1070218 2883 1589 0 1287806 0 976262
1786795933.774991 1291796 1070218 2883 1589 0 1287806 0 976262
1786795934.776992 1291796 1070218 2883 1589 0 1287806 0 976262
1786795935.852076 1291796 1070218 2883 1589 0 1287806 0 976262
1786795936.775299 1291796 1070218 2883 1589 0 1287806 0 976262
1786795937.851366 1291796 1070218 2883 1589 0 1287806 0 976262
1786795938.851255 1291796 1070218 2883 1589 0 1287806 0 976262
1786795939.850602 1291796 1070218 2883 1589 0 1287806 0 976262
1786795940.776174 1291796 1070218 2883 1589 0 1287806 0 976262
1786795941.776102 1291796 1070218 2883 1589 0 1287806 0 976262
1786795942.850486 1291796 1070218 2883 1589 0 1287806 0 976262
1786795943.774971 1291796 1070218 2883 1589 0 1287806 0 976262
1786795944.850261 1291796 1070218 2883 1589 0 1287806 0 976262
1786795945.851171 1291796 1070218 2883 1589 0 1287806 0 976262
1786795946.776134 1291796 1070218 2883 1589 0 1287806 0 976262
1786795947.850953 1291796 1070218 2883 1589 0 1287806 0 976262
1786795948.850627 1291796 1070218 2883 1589 0 1287806 0 976262
1786795949.777191 1291796 1070218 2883 1589 0 1287806 0 976262
1786795950.851763 1291796 1070218 2883 1589 0 1287806 0 976262
1786795951.775208 1291796 1070218 2883 1589 0 1287806 0 976262
1786795952.850891 1291796 1070218 2883 1589 0 1287806 0 976262
1786795953.853757 1291796 1070218 2883 1589 0 1287806 0 976262
1786795954.853370 1291796 1070218 2883 1589 0 1287806 0 976262
1786795955.776330 1291796 1070218 2883 1589 0 1287806 0 976262
1786795956.853524 1291796 1070218 2883 1589 0 1287806 0 976262
1786795957.776085 1291796 1070218 2883 1589 0 1287806 0 976262
1786795958.776295 1291796 1070218 2883 1589 0 1287806 0 976262
1786795959.776196 1291796 1070218 2883 1589 0 1287806 0 976262
1786795960.856018 1291796 1070218 2883 1589 0 1287806 0 976262
1786795961.775204 1291796 1070218 2883 1589 0 1287806 0 976262
1786795962.850647 1291796 1070218 2883 1589 0 1287806 0 976262
1786795963.854521 1291796 1070218 2883 1589 0 1287806 0 976262
1786795964.776279 1291796 1070218 2883 1589 0 1287806 0 976262
1786795965.850959 1291796 1070218 2883 1589 0 1287806 0 976262
1786795966.853223 1291796 1070218 2883 1589 0 1287806 0 976262
1786795967.852796 1291796 1070218 2883 1589 0 1287806 0 976262
1786795968.777199 1291796 1070218 2883 1589 0 1287806 0 976262
1786795969.775201 1291796 1070218 2883 1589 0 1287806 0 976262
1786795970.851855 1291796 1070218 2883 1589 0 1287806 0 976262
1786795971.850589 1291796 1070218 2883 1589 0 1287806 0 976262
1786795972.851763 1291796 1070218 2883 1589 0 1287806 0 976262
1786795973.850823 1291796 1070218 2883 1589 0 1287806 0 976262
1786795974.775498 1291796 1070218 2883 1589 0 1287806 0 976262
1786795975.851382 1291796 1070218 2883 1589 0 1287806 0 976262
1786795976.852060 1291796 1070218 2883 1589 0 1287806 0 976262
1786795977.777211 1291796 1070218 2883 1589 0 1287806 0 976262
1786795978.850747 1291796 1070218 2883 1589 0 1287806 0 976262
1786795979.775006 1291796 1070218 2883 1589 0 1287806 0 976262
1786795980.776037 1291796 1070218 2883 1589 0 1287806 0 976262
1786795981.852654 1291796 1070218 2883 1589 0 1287806 0 976262
1786795982.775977 1291796 1070218 2883 1589 0 1287806 0 976262
1786795983.775462 1291796 1070218 2883 1589 0 1287806 0 976262
1786795984.854120 1291796 1070218 2883 1589 0 1287806 0 976262
1786795985.854353 1291796 1070218 2883 1589 0 1287806 0 976262
1786795986.853205 1291796 1070218 2883 1589 0 1287806 0 976262
1786795987.776100 1291796 1070218 2883 1589 0 1287806 0 976262
1786795988.850910 1291796 1070218 2883 1589 0 1287806 0 976262
1786795989.777202 1291796 1070218 2883 1589 0 1287806 0 976262
1786795990.854856 1291796 1070218 2883 1589 0 1287806 0 976262
1786795991.851854 1291796 1070218 2883 1589 0 1287806 0 976262
1786795992.850606 1291796 1070218 2883 1589 0 1287806 0 976262
1786795993.850919 1291796 1070218 2883 1589 0 1287806 0 976262
1786795994.851150 1291796 1070218 2883 1589 0 1287806 0 976262
1786795995.850874 1291796 1070218 2883 1589 0 1287806 0 976262
1786795996.776280 1291796 1070218 2883 1589 0 1287806 0 976262
1786795997.855178 1291796 1070218 2883 1589 0 1287806 0 976262
1786795998.852080 1291796 1070218 2883 1589 0 1287806 0 976262
1786795999.850983 1291796 1070218 2883 1589 0 1287806 0 976262
1786796000.851984 1291796 1070218 2883 1589 0 1287806 0 976262
1786796001.852971 1291796 1070218 2883 1589 0 1287806 0 976262
1786796002.851125 1291796 1070218 2883 1589 0 1287806 0 976262
1786796003.853788 1291796 1070218 2883 1589 0 1287806 0 976262
1786796004.853792 1291796 1070218 2883 1589 0 1287806 0 976262
1786796005.850336 1291796 1070218 2883 1589 0 1287806 0 976262
1786796006.775726 1291796 1070218 2883 1589 0 1287806 0 976262
1786796007.855425 1291796 1070218 2883 1589 0 1287806 0 976262
1786796008.852288 1291796 1070218 2883 1589 0 1287806 0 976262
1786796009.851572 1291796 1070218 2883 1589 0 1287806 0 976262
1786796010.854201 1291796 1070218 2883 1589 0 1287806 0 976262
1786796011.852960 1291796 1070218 2883 1589 0 1287806 0 976262
1786796012.855862 1291796 1070218 2883 1589 0 1287806 0 976262
1786796013.776723 1291796 1070218 2883 1589 0 1287806 0 976262
1786796014.852622 1291796 1070218 2883 1589 0 1287806 0 976262
1786796015.853224 1291796 1070218 2883 1589 0 1287806 0 976262
1786796016.851645 1291796 1070218 2883 1589 0 1287806 0 976262
1786796017.852475 1291796 1070218 2883 1589 0 1287806 0 976262
1786796018.851378 1291796 1070218 2883 1589 0 1287806 0 976262
1786796019.775347 1291796 1070218 2883 1589 0 1287806 0 976262
1786796020.851171 1291796 1070218 2883 1589 0 1287806 0 976262
1786796021.850922 1291796 1070218 2883 1589 0 1287806 0 976262
1786796022.776376 1291796 1070218 2883 1589 0 1287806 0 976262
1786796023.851292 1291796 1070218 2883 1589 0 1287806 0 976262
1786796024.853182 1291796 1070218 2883 1589 0 1287806 0 976262
1786796025.850850 1291796 1070218 2883 1589 0 1287806 0 976262
1786796026.853557 1291796 1070218 2883 1589 0 1287806 0 976262
1786796027.776598 1291796 1070218 2883 1589 0 1287806 0 976262
1786796028.850363 1291796 1070218 2883 1589 0 1287806 0 976262
1786796029.776762 1291796 1070218 2883 1589 0 1287806 0 976262
1786796030.853048 1291796 1070218 2883 1589 0 1287806 0 976262
1786796031.776369 1291796 1070218 2883 1589 0 1287806 0 976262
1786796032.854045 1291796 1070218 2883 1589 0 1287806 0 976262
1786796033.851533 1291796 1070218 2883 1589 0 1287806 0 976262
1786796034.854447 1291796 1070218 2883 1589 0 1287806 0 976262
1786796035.852384 1291796 1070218 2883 1589 0 1287806 0 976262
1786796036.852320 1291796 1070218 2883 1589 0 1287806 0 976262
1786796037.851061 1291796 1070218 2883 1589 0 1287806 0 976262
1786796038.851144 1291796 1070218 2883 1589 0 1287806 0 976262
1786796039.853885 1291796 1070218 2883 1589 0 1287806 0 976262
1786796040.855538 1291796 1070218 2883 1589 0 1287806 0 976262
1786796041.854156 1291796 1070218 2883 1589 0 1287806 0 976262
1786796042.777186 1291796 1070218 2883 1589 0 1287806 0 976262
1786796043.850386 1291796 1070218 2883 1589 0 1287806 0 976262
1786796044.777378 1291796 1070218 2883 1589 0 1287806 0 976262
1786796045.850219 1291796 1070218 2883 1589 0 1287806 0 976262
1786796046.851714 1291796 1070218 2883 1589 0 1287806 0 976262
1786796047.851199 1291796 1070218 2883 1589 0 1287806 0 976262
1786796048.852455 1291796 1070218 2883 1589 0 1287806 0 976262
1786796049.854257 1291796 1070218 2883 1589 0 1287806 0 976262
1786796050.851238 1291796 1070218 2883 1589 0 1287806 0 976262
1786796051.850555 1291796 1070218 2883 1589 0 1287806 0 976262
1786796052.852253 1291796 1070218 2883 1589 0 1287806 0 976262
1786796053.777212 1291796 1070218 2883 1589 0 1287806 0 976262
1786796054.853310 1291796 1070218 2883 1589 0 1287806 0 976262
1786796055.852215 1291796 1070218 2883 1589 0 1287806 0 976262
1786796056.852112 1291796 1070218 2883 1589 0 1287806 0 976262
1786796057.851096 1291796 1070218 2883 1589 0 1287806 0 976262
1786796058.853362 1291796 1070218 2883 1589 0 1287806 0 976262
1786796059.777456 1291796 1070218 2883 1589 0 1287806 0 976262
1786796060.775802 1291796 1070218 2883 1589 0 1287806 0 976262
1786796061.777161 1291796 1070218 2883 1589 0 1287806 0 976262
1786796062.851173 1291796 1070218 2883 1589 0 1287806 0 976262
1786796063.850811 1291796 1070218 2883 1589 0 1287806 0 976262
1786796064.777321 1291796 1070218 2883 1589 0 1287806 0 976262
1786796065.853016 1291796 1070218 2883 1589 0 1287806 0 976262
1786796066.851008 1291796 1070218 2883 1589 0 1287806 0 976262
1786796067.850731 1291796 1070218 2883 1589 0 1287806 0 976262
1786796068.850818 1291796 1070218 2883 1589 0 1287806 0 976262
1786796069.863250 1291796 1070218 2883 1589 0 1287806 0 976262
1786796070.851987 1291796 1070218 2883 1589 0 1287806 0 976262
1786796071.851298 1291796 1070218 2883 1589 0 1287806 0 976262
1786796072.776300 1291796 1070218 2883 1589 0 1287806 0 976262
1786796073.852087 1291796 1070218 2883 1589 0 1287806 0 976262
1786796074.776256 1291796 1070218 2883 1589 0 1287806 0 976262
1786796075.774190 1291796 1070218 2883 1589 0 1287806 0 976262
1786796076.850697 1291796 1070218 2883 1589 0 1287806 0 976262
1786796077.777180 1291796 1070218 2883 1589 0 1287806 0 976262
1786796078.852419 1291796 1070218 2883 1589 0 1287806 0 976262
1786796079.851551 1291796 1070218 2883 1589 0 1287806 0 976262
1786796080.852462 1291796 1070218 2883 1589 0 1287806 0 976262
1786796081.777598 1291796 1070218 2883 1589 0 1287806 0 976262
1786796082.776184 1291796 1070218 2883 1589 0 1287806 0 976262
1786796083.850635 1291796 1070218 2883 1589 0 1287806 0 976262
1786796084.853001 1291796 1070218 2883 1589 0 1287806 0 976262
1786796085.775150 1291796 1070218 2883 1589 0 1287806 0 976262
1786796086.850567 1291796 1070218 2883 1589 0 1287806 0 976262
1786796087.777219 1291796 1070218 2883 1589 0 1287806 0 976262
1786796088.855313 1291796 1070218 2883 1589 0 1287806 0 976262
1786796089.854633 1291796 1070218 2883 1589 0 1287806 0 976262
1786796090.850420 1291796 1070218 2883 1589 0 1287806 0 976262
1786796091.851075 1291796 1070218 2883 1589 0 1287806 0 976262
1786796092.854239 1291796 1070218 2883 1589 0 1287806 0 976262
1786796093.852183 1291796 1070218 2883 1589 0 1287806 0 976262
1786796094.853140 1291796 1070218 2883 1589 0 1287806 0 976262
1786796095.777560 1291796 1070218 2883 1589 0 1287806 0 976262
1786796096.776383 1291796 1070218 2883 1589 0 1287806 0 976262
1786796097.850409 1291796 1070218 2883 1589 0 1287806 0 976262
1786796098.852959 1291796 1070218 2883 1589 0 1287806 0 976262
1786796099.776349 1291796 1070218 2883 1589 0 1287806 0 976262
1786796100.851947 1291796 1070218 2883 1589 0 1287806 0 976262
1786796101.852987 1291796 1070218 2883 1589 0 1287806 0 976262
1786796102.775373 1291796 1070218 2883 1589 0 1287806 0 976262
1786796103.852244 1291796 1070218 2883 1589 0 1287806 0 976262
1786796104.855272 1291796 1070218 2883 1589 0 1287806 0 976262
1786796105.851914 1291796 1070218 2883 1589 0 1287806 0 976262
1786796106.851182 1291796 1070218 2883 1589 0 1287806 0 976262
1786796107.776304 1291796 1070218 2883 1589 0 1287806 0 976262
1786796108.854977 1291796 1070218 2883 1589 0 1287806 0 976262
1786796109.850389 1291796 1070218 2883 1589 0 1287806 0 976262
1786796110.851357 1291796 1070218 2883 1589 0 1287806 0 976262
1786796111.850094 1291796 1070218 2883 1589 0 1287806 0 976262
1786796112.776306 1291796 1070218 2883 1589 0 1287806 0 976262
1786796113.853447 1291796 1070218 2883 1589 0 1287806 0 976262
1786796114.776566 1291796 1070218 2883 1589 0 1287806 0 976262
1786796115.852427 1291796 1070218 2883 1589 0 1287806 0 976262
1786796116.776229 1291796 1070218 2883 1589 0 1287806 0 976262
1786796117.852710 1291796 1070218 2883 1589 0 1287806 0 976262
1786796118.854261 1291796 1070218 2883 1589 0 1287806 0 976262
1786796119.854666 1291796 1070218 2883 1589 0 1287806 0 976262
1786796120.853599 1291796 1070218 2883 1589 0 1287806 0 976262
1786796121.854177 1291796 1070218 2883 1589 0 1287806 0 976262
1786796122.850969 1291796 1070218 2883 1589 0 1287806 0 976262
1786796123.851911 1291796 1070218 2883 1589 0 1287806 0 976262
1786796124.854251 1291796 1070218 2883 1589 0 1287806 0 976262
1786796125.850732 1291796 1070218 2883 1589 0 1287806 0 976262
1786796126.855118 1291796 1070218 2883 1589 0 1287806 0 976262
1786796127.852080 1291796 1070218 2883 1589 0 1287806 0 976262
1786796128.776949 1291796 1070218 2883 1589 0 1287806 0 976262
1786796129.850962 1291796 1070218 2883 1589 0 1287806 0 976262
1786796130.777318 1291796 1070218 2883 1589 0 1287806 0 976262
1786796131.854656 1291796 1070218 2883 1589 0 1287806 0 976262
1786796132.853654 1291796 1070218 2883 1589 0 1287806 0 976262
1786796133.850836 1291796 1070218 2883 1589 0 1287806 0 976262
1786796134.852853 1291796 1070218 2883 1589 0 1287806 0 976262
1786796135.850479 1291796 1070218 2883 1589 0 1287806 0 976262
1786796136.777840 1291796 1070218 2883 1589 0 1287806 0 976262
1786796137.777473 1291796 1070218 2883 1589 0 1287806 0 976262
1786796138.854170 1291796 1070218 2883 1589 0 1287806 0 976262
1786796139.776108 1291796 1070218 2883 1589 0 1287806 0 976262
1786796140.851986 1291796 1070218 2883 1589 0 1287806 0 976262
1786796141.774309 1291796 1070218 2883 1589 0 1287806 0 976262
1786796142.853853 1291796 1070218 2883 1589 0 1287806 0 976262
1786796143.850752 1291796 1070218 2883 1589 0 1287806 0 976262
1786796144.850867 1291796 1070218 2883 1589 0 1287806 0 976262
1786796145.850583 1291796 1070218 2883 1589 0 1287806 0 976262
1786796146.850816 1291796 1070218 2883 1589 0 1287806 0 976262
1786796147.850807 1291796 1070218 2883 1589 0 1287806 0 976262
1786796148.850952 1291796 1070218 2883 1589 0 1287806 0 976262
1786796149.776275 1291796 1070218 2883 1589 0 1287806 0 976262
1786796150.851856 1291796 1070218 2883 1589 0 1287806 0 976262
1786796151.776082 1291796 1070218 2883 1589 0 1287806 0 976262
1786796152.852229 1291796 1070218 2883 1589 0 1287806 0 976262
1786796153.851887 1291796 1070218 2883 1589 0 1287806 0 976262
1786796154.851940 1291796 1070218 2883 1589 0 1287806 0 976262
1786796155.776214 1291796 1070218 2883 1589 0 1287806 0 976262
1786796156.853426 1291796 1070218 2883 1589 0 1287806 0 976262
1786796157.851395 1291796 1070218 2883 1589 0 1287806 0 976262
1786796158.777066 1291796 1070218 2883 1589 0 1287806 0 976262
1786796159.777076 1291796 1070218 2883 1589 0 1287806 0 976262
1786796160.851989 1291796 1070218 2883 1589 0 1287806 0 976262
1786796161.853785 1291796 1070218 2883 1589 0 1287806 0 976262
1786796162.852691 1291796 1070218 2883 1589 0 1287806 0 976262
1786796163.851637 1291796 1070218 2883 1589 0 1287806 0 976262
1786796164.776259 1291796 1070218 2883 1589 0 1287806 0 976262
1786796165.852135 1291796 1070218 2883 1589 0 1287806 0 976262
1786796166.853039 1291796 1070218 2883 1589 0 1287806 0 976262
1786796167.850132 1291796 1070218 2883 1589 0 1287806 0 976262
1786796168.775368 1291796 1070218 2883 1589 0 1287806 0 976262
1786796169.850704 1291796 1070218 2883 1589 0 1287806 0 976262
1786796170.851729 1291796 1070218 2883 1589 0 1287806 0 976262
1786796171.850454 1291796 1070218 2883 1589 0 1287806 0 976262
1786796172.851013 1291796 1070218 2883 1589 0 1287806 0 976262
1786796173.850792 1291796 1070218 2883 1589 0 1287806 0 976262
1786796174.852986 1291796 1070218 2883 1589 0 1287806 0 976262
1786796175.776489 1291796 1070218 2883 1589 0 1287806 0 976262
1786796176.851426 1291796 1070218 2883 1589 0 1287806 0 976262
1786796177.851177 1291796 1070218 2883 1589 0 1287806 0 976262
1786796178.853109 1291796 1070218 2883 1589 0 1287806 0 976262
1786796179.851767 1291796 1070218 2883 1589 0 1287806 0 976262
1786796180.775173 1291796 1070218 2883 1589 0 1287806 0 976262
1786796181.850700 1291796 1070218 2883 1589 0 1287806 0 976262
1786796182.852960 1291796 1070218 2883 1589 0 1287806 0 976262
1786796183.776991 1291796 1070218 2883 1589 0 1287806 0 976262
1786796184.852240 1291796 1070218 2883 1589 0 1287806 0 976262
1786796185.850304 1291796 1070218 2883 1589 0 1287806 0 976262
1786796186.851185 1291796 1070218 2883 1589 0 1287806 0 976262
1786796187.855263 1291796 1070218 2883 1589 0 1287806 0 976262
1786796188.776117 1291796 1070218 2883 1589 0 1287806 0 976262
1786796189.854910 1291796 1070218 2883 1589 0 1287806 0 976262
1786796190.853718 1291796 1070218 2883 1589 0 1287806 0 976262
1786796191.775073 1291796 1070218 2883 1589 0 1287806 0 976262
1786796192.852788 1291796 1070218 2883 1589 0 1287806 0 976262
1786796193.776622 1291796 1070218 2883 1589 0 1287806 0 976262
1786796194.854307 1291796 1070218 2883 1589 0 1287806 0 976262
1786796195.852157 1291796 1070218 2883 1589 0 1287806 0 976262
1786796196.853161 1291796 1070218 2883 1589 0 1287806 0 976262
1786796197.850367 1291796 1070218 2883 1589 0 1287806 0 976262
1786796198.852101 1291796 1070218 2883 1589 0 1287806 0 976262
1786796199.851039 1291796 1070218 2883 1589 0 1287806 0 976262
1786796200.852665 1291796 1070218 2883 1589 0 1287806 0 976262
1786796201.851780 1291796 1070218 2883 1589 0 1287806 0 976262
1786796202.854321 1291796 1070218 2883 1589 0 1287806 0 976262
1786796203.775391 1291796 1070218 2883 1589 0 1287806 0 976262
1786796204.775595 1291796 1070218 2883 1589 0 1287806 0 976262
1786796205.850913 1291796 1070218 2883 1589 0 1287806 0 976262
1786796206.853147 1291796 1070218 2883 1589 0 1287806 0 976262
1786796207.851017 1291796 1070218 2883 1589 0 1287806 0 976262
1786796208.851357 1291796 1070218 2883 1589 0 1287806 0 976262
1786796209.851048 1291796 1070218 2883 1589 0 1287806 0 976262
1786796210.851331 1291796 1070218 2883 1589 0 1287806 0 976262
1786796211.850532 1291796 1070218 2883 1589 0 1287806 0 976262
1786796212.852858 1291796 1070218 2883 1589 0 1287806 0 976262
1786796213.776395 1291796 1070218 2883 1589 0 1287806 0 976262
1786796214.851247 1291796 1070218 2883 1589 0 1287806 0 976262
1786796215.853029 1291796 1070218 2883 1589 0 1287806 0 976262
1786796216.850901 1291796 1070218 2883 1589 0 1287806 0 976262
1786796217.853710 1291796 1070218 2883 1589 0 1287806 0 976262
1786796218.776201 1291796 1070218 2883 1589 0 1287806 0 976262
1786796219.777333 1291796 1070218 2883 1589 0 1287806 0 976262
1786796220.854161 1291796 1070218 2883 1589 0 1287806 0 976262
1786796221.775926 1291796 1070218 2883 1589 0 1287806 0 976262
1786796222.850830 1291796 1070218 2883 1589 0 1287806 0 976262
1786796223.775658 1291796 1070218 2883 1589 0 1287806 0 976262
1786796224.852659 1291796 1070218 2883 1589 0 1287806 0 976262
1786796225.775314 1291796 1070218 2883 1589 0 1287806 0 976262
1786796226.777468 1291796 1070218 2883 1589 0 1287806 0 976262
1786796227.776515 1291796 1070218 2883 1589 0 1287806 0 976262
1786796228.850871 1291796 1070218 2883 1589 0 1287806 0 976262
1786796229.850615 1291796 1070218 2883 1589 0 1287806 0 976262
1786796230.777241 1291796 1070218 2883 1589 0 1287806 0 976262
1786796231.850818 1291796 1070218 2883 1589 0 1287806 0 976262
1786796232.851131 1291796 1070218 2883 1589 0 1287806 0 976262
1786796233.852246 1291796 1070218 2883 1589 0 1287806 0 976262
1786796234.850995 1291796 1070218 2883 1589 0 1287806 0 976262
1786796235.853932 1291796 1070218 2883 1589 0 1287806 0 976262
1786796236.850815 1291796 1070218 2883 1589 0 1287806 0 976262
1786796237.851012 1291796 1070218 2883 1589 0 1287806 0 976262
1786796238.776314 1291796 1070218 2883 1589 0 1287806 0 976262
1786796239.851081 1291796 1070218 2883 1589 0 1287806 0 976262
1786796240.853683 1291796 1070218 2883 1589 0 1287806 0 976262
1786796241.854002 1291796 1070218 2883 1589 0 1287806 0 976262
1786796242.851089 1291796 1070218 2883 1589 0 1287806 0 976262
1786796243.853215 1291796 1070218 2883 1589 0 1287806 0 976262
1786796244.851332 1291796 1070218 2883 1589 0 1287806 0 976262
1786796245.777105 1291796 1070218 2883 1589 0 1287806 0 976262
1786796246.855380 1291796 1070218 2883 1589 0 1287806 0 976262
1786796247.853838 1291796 1070218 2883 1589 0 1287806 0 976262
1786796248.775457 1291796 1070218 2883 1589 0 1287806 0 976262
1786796249.850550 1291796 1070218 2883 1589 0 1287806 0 976262
1786796250.774760 1291796 1070218 2883 1589 0 1287806 0 976262
1786796251.851477 1291796 1070218 2883 1589 0 1287806 0 976262
1786796252.856022 1291796 1070218 2883 1589 0 1287806 0 976262
1786796253.851609 1291796 1070218 2883 1589 0 1287806 0 976262
1786796254.853379 1291796 1070218 2883 1589 0 1287806 0 976262
1786796255.853111 1291796 1070218 2883 1589 0 1287806 0 976262
1786796256.850762 1291796 1070218 2883 1589 0 1287806 0 976262
1786796257.852797 1291796 1070218 2883 1589 0 1287806 0 976262
1786796258.852249 1291796 1070218 2883 1589 0 1287806 0 976262
1786796259.776045 1291796 1070218 2883 1589 0 1287806 0 976262
1786796260.850899 1291796 1070218 2883 1589 0 1287806 0 976262
1786796261.851157 1291796 1070218 2883 1589 0 1287806 0 976262
1786796262.851600 1291796 1070218 2883 1589 0 1287806 0 976262
1786796263.853898 1291796 1070218 2883 1589 0 1287806 0 976262
1786796264.852117 1291796 1070218 2883 1589 0 1287806 0 976262
1786796265.853906 1291796 1070218 2883 1589 0 1287806 0 976262
1786796266.776413 1291796 1070218 2883 1589 0 1287806 0 976262
1786796267.853857 1291796 1070218 2883 1589 0 1287806 0 976262
1786796268.850886 1291796 1070218 2883 1589 0 1287806 0 976262
1786796269.773922 1291796 1070218 2883 1589 0 1287806 0 976262
1786796270.852275 1291796 1070218 2883 1589 0 1287806 0 976262
1786796271.776497 1291796 1070218 2883 1589 0 1287806 0 976262
1786796272.776644 1291796 1070218 2883 1589 0 1287806 0 976262
1786796273.851792 1291796 1070218 2883 1589 0 1287806 0 976262
1786796274.853109 1291796 1070218 2883 1589 0 1287806 0 976262
1786796275.775187 1291796 1070218 2883 1589 0 1287806 0 976262
1786796276.850577 1291796 1070218 2883 1589 0 1287806 0 976262
1786796277.776062 1291796 1070218 2883 1589 0 1287806 0 976262
1786796278.854235 1291796 1070218 2883 1589 0 1287806 0 976262
1786796279.851006 1291796 1070218 2883 1589 0 1287806 0 976262
1786796280.776156 1291796 1070218 2883 1589 0 1287806 0 976262
1786796281.851315 1291796 1070218 2883 1589 0 1287806 0 976262
1786796282.850550 1291796 1070218 2883 1589 0 1287806 0 976262
1786796283.850537 1291796 1070218 2883 1589 0 1287806 0 976262
1786796284.776954 1291796 1070218 2883 1589 0 1287806 0 976262
1786796285.776102 1291796 1070218 2883 1589 0 1287806 0 976262
1786796286.777166 1291796 1070218 2883 1589 0 1287806 0 976262
1786796287.852742 1291796 1070218 2883 1589 0 1287806 0 976262
1786796288.777340 1291796 1070218 2883 1589 0 1287806 0 976262
1786796289.854175 1291796 1070218 2883 1589 0 1287806 0 976262
1786796290.850988 1291796 1070218 2883 1589 0 1287806 0 976262
1786796291.775273 1291796 1070218 2883 1589 0 1287806 0 976262
1786796292.850963 1291796 1070218 2883 1589 0 1287806 0 976262
1786796293.850862 1291796 1070218 2883 1589 0 1287806 0 976262
1786796294.852106 1291796 1070218 2883 1589 0 1287806 0 976262
1786796295.777087 1291796 1070218 2883 1589 0 1287806 0 976262
1786796296.775988 1291796 1070218 2883 1589 0 1287806 0 976262
1786796297.851520 1291796 1070218 2883 1589 0 1287806 0 976262
1786796298.852332 1291796 1070218 2883 1589 0 1287806 0 976262
1786796299.776248 1291796 1070218 2883 1589 0 1287806 0 976262
1786796300.853555 1291796 1070218 2883 1589 0 1287806 0 976262
1786796301.775579 1291796 1070218 2883 1589 0 1287806 0 976262
1786796302.851062 1291796 1070218 2883 1589 0 1287806 0 976262
1786796303.777351 1291796 1070218 2883 1589 0 1287806 0 976262
1786796304.850762 1291796 1070218 2883 1589 0 1287806 0 976262
1786796305.776109 1291796 1070218 2883 1589 0 1287806 0 976262
1786796306.851746 1291796 1070218 2883 1589 0 1287806 0 976262
1786796307.853748 1291796 1070218 2883 1589 0 1287806 0 976262
1786796308.851207 1291796 1070218 2883 1589 0 1287806 0 976262
1786796309.852867 1291796 1070218 2883 1589 0 1287806 0 976262
1786796310.851731 1291796 1070218 2883 1589 0 1287806 0 976262
1786796311.851505 1291796 1070218 2883 1589 0 1287806 0 976262
1786796312.850284 1291796 1070218 2883 1589 0 1287806 0 976262
1786796313.775370 1291796 1070218 2883 1589 0 1287806 0 976262
1786796314.776508 1291796 1070218 2883 1589 0 1287806 0 976262
1786796315.776170 1291796 1070218 2883 1589 0 1287806 0 976262
1786796316.777307 1291796 1070218 2883 1589 0 1287806 0 976262
1786796317.776116 1291796 1070218 2883 1589 0 1287806 0 976262
1786796318.854614 1291796 1070218 2883 1589 0 1287806 0 976262
1786796319.854584 1291796 1070218 2883 1589 0 1287806 0 976262
1786796320.854218 1291796 1070218 2883 1589 0 1287806 0 976262
1786796321.851026 1291796 1070218 2883 1589 0 1287806 0 976262
1786796322.777405 1291796 1070218 2883 1589 0 1287806 0 976262
1786796323.855575 1291796 1070218 2883 1589 0 1287806 0 976262
1786796324.850928 1291796 1070218 2883 1589 0 1287806 0 976262
1786796325.851751 1291796 1070218 2883 1589 0 1287806 0 976262
1786796326.775126 1291796 1070218 2883 1589 0 1287806 0 976262
1786796327.850929 1291796 1070218 2883 1589 0 1287806 0 976262
1786796328.776663 1291796 1070218 2883 1589 0 1287806 0 976262
1786796329.777346 1291796 1070218 2883 1589 0 1287806 0 976262
1786796330.853359 1291796 1070218 2883 1589 0 1287806 0 976262
1786796331.775260 1291796 1070218 2883 1589 0 1287806 0 976262
1786796332.850854 1291796 1070218 2883 1589 0 1287806 0 976262
1786796333.851947 1291796 1070218 2883 1589 0 1287806 0 976262
1786796334.850604 1291796 1070218 2883 1589 0 1287806 0 976262
1786796335.777201 1291796 1070218 2883 1589 0 1287806 0 976262
1786796336.851790 1291796 1070218 2883 1589 0 1287806 0 976262
1786796337.853788 1291796 1070218 2883 1589 0 1287806 0 976262
1786796338.851320 1291796 1070218 2883 1589 0 1287806 0 976262
1786796339.775295 1291796 1070218 2883 1589 0 1287806 0 976262
1786796340.851091 1291796 1070218 2883 1589 0 1287806 0 976262
1786796341.850928 1291796 1070218 2883 1589 0 1287806 0 976262
1786796342.776044 1291796 1070218 2883 1589 0 1287806 0 976262
1786796343.852089 1291796 1070218 2883 1589 0 1287806 0 976262
1786796344.776459 1291796 1070218 2883 1589 0 1287806 0 976262
1786796345.851487 1291796 1070218 2883 1589 0 1287806 0 976262
1786796346.850618 1291796 1070218 2883 1589 0 1287806 0 976262
1786796347.775602 1291796 1070218 2883 1589 0 1287806 0 976262
1786796348.854170 1291796 1070218 2883 1589 0 1287806 0 976262
1786796349.776536 1291796 1070218 2883 1589 0 1287806 0 976262
1786796350.777627 1291796 1070218 2883 1589 0 1287806 0 976262
1786796351.777375 1291796 1070218 2883 1589 0 1287806 0 976262
1786796352.853781 1291796 1070218 2883 1589 0 1287806 0 976262
1786796353.775981 1291796 1070218 2883 1589 0 1287806 0 976262
1786796354.854949 1291796 1070218 2883 1589 0 1287806 0 976262
1786796355.852422 1291796 1070218 2883 1589 0 1287806 0 976262
1786796356.850754 1291796 1070218 2883 1589 0 1287806 0 976262
1786796357.853293 1291796 1070218 2883 1589 0 1287806 0 976262
1786796358.851165 1291796 1070218 2883 1589 0 1287806 0 976262
1786796359.850853 1291796 1070218 2883 1589 0 1287806 0 976262
1786796360.853008 1291796 1070218 2883 1589 0 1287806 0 976262
1786796361.850775 1291796 1070218 2883 1589 0 1287806 0 976262
1786796362.850907 1291796 1070218 2883 1589 0 1287806 0 976262
1786796363.852905 1291796 1070218 2883 1589 0 1287806 0 976262
1786796364.853892 1291796 1070218 2883 1589 0 1287806 0 976262
1786796365.776339 1291796 1070218 2883 1589 0 1287806 0 976262
1786796366.851723 1291796 1070218 2883 1589 0 1287806 0 976262
1786796367.777370 1291796 1070218 2883 1589 0 1287806 0 976262
1786796368.850221 1291796 1070218 2883 1589 0 1287806 0 976262
1786796369.851317 1291796 1070218 2883 1589 0 1287806 0 976262
1786796370.854131 1291796 1070218 2883 1589 0 1287806 0 976262
1786796371.852779 1291796 1070218 2883 1589 0 1287806 0 976262
1786796372.776184 1291796 1070218 2883 1589 0 1287806 0 976262
1786796373.850466 1291796 1070218 2883 1589 0 1287806 0 976262
1786796374.850430 1291796 1070218 2883 1589 0 1287806 0 976262
1786796375.774973 1291796 1070218 2883 1589 0 1287806 0 976262
1786796376.850953 1291796 1070218 2883 1589 0 1287806 0 976262
1786796377.775263 1291796 1070218 2883 1589 0 1287806 0 976262
1786796378.775823 1291796 1070218 2883 1589 0 1287806 0 976262
1786796379.777639 1291796 1070218 2883 1589 0 1287806 0 976262
