# start_epoch=1786796380.790379  page_size=4096  cachestat=ok  fields=size,resident,shared,text,lib,data,dt,pagecache
1786796381.857554 58897 41757 2683 1589 0 54910 0 42448
1786796382.858123 66833 46169 2748 1589 0 62846 0 50583
1786796383.858804 66833 37696 2748 1589 0 62846 0 58819
1786796384.859242 66833 34698 2812 1589 0 62846 0 67021
1786796385.859516 66833 39869 2812 1589 0 62846 0 75206
1786796386.859945 66833 41976 2812 1589 0 62846 0 83648
1786796387.859821 66833 45614 2812 1589 0 62846 0 91578
1786796388.862373 66833 39804 2812 1589 0 62846 0 99507
1786796389.862862 67729 36535 2812 1589 0 63742 0 108111
1786796390.862068 67729 38521 2812 1589 0 63742 0 116391
1786796391.862746 67729 40362 2812 1589 0 63742 0 124578
1786796392.863253 67729 45067 2812 1589 0 63742 0 132508
1786796393.862568 67729 46924 2812 1589 0 63742 0 127795
1786796394.865596 67729 32852 2812 1589 0 63742 0 148880
1786796395.864392 67729 40573 2812 1589 0 63742 0 156825
1786796396.864811 67729 37986 2812 1589 0 63742 0 164741
1786796397.865314 67729 41870 2812 1589 0 63742 0 172672
1786796398.867171 67729 43687 2812 1589 0 63742 0 181114
1786796399.862685 67729 47059 2812 1589 0 63742 0 171030
1786796400.867223 67729 39072 2812 1589 0 63742 0 196997
1786796401.867589 67729 34708 2812 1589 0 63742 0 204940
1786796402.868086 67729 36837 2812 1589 0 63742 0 213395
1786796403.868380 67729 41018 2812 1589 0 63742 0 221083
1786796404.868884 68753 43010 2812 1589 0 64766 0 229419
1786796405.869113 68753 46566 2812 1589 0 64766 0 235504
1786796406.869210 68753 37360 2812 1589 0 64766 0 245041
1786796407.870318 68753 39148 2812 1589 0 64766 0 253381
1786796408.870538 68753 38086 2812 1589 0 64766 0 261068
1786796409.956852 70033 42824 2812 1589 0 66046 0 269012
1786796410.957381 70033 43917 2812 1589 0 66046 0 277211
1786796411.956732 70033 47004 2812 1589 0 66046 0 285154
1786796412.872776 70033 49210 2812 1589 0 66046 0 274832
1786796413.955897 70033 43055 2812 1589 0 66046 0 301054
1786796414.872821 70033 36621 2812 1589 0 66046 0 308997
1786796415.956482 70033 38673 2812 1589 0 66046 0 317196
1786796416.957544 70033 42283 2812 1589 0 66046 0 324885
1786796417.958615 70033 44857 2812 1589 0 66046 0 332316
1786796418.960256 70033 46397 2812 1589 0 66046 0 340771
1786796419.956535 70033 48517 2812 1589 0 66046 0 338792
1786796420.961629 70033 42906 2812 1589 0 66046 0 356671
1786796421.959212 70033 40617 2812 1589 0 66046 0 364358
1786796422.962353 70033 38381 2812 1589 0 66046 0 372046
1786796423.961616 70033 42672 2812 1589 0 66046 0 379734
1786796424.964664 70033 43787 2812 1589 0 66046 0 387677
1786796425.962266 70033 45198 2812 1589 0 66046 0 395876
1786796426.961689 70033 48515 2812 1589 0 66046 0 403308
1786796427.961189 70033 42578 2812 1589 0 66046 0 408688
1786796428.965898 70033 41628 2812 1589 0 66046 0 419208
1786796429.966821 71569 40916 2812 1589 0 67582 0 426895
1786796430.963498 71569 43507 2812 1589 0 67582 0 434328
1786796431.969463 71569 41810 2812 1589 0 67582 0 442527
1786796432.967517 71569 44188 2812 1589 0 67582 0 449748
1786796433.966701 71569 45995 2812 1589 0 67582 0 457877
1786796434.966425 71569 48709 2812 1589 0 67582 0 465333
1786796435.967171 71569 50190 2812 1589 0 67582 0 455011
1786796436.965597 71569 41518 2812 1589 0 67582 0 480722
1786796437.965320 71569 44082 2812 1589 0 67582 0 488154
1786796438.969375 71569 44133 2812 1589 0 67582 0 496353
1786796439.969077 71569 42630 2812 1589 0 67582 0 504040
1786796440.967180 71569 42621 2812 1589 0 67582 0 511472
1786796441.970027 71569 45058 2812 1589 0 67582 0 519159
1786796442.969713 71569 45714 2812 1589 0 67582 0 527058
1786796443.970997 71569 49245 2812 1589 0 67582 0 534278
1786796444.967036 71569 50805 2812 1589 0 67582 0 546610
1786796446.060610 73361 44498 2812 1589 0 69374 0 550179
1786796446.973642 73361 43614 2812 1589 0 69374 0 557867
1786796448.061741 73361 42080 2812 1589 0 69374 0 565298
1786796449.060407 73361 47198 2812 1589 0 69374 0 572474
1786796450.059302 73361 44807 2812 1589 0 69374 0 580161
1786796451.062131 73361 46109 2812 1589 0 69374 0 588104
1786796452.059290 73361 43638 2812 1589 0 69374 0 595280
1786796453.058143 73361 45501 2812 1589 0 69374 0 602736
1786796454.063330 73361 46527 2812 1589 0 69374 0 610911
1786796455.058644 73361 48072 2812 1589 0 69374 0 600077
1786796455.972691 73361 50239 2812 1589 0 69374 0 606997
1786796457.056712 73361 51145 2812 1589 0 69374 0 627650
1786796458.059862 73361 47281 2812 1589 0 69374 0 640140
1786796459.062643 73361 45862 2812 1589 0 69374 0 648083
1786796460.061760 73361 47410 2812 1589 0 69374 0 655516
1786796461.064477 73361 39762 2812 1589 0 69374 0 662948
1786796462.061338 73361 47617 2812 1589 0 69374 0 670123
1786796463.063320 73361 45631 2812 1589 0 69374 0 677811
1786796464.063959 73361 49659 2812 1589 0 69374 0 685242
1786796465.066989 73361 49651 2812 1589 0 69374 0 692674
1786796466.061595 73361 52739 2812 1589 0 69374 0 699849
1786796467.067502 73361 48884 2812 1589 0 69374 0 707281
1786796468.066441 73361 52739 2812 1589 0 69374 0 714458
1786796469.068082 73361 50125 2812 1589 0 69374 0 703879
1786796470.066262 75409 50612 2812 1589 0 71422 0 710799
1786796471.067890 75409 52405 2812 1589 0 71422 0 735741
1786796472.069524 75409 47380 2812 1589 0 71422 0 744198
1786796473.063874 75409 48199 2812 1589 0 71422 0 751374
1786796474.156754 75409 46006 2812 1589 0 71422 0 759317
1786796475.070897 75409 48070 2812 1589 0 71422 0 766238
1786796476.157706 75409 51057 2812 1589 0 71422 0 773670
1786796477.068949 75409 49249 2812 1589 0 71422 0 780643
1786796478.065266 75409 52110 2812 1589 0 71422 0 788021
1786796479.159607 75409 51078 2812 1589 0 71422 0 795197
1786796480.160171 75409 53654 2812 1589 0 71422 0 802884
1786796481.071722 75409 51439 2812 1589 0 71422 0 810060
1786796482.070988 75409 53231 2812 1589 0 71422 0 817236
1786796483.161473 75409 51349 2812 1589 0 71422 0 824668
1786796484.160667 75409 52971 2812 1589 0 71422 0 831844
1786796485.161867 75409 50177 2812 1589 0 71422 0 838764
1786796486.159894 75409 53272 2812 1589 0 71422 0 845428
1786796487.070271 75409 48979 2812 1589 0 71422 0 852349
1786796488.161737 75409 53692 2812 1589 0 71422 0 859525
1786796489.164270 75409 51707 2812 1589 0 71422 0 849202
1786796490.164794 75409 52988 2812 1589 0 71422 0 874145
1786796491.070325 75409 53835 2812 1589 0 71422 0 863042
1786796492.071714 75409 54630 2812 1589 0 71422 0 869962
1786796493.066542 75409 54564 2812 1589 0 71422 0 877138
1786796493.981049 75409 55137 2812 1589 0 71422 0 883804
1786796494.832593 75409 34649 2859 1589 0 71422 0 872323
1786796495.829107 75409 34649 2859 1589 0 71422 0 872323
1786796496.829403 75409 34649 2859 1589 0 71422 0 872323
1786796497.829303 75409 34649 2859 1589 0 71422 0 872323
1786796498.829712 75409 34649 2859 1589 0 71422 0 872323
1786796499.829704 75409 34649 2859 1589 0 71422 0 872323
1786796500.829436 75409 34649 2859 1589 0 71422 0 872323
1786796501.829558 75409 34649 2859 1589 0 71422 0 872323
1786796502.829295 75409 34813 2859 1589 0 71422 0 872323
1786796503.868912 77713 36043 2859 1589 0 73726 0 866075
1786796504.828873 77713 36043 2859 1589 0 73726 0 866075
1786796505.829018 77713 36043 2859 1589 0 73726 0 866075
1786796506.829043 77713 36043 2859 1589 0 73726 0 866075
1786796507.828868 77713 36043 2859 1589 0 73726 0 866075
1786796508.829177 77713 36043 2859 1589 0 73726 0 866075
1786796509.829064 77713 36043 2859 1589 0 73726 0 866075
1786796510.829127 77713 36043 2859 1589 0 73726 0 866075
1786796511.829095 77713 36043 2859 1589 0 73726 0 866075
1786796512.828824 77713 36045 2859 1589 0 73726 0 866075
1786796513.828776 80017 33524 2859 1589 0 76030 0 859852
1786796514.828704 80017 33524 2859 1589 0 76030 0 859852
1786796515.828711 80017 33524 2859 1589 0 76030 0 859852
1786796516.828747 80017 33524 2859 1589 0 76030 0 859852
1786796517.828472 80017 33524 2859 1589 0 76030 0 859852
1786796518.829248 80017 33524 2859 1589 0 76030 0 859852
1786796519.828806 80017 33524 2859 1589 0 76030 0 859852
1786796520.829026 80017 33524 2859 1589 0 76030 0 859852
1786796521.828966 80017 33524 2859 1589 0 76030 0 859852
1786796522.828175 83345 35061 2859 1589 0 79358 0 853627
1786796523.828108 83345 35061 2859 1589 0 79358 0 853627
1786796524.828295 83345 35061 2859 1589 0 79358 0 853627
1786796525.828316 83345 35061 2859 1589 0 79358 0 853627
1786796526.828263 83345 35061 2859 1589 0 79358 0 853628
1786796527.833222 83345 35061 2859 1589 0 79358 0 853628
1786796528.831342 83345 35061 2859 1589 0 79358 0 853628
1786796529.831355 83345 35061 2859 1589 0 79358 0 853628
1786796530.831626 83345 35061 2859 1589 0 79358 0 853628
1786796531.828398 83345 35061 2859 1589 0 79358 0 853628
1786796532.827748 85393 37243 2859 1589 0 81406 0 847403
1786796533.827827 85393 37243 2859 1589 0 81406 0 847403
1786796534.966316 86417 63141 2875 1589 0 82430 0 846172
1786796535.959854 133009 110253 2875 1589 0 129022 0 846172
1786796536.957318 196497 159917 2875 1589 0 192510 0 846172
1786796537.959460 262033 210605 2875 1589 0 258046 0 846172
1786796538.959812 302993 260269 2875 1589 0 299006 0 846172
1786796539.963783 355217 309421 2875 1589 0 351230 0 846172
1786796540.959788 412561 359085 2875 1589 0 408574 0 846172
1786796541.960180 481681 408237 2875 1589 0 477694 0 846172
1786796542.960267 481681 457901 2875 1589 0 477694 0 846172
1786796543.961192 563601 507565 2875 1589 0 559614 0 846172
1786796544.965128 666001 556717 2875 1589 0 662014 0 846172
1786796545.959480 666001 605869 2875 1589 0 662014 0 846172
1786796546.960664 787857 656557 2875 1589 0 783870 0 846172
1786796547.961559 787857 706221 2875 1589 0 783870 0 846172
1786796548.960265 787857 756397 2875 1589 0 783870 0 846172
1786796549.959186 918929 806061 2875 1589 0 914942 0 846172
1786796550.960813 925073 855725 2875 1589 0 921086 0 846172
1786796551.959144 1088913 904877 2875 1589 0 1084926 0 846172
1786796552.960322 1088913 954541 2875 1589 0 1084926 0 846172
1786796553.961173 1088913 1005229 2875 1589 0 1084926 0 846172
1786796554.958559 1096081 1053869 2875 1589 0 1092094 0 846172
1786796555.959657 1292689 1104021 2851 1589 0 1288702 0 846172
1786796556.962355 1292689 1153685 2851 1589 0 1288702 0 846172
1786796557.956196 1292689 1202837 2851 1589 0 1288702 0 846172
1786796558.959262 1292689 1253013 2851 1589 0 1288702 0 846172
1786796559.960271 1530257 1302677 2851 1589 0 1526270 0 846172
1786796560.960050 1530257 1352341 2851 1589 0 1526270 0 846172
1786796561.960976 1530257 1394841 2851 1589 0 1526270 0 846172
1786796562.960118 1530257 1436341 2851 1589 0 1526270 0 846172
1786796563.961072 1530257 1478736 2851 1589 0 1526270 0 846172
1786796564.959467 1794961 1522500 3026 1589 0 1790974 0 846172
1786796565.959372 1805201 1563801 3026 1589 0 1801214 0 846172
1786796566.962835 1805201 1604585 3026 1589 0 1801214 0 846172
1786796567.960509 1805201 1646279 3026 1589 0 1801214 0 846172
1786796568.962966 1805201 1689268 3026 1589 0 1801214 0 846172
1786796569.958921 1807250 1692446 3026 1589 0 1803262 0 846172
1786796570.958952 1807250 1692446 3026 1589 0 1803262 0 846172
1786796571.959665 1807250 1692446 3026 1589 0 1803262 0 846172
1786796572.958803 1807250 1692446 3026 1589 0 1803262 0 846172
1786796573.959272 1807250 1692446 3026 1589 0 1803262 0 846172
1786796574.957589 1807250 1692446 3026 1589 0 1803262 0 846172
1786796575.959351 1807250 1692446 3026 1589 0 1803262 0 846172
1786796576.959107 1807250 1692446 3026 1589 0 1803262 0 846172
1786796577.962108 1807250 1692446 3026 1589 0 1803262 0 846172
1786796578.959229 1807250 1692446 3026 1589 0 1803262 0 846172
1786796579.961344 1807250 1692446 3026 1589 0 1803262 0 846172
1786796580.960057 1807250 1692446 3026 1589 0 1803262 0 846172
1786796581.960885 1807250 1692446 3026 1589 0 1803262 0 846172
1786796582.963915 1807250 1692446 3026 1589 0 1803262 0 846172
1786796583.962656 1807250 1692446 3026 1589 0 1803262 0 846172
1786796584.959667 1807250 1692446 3026 1589 0 1803262 0 846172
1786796585.959469 1807250 1692446 3026 1589 0 1803262 0 846172
1786796586.957287 1807250 1692446 3026 1589 0 1803262 0 846172
1786796587.959384 1807250 1692446 3026 1589 0 1803262 0 846172
1786796588.962347 1807250 1692446 3026 1589 0 1803262 0 846172
1786796589.959247 1809299 1692451 3026 1589 0 1805310 0 846172
1786796590.959615 1809299 1692451 3026 1589 0 1805310 0 846172
1786796591.960103 1809299 1692451 3026 1589 0 1805310 0 846172
1786796592.959711 1809299 1692451 3026 1589 0 1805310 0 846172
1786796593.962619 1809299 1692451 3026 1589 0 1805310 0 846172
1786796594.959232 1809299 1692451 3026 1589 0 1805310 0 846172
1786796595.957276 1809299 1692451 3026 1589 0 1805310 0 846172
1786796596.960435 1809299 1692451 3026 1589 0 1805310 0 846172
1786796597.959256 1809299 1692451 3026 1589 0 1805310 0 846172
1786796598.959467 1809299 1692451 3026 1589 0 1805310 0 846172
1786796599.968308 1809299 1692451 3026 1589 0 1805310 0 846172
1786796600.957439 1809299 1692451 3026 1589 0 1805310 0 846172
1786796601.964703 1809299 1692451 3026 1589 0 1805310 0 846172
1786796602.964501 1809299 1692451 3026 1589 0 1805310 0 846172
1786796603.960479 1809299 1692451 3026 1589 0 1805310 0 846172
1786796604.963884 1809299 1692451 3026 1589 0 1805310 0 846172
1786796605.960273 1809299 1692451 3026 1589 0 1805310 0 846172
1786796606.963233 1809299 1692451 3026 1589 0 1805310 0 846172
1786796607.959772 1809299 1692451 3026 1589 0 1805310 0 846172
1786796608.958360 1809299 1692451 3026 1589 0 1805310 0 846172
1786796609.962179 1809299 1692451 3026 1589 0 1805310 0 846172
1786796610.963071 1811348 1692452 3026 1589 0 1807358 0 846172
1786796611.965059 1811348 1692452 3026 1589 0 1807358 0 846172
1786796612.959660 1811348 1692452 3026 1589 0 1807358 0 846172
1786796613.960370 1811348 1692452 3026 1589 0 1807358 0 846172
1786796614.965571 1811348 1692452 3026 1589 0 1807358 0 846172
1786796615.960496 1811348 1692452 3026 1589 0 1807358 0 846172
1786796616.957047 1811348 1692452 3026 1589 0 1807358 0 846172
1786796617.961211 1811348 1692452 3026 1589 0 1807358 0 846172
1786796618.959806 1811348 1692452 3026 1589 0 1807358 0 846172
1786796619.959061 1811348 1692452 3026 1589 0 1807358 0 846172
1786796620.961761 1811348 1692452 3026 1589 0 1807358 0 846172
1786796621.960894 1811348 1692452 3026 1589 0 1807358 0 846172
1786796622.956249 1811348 1692452 3026 1589 0 1807358 0 846172
1786796623.961011 1811348 1692452 3026 1589 0 1807358 0 846172
1786796624.959650 1811348 1692452 3026 1589 0 1807358 0 846172
1786796625.958323 1811348 1692452 3026 1589 0 1807358 0 846172
1786796626.959055 1811348 1692452 3026 1589 0 1807358 0 846172
1786796627.963030 1811348 1692452 3026 1589 0 1807358 0 846172
1786796628.958693 1811348 1692452 3026 1589 0 1807358 0 846172
1786796629.963870 1811348 1692452 3026 1589 0 1807358 0 846172
1786796630.959960 1811348 1692452 3026 1589 0 1807358 0 846172
1786796631.959632 1811348 1692452 3026 1589 0 1807358 0 846172
1786796632.958264 1811348 1692452 3026 1589 0 1807358 0 846172
1786796633.963594 1811348 1692452 3026 1589 0 1807358 0 846172
1786796634.957322 1811348 1692452 3026 1589 0 1807358 0 846172
1786796635.963582 1811348 1692452 3026 1589 0 1807358 0 846172
1786796636.964240 1811348 1692452 3026 1589 0 1807358 0 846172
1786796637.960823 1811348 1692452 3026 1589 0 1807358 0 846172
1786796638.960325 1811348 1692452 3026 1589 0 1807358 0 846172
1786796639.959662 1811348 1692452 3026 1589 0 1807358 0 846172
1786796640.960124 1811348 1692452 3026 1589 0 1807358 0 846172
1786796641.959362 1811348 1692452 3026 1589 0 1807358 0 846172
1786796642.959127 1811348 1692452 3026 1589 0 1807358 0 846172
1786796643.960614 1811348 1692452 3026 1589 0 1807358 0 846172
1786796644.960068 1811348 1692452 3026 1589 0 1807358 0 846172
1786796645.963348 1811348 1692452 3026 1589 0 1807358 0 846172
1786796646.967365 1811348 1692452 3026 1589 0 1807358 0 846172
1786796647.963209 1811348 1692452 3026 1589 0 1807358 0 846172
1786796648.959447 1811348 1692452 3026 1589 0 1807358 0 846172
1786796649.959212 1811348 1692452 3026 1589 0 1807358 0 846172
1786796650.963217 1811348 1692452 3026 1589 0 1807358 0 846172
1786796651.960338 1811348 1692452 3026 1589 0 1807358 0 846172
1786796652.963155 1811348 1692452 3026 1589 0 1807358 0 846172
1786796653.958600 1811348 1692452 3026 1589 0 1807358 0 846172
1786796654.964274 1811348 1692452 3026 1589 0 1807358 0 846172
1786796655.964198 1811348 1692452 3026 1589 0 1807358 0 846172
1786796656.959838 1811348 1692452 3026 1589 0 1807358 0 846172
1786796657.958215 1811348 1692452 3026 1589 0 1807358 0 846172
1786796658.960574 1811348 1692452 3026 1589 0 1807358 0 846172
1786796659.959335 1811348 1692452 3026 1589 0 1807358 0 846172
1786796660.963384 1811348 1692452 3026 1589 0 1807358 0 846172
1786796661.959492 1811348 1692452 3026 1589 0 1807358 0 846172
1786796662.960554 1811348 1692452 3026 1589 0 1807358 0 846172
1786796663.964931 1811348 1692452 3026 1589 0 1807358 0 846172
1786796664.959412 1811348 1692452 3026 1589 0 1807358 0 846172
1786796665.964647 1811348 1692452 3026 1589 0 1807358 0 846172
1786796666.959513 1811348 1692452 3026 1589 0 1807358 0 846172
1786796667.960886 1811348 1692452 3026 1589 0 1807358 0 846172
1786796668.959746 1811348 1692452 3026 1589 0 1807358 0 846172
1786796669.961401 1811348 1692452 3026 1589 0 1807358 0 846172
1786796670.960850 1811348 1692452 3026 1589 0 1807358 0 846172
1786796671.963238 1811348 1692452 3026 1589 0 1807358 0 846172
1786796672.959234 1811348 1692452 3026 1589 0 1807358 0 846172
1786796673.959735 1811348 1692452 3026 1589 0 1807358 0 846172
1786796674.959479 1811348 1692452 3026 1589 0 1807358 0 846172
1786796675.963704 1811348 1692452 3026 1589 0 1807358 0 846172
1786796676.961013 1811348 1692452 3026 1589 0 1807358 0 846172
1786796677.959465 1811348 1692452 3026 1589 0 1807358 0 846172
1786796678.959591 1811348 1692452 3026 1589 0 1807358 0 846172
1786796679.962585 1811348 1692452 3026 1589 0 1807358 0 846172
1786796680.960302 1811348 1692452 3026 1589 0 1807358 0 846172
1786796681.960234 1811348 1692452 3026 1589 0 1807358 0 846172
1786796682.963492 1811348 1692452 3026 1589 0 1807358 0 846172
1786796683.960852 1811348 1692452 3026 1589 0 1807358 0 846172
1786796684.959566 1811348 1692452 3026 1589 0 1807358 0 846172
1786796685.963847 1811348 1692452 3026 1589 0 1807358 0 846172
1786796686.960604 1811348 1692452 3026 1589 0 1807358 0 846172
1786796687.960737 1811348 1692452 3026 1589 0 1807358 0 846172
1786796688.959470 1811348 1692452 3026 1589 0 1807358 0 846172
1786796689.963007 1811348 1692452 3026 1589 0 1807358 0 846172
1786796690.959321 1811348 1692452 3026 1589 0 1807358 0 846172
1786796691.960772 1811348 1692452 3026 1589 0 1807358 0 846172
1786796692.961666 1811348 1692452 3026 1589 0 1807358 0 846172
1786796693.960422 1811348 1692452 3026 1589 0 1807358 0 846172
1786796694.959855 1811348 1692452 3026 1589 0 1807358 0 846172
1786796695.960307 1811348 1692452 3026 1589 0 1807358 0 846172
1786796696.960711 1811348 1692452 3026 1589 0 1807358 0 846172
1786796697.957345 1811348 1692452 3026 1589 0 1807358 0 846172
1786796698.959268 1811348 1692452 3026 1589 0 1807358 0 846172
1786796699.962305 1811348 1692452 3026 1589 0 1807358 0 846172
1786796700.964254 1811348 1692452 3026 1589 0 1807358 0 846172
1786796701.960014 1811348 1692452 3026 1589 0 1807358 0 846172
1786796702.959293 1811348 1692452 3026 1589 0 1807358 0 846172
1786796703.960746 1811348 1692452 3026 1589 0 1807358 0 846172
1786796704.959554 1811348 1692452 3026 1589 0 1807358 0 846172
1786796705.960615 1811348 1692452 3026 1589 0 1807358 0 846172
1786796706.958360 1811348 1692452 3026 1589 0 1807358 0 846172
1786796707.958210 1811348 1692452 3026 1589 0 1807358 0 846172
1786796708.959555 1811348 1692452 3026 1589 0 1807358 0 846172
1786796709.960126 1811348 1692452 3026 1589 0 1807358 0 846172
1786796710.959913 1811348 1692452 3026 1589 0 1807358 0 846172
1786796711.960700 1811348 1692452 3026 1589 0 1807358 0 846172
1786796712.960412 1811348 1692452 3026 1589 0 1807358 0 846172
1786796713.961872 1811348 1692452 3026 1589 0 1807358 0 846172
1786796714.961814 1811348 1692452 3026 1589 0 1807358 0 846172
1786796715.960418 1811348 1692452 3026 1589 0 1807358 0 846172
1786796716.960630 1811348 1692452 3026 1589 0 1807358 0 846172
1786796717.964516 1811348 1692452 3026 1589 0 1807358 0 846172
1786796718.963585 1811348 1692452 3026 1589 0 1807358 0 846172
1786796719.959822 1811348 1692452 3026 1589 0 1807358 0 846172
1786796720.956551 1811348 1692452 3026 1589 0 1807358 0 846172
1786796721.959294 1811348 1692452 3026 1589 0 1807358 0 846172
1786796722.960464 1811348 1692452 3026 1589 0 1807358 0 846172
1786796723.962780 1811348 1692452 3026 1589 0 1807358 0 846172
1786796724.963511 1811348 1692452 3026 1589 0 1807358 0 846172
1786796725.963934 1811348 1692452 3026 1589 0 1807358 0 846172
1786796726.959393 1811348 1692452 3026 1589 0 1807358 0 846172
1786796727.960912 1811348 1692749 3026 1589 0 1807358 0 846172
1786796728.961017 1811348 1692749 3026 1589 0 1807358 0 846172
1786796729.960909 1811348 1692749 3026 1589 0 1807358 0 846172
1786796730.959810 1811348 1692749 3026 1589 0 1807358 0 846172
1786796731.960532 1811348 1692749 3026 1589 0 1807358 0 846172
1786796732.964835 1811348 1692749 3026 1589 0 1807358 0 846172
1786796733.963617 1811348 1692749 3026 1589 0 1807358 0 846172
1786796734.960106 1811348 1692749 3026 1589 0 1807358 0 846172
1786796735.963834 1811348 1692749 3026 1589 0 1807358 0 846172
1786796736.960995 1811348 1692749 3026 1589 0 1807358 0 846172
1786796737.963490 1811348 1692749 3026 1589 0 1807358 0 846172
1786796738.958150 1811348 1692749 3026 1589 0 1807358 0 846172
1786796739.960225 1811348 1692749 3026 1589 0 1807358 0 846172
1786796740.959200 1811348 1692749 3026 1589 0 1807358 0 846172
1786796741.959600 1811348 1692749 3026 1589 0 1807358 0 846172
1786796742.961123 1811348 1692749 3026 1589 0 1807358 0 846172
1786796743.960014 1811348 1692749 3026 1589 0 1807358 0 846172
1786796744.963732 1811348 1692749 3026 1589 0 1807358 0 846172
1786796745.961786 1811348 1692749 3026 1589 0 1807358 0 846172
1786796746.960240 1811348 1692749 3026 1589 0 1807358 0 846172
1786796747.963880 1811348 1692749 3026 1589 0 1807358 0 846172
1786796748.959593 1811348 1692749 3026 1589 0 1807358 0 846172
1786796749.957829 1811348 1692749 3026 1589 0 1807358 0 846172
1786796750.959340 1811348 1692749 3026 1589 0 1807358 0 846172
1786796751.957651 1811348 1692749 3026 1589 0 1807358 0 846172
1786796752.960691 1811348 1692749 3026 1589 0 1807358 0 846172
1786796753.961755 1811348 1692749 3026 1589 0 1807358 0 846172
1786796754.961455 1811348 1692749 3026 1589 0 1807358 0 846172
1786796755.963221 1811348 1692749 3026 1589 0 1807358 0 846172
1786796756.964073 1811348 1692749 3026 1589 0 1807358 0 846172
1786796757.961154 1811348 1692749 3026 1589 0 1807358 0 846172
1786796758.964581 1811348 1692749 3026 1589 0 1807358 0 846172
1786796759.962058 1811348 1692749 3026 1589 0 1807358 0 846172
1786796760.960937 1811348 1692749 3026 1589 0 1807358 0 846172
1786796761.965813 1811348 1692749 3026 1589 0 1807358 0 846172
1786796762.961248 1811348 1692749 3026 1589 0 1807358 0 846172
1786796763.961075 1811348 1692749 3026 1589 0 1807358 0 846172
1786796764.958700 1811348 1692749 3026 1589 0 1807358 0 846172
1786796765.961166 1811348 1692749 3026 1589 0 1807358 0 846172
1786796766.964748 1811348 1692749 3026 1589 0 1807358 0 846172
1786796767.965171 1811348 1692749 3026 1589 0 1807358 0 846172
1786796768.961316 1811348 1692749 3026 1589 0 1807358 0 846172
1786796769.959698 1811348 1692749 3026 1589 0 1807358 0 846172
1786796770.959776 1811348 1692749 3026 1589 0 1807358 0 846172
1786796771.962007 1811348 1692749 3026 1589 0 1807358 0 846172
1786796772.960192 1811348 1692749 3026 1589 0 1807358 0 846172
1786796773.961861 1811348 1692749 3026 1589 0 1807358 0 846172
1786796774.970357 1811348 1692749 3026 1589 0 1807358 0 846172
1786796775.965648 1811348 1692749 3026 1589 0 1807358 0 846172
1786796776.965009 1811348 1692749 3026 1589 0 1807358 0 846172
1786796777.956509 1811348 1692749 3026 1589 0 1807358 0 846172
1786796778.960911 1811348 1692749 3026 1589 0 1807358 0 846172
1786796779.960906 1811348 1692749 3026 1589 0 1807358 0 846172
1786796780.963197 1811348 1692749 3026 1589 0 1807358 0 846172
1786796781.960505 1811348 1692749 3026 1589 0 1807358 0 846172
1786796782.964596 1811348 1692749 3026 1589 0 1807358 0 846172
1786796783.963960 1811348 1692749 3026 1589 0 1807358 0 846172
1786796784.960705 1811348 1692749 3026 1589 0 1807358 0 846172
1786796785.966188 1811348 1692749 3026 1589 0 1807358 0 846172
1786796786.959442 1811348 1692749 3026 1589 0 1807358 0 846172
1786796787.960752 1811348 1692749 3026 1589 0 1807358 0 846172
1786796788.959760 1811348 1692749 3026 1589 0 1807358 0 846172
1786796789.959434 1811348 1692749 3026 1589 0 1807358 0 846172
1786796790.962306 1811348 1692749 3026 1589 0 1807358 0 846172
1786796791.963803 1811348 1692749 3026 1589 0 1807358 0 846172
1786796792.964823 1811348 1692749 3026 1589 0 1807358 0 846172
1786796793.958559 1811348 1692749 3026 1589 0 1807358 0 846172
1786796794.960244 1811348 1692749 3026 1589 0 1807358 0 846172
1786796795.960176 1811348 1692749 3026 1589 0 1807358 0 846172
1786796796.959318 1811348 1692749 3026 1589 0 1807358 0 846172
1786796797.959532 1811348 1692749 3026 1589 0 1807358 0 846172
1786796798.960526 1811348 1692749 3026 1589 0 1807358 0 846172
1786796799.955891 1811348 1692749 3026 1589 0 1807358 0 846172
1786796800.959794 1811348 1692749 3026 1589 0 1807358 0 846172
1786796801.961023 1811348 1692749 3026 1589 0 1807358 0 846172
1786796802.960447 1811348 1692749 3026 1589 0 1807358 0 846172
1786796803.960776 1811348 1692749 3026 1589 0 1807358 0 846172
1786796804.960686 1811348 1692749 3026 1589 0 1807358 0 846172
1786796805.960220 1811348 1692749 3026 1589 0 1807358 0 846172
1786796806.960386 1811348 1692749 3026 1589 0 1807358 0 846172
1786796807.960547 1811348 1692749 3026 1589 0 1807358 0 846172
1786796808.961313 1811348 1692749 3026 1589 0 1807358 0 846172
1786796809.960824 1811348 1692749 3026 1589 0 1807358 0 846172
1786796810.963739 1811348 1692749 3026 1589 0 1807358 0 846172
1786796811.960285 1811348 1692749 3026 1589 0 1807358 0 846172
1786796812.959717 1811348 1692749 3026 1589 0 1807358 0 846172
1786796813.960360 1811348 1692749 3026 1589 0 1807358 0 846172
1786796814.959324 1811348 1692749 3026 1589 0 1807358 0 846172
1786796815.963473 1811348 1692749 3026 1589 0 1807358 0 846172
1786796816.959252 1811348 1692749 3026 1589 0 1807358 0 846172
1786796817.960930 1811348 1692749 3026 1589 0 1807358 0 846172
1786796818.957249 1811348 1692749 3026 1589 0 1807358 0 846172
1786796819.962173 1811348 1692749 3026 1589 0 1807358 0 846172
1786796820.960241 1811348 1692749 3026 1589 0 1807358 0 846172
1786796821.963691 1811348 1692749 3026 1589 0 1807358 0 846172
1786796822.959499 1811348 1692749 3026 1589 0 1807358 0 846172
1786796823.959175 1811348 1692749 3026 1589 0 1807358 0 846172
1786796824.959121 1811348 1692749 3026 1589 0 1807358 0 846172
1786796825.963434 1811348 1692749 3026 1589 0 1807358 0 846172
1786796826.957537 1811348 1692749 3026 1589 0 1807358 0 846172
1786796827.964406 1811348 1692749 3026 1589 0 1807358 0 846172
1786796828.958799 1811348 1692749 3026 1589 0 1807358 0 846172
1786796829.959703 1811348 1692749 3026 1589 0 1807358 0 846172
1786796830.960195 1811348 1692749 3026 1589 0 1807358 0 846172
1786796831.960513 1811348 1692749 3026 1589 0 1807358 0 846172
1786796832.960349 1811348 1692749 3026 1589 0 1807358 0 846172
1786796833.960182 1811348 1692749 3026 1589 0 1807358 0 846172
1786796834.960507 1811348 1692749 3026 1589 0 1807358 0 846172
1786796835.960324 1811348 1692749 3026 1589 0 1807358 0 846172
1786796836.963286 1811348 1692749 3026 1589 0 1807358 0 846172
1786796837.962926 1811348 1692749 3026 1589 0 1807358 0 846172
1786796838.959773 1811348 1692749 3026 1589 0 1807358 0 846172
1786796839.959381 1811348 1692749 3026 1589 0 1807358 0 846172
1786796840.962444 1811348 1692749 3026 1589 0 1807358 0 846172
1786796841.963391 1811348 1692749 3026 1589 0 1807358 0 846172
1786796842.959217 1811348 1692749 3026 1589 0 1807358 0 846172
1786796843.959324 1811348 1692749 3026 1589 0 1807358 0 846172
1786796844.959090 1811348 1692749 3026 1589 0 1807358 0 846172
1786796845.963903 1811348 1692749 3026 1589 0 1807358 0 846172
1786796846.964212 1811348 1692749 3026 1589 0 1807358 0 846172
1786796847.964543 1811348 1692749 3026 1589 0 1807358 0 846172
1786796848.959309 1811348 1692749 3026 1589 0 1807358 0 846172
1786796849.960230 1811348 1692749 3026 1589 0 1807358 0 846172
1786796850.959578 1811348 1692749 3026 1589 0 1807358 0 846172
1786796851.959312 1811348 1692749 3026 1589 0 1807358 0 846172
1786796852.960138 1811348 1692749 3026 1589 0 1807358 0 846172
1786796853.965318 1811348 1692749 3026 1589 0 1807358 0 846172
1786796854.961834 1811348 1692749 3026 1589 0 1807358 0 846172
1786796855.958919 1811348 1692749 3026 1589 0 1807358 0 846172
1786796856.964055 1811348 1692749 3026 1589 0 1807358 0 846172
1786796857.960491 1811348 1692749 3026 1589 0 1807358 0 846172
1786796858.960571 1811348 1692749 3026 1589 0 1807358 0 846172
1786796859.964563 1811348 1692749 3026 1589 0 1807358 0 846172
1786796860.960585 1811348 1692749 3026 1589 0 1807358 0 846172
1786796861.960274 1811348 1692749 3026 1589 0 1807358 0 846172
1786796862.959162 1811348 1692749 3026 1589 0 1807358 0 846172
1786796863.962876 1811348 1692749 3026 1589 0 1807358 0 846172
1786796864.959819 1811348 1692749 3026 1589 0 1807358 0 846172
1786796865.960011 1811348 1692749 3026 1589 0 1807358 0 846172
1786796866.960759 1811348 1692749 3026 1589 0 1807358 0 846172
1786796867.964816 1811348 1692749 3026 1589 0 1807358 0 846172
1786796868.960461 1811348 1692749 3026 1589 0 1807358 0 846172
1786796869.959244 1811348 1692749 3026 1589 0 1807358 0 846172
1786796870.960328 1811348 1692749 3026 1589 0 1807358 0 846172
1786796871.960383 1811348 1692749 3026 1589 0 1807358 0 846172
1786796872.958257 1811348 1692749 3026 1589 0 1807358 0 846172
1786796873.959305 1811348 1692749 3026 1589 0 1807358 0 846172
1786796874.959651 1811348 1692749 3026 1589 0 1807358 0 846172
1786796875.964589 1811348 1692749 3026 1589 0 1807358 0 846172
1786796876.959592 1811348 1692749 3026 1589 0 1807358 0 846172
1786796877.959194 1811348 1692749 3026 1589 0 1807358 0 846172
1786796878.956574 1811348 1692749 3026 1589 0 1807358 0 846172
1786796879.958286 1811348 1692749 3026 1589 0 1807358 0 846172
1786796880.960441 1811348 1692749 3026 1589 0 1807358 0 846172
1786796881.959568 1811348 1692749 3026 1589 0 1807358 0 846172
1786796882.961106 1811348 1692749 3026 1589 0 1807358 0 846172
1786796883.961411 1811348 1692749 3026 1589 0 1807358 0 846172
1786796884.959760 1811348 1692749 3026 1589 0 1807358 0 846172
1786796885.959233 1811348 1692749 3026 1589 0 1807358 0 846172
1786796886.963725 1811348 1692749 3026 1589 0 1807358 0 846172
1786796887.960500 1811348 1692749 3026 1589 0 1807358 0 846172
1786796888.957495 1811348 1692749 3026 1589 0 1807358 0 846172
1786796889.961219 1811348 1692749 3026 1589 0 1807358 0 846172
1786796890.960135 1811348 1692749 3026 1589 0 1807358 0 846172
1786796891.960562 1811348 1692749 3026 1589 0 1807358 0 846172
1786796892.960576 1811348 1692749 3026 1589 0 1807358 0 846172
1786796893.960792 1811348 1692749 3026 1589 0 1807358 0 846172
1786796894.963837 1811348 1692749 3026 1589 0 1807358 0 846172
1786796895.963583 1811348 1692749 3026 1589 0 1807358 0 846172
1786796896.963319 1811348 1692749 3026 1589 0 1807358 0 846172
1786796897.960179 1811348 1692749 3026 1589 0 1807358 0 846172
1786796898.956593 1811348 1692749 3026 1589 0 1807358 0 846172
1786796899.963650 1811348 1692749 3026 1589 0 1807358 0 846172
1786796900.961019 1811348 1692749 3026 1589 0 1807358 0 846172
1786796901.960970 1811348 1692749 3026 1589 0 1807358 0 846172
1786796902.959853 1811348 1692749 3026 1589 0 1807358 0 846172
1786796903.961188 1811348 1692749 3026 1589 0 1807358 0 846172
1786796904.963941 1811348 1692749 3026 1589 0 1807358 0 846172
1786796905.959756 1811348 1692749 3026 1589 0 1807358 0 846172
1786796906.959170 1811348 1692749 3026 1589 0 1807358 0 846172
1786796907.959316 1811348 1692749 3026 1589 0 1807358 0 846172
1786796908.959259 1811348 1692749 3026 1589 0 1807358 0 846172
1786796909.960618 1811348 1692749 3026 1589 0 1807358 0 846172
1786796910.958527 1811348 1692749 3026 1589 0 1807358 0 846172
1786796911.961026 1811348 1692749 3026 1589 0 1807358 0 846172
1786796912.960467 1811348 1692749 3026 1589 0 1807358 0 846172
1786796913.960489 1811348 1692749 3026 1589 0 1807358 0 846172
1786796914.956371 1811348 1692749 3026 1589 0 1807358 0 846172
1786796915.959398 1811348 1692749 3026 1589 0 1807358 0 846172
1786796916.960130 1811348 1692749 3026 1589 0 1807358 0 846172
1786796917.959217 1811348 1692749 3026 1589 0 1807358 0 846172
1786796918.961812 1811348 1692749 3026 1589 0 1807358 0 846172
1786796919.963608 1811348 1692749 3026 1589 0 1807358 0 846172
1786796920.963516 1811348 1692749 3026 1589 0 1807358 0 846172
1786796921.959271 1811348 1692749 3026 1589 0 1807358 0 846172
1786796922.956557 1811348 1692749 3026 1589 0 1807358 0 846172
1786796923.963454 1811348 1692749 3026 1589 0 1807358 0 846172
1786796924.960837 1811348 1692749 3026 1589 0 1807358 0 846172
1786796925.959486 1811348 1692749 3026 1589 0 1807358 0 846172
1786796926.963601 1811348 1692749 3026 1589 0 1807358 0 846172
1786796927.959237 1811348 1692749 3026 1589 0 1807358 0 846172
1786796928.959786 1811348 1692749 3026 1589 0 1807358 0 846172
1786796929.960386 1811348 1692749 3026 1589 0 1807358 0 846172
1786796930.958981 1811348 1692749 3026 1589 0 1807358 0 846172
1786796931.957110 1811348 1692749 3026 1589 0 1807358 0 846172
1786796932.962381 1811348 1692749 3026 1589 0 1807358 0 846172
1786796933.959828 1811348 1692749 3026 1589 0 1807358 0 846172
1786796934.960243 1811348 1692749 3026 1589 0 1807358 0 846172
1786796935.959990 1811348 1692749 3026 1589 0 1807358 0 846172
1786796936.963979 1811348 1692749 3026 1589 0 1807358 0 846172
1786796937.963517 1811348 1692749 3026 1589 0 1807358 0 846172
1786796938.963815 1811348 1692749 3026 1589 0 1807358 0 846172
1786796939.957779 1811348 1692749 3026 1589 0 1807358 0 846172
1786796940.959846 1811348 1692749 3026 1589 0 1807358 0 846172
1786796941.959642 1811348 1692749 3026 1589 0 1807358 0 846172
1786796942.960414 1811348 1692749 3026 1589 0 1807358 0 846172
1786796943.962456 1811348 1692749 3026 1589 0 1807358 0 846172
1786796944.959064 1811348 1692749 3026 1589 0 1807358 0 846172
1786796945.960062 1811348 1692749 3026 1589 0 1807358 0 846172
1786796946.957491 1811348 1692749 3026 1589 0 1807358 0 846172
1786796947.959383 1811348 1692749 3026 1589 0 1807358 0 846172
1786796948.960315 1811348 1692749 3026 1589 0 1807358 0 846172
1786796949.956868 1811348 1692749 3026 1589 0 1807358 0 846172
1786796950.961664 1811348 1692749 3026 1589 0 1807358 0 846172
1786796951.960849 1811348 1692749 3026 1589 0 1807358 0 846172
1786796952.960519 1811348 1692749 3026 1589 0 1807358 0 846172
1786796953.963760 1811348 1692749 3026 1589 0 1807358 0 846172
1786796954.961330 1811348 1692749 3026 1589 0 1807358 0 846172
1786796955.963724 1811348 1692749 3026 1589 0 1807358 0 846172
1786796956.959601 1811348 1692749 3026 1589 0 1807358 0 846172
1786796957.959047 1811348 1692749 3026 1589 0 1807358 0 846172
1786796958.962574 1811348 1692749 3026 1589 0 1807358 0 846172
1786796959.959495 1811348 1692749 3026 1589 0 1807358 0 846172
1786796960.960793 1811348 1692749 3026 1589 0 1807358 0 846172
1786796961.958442 1811348 1692749 3026 1589 0 1807358 0 846172
1786796962.962435 1811348 1692749 3026 1589 0 1807358 0 846172
1786796963.958605 1811348 1692749 3026 1589 0 1807358 0 846172
1786796964.960793 1811348 1692749 3026 1589 0 1807358 0 846172
1786796965.959906 1811348 1692749 3026 1589 0 1807358 0 846172
1786796966.959115 1811348 1692749 3026 1589 0 1807358 0 846172
1786796967.963594 1811348 1692749 3026 1589 0 1807358 0 846172
1786796968.960520 1811348 1692749 3026 1589 0 1807358 0 846172
1786796969.961472 1811348 1692749 3026 1589 0 1807358 0 846172
1786796970.959515 1811348 1692749 3026 1589 0 1807358 0 846172
1786796971.959406 1811348 1692749 3026 1589 0 1807358 0 846172
1786796972.960307 1811348 1692749 3026 1589 0 1807358 0 846172
1786796973.959710 1811348 1692749 3026 1589 0 1807358 0 846172
1786796974.961557 1811348 1692749 3026 1589 0 1807358 0 846172
1786796975.959286 1811348 1692749 3026 1589 0 1807358 0 846172
1786796976.959533 1811348 1692749 3026 1589 0 1807358 0 846172
1786796977.960425 1811348 1692749 3026 1589 0 1807358 0 846172
1786796978.957423 1811348 1692749 3026 1589 0 1807358 0 846172
1786796979.959261 1811348 1692749 3026 1589 0 1807358 0 846172
1786796980.960418 1811348 1692749 3026 1589 0 1807358 0 846172
1786796981.957643 1811348 1692749 3026 1589 0 1807358 0 846172
1786796982.960650 1811348 1692749 3026 1589 0 1807358 0 846172
1786796984.055903 1811348 1692749 3026 1589 0 1807358 0 846172
1786796985.061877 1811348 1692749 3026 1589 0 1807358 0 846172
1786796985.956014 1811988 1692802 3026 1589 0 1807998 0 846172
1786796986.963313 1811988 1692802 3026 1589 0 1807998 0 846189
1786796987.958444 1811988 1692802 3026 1589 0 1807998 0 846189
1786796988.960791 1811988 1692802 3026 1589 0 1807998 0 846189
1786796989.960314 1811988 1692802 3026 1589 0 1807998 0 846189
1786796990.960313 1811988 1692802 3026 1589 0 1807998 0 846189
1786796991.959692 1811988 1692802 3026 1589 0 1807998 0 846189
1786796992.962763 1811988 1692802 3026 1589 0 1807998 0 846189
1786796993.959511 1811988 1692802 3026 1589 0 1807998 0 846189
1786796994.963280 1811988 1692802 3026 1589 0 1807998 0 846189
1786796995.960020 1811988 1692802 3026 1589 0 1807998 0 846189
1786796996.958277 1811988 1692802 3026 1589 0 1807998 0 846189
1786796997.959436 1811988 1692802 3026 1589 0 1807998 0 846189
1786796998.959490 1811988 1692802 3026 1589 0 1807998 0 846189
1786796999.960358 1811988 1692802 3026 1589 0 1807998 0 846189
1786797000.959498 1811988 1692802 3026 1589 0 1807998 0 846189
1786797001.962711 1811988 1692802 3026 1589 0 1807998 0 846189
1786797002.959448 1811988 1692802 3026 1589 0 1807998 0 846189
1786797003.957298 1811988 1692802 3026 1589 0 1807998 0 846189
1786797004.963026 1811988 1692802 3026 1589 0 1807998 0 846189
1786797005.958182 1811988 1692802 3026 1589 0 1807998 0 846189
1786797006.961421 1811988 1692802 3026 1589 0 1807998 0 846189
1786797007.959335 1811988 1692802 3026 1589 0 1807998 0 846189
1786797008.959483 1811988 1692802 3026 1589 0 1807998 0 846189
1786797009.963755 1811988 1692802 3026 1589 0 1807998 0 846189
1786797010.962056 1811988 1692802 3026 1589 0 1807998 0 846189
1786797011.963643 1811988 1692802 3026 1589 0 1807998 0 846189
1786797012.962183 1811988 1692802 3026 1589 0 1807998 0 846189
1786797013.959736 1811988 1692802 3026 1589 0 1807998 0 846189
1786797014.963634 1811988 1692802 3026 1589 0 1807998 0 846189
1786797015.960432 1811988 1692802 3026 1589 0 1807998 0 846189
1786797016.962007 1811988 1692802 3026 1589 0 1807998 0 846189
1786797017.963735 1811988 1692802 3026 1589 0 1807998 0 846189
1786797018.961516 1811988 1692802 3026 1589 0 1807998 0 846189
1786797019.963020 1811988 1692802 3026 1589 0 1807998 0 846189
1786797020.961713 1811988 1692802 3026 1589 0 1807998 0 846189
1786797021.963189 1811988 1692802 3026 1589 0 1807998 0 846189
1786797022.960328 1811988 1692802 3026 1589 0 1807998 0 846189
1786797023.960135 1811988 1692802 3026 1589 0 1807998 0 846189
1786797024.959411 1811988 1692802 3026 1589 0 1807998 0 846189
1786797025.958458 1811988 1692802 3026 1589 0 1807998 0 846189
1786797026.959572 1811988 1692802 3026 1589 0 1807998 0 846189
1786797027.960568 1811988 1692802 3026 1589 0 1807998 0 846189
1786797028.964694 1811988 1692802 3026 1589 0 1807998 0 846189
1786797029.960851 1811988 1692802 3026 1589 0 1807998 0 846189
1786797030.958581 1811988 1692802 3026 1589 0 1807998 0 846189
1786797031.959506 1811988 1692802 3026 1589 0 1807998 0 846189
1786797032.960023 1811988 1692802 3026 1589 0 1807998 0 846189
1786797033.959350 1811988 1692802 3026 1589 0 1807998 0 846189
1786797034.963444 1811988 1692802 3026 1589 0 1807998 0 846189
1786797035.958265 1811988 1692802 3026 1589 0 1807998 0 846189
1786797036.959084 1811988 1692802 3026 1589 0 1807998 0 846189
1786797037.959815 1811988 1692802 3026 1589 0 1807998 0 846189
1786797038.961028 1811988 1692802 3026 1589 0 1807998 0 846189
1786797039.960685 1811988 1692802 3026 1589 0 1807998 0 846189
1786797040.961708 1811988 1692802 3026 1589 0 1807998 0 846189
1786797041.958233 1811988 1692802 3026 1589 0 1807998 0 846189
1786797042.959411 1811988 1692802 3026 1589 0 1807998 0 846189
1786797043.963981 1811988 1692802 3026 1589 0 1807998 0 846189
1786797044.961313 1811988 1692802 3026 1589 0 1807998 0 846189
1786797045.960258 1811988 1692802 3026 1589 0 1807998 0 846189
1786797046.964081 1811988 1692802 3026 1589 0 1807998 0 846189
1786797047.960007 1811988 1692802 3026 1589 0 1807998 0 846189
1786797048.957824 1811988 1692802 3026 1589 0 1807998 0 846189
1786797049.960090 1811988 1692802 3026 1589 0 1807998 0 846189
1786797050.957689 1811988 1692802 3026 1589 0 1807998 0 846189
1786797051.963566 1811988 1692802 3026 1589 0 1807998 0 846189
1786797052.959295 1811988 1692802 3026 1589 0 1807998 0 846189
1786797053.959176 1811988 1692802 3026 1589 0 1807998 0 846189
1786797054.959215 1811988 1692802 3026 1589 0 1807998 0 846189
1786797055.959796 1811988 1692802 3026 1589 0 1807998 0 846189
1786797056.959592 1811988 1692802 3026 1589 0 1807998 0 846189
1786797057.959527 1811988 1692802 3026 1589 0 1807998 0 846189
1786797058.960381 1811988 1692802 3026 1589 0 1807998 0 846189
1786797059.960201 1811988 1692802 3026 1589 0 1807998 0 846189
1786797060.959773 1811988 1692802 3026 1589 0 1807998 0 846189
1786797061.959416 1811988 1692802 3026 1589 0 1807998 0 846189
1786797062.960577 1811988 1692802 3026 1589 0 1807998 0 846189
1786797063.957897 1811988 1692802 3026 1589 0 1807998 0 846189
1786797064.958478 1811988 1692802 3026 1589 0 1807998 0 846189
1786797065.962848 1811988 1692802 3026 1589 0 1807998 0 846189
1786797066.959500 1811988 1692802 3026 1589 0 1807998 0 846189
1786797067.957282 1811988 1692802 3026 1589 0 1807998 0 846189
1786797068.959979 1811988 1692802 3026 1589 0 1807998 0 846189
1786797069.960014 1811988 1692802 3026 1589 0 1807998 0 846189
1786797070.961200 1811988 1692802 3026 1589 0 1807998 0 846189
1786797071.959850 1811988 1692802 3026 1589 0 1807998 0 846189
1786797072.959604 1811988 1692802 3026 1589 0 1807998 0 846189
1786797073.963916 1811988 1692802 3026 1589 0 1807998 0 846189
1786797074.963980 1811988 1692802 3026 1589 0 1807998 0 846189
1786797075.959964 1811988 1692802 3026 1589 0 1807998 0 846189
1786797076.959618 1811988 1692802 3026 1589 0 1807998 0 846189
1786797077.962360 1811988 1692802 3026 1589 0 1807998 0 846189
1786797078.962797 1811988 1692802 3026 1589 0 1807998 0 846189
1786797079.960099 1811988 1692802 3026 1589 0 1807998 0 846189
1786797080.959764 1811988 1692802 3026 1589 0 1807998 0 846189
1786797081.962584 1811988 1692802 3026 1589 0 1807998 0 846189
1786797082.961989 1811988 1692802 3026 1589 0 1807998 0 846189
1786797083.959969 1811988 1692802 3026 1589 0 1807998 0 846189
1786797084.960045 1811988 1692802 3026 1589 0 1807998 0 846189
1786797085.959247 1811988 1692802 3026 1589 0 1807998 0 846189
1786797086.960020 1811988 1692802 3026 1589 0 1807998 0 846189
1786797087.962918 1811988 1692802 3026 1589 0 1807998 0 846189
1786797088.959468 1811988 1692802 3026 1589 0 1807998 0 846189
1786797089.959344 1811988 1692802 3026 1589 0 1807998 0 846189
1786797090.959401 1811988 1692802 3026 1589 0 1807998 0 846189
1786797091.958285 1811988 1692802 3026 1589 0 1807998 0 846189
1786797092.964536 1811988 1692802 3026 1589 0 1807998 0 846189
1786797093.956429 1811988 1692802 3026 1589 0 1807998 0 846189
1786797094.960205 1811988 1692802 3026 1589 0 1807998 0 846189
1786797095.963499 1811988 1692802 3026 1589 0 1807998 0 846189
1786797096.959501 1811988 1692802 3026 1589 0 1807998 0 846189
1786797097.960321 1811988 1692802 3026 1589 0 1807998 0 846189
1786797098.960166 1811988 1692802 3026 1589 0 1807998 0 846189
1786797099.957577 1811988 1692802 3026 1589 0 1807998 0 846189
1786797100.959090 1811988 1692802 3026 1589 0 1807998 0 846189
1786797101.959669 1811988 1692802 3026 1589 0 1807998 0 846189
1786797102.959583 1811988 1692802 3026 1589 0 1807998 0 846189
1786797103.963002 1811988 1692802 3026 1589 0 1807998 0 846189
1786797104.959611 1811988 1692802 3026 1589 0 1807998 0 846189
1786797105.960732 1811988 1692802 3026 1589 0 1807998 0 846189
1786797106.959713 1811988 1692802 3026 1589 0 1807998 0 846189
1786797107.959908 1811988 1692802 3026 1589 0 1807998 0 846189
1786797108.961238 1811988 1692802 3026 1589 0 1807998 0 846189
1786797109.960456 1811988 1692802 3026 1589 0 1807998 0 846189
1786797110.969122 1811988 1692802 3026 1589 0 1807998 0 846189
1786797111.960242 1811988 1692802 3026 1589 0 1807998 0 846189
1786797112.957971 1811988 1692802 3026 1589 0 1807998 0 846189
1786797113.960320 1811988 1692802 3026 1589 0 1807998 0 846189
1786797114.961693 1811988 1692802 3026 1589 0 1807998 0 846189
1786797115.962658 1811988 1692802 3026 1589 0 1807998 0 846189
1786797116.961609 1811988 1692802 3026 1589 0 1807998 0 846189
1786797117.962533 1811988 1692802 3026 1589 0 1807998 0 846189
1786797118.959426 1811988 1692802 3026 1589 0 1807998 0 846189
1786797119.958685 1811988 1692802 3026 1589 0 1807998 0 846189
1786797120.963783 1811988 1692802 3026 1589 0 1807998 0 846189
1786797121.962358 1811988 1692802 3026 1589 0 1807998 0 846189
1786797122.959010 1811988 1692802 3026 1589 0 1807998 0 846189
1786797123.962443 1811988 1692802 3026 1589 0 1807998 0 846189
1786797124.961453 1811988 1692802 3026 1589 0 1807998 0 846189
1786797125.963531 1811988 1692802 3026 1589 0 1807998 0 846189
1786797126.959536 1811988 1692802 3026 1589 0 1807998 0 846189
1786797127.958079 1811988 1692802 3026 1589 0 1807998 0 846189
1786797128.959355 1811988 1692802 3026 1589 0 1807998 0 846189
1786797129.962313 1811988 1692802 3026 1589 0 1807998 0 846189
1786797130.958193 1811988 1692802 3026 1589 0 1807998 0 846189
1786797131.960742 1811988 1692802 3026 1589 0 1807998 0 846189
1786797132.962515 1811988 1692802 3026 1589 0 1807998 0 846189
1786797133.959912 1811988 1692802 3026 1589 0 1807998 0 846189
1786797134.960205 1811988 1692802 3026 1589 0 1807998 0 846189
1786797135.962459 1811988 1692802 3026 1589 0 1807998 0 846189
1786797136.959301 1811988 1692802 3026 1589 0 1807998 0 846189
1786797137.959819 1811988 1692802 3026 1589 0 1807998 0 846189
1786797138.959578 1811988 1692802 3026 1589 0 1807998 0 846189
1786797139.963180 1811988 1692802 3026 1589 0 1807998 0 846189
1786797140.958374 1811988 1692802 3026 1589 0 1807998 0 846189
1786797141.960013 1811988 1692802 3026 1589 0 1807998 0 846189
1786797142.962873 1811988 1692802 3026 1589 0 1807998 0 846189
1786797143.962239 1811988 1692802 3026 1589 0 1807998 0 846189
1786797144.962446 1811988 1692802 3026 1589 0 1807998 0 846189
1786797145.959449 1811988 1692802 3026 1589 0 1807998 0 846189
1786797146.957248 1811988 1692802 3026 1589 0 1807998 0 846189
1786797147.962644 1811988 1692802 3026 1589 0 1807998 0 846189
1786797148.961377 1811988 1692802 3026 1589 0 1807998 0 846189
1786797149.958565 1811988 1692802 3026 1589 0 1807998 0 846189
1786797150.956272 1811988 1692802 3026 1589 0 1807998 0 846189
1786797151.963245 1811988 1692802 3026 1589 0 1807998 0 846189
1786797152.959499 1811988 1692802 3026 1589 0 1807998 0 846189
1786797153.962776 1811988 1692802 3026 1589 0 1807998 0 846189
1786797154.881985 1811988 1692802 3026 1589 0 1807998 0 846189
1786797155.960632 1811988 1692802 3026 1589 0 1807998 0 846189
1786797156.961734 1811988 1692802 3026 1589 0 1807998 0 846189
1786797157.956275 1811988 1692802 3026 1589 0 1807998 0 846189
1786797158.959709 1811988 1692802 3026 1589 0 1807998 0 846189
1786797159.959456 1811988 1692802 3026 1589 0 1807998 0 846189
1786797160.960492 1811988 1692802 3026 1589 0 1807998 0 846189
1786797161.960750 1811988 1692802 3026 1589 0 1807998 0 846189
1786797162.959298 1811988 1692802 3026 1589 0 1807998 0 846189
1786797163.959269 1811988 1692802 3026 1589 0 1807998 0 846189
1786797164.960923 1811988 1692802 3026 1589 0 1807998 0 846189
1786797165.959795 1811988 1692802 3026 1589 0 1807998 0 846189
1786797166.958544 1811988 1692802 3026 1589 0 1807998 0 846189
1786797167.959624 1811988 1692802 3026 1589 0 1807998 0 846189
1786797168.960183 1811988 1692802 3026 1589 0 1807998 0 846189
1786797169.959297 1811988 1692802 3026 1589 0 1807998 0 846189
1786797170.959029 1811988 1692802 3026 1589 0 1807998 0 846189
1786797171.959422 1811988 1692802 3026 1589 0 1807998 0 846189
1786797172.959267 1811988 1692802 3026 1589 0 1807998 0 846189
1786797173.960077 1811988 1692802 3026 1589 0 1807998 0 846189
1786797174.958236 1811988 1692802 3026 1589 0 1807998 0 846189
1786797175.959618 1811988 1692802 3026 1589 0 1807998 0 846189
1786797176.962700 1811988 1692802 3026 1589 0 1807998 0 846189
1786797177.959224 1811988 1692802 3026 1589 0 1807998 0 846189
1786797178.959079 1811988 1692802 3026 1589 0 1807998 0 846189
1786797179.962019 1811988 1692802 3026 1589 0 1807998 0 846189
1786797180.958797 1811988 1692802 3026 1589 0 1807998 0 846189
1786797181.962394 1811988 1692802 3026 1589 0 1807998 0 846189
1786797182.961094 1811988 1692802 3026 1589 0 1807998 0 846189
1786797183.959683 1811988 1692802 3026 1589 0 1807998 0 846189
1786797184.963244 1811988 1692802 3026 1589 0 1807998 0 846189
1786797185.963202 1811988 1692802 3026 1589 0 1807998 0 846189
1786797186.959176 1811988 1692802 3026 1589 0 1807998 0 846189
1786797187.959138 1811988 1692802 3026 1589 0 1807998 0 846189
1786797188.959270 1811988 1692802 3026 1589 0 1807998 0 846189
1786797189.962248 1811988 1692802 3026 1589 0 1807998 0 846189
1786797190.959596 1811988 1692802 3026 1589 0 1807998 0 846189
1786797191.963245 1811988 1692802 3026 1589 0 1807998 0 846189
1786797192.959838 1811988 1692802 3026 1589 0 1807998 0 846189
1786797193.964059 1811988 1692802 3026 1589 0 1807998 0 846189
1786797194.959694 1811988 1692802 3026 1589 0 1807998 0 846189
1786797195.962574 1811988 1692802 3026 1589 0 1807998 0 846189
1786797196.959201 1811988 1692802 3026 1589 0 1807998 0 846189
1786797197.956140 1811988 1692802 3026 1589 0 1807998 0 846189
1786797198.962579 1811988 1692802 3026 1589 0 1807998 0 846189
1786797199.959514 1811988 1692802 3026 1589 0 1807998 0 846189
1786797200.962587 1811988 1692802 3026 1589 0 1807998 0 846189
1786797201.960772 1811988 1692802 3026 1589 0 1807998 0 846189
1786797202.882603 1811988 1692802 3026 1589 0 1807998 0 846189
1786797203.960746 1811988 1692802 3026 1589 0 1807998 0 846189
1786797204.959894 1811988 1692802 3026 1589 0 1807998 0 846189
1786797205.959568 1811988 1692802 3026 1589 0 1807998 0 846189
1786797206.959622 1811988 1692802 3026 1589 0 1807998 0 846189
1786797207.959384 1811988 1692802 3026 1589 0 1807998 0 846189
1786797208.956291 1811988 1692802 3026 1589 0 1807998 0 846189
1786797209.960001 1811988 1692802 3026 1589 0 1807998 0 846189
1786797210.960738 1811988 1692802 3026 1589 0 1807998 0 846189
1786797211.960097 1811988 1692802 3026 1589 0 1807998 0 846189
1786797212.962392 1811988 1692802 3026 1589 0 1807998 0 846189
1786797213.959690 1811988 1692802 3026 1589 0 1807998 0 846189
1786797214.959386 1811988 1692802 3026 1589 0 1807998 0 846189
1786797215.959287 1811988 1692802 3026 1589 0 1807998 0 846189
1786797216.959075 1811988 1692802 3026 1589 0 1807998 0 846189
1786797217.956131 1811988 1692802 3026 1589 0 1807998 0 846189
1786797218.959238 1811988 1692802 3026 1589 0 1807998 0 846189
1786797219.962731 1811988 1692802 3026 1589 0 1807998 0 846189
1786797220.959546 1811988 1692802 3026 1589 0 1807998 0 846189
1786797221.959752 1811988 1692802 3026 1589 0 1807998 0 846189
1786797222.960264 1811988 1692802 3026 1589 0 1807998 0 846189
1786797223.960043 1811988 1692802 3026 1589 0 1807998 0 846189
1786797224.959436 1811988 1692802 3026 1589 0 1807998 0 846189
1786797225.959805 1811988 1692802 3026 1589 0 1807998 0 846189
1786797226.959496 1811988 1692802 3026 1589 0 1807998 0 846189
1786797227.959253 1811988 1692802 3026 1589 0 1807998 0 846189
1786797228.956666 1811988 1692802 3026 1589 0 1807998 0 846189
1786797229.959617 1811988 1692802 3026 1589 0 1807998 0 846189
1786797230.960102 1811988 1692802 3026 1589 0 1807998 0 846189
1786797231.962495 1811988 1692802 3026 1589 0 1807998 0 846189
1786797232.959420 1811988 1692802 3026 1589 0 1807998 0 846189
1786797233.962592 1811988 1692802 3026 1589 0 1807998 0 846189
1786797234.957954 1811988 1692802 3026 1589 0 1807998 0 846189
1786797235.959191 1811988 1692802 3026 1589 0 1807998 0 846189
1786797236.962287 1811988 1692802 3026 1589 0 1807998 0 846189
1786797237.960552 1811988 1692802 3026 1589 0 1807998 0 846189
1786797238.959759 1811988 1692802 3026 1589 0 1807998 0 846189
1786797239.962601 1811988 1692802 3026 1589 0 1807998 0 846189
1786797240.960560 1811988 1692802 3026 1589 0 1807998 0 846189
1786797241.960496 1811988 1692802 3026 1589 0 1807998 0 846189
1786797242.957480 1811988 1692802 3026 1589 0 1807998 0 846189
1786797243.959295 1811988 1692802 3026 1589 0 1807998 0 846189
1786797244.963505 1811988 1692802 3026 1589 0 1807998 0 846189
1786797245.957584 1811988 1692802 3026 1589 0 1807998 0 846189
1786797246.962313 1811988 1692802 3026 1589 0 1807998 0 846189
1786797247.959548 1811988 1692802 3026 1589 0 1807998 0 846189
1786797248.963785 1811988 1692802 3026 1589 0 1807998 0 846189
1786797249.962707 1811988 1692802 3026 1589 0 1807998 0 846189
1786797250.960114 1811988 1692802 3026 1589 0 1807998 0 846189
1786797251.958024 1811988 1692802 3026 1589 0 1807998 0 846189
1786797252.959703 1811988 1692802 3026 1589 0 1807998 0 846189
1786797253.960959 1811988 1692802 3026 1589 0 1807998 0 846189
1786797254.790465 0 0 0 0 0 0 0 0
