# start_epoch=1786269886.373488  page_size=4096  cachestat=ok  fields=size,resident,shared,text,lib,data,dt,pagecache
1786269887.374775 438848 28897 3156 2101 0 434249 0 19056
1786269888.375313 448711 31198 3292 2101 0 444105 0 31307
1786269889.376235 449479 33402 3292 2101 0 444873 0 43556
1786269890.376798 449479 33661 3292 2101 0 444873 0 55806
1786269891.390362 449479 37403 3361 2101 0 444873 0 86079
1786269892.394841 449479 34408 3424 2101 0 444873 0 91217
1786269893.381441 449479 32661 3424 2101 0 444873 0 80324
1786269894.378648 450126 32410 3431 2101 0 445513 0 91773
1786269895.389849 450126 34458 3431 2101 0 445513 0 104022
1786269896.393877 450126 36887 3431 2101 0 445513 0 132029
1786269897.395029 450126 34310 3431 2101 0 445513 0 135830
1786269898.381360 450126 36375 3431 2101 0 445513 0 128521
1786269899.407309 450126 36887 3431 2101 0 445513 0 155760
1786269900.383958 450126 34311 3431 2101 0 445513 0 140772
1786269901.380672 450126 34691 3431 2101 0 445513 0 150819
1786269902.383316 450126 31846 3431 2101 0 445513 0 163069
1786269903.394262 456270 41113 3431 2101 0 451657 0 189189
1786269904.395125 456270 39063 3431 2101 0 451657 0 201791
1786269905.395714 457038 35655 3431 2101 0 452425 0 210297
1786269906.384750 457038 38223 3431 2101 0 452425 0 198124
1786269907.385203 457038 36277 3431 2101 0 452425 0 210374
1786269908.385896 457038 41642 3431 2101 0 452425 0 222625
1786269909.400191 457038 41899 3431 2101 0 452425 0 250356
1786269910.405981 457038 39500 3431 2101 0 452425 0 357890
1786269911.402333 457038 42438 3431 2101 0 452425 0 284175
1786269912.392317 457038 36375 3431 2101 0 452425 0 275141
1786269913.388359 457038 37386 3431 2101 0 452425 0 268344
1786269914.389080 457038 38157 3431 2101 0 452425 0 280594
1786269915.401116 457038 37385 3431 2101 0 452425 0 292846
1786269916.404343 457038 39862 3431 2101 0 452425 0 317109
1786269917.402874 457038 37821 3431 2101 0 452425 0 322895
1786269918.393311 457038 37683 3431 2101 0 452425 0 325759
1786269919.391204 457038 38449 3431 2101 0 452425 0 324833
1786269920.396645 457038 40615 3431 2101 0 452425 0 337084
1786269921.430945 457934 40803 3431 2101 0 453321 0 365603
1786269922.426653 457934 35491 3431 2101 0 453321 0 371452
1786269923.393222 457934 37379 3431 2101 0 453321 0 361584
1786269924.395101 458830 35521 3431 2101 0 454217 0 369657
1786269925.437936 458830 39390 3431 2101 0 454217 0 429521
1786269926.395697 458830 39049 3431 2101 0 454217 0 380896
1786269927.396372 458830 36985 3431 2101 0 454217 0 392164
1786269928.435002 458830 39310 3431 2101 0 454217 0 420427
1786269929.397121 458830 40905 3431 2101 0 454217 0 402715
1786269930.398717 458830 38320 3431 2101 0 454217 0 414964
1786269931.409859 458830 42934 3431 2101 0 454217 0 444763
1786269932.408934 458830 43494 3431 2101 0 454217 0 453173
1786269933.411601 458830 40191 3431 2101 0 454217 0 461584
1786269934.398174 458830 44038 3431 2101 0 454217 0 451715
1786269935.399219 458830 41985 3431 2101 0 454217 0 463966
1786269936.398997 459854 40695 3431 2101 0 455241 0 468157
1786269937.415598 459854 40951 3431 2101 0 455241 0 492480
1786269938.402516 459854 39803 3431 2101 0 455241 0 496555
1786269939.400123 459854 44425 3431 2101 0 455241 0 490271
1786269940.403326 459854 35234 3431 2101 0 455241 0 500589
1786269941.415736 459854 40626 3431 2101 0 455241 0 530861
1786269942.416007 459854 37793 3431 2101 0 455241 0 535470
1786269943.404771 459854 37542 3431 2101 0 455241 0 525090
1786269944.405369 459854 37277 3431 2101 0 455241 0 537340
1786269945.417678 459854 41122 3431 2101 0 455241 0 566371
1786269946.419949 459854 40231 3431 2101 0 455241 0 560086
1786269947.406381 459854 32254 3431 2101 0 455241 0 548823
1786269948.415817 459854 39211 3431 2101 0 455241 0 560053
1786269949.417619 459854 39519 3431 2101 0 455241 0 615121
1786269950.406070 459854 38997 3431 2101 0 455241 0 570338
1786269951.407906 459854 40024 3431 2101 0 455241 0 580823
1786269952.408223 459854 34982 3431 2101 0 455241 0 593075
1786269953.421052 459854 39485 3431 2101 0 455241 0 617498
1786269954.409443 459854 40768 3431 2101 0 455241 0 605326
1786269955.410478 459854 38240 3431 2101 0 455241 0 617576
1786269956.422507 459854 41832 3431 2101 0 455241 0 646095
1786269957.422722 459854 42353 3431 2101 0 455241 0 650154
1786269958.411662 459854 38753 3431 2101 0 455241 0 642077
1786269959.417256 461134 43384 3431 2101 0 456521 0 640518
1786269960.420550 461134 43384 3431 2101 0 456521 0 660677
1786269961.406861 461134 41829 3431 2101 0 456521 0 648506
1786269962.414261 461134 41208 3431 2101 0 456521 0 660758
1786269963.423846 461134 43236 3431 2101 0 456521 0 686405
1786269964.424400 461134 40442 3431 2101 0 456521 0 735792
1786269965.410221 461134 43065 3431 2101 0 456521 0 680164
1786269966.410966 461134 41362 3431 2101 0 456521 0 690447
1786269967.411914 461134 42970 3431 2101 0 456521 0 702699
1786269968.430047 461134 40117 3431 2101 0 456521 0 728394
1786269969.416139 461134 37618 3431 2101 0 456521 0 714951
1786269970.416745 461134 39219 3431 2101 0 456521 0 727201
1786269971.430165 461134 42815 3431 2101 0 456521 0 757473
1786269972.430610 461134 39161 3431 2101 0 456521 0 761570
1786269973.418186 461134 38723 3431 2101 0 456521 0 751688
1786269974.418975 461134 39524 3431 2101 0 456521 0 763938
1786269975.424713 461134 41482 3431 2101 0 456521 0 770862
1786269976.413673 461134 41482 3431 2101 0 456521 0 755088
1786269977.414889 461134 44134 3431 2101 0 456521 0 763538
1786269978.416200 461134 37709 3431 2101 0 456521 0 775788
1786269979.433917 461134 41757 3431 2101 0 456521 0 801023
1786269980.435138 461134 38168 3431 2101 0 456521 0 803902
1786269981.420090 461134 38940 3431 2101 0 456521 0 794288
1786269982.421197 461134 39733 3431 2101 0 456521 0 802069
1786269983.420796 461134 35614 3431 2101 0 456521 0 811862
1786269984.433916 461134 40005 3431 2101 0 456521 0 833469
1786269985.418469 461134 44125 3431 2101 0 456521 0 824112
1786269986.419161 461134 37154 3431 2101 0 456521 0 836361
1786269987.432742 461134 45689 3431 2101 0 456521 0 866634
1786269988.434593 461134 44433 3431 2101 0 456521 0 875083
1786269989.485881 461134 39615 3431 2101 0 456521 0 881960
1786269990.421144 461134 45179 3431 2101 0 456521 0 873115
1786269991.421648 461134 42173 3431 2101 0 456521 0 885364
1786269992.435021 461134 45932 3431 2101 0 456521 0 915537
1786269993.416020 461134 46458 3431 2101 0 456521 0 897615
1786269994.435487 462670 40944 3431 2101 0 458057 0 893963
1786269995.421955 462670 42218 3431 2101 0 458057 0 886655
1786269996.434334 462670 47358 3431 2101 0 458057 0 895906
1786269997.434360 462670 47100 3431 2101 0 458057 0 919355
1786269998.427869 462670 40454 3431 2101 0 458057 0 923204
1786269999.422645 462670 40525 3431 2101 0 458057 0 913661
1786270000.428402 462670 41791 3431 2101 0 458057 0 922115
1786270001.491364 462670 43441 3431 2101 0 458057 0 951658
1786270002.493818 462670 39792 3431 2101 0 458057 0 951925
1786270003.429453 462670 41930 3431 2101 0 458057 0 942825
1786270004.430150 463694 41953 3431 2101 0 459081 0 955076
1786270005.494007 463694 41953 3431 2101 0 459081 0 977707
1786270006.430834 463694 42465 3431 2101 0 459081 0 967328
1786270007.431542 463694 31132 3431 2101 0 459081 0 979578
1786270008.494910 463694 41165 3431 2101 0 459081 0 1003745
1786270009.432322 463694 42457 3431 2101 0 459081 0 991829
1786270010.423466 463694 39924 3431 2101 0 459081 0 1004080
1786270011.419019 463694 39924 3431 2101 0 459081 0 1004080
1786270012.427081 463694 39924 3431 2101 0 459081 0 1004080
1786270013.495293 465486 40445 3431 2101 0 460873 0 992581
1786270014.432228 465486 40681 3431 2101 0 460873 0 980694
1786270015.432261 465486 40150 3431 2101 0 460873 0 988926
1786270016.497335 465486 40665 3431 2101 0 460873 0 1010789
1786270017.432555 465486 40314 3431 2101 0 460873 0 996614
1786270018.439784 465486 42630 3431 2101 0 460873 0 1004303
1786270019.494647 465486 42396 3431 2101 0 460873 0 1027958
1786270020.433571 465486 39506 3431 2101 0 460873 0 1011170
1786270021.419431 465486 41865 3431 2101 0 460873 0 1023420
1786270022.497685 465486 41873 3431 2101 0 460873 0 1042384
1786270023.436774 465486 38767 3431 2101 0 460873 0 1025342
1786270024.420132 465486 42245 3431 2101 0 460873 0 1032205
1786270025.501160 465486 43255 3431 2101 0 460873 0 1056628
1786270026.429406 465486 41272 3431 2101 0 460873 0 1040593
1786270027.442137 465486 46038 3431 2101 0 460873 0 1052843
1786270028.492511 465486 46077 3431 2101 0 460873 0 1079314
1786270029.431846 465486 41973 3431 2101 0 460873 0 1065092
1786270030.431471 465486 45922 3431 2101 0 460873 0 1077343
1786270031.495309 465486 47202 3431 2101 0 460873 0 1107398
1786270032.494041 465486 41608 3431 2101 0 460873 0 1111713
1786270033.423857 465486 47719 3431 2101 0 460873 0 1101845
1786270034.430811 465486 47719 3431 2101 0 460873 0 1101845
1786270035.438634 465486 47719 3431 2101 0 460873 0 1101845
1786270036.424911 465486 37721 3431 2101 0 460873 0 1114093
1786270037.436654 465486 37721 3431 2101 0 460873 0 1114093
1786270038.431152 465486 39050 3431 2101 0 460873 0 1082452
1786270039.442983 465486 47019 3431 2101 0 460873 0 1089945
1786270040.496955 465486 47531 3431 2101 0 460873 0 1113088
1786270041.431906 465486 43411 3431 2101 0 460873 0 1096792
1786270042.437237 465486 46277 3431 2101 0 460873 0 1102735
1786270043.500960 465486 45994 3431 2101 0 460873 0 1132278
1786270044.502912 465486 40840 3431 2101 0 460873 0 1128998
1786270045.440208 465486 43924 3431 2101 0 460873 0 1114952
1786270046.505739 465486 46484 3431 2101 0 460873 0 1144751
1786270047.491912 465486 42893 3431 2101 0 460873 0 1140013
1786270048.441674 465486 36444 3431 2101 0 460873 0 1127824
1786270049.452331 465486 42363 3431 2101 0 460873 0 1140072
1786270050.503210 465486 42884 3431 2101 0 460873 0 1154120
1786270051.435195 465486 45280 3431 2101 0 460873 0 1146007
1786270052.446579 465486 43992 3431 2101 0 460873 0 1158259
1786270053.501586 465486 48096 3431 2101 0 460873 0 1185498
1786270054.499610 465486 45795 3431 2101 0 460873 0 1192630
1786270055.436151 465486 42940 3431 2101 0 460873 0 1182761
1786270056.430107 465486 48369 3431 2101 0 460873 0 1195012
1786270057.429902 465486 48369 3431 2101 0 460873 0 1195012
1786270058.429769 465486 48369 3431 2101 0 460873 0 1195012
1786270059.430033 465486 48369 3431 2101 0 460873 0 1195012
1786270060.431250 465486 34724 3431 2101 0 460873 0 1207262
1786270061.438354 465486 34724 3431 2101 0 460873 0 1207262
1786270062.502471 465486 35068 3431 2101 0 460873 0 1171857
1786270063.498207 465486 46535 3431 2101 0 460873 0 1195003
1786270064.486934 465486 44354 3431 2101 0 460873 0 1179238
1786270065.438460 465486 47122 3431 2101 0 460873 0 1191490
1786270066.450668 465486 50514 3431 2101 0 460873 0 1214583
1786270067.427431 465486 36172 3431 2101 0 460873 0 1185781
1786270068.426780 465486 36172 3431 2101 0 460873 0 1185781
1786270069.429996 465486 35916 3431 2101 0 460873 0 1179731
1786270070.428105 465486 35916 3431 2101 0 460873 0 1172673
1786270071.426054 465486 35916 3431 2101 0 460873 0 1172673
1786270072.426414 465486 35916 3431 2101 0 460873 0 1168957
1786270073.424875 465486 35916 3431 2101 0 460873 0 1131652
1786270074.426230 465486 35916 3431 2101 0 460873 0 1161997
1786270075.425835 465486 35916 3431 2101 0 460873 0 1161997
1786270076.425710 465486 36427 3431 2101 0 460873 0 1155183
1786270077.425709 465486 36427 3431 2101 0 460873 0 1155183
1786270078.425330 465486 36427 3431 2101 0 460873 0 1148189
1786270079.425095 465486 36427 3431 2101 0 460873 0 1131756
1786270080.424952 465486 36428 3431 2101 0 460873 0 1141528
1786270081.425025 465486 36428 3431 2101 0 460873 0 1135832
1786270082.424674 465486 36428 3431 2101 0 460873 0 1135832
1786270083.427913 465486 36428 3431 2101 0 460873 0 1127640
1786270084.424287 465486 36428 3431 2101 0 460873 0 1127640
1786270085.423975 465486 36429 3431 2101 0 460873 0 1119438
1786270086.423957 465486 36940 3431 2101 0 460873 0 1119438
1786270087.423823 465486 36940 3431 2101 0 460873 0 1119438
1786270088.423760 465486 36940 3431 2101 0 460873 0 1119438
1786270089.423996 465486 36940 3431 2101 0 460873 0 1119438
1786270090.423877 465486 36940 3431 2101 0 460873 0 1119438
1786270091.424012 465486 36940 3431 2101 0 460873 0 1119438
1786270092.423932 465486 36940 3431 2101 0 460873 0 1119438
1786270093.422987 465486 36799 3431 2101 0 460873 0 1103529
1786270094.425131 465486 36799 3431 2101 0 460873 0 1148864
1786270095.425071 465486 36235 3431 2101 0 460873 0 1148864
1786270096.425397 465486 36235 3431 2101 0 460873 0 1148864
1786270097.425226 465486 36235 3431 2101 0 460873 0 1148864
1786270098.425248 465486 36235 3431 2101 0 460873 0 1148864
1786270099.425234 465486 36235 3431 2101 0 460873 0 1148864
1786270100.427335 465486 36235 3431 2101 0 460873 0 1148864
1786270101.428102 465486 36235 3431 2101 0 460873 0 1148864
1786270102.425151 465486 36235 3431 2101 0 460873 0 1148864
1786270103.428079 465486 36235 3431 2101 0 460873 0 1148865
1786270104.420779 467534 36882 3431 2101 0 462921 0 1054799
1786270105.421012 467534 36882 3431 2101 0 462921 0 1054799
1786270106.420687 467534 36187 3431 2101 0 462921 0 1046694
1786270107.420808 467534 36698 3431 2101 0 462921 0 1046694
1786270108.423130 467534 36698 3431 2101 0 462921 0 1101469
1786270109.423247 467534 36698 3431 2101 0 462921 0 1101469
1786270110.423221 467534 36698 3431 2101 0 462921 0 1101469
1786270111.423545 467534 36698 3431 2101 0 462921 0 1101469
1786270112.423293 467534 36698 3431 2101 0 462921 0 1101469
1786270113.423616 467534 36698 3431 2101 0 462921 0 1101470
1786270114.422968 467534 36698 3431 2101 0 462921 0 1101470
1786270115.423313 467534 36698 3431 2101 0 462921 0 1101470
1786270116.423444 467534 36698 3431 2101 0 462921 0 1101470
1786270117.418945 467534 37534 3431 2101 0 462921 0 1006120
1786270118.418545 467534 37534 3431 2101 0 462921 0 1006120
1786270119.419138 467534 37534 3431 2101 0 462921 0 1006120
1786270120.419092 467534 37534 3431 2101 0 462921 0 1006120
1786270121.418860 467534 37534 3431 2101 0 462921 0 1006120
1786270122.419029 467534 37534 3431 2101 0 462921 0 1006120
1786270123.418997 467534 37534 3431 2101 0 462921 0 1006121
1786270124.418841 467534 37534 3431 2101 0 462921 0 1006121
1786270125.418683 467534 36318 3431 2101 0 462921 0 1006121
1786270126.418640 467534 36318 3431 2101 0 462921 0 1006121
1786270127.420298 467534 36318 3431 2101 0 462921 0 1006121
1786270128.418725 467534 36318 3431 2101 0 462921 0 1006121
1786270129.417292 468565 51475 3438 2101 0 463945 0 976314
1786270130.417588 561237 149814 3438 2101 0 556617 0 976314
1786270131.417462 690773 249954 3438 2101 0 686153 0 976314
1786270132.417570 802389 347970 3438 2101 0 797769 0 976314
1786270133.417445 871509 446399 3438 2101 0 866889 0 976314
1786270134.417725 957525 543133 3438 2101 0 952905 0 976314
1786270135.417799 1055829 640211 3438 2101 0 1051209 0 976314
1786270136.418077 1175637 737118 3438 2101 0 1171017 0 976314
1786270137.417757 1306709 834898 3438 2101 0 1302089 0 976314
1786270138.418367 1312853 932370 3438 2101 0 1308233 0 976314
1786270139.417462 1476693 1028277 3438 2101 0 1472073 0 976314
1786270140.417499 1485910 1094165 3438 2101 0 1481289 0 976314
1786270141.417564 1485910 1094165 3438 2101 0 1481289 0 976314
1786270142.419612 1485910 1094165 3438 2101 0 1481289 0 976314
1786270143.417532 1485910 1094165 3438 2101 0 1481289 0 976314
1786270144.417359 1485910 1094165 3438 2101 0 1481289 0 976314
1786270145.420621 1485910 1094165 3438 2101 0 1481289 0 976314
1786270146.417428 1485910 1094165 3438 2101 0 1481289 0 976314
1786270147.419660 1485910 1094165 3438 2101 0 1481289 0 976314
1786270148.420619 1487959 1094515 3438 2101 0 1483337 0 976314
1786270149.421735 1487959 1094515 3438 2101 0 1483337 0 976314
1786270150.417500 1487959 1094515 3438 2101 0 1483337 0 976314
1786270151.417621 1487959 1094515 3438 2101 0 1483337 0 976314
1786270152.417574 1487959 1094515 3438 2101 0 1483337 0 976314
1786270153.417595 1487959 1094515 3438 2101 0 1483337 0 976314
1786270154.417662 1487959 1094515 3438 2101 0 1483337 0 976314
1786270155.417701 1487959 1094515 3438 2101 0 1483337 0 976314
1786270156.417580 1490001 1094508 3431 2101 0 1485385 0 976314
1786270157.417454 1490001 1094508 3431 2101 0 1485385 0 976314
1786270158.417327 1490001 1094508 3431 2101 0 1485385 0 976314
1786270159.417427 1490001 1094508 3431 2101 0 1485385 0 976314
1786270160.417701 1490001 1094508 3431 2101 0 1485385 0 976314
1786270161.417442 1490001 1094508 3431 2101 0 1485385 0 976314
1786270162.417349 1490001 1094508 3431 2101 0 1485385 0 976314
1786270163.417474 1490001 1094508 3431 2101 0 1485385 0 976314
1786270164.417571 1490001 1094508 3431 2101 0 1485385 0 976314
1786270165.417374 1490001 1094508 3431 2101 0 1485385 0 976314
1786270166.417708 1490001 1094508 3431 2101 0 1485385 0 976314
1786270167.417196 1490001 1094508 3431 2101 0 1485385 0 976314
1786270168.417423 1490001 1094844 3431 2101 0 1485385 0 976314
1786270169.417329 1490001 1094844 3431 2101 0 1485385 0 976314
1786270170.417511 1490001 1094844 3431 2101 0 1485385 0 976314
1786270171.418489 1490001 1094844 3431 2101 0 1485385 0 976314
1786270172.417458 1490001 1094844 3431 2101 0 1485385 0 976314
1786270173.417458 1490001 1094844 3431 2101 0 1485385 0 976314
1786270174.417506 1490001 1094844 3431 2101 0 1485385 0 976314
1786270175.417476 1490001 1094844 3431 2101 0 1485385 0 976314
1786270176.417563 1490001 1094844 3431 2101 0 1485385 0 976314
1786270177.417906 1490001 1094844 3431 2101 0 1485385 0 976314
1786270178.420594 1490001 1094844 3431 2101 0 1485385 0 976314
1786270179.417824 1490001 1095164 3431 2101 0 1485385 0 976314
1786270180.417739 1490001 1095164 3431 2101 0 1485385 0 976314
1786270181.417609 1490001 1095164 3431 2101 0 1485385 0 976314
1786270182.417709 1490001 1095164 3431 2101 0 1485385 0 976314
1786270183.417585 1490001 1095164 3431 2101 0 1485385 0 976314
1786270184.417589 1490001 1095164 3431 2101 0 1485385 0 976314
1786270185.417480 1490001 1095164 3431 2101 0 1485385 0 976314
1786270186.417289 1490001 1095164 3431 2101 0 1485385 0 976314
1786270187.417630 1490001 1095164 3431 2101 0 1485385 0 976314
1786270188.417407 1490001 1095164 3431 2101 0 1485385 0 976314
1786270189.417431 1490001 1095164 3431 2101 0 1485385 0 976314
1786270190.417234 1490001 1095164 3431 2101 0 1485385 0 976314
1786270191.417696 1490001 1095164 3431 2101 0 1485385 0 976314
1786270192.417627 1490001 1095164 3431 2101 0 1485385 0 976314
1786270193.417468 1490001 1095164 3431 2101 0 1485385 0 976314
1786270194.417556 1490001 1095164 3431 2101 0 1485385 0 976314
1786270195.417491 1490001 1095164 3431 2101 0 1485385 0 976314
1786270196.417734 1490001 1095164 3431 2101 0 1485385 0 976314
1786270197.417571 1490001 1095164 3431 2101 0 1485385 0 976314
1786270198.417498 1490001 1095164 3431 2101 0 1485385 0 976314
1786270199.417401 1490001 1095468 3431 2101 0 1485385 0 976314
1786270200.417454 1490001 1095468 3431 2101 0 1485385 0 976314
1786270201.417515 1490001 1095468 3431 2101 0 1485385 0 976314
1786270202.417514 1490001 1095468 3431 2101 0 1485385 0 976314
1786270203.417433 1490001 1095468 3431 2101 0 1485385 0 976314
1786270204.417967 1490001 1095468 3431 2101 0 1485385 0 976314
1786270205.417839 1490001 1095468 3431 2101 0 1485385 0 976314
1786270206.417662 1490001 1095468 3431 2101 0 1485385 0 976314
1786270207.417741 1490001 1095468 3431 2101 0 1485385 0 976314
1786270208.417798 1490001 1095468 3431 2101 0 1485385 0 976314
1786270209.417472 1490001 1095756 3431 2101 0 1485385 0 976314
1786270210.417516 1490001 1095756 3431 2101 0 1485385 0 976314
1786270211.417450 1490001 1095756 3431 2101 0 1485385 0 976314
1786270212.417344 1490001 1095756 3431 2101 0 1485385 0 976314
1786270213.417496 1490001 1095756 3431 2101 0 1485385 0 976314
1786270214.417507 1490001 1095756 3431 2101 0 1485385 0 976314
1786270215.417420 1490001 1095756 3431 2101 0 1485385 0 976314
1786270216.417839 1490001 1095756 3431 2101 0 1485385 0 976314
1786270217.417666 1490001 1095756 3431 2101 0 1485385 0 976314
1786270218.417777 1490001 1095756 3431 2101 0 1485385 0 976314
1786270219.417758 1490001 1095756 3431 2101 0 1485385 0 976314
1786270220.417610 1490001 1095756 3431 2101 0 1485385 0 976314
1786270221.417607 1490001 1095756 3431 2101 0 1485385 0 976314
1786270222.417403 1490001 1095756 3431 2101 0 1485385 0 976314
1786270223.417570 1490001 1095756 3431 2101 0 1485385 0 976314
1786270224.417381 1490001 1095756 3431 2101 0 1485385 0 976314
1786270225.417561 1490001 1095756 3431 2101 0 1485385 0 976314
1786270226.417194 1490001 1095756 3431 2101 0 1485385 0 976314
1786270227.417352 1490001 1095756 3431 2101 0 1485385 0 976314
1786270228.417645 1490001 1095756 3431 2101 0 1485385 0 976314
1786270229.417620 1490001 1095756 3431 2101 0 1485385 0 976314
1786270230.417805 1490001 1096028 3431 2101 0 1485385 0 976314
1786270231.417828 1490001 1096028 3431 2101 0 1485385 0 976314
1786270232.417718 1490001 1096028 3431 2101 0 1485385 0 976314
1786270233.417582 1490001 1096028 3431 2101 0 1485385 0 976314
1786270234.417585 1490001 1096028 3431 2101 0 1485385 0 976314
1786270235.417521 1490001 1096028 3431 2101 0 1485385 0 976314
1786270236.417388 1490001 1096028 3431 2101 0 1485385 0 976314
1786270237.417406 1490001 1096028 3431 2101 0 1485385 0 976314
1786270238.417481 1490001 1096028 3431 2101 0 1485385 0 976314
1786270239.417408 1490001 1096028 3431 2101 0 1485385 0 976314
1786270240.417656 1490001 1096284 3431 2101 0 1485385 0 976314
1786270241.417649 1490001 1096284 3431 2101 0 1485385 0 976314
1786270242.417729 1490001 1096284 3431 2101 0 1485385 0 976314
1786270243.417473 1490001 1096284 3431 2101 0 1485385 0 976314
1786270244.417503 1490001 1096284 3431 2101 0 1485385 0 976314
1786270245.417419 1490001 1096284 3431 2101 0 1485385 0 976314
1786270246.417484 1490001 1096284 3431 2101 0 1485385 0 976314
1786270247.417470 1490001 1096284 3431 2101 0 1485385 0 976314
1786270248.417525 1490001 1096284 3431 2101 0 1485385 0 976314
1786270249.417565 1490001 1096284 3431 2101 0 1485385 0 976314
1786270250.417372 1490001 1096284 3431 2101 0 1485385 0 976314
1786270251.417231 1490001 1096284 3431 2101 0 1485385 0 976314
1786270252.417565 1490001 1096284 3431 2101 0 1485385 0 976314
1786270253.417589 1490001 1096284 3431 2101 0 1485385 0 976314
1786270254.417450 1490001 1096284 3431 2101 0 1485385 0 976314
1786270255.417365 1490001 1096284 3431 2101 0 1485385 0 976314
1786270256.417771 1490001 1096284 3431 2101 0 1485385 0 976314
1786270257.417599 1490001 1096284 3431 2101 0 1485385 0 976314
1786270258.417590 1490001 1096284 3431 2101 0 1485385 0 976314
1786270259.417563 1490001 1096284 3431 2101 0 1485385 0 976314
1786270260.417538 1490001 1096284 3431 2101 0 1485385 0 976314
1786270261.417427 1490001 1096524 3431 2101 0 1485385 0 976314
1786270262.417327 1490001 1096524 3431 2101 0 1485385 0 976314
1786270263.417244 1490001 1096524 3431 2101 0 1485385 0 976314
1786270264.417611 1490001 1096524 3431 2101 0 1485385 0 976314
1786270265.418924 1490001 1096524 3431 2101 0 1485385 0 976314
1786270266.419610 1490001 1096524 3431 2101 0 1485385 0 976314
1786270267.417843 1490001 1096524 3431 2101 0 1485385 0 976314
1786270268.419457 1490001 1096524 3431 2101 0 1485385 0 976314
1786270269.419627 1490001 1096524 3431 2101 0 1485385 0 976314
1786270270.419430 1490001 1096524 3431 2101 0 1485385 0 976314
1786270271.419902 1490001 1096748 3431 2101 0 1485385 0 976314
1786270272.417863 1490001 1096748 3431 2101 0 1485385 0 976314
1786270273.417788 1490001 1096748 3431 2101 0 1485385 0 976314
1786270274.417709 1490001 1096748 3431 2101 0 1485385 0 976314
1786270275.417509 1490001 1096748 3431 2101 0 1485385 0 976314
1786270276.417755 1490001 1096748 3431 2101 0 1485385 0 976314
1786270277.417852 1490001 1096748 3431 2101 0 1485385 0 976314
1786270278.417608 1490001 1096748 3431 2101 0 1485385 0 976314
1786270279.417861 1490001 1096748 3431 2101 0 1485385 0 976314
1786270280.417568 1490001 1096748 3431 2101 0 1485385 0 976314
1786270281.417782 1490001 1096748 3431 2101 0 1485385 0 976314
1786270282.417749 1490001 1096748 3431 2101 0 1485385 0 976314
1786270283.417769 1490001 1096748 3431 2101 0 1485385 0 976314
1786270284.417688 1490001 1096748 3431 2101 0 1485385 0 976314
1786270285.417853 1490001 1096748 3431 2101 0 1485385 0 976314
1786270286.417709 1490001 1096748 3431 2101 0 1485385 0 976314
1786270287.417798 1490001 1096748 3431 2101 0 1485385 0 976314
1786270288.417499 1490001 1096748 3431 2101 0 1485385 0 976314
1786270289.417773 1490001 1096748 3431 2101 0 1485385 0 976314
1786270290.417584 1490001 1096748 3431 2101 0 1485385 0 976314
1786270291.417846 1490001 1096956 3431 2101 0 1485385 0 976314
1786270292.417655 1490001 1096956 3431 2101 0 1485385 0 976314
1786270293.417662 1490001 1096956 3431 2101 0 1485385 0 976314
1786270294.417768 1490001 1096956 3431 2101 0 1485385 0 976314
1786270295.417603 1490001 1096956 3431 2101 0 1485385 0 976314
1786270296.417636 1490001 1096956 3431 2101 0 1485385 0 976314
1786270297.423155 1490001 1096956 3431 2101 0 1485385 0 976314
1786270298.417703 1490001 1096956 3431 2101 0 1485385 0 976314
1786270299.417770 1490001 1096956 3431 2101 0 1485385 0 976314
1786270300.417859 1490001 1096956 3431 2101 0 1485385 0 976314
1786270301.417692 1490001 1096956 3431 2101 0 1485385 0 976314
1786270302.417853 1490001 1097148 3431 2101 0 1485385 0 976314
1786270303.417655 1490001 1097148 3431 2101 0 1485385 0 976314
1786270304.417602 1490001 1097148 3431 2101 0 1485385 0 976314
1786270305.417593 1490001 1097148 3431 2101 0 1485385 0 976314
1786270306.417708 1490001 1097148 3431 2101 0 1485385 0 976314
1786270307.417914 1490001 1097148 3431 2101 0 1485385 0 976314
1786270308.417696 1490001 1097148 3431 2101 0 1485385 0 976314
1786270309.417607 1490001 1097148 3431 2101 0 1485385 0 976314
1786270310.417699 1490001 1097148 3431 2101 0 1485385 0 976314
1786270311.417835 1490001 1097148 3431 2101 0 1485385 0 976314
1786270312.417780 1490001 1097148 3431 2101 0 1485385 0 976314
1786270313.417684 1490001 1097148 3431 2101 0 1485385 0 976314
1786270314.417570 1490001 1097148 3431 2101 0 1485385 0 976314
1786270315.417724 1490001 1097148 3431 2101 0 1485385 0 976314
1786270316.417712 1490001 1097148 3431 2101 0 1485385 0 976314
1786270317.417745 1490001 1097148 3431 2101 0 1485385 0 976314
1786270318.417691 1490001 1097148 3431 2101 0 1485385 0 976314
1786270319.417678 1490001 1097148 3431 2101 0 1485385 0 976314
1786270320.417562 1490001 1097148 3431 2101 0 1485385 0 976314
1786270321.417567 1490001 1097148 3431 2101 0 1485385 0 976314
1786270322.417598 1490001 1097324 3431 2101 0 1485385 0 976314
1786270323.417723 1490001 1097324 3431 2101 0 1485385 0 976314
1786270324.417823 1490001 1097324 3431 2101 0 1485385 0 976314
1786270325.417876 1490001 1097324 3431 2101 0 1485385 0 976314
1786270326.417795 1490001 1097324 3431 2101 0 1485385 0 976314
1786270327.417795 1490001 1097324 3431 2101 0 1485385 0 976314
1786270328.417670 1490001 1097324 3431 2101 0 1485385 0 976314
1786270329.417679 1490001 1097324 3431 2101 0 1485385 0 976314
1786270330.417357 1490001 1097324 3431 2101 0 1485385 0 976314
1786270331.417373 1490001 1097324 3431 2101 0 1485385 0 976314
1786270332.417454 1490001 1097484 3431 2101 0 1485385 0 976314
1786270333.417494 1490001 1097484 3431 2101 0 1485385 0 976314
1786270334.417576 1490001 1097484 3431 2101 0 1485385 0 976314
1786270335.417593 1490001 1097484 3431 2101 0 1485385 0 976314
1786270336.417590 1490001 1097484 3431 2101 0 1485385 0 976314
1786270337.417542 1490001 1097484 3431 2101 0 1485385 0 976314
1786270338.417637 1490001 1097484 3431 2101 0 1485385 0 976314
1786270339.417416 1490001 1097484 3431 2101 0 1485385 0 976314
1786270340.417572 1490001 1097484 3431 2101 0 1485385 0 976314
1786270341.417611 1490001 1097484 3431 2101 0 1485385 0 976314
1786270342.417396 1490001 1097484 3431 2101 0 1485385 0 976314
1786270343.419742 1490001 1097484 3431 2101 0 1485385 0 976314
1786270344.417205 1490001 1097484 3431 2101 0 1485385 0 976314
1786270345.417172 1490001 1097484 3431 2101 0 1485385 0 976314
1786270346.417415 1490001 1097484 3431 2101 0 1485385 0 976314
1786270347.417434 1490001 1097484 3431 2101 0 1485385 0 976314
1786270348.417552 1490001 1097484 3431 2101 0 1485385 0 976314
1786270349.417520 1490001 1097484 3431 2101 0 1485385 0 976314
1786270350.417434 1490001 1097484 3431 2101 0 1485385 0 976314
1786270351.417482 1490001 1097484 3431 2101 0 1485385 0 976314
1786270352.417191 1490001 1097484 3431 2101 0 1485385 0 976314
1786270353.417446 1490001 1097628 3431 2101 0 1485385 0 976314
1786270354.417378 1490001 1097628 3431 2101 0 1485385 0 976314
1786270355.417271 1490001 1097628 3431 2101 0 1485385 0 976314
1786270356.417272 1490001 1097628 3431 2101 0 1485385 0 976314
1786270357.417371 1490001 1097628 3431 2101 0 1485385 0 976314
1786270358.417376 1490001 1097628 3431 2101 0 1485385 0 976314
1786270359.419507 1490001 1097628 3431 2101 0 1485385 0 976314
1786270360.418081 1490001 1097628 3431 2101 0 1485385 0 976314
1786270361.418792 1490001 1097628 3431 2101 0 1485385 0 976314
1786270362.419454 1490001 1097628 3431 2101 0 1485385 0 976314
1786270363.419476 1490001 1097756 3431 2101 0 1485385 0 976314
1786270364.417211 1490001 1097756 3431 2101 0 1485385 0 976314
1786270365.417761 1490001 1097756 3431 2101 0 1485385 0 976314
1786270366.417552 1490001 1097756 3431 2101 0 1485385 0 976314
1786270367.417597 1490001 1097756 3431 2101 0 1485385 0 976314
1786270368.417614 1490001 1097756 3431 2101 0 1485385 0 976314
1786270369.417298 1490001 1097756 3431 2101 0 1485385 0 976314
1786270370.417517 1490001 1097756 3431 2101 0 1485385 0 976314
1786270371.417408 1490001 1097756 3431 2101 0 1485385 0 976314
1786270372.417374 1490001 1097756 3431 2101 0 1485385 0 976314
1786270373.417591 1490001 1097756 3431 2101 0 1485385 0 976314
1786270374.417714 1490001 1097756 3431 2101 0 1485385 0 976314
1786270375.417496 1490001 1097756 3431 2101 0 1485385 0 976314
1786270376.417594 1490001 1097756 3431 2101 0 1485385 0 976314
1786270377.417393 1490001 1097756 3431 2101 0 1485385 0 976314
1786270378.417540 1490001 1097756 3431 2101 0 1485385 0 976314
1786270379.417394 1490001 1097756 3431 2101 0 1485385 0 976314
1786270380.417370 1490001 1097756 3431 2101 0 1485385 0 976314
1786270381.417313 1490001 1097756 3431 2101 0 1485385 0 976314
1786270382.417592 1490001 1097756 3431 2101 0 1485385 0 976314
1786270383.417782 1490001 1097874 3431 2101 0 1485385 0 976314
1786270384.417662 1490001 1097874 3431 2101 0 1485385 0 976314
1786270385.417580 1490001 1097874 3431 2101 0 1485385 0 976314
1786270386.417575 1490001 1097874 3431 2101 0 1485385 0 976314
1786270387.417429 1490001 1097874 3431 2101 0 1485385 0 976314
1786270388.417382 1490001 1097874 3431 2101 0 1485385 0 976314
1786270389.417425 1490001 1097874 3431 2101 0 1485385 0 976314
1786270390.417564 1490001 1097874 3431 2101 0 1485385 0 976314
1786270391.417568 1490001 1097874 3431 2101 0 1485385 0 976314
1786270392.417534 1490001 1097874 3431 2101 0 1485385 0 976314
1786270393.417362 1490001 1097874 3431 2101 0 1485385 0 976314
1786270394.417437 1490001 1097988 3431 2101 0 1485385 0 976314
1786270395.417793 1490001 1097988 3431 2101 0 1485385 0 976314
1786270396.417537 1490001 1097988 3431 2101 0 1485385 0 976314
1786270397.417614 1490001 1097988 3431 2101 0 1485385 0 976314
1786270398.417725 1490001 1097988 3431 2101 0 1485385 0 976314
1786270399.417563 1490001 1097988 3431 2101 0 1485385 0 976314
1786270400.417590 1490001 1097988 3431 2101 0 1485385 0 976314
1786270401.417473 1490001 1097988 3431 2101 0 1485385 0 976314
1786270402.417440 1490001 1097988 3431 2101 0 1485385 0 976314
1786270403.417373 1490001 1097988 3431 2101 0 1485385 0 976314
1786270404.417356 1490001 1097988 3431 2101 0 1485385 0 976314
1786270405.417450 1490001 1097988 3431 2101 0 1485385 0 976314
1786270406.421148 1490001 1097988 3431 2101 0 1485385 0 976314
1786270407.417481 1490001 1097988 3431 2101 0 1485385 0 976314
1786270408.417490 1490001 1097988 3431 2101 0 1485385 0 976314
1786270409.417695 1490001 1097988 3431 2101 0 1485385 0 976314
1786270410.417586 1490001 1097988 3431 2101 0 1485385 0 976314
1786270411.417569 1490001 1097988 3431 2101 0 1485385 0 976314
1786270412.417407 1490001 1097988 3431 2101 0 1485385 0 976314
1786270413.417376 1490001 1097988 3431 2101 0 1485385 0 976314
1786270414.417365 1490001 1098104 3431 2101 0 1485385 0 976314
1786270415.417418 1490001 1098104 3431 2101 0 1485385 0 976314
1786270416.417520 1490001 1098104 3431 2101 0 1485385 0 976314
1786270417.417427 1490001 1098104 3431 2101 0 1485385 0 976314
1786270418.417470 1490001 1098104 3431 2101 0 1485385 0 976314
1786270419.417614 1490001 1098104 3431 2101 0 1485385 0 976314
1786270420.417575 1490001 1098104 3431 2101 0 1485385 0 976314
1786270421.417626 1490001 1098104 3431 2101 0 1485385 0 976314
1786270422.418522 1490001 1098104 3431 2101 0 1485385 0 976314
1786270423.417541 1490001 1098104 3431 2101 0 1485385 0 976314
1786270424.417373 1490001 1098211 3431 2101 0 1485385 0 976314
1786270425.417616 1490001 1098211 3431 2101 0 1485385 0 976314
1786270426.417509 1490001 1098211 3431 2101 0 1485385 0 976314
1786270427.417562 1490001 1098211 3431 2101 0 1485385 0 976314
1786270428.417404 1490001 1098211 3431 2101 0 1485385 0 976314
1786270429.417385 1490001 1098211 3431 2101 0 1485385 0 976314
1786270430.417465 1490001 1098211 3431 2101 0 1485385 0 976314
1786270431.417414 1490001 1098211 3431 2101 0 1485385 0 976314
1786270432.418057 1490001 1098211 3431 2101 0 1485385 0 976314
1786270433.417698 1490001 1098211 3431 2101 0 1485385 0 976314
1786270434.417730 1490001 1098211 3431 2101 0 1485385 0 976314
1786270435.417710 1490001 1098211 3431 2101 0 1485385 0 976314
1786270436.417717 1490001 1098211 3431 2101 0 1485385 0 976314
1786270437.417481 1490001 1098211 3431 2101 0 1485385 0 976314
1786270438.417609 1490001 1098211 3431 2101 0 1485385 0 976314
1786270439.417456 1490001 1098211 3431 2101 0 1485385 0 976314
1786270440.417408 1490001 1098211 3431 2101 0 1485385 0 976314
1786270441.417310 1490001 1098211 3431 2101 0 1485385 0 976314
1786270442.417926 1490001 1098211 3431 2101 0 1485385 0 976314
1786270443.417272 1490001 1098211 3431 2101 0 1485385 0 976314
1786270444.417681 1490001 1098211 3431 2101 0 1485385 0 976314
1786270445.417740 1490001 1098321 3431 2101 0 1485385 0 976314
1786270446.417404 1490001 1098321 3431 2101 0 1485385 0 976314
1786270447.417651 1490001 1098321 3431 2101 0 1485385 0 976314
1786270448.417541 1490001 1098321 3431 2101 0 1485385 0 976314
1786270449.417431 1490001 1098321 3431 2101 0 1485385 0 976314
1786270450.417619 1490001 1098321 3431 2101 0 1485385 0 976314
1786270451.417512 1490001 1098321 3431 2101 0 1485385 0 976314
1786270452.417309 1490001 1098321 3431 2101 0 1485385 0 976314
1786270453.417528 1490001 1098321 3431 2101 0 1485385 0 976314
1786270454.430822 1490001 1098321 3431 2101 0 1485385 0 976314
1786270455.417560 1490001 1098438 3431 2101 0 1485385 0 976314
1786270456.417482 1490001 1098438 3431 2101 0 1485385 0 976314
1786270457.417551 1490001 1098438 3431 2101 0 1485385 0 976314
1786270458.417543 1490001 1098438 3431 2101 0 1485385 0 976314
1786270459.417673 1490001 1098438 3431 2101 0 1485385 0 976314
