# start_epoch=1787496482.450388  page_size=4096  cachestat=ok  fields=size,resident,shared,text,lib,data,dt,pagecache
1787496483.460630 64396 34120 2736 1589 0 60415 0 93688
1787496484.458493 72332 38181 2737 1589 0 68351 0 125131
1787496485.460032 72332 42412 2737 1589 0 68351 0 149821
1787496486.460893 73228 41131 2785 1589 0 69247 0 161099
1787496487.462781 73228 43193 2785 1589 0 69247 0 192645
1787496488.464258 73228 43938 2785 1589 0 69247 0 217352
1787496489.465392 73228 41987 2785 1589 0 69247 0 234240
1787496490.467341 73228 45375 2785 1589 0 69247 0 260440
1787496491.464700 74252 46192 2785 1589 0 70271 0 278915
1787496492.469774 74252 42157 2785 1589 0 70271 0 303855
1787496493.471323 74252 46491 2785 1589 0 70271 0 328603
1787496494.468743 74252 47169 2785 1589 0 70271 0 329758
1787496495.473074 74252 47330 2785 1589 0 70271 0 385751
1787496496.477676 75532 45884 2785 1589 0 71551 0 429934
1787496497.479219 75532 45981 2785 1589 0 71551 0 452819
1787496498.481848 75532 45865 2785 1589 0 71551 0 495965
1787496499.483268 76428 43352 2785 1589 0 72447 0 518768
1787496500.483926 76428 44480 2785 1589 0 72447 0 538025
1787496501.486117 76428 37780 2785 1589 0 72447 0 562778
1787496502.488279 77964 49162 2785 1589 0 73983 0 594752
1787496503.488901 77964 48059 2785 1589 0 73983 0 608240
1787496504.490011 77964 44645 2785 1589 0 73983 0 626411
1787496505.492052 77964 49894 2785 1589 0 73983 0 658638
1787496506.492265 77964 51358 2785 1589 0 73983 0 651801
1787496507.494447 79756 48542 2785 1589 0 75775 0 691114
1787496508.496232 79756 51920 2785 1589 0 75775 0 723037
1787496509.496868 79756 52345 2785 1589 0 75775 0 734992
1787496510.498919 79756 52917 2785 1589 0 75775 0 767731
1787496511.498202 79756 53055 2785 1589 0 75775 0 753597
1787496512.501507 79756 53093 2785 1589 0 75775 0 800156
1787496513.502927 79756 49229 2785 1589 0 75775 0 819829
1787496514.503753 81804 53571 2785 1589 0 77823 0 843316
1787496515.506525 81804 53514 2785 1589 0 77823 0 876569
1787496516.505124 81804 54157 2785 1589 0 77823 0 862180
1787496517.508596 81804 53907 2785 1589 0 77823 0 908228
1787496518.510692 81804 52216 2785 1589 0 77823 0 940200
1787496519.510783 81804 54392 2785 1589 0 77823 0 952155
1787496520.512853 81804 54490 2785 1589 0 77823 0 983872
1787496521.513100 81804 55190 2785 1589 0 77823 0 970761
1787496522.514626 81804 54675 2785 1589 0 77823 0 1017064
1787496523.516004 84364 55298 2785 1589 0 80383 0 1035782
1787496524.517833 84364 55420 2785 1589 0 80383 0 1061249
1787496525.519497 84364 55945 2785 1589 0 80383 0 1093478
1787496526.520403 84364 55872 2785 1589 0 80383 0 1087410
1787496527.524108 84364 55551 2785 1589 0 80383 0 1125649
1787496528.522827 84364 55990 2785 1589 0 80383 0 1140532
1787496529.525698 84364 56683 2785 1589 0 80383 0 1169837
1787496530.525736 84364 57269 2785 1589 0 80383 0 1189769
1787496531.528782 84364 45851 2785 1589 0 80383 0 1225973
1787496532.528908 84364 53139 2785 1589 0 80383 0 1227129
1787496533.531357 87436 53667 2785 1589 0 83455 0 1269902
1787496534.533547 87436 50250 2785 1589 0 83455 0 1301874
1787496535.533903 87436 55788 2785 1589 0 83455 0 1302710
1787496536.535500 87436 51113 2785 1589 0 83455 0 1333500
1787496537.537271 87436 52588 2785 1589 0 83455 0 1359289
1787496538.538608 87436 50312 2785 1589 0 83455 0 1377975
1787496539.538846 87436 54183 2785 1589 0 83455 0 1396706
1787496540.540834 87436 55951 2785 1589 0 83455 0 1411760
1787496541.542973 87436 50877 2785 1589 0 83455 0 1448187
1787496542.545193 87436 53279 2785 1589 0 83455 0 1479952
1787496543.543951 87436 52651 2785 1589 0 83455 0 1463212
1787496544.547902 87436 55925 2785 1589 0 83455 0 1523576
1787496545.545824 91020 56129 2785 1589 0 87039 0 1502482
1787496546.551323 91020 54588 2785 1589 0 87039 0 1555746
1787496547.550356 91020 58536 2785 1589 0 87039 0 1563994
1787496548.551944 91020 59434 2785 1589 0 87039 0 1603236
1787496549.554890 91020 56821 2785 1589 0 87039 0 1635763
1787496550.553216 91020 61692 2785 1589 0 87039 0 1624350
1787496551.558017 91020 58376 2785 1589 0 87039 0 1673468
1787496552.558245 91020 61587 2785 1589 0 87039 0 1690229
1787496553.560767 91020 62476 2785 1589 0 87039 0 1717654
1787496554.560929 91020 61435 2785 1589 0 87039 0 1721909
1787496555.562360 91020 61071 2785 1589 0 87039 0 1749445
1787496556.537061 95117 42569 2785 1589 0 91135 0 1731579
1787496557.534161 95117 41732 2785 1589 0 91135 0 1709970
1787496558.534295 95117 42394 2785 1589 0 91135 0 1709971
1787496559.533602 95117 42394 2785 1589 0 91135 0 1709971
1787496560.534019 95117 41469 2785 1589 0 91135 0 1709972
1787496561.533984 95117 41989 2785 1589 0 91135 0 1709973
1787496562.533873 95117 42214 2785 1589 0 91135 0 1709973
1787496563.533948 95117 41677 2785 1589 0 91135 0 1709974
1787496564.533770 95117 42054 2785 1589 0 91135 0 1709975
1787496565.543327 95117 42314 2785 1589 0 91135 0 1826854
1787496566.533445 99213 42182 2785 1589 0 95231 0 1709963
1787496567.533802 99213 42636 2785 1589 0 95231 0 1709964
1787496568.533623 99213 42572 2785 1589 0 95231 0 1709964
1787496569.533634 99213 42572 2785 1589 0 95231 0 1709965
1787496570.533784 99213 42572 2785 1589 0 95231 0 1709966
1787496571.533923 99213 42572 2785 1589 0 95231 0 1709966
1787496572.533597 99213 42572 2785 1589 0 95231 0 1701929
1787496573.533956 99213 42572 2785 1589 0 95231 0 1709967
1787496574.533779 99213 43198 2785 1589 0 95231 0 1709955
1787496575.533822 99213 43198 2785 1589 0 95231 0 1709956
1787496576.533826 99213 43200 2785 1589 0 95231 0 1709957
1787496577.533751 99213 43203 2785 1589 0 95231 0 1709957
1787496578.534059 99213 43057 2785 1589 0 95231 0 1709957
1787496579.533829 99213 43057 2785 1589 0 95231 0 1709958
1787496580.534152 99213 42579 2785 1589 0 95231 0 1709959
1787496581.534066 99213 42726 2785 1589 0 95231 0 1709960
1787496582.533853 99213 42728 2785 1589 0 95231 0 1709960
1787496583.533637 99213 42668 2785 1589 0 95231 0 1709950
1787496584.533746 99213 42673 2785 1589 0 95231 0 1709950
1787496585.533700 99213 42673 2785 1589 0 95231 0 1709951
1787496586.533635 99213 42673 2785 1589 0 95231 0 1709952
1787496587.533444 99213 42673 2785 1589 0 95231 0 1709952
1787496588.533577 99213 42673 2785 1589 0 95231 0 1709953
1787496589.533597 99213 42279 2785 1589 0 95231 0 1709954
1787496590.533504 99213 42279 2785 1589 0 95231 0 1709954
1787496591.533535 99213 42279 2785 1589 0 95231 0 1709955
1787496592.533679 99213 43379 2785 1589 0 95231 0 1709940
1787496593.533274 99213 42523 2785 1589 0 95231 0 1709940
1787496594.533356 99213 42523 2785 1589 0 95231 0 1709941
1787496595.533371 99213 41605 2785 1589 0 95231 0 1709942
1787496596.533362 99213 42221 2785 1589 0 95231 0 1709942
1787496597.533486 99213 42379 2785 1589 0 95231 0 1709943
1787496598.533330 99213 42379 2785 1589 0 95231 0 1709943
1787496599.533411 99213 42380 2785 1589 0 95231 0 1709944
1787496600.535467 99213 43104 2785 1589 0 95231 0 1745600
1787496601.534850 99213 42345 2785 1589 0 95231 0 1709932
1787496602.533367 99213 42227 2785 1589 0 95231 0 1709932
1787496603.533363 99213 41772 2785 1589 0 95231 0 1709933
1787496604.533374 99213 42461 2785 1589 0 95231 0 1709933
1787496605.533289 99213 41954 2785 1589 0 95231 0 1709934
1787496606.533344 99213 42101 2785 1589 0 95231 0 1709935
1787496607.533454 99213 42101 2785 1589 0 95231 0 1709935
1787496608.533389 99213 42101 2785 1589 0 95231 0 1709936
1787496609.533221 99213 42581 2785 1589 0 95231 0 1709923
1787496610.533209 99213 42941 2785 1589 0 95231 0 1709923
1787496611.532959 99213 42941 2785 1589 0 95231 0 1709924
1787496612.533253 99213 42941 2785 1589 0 95231 0 1709924
1787496613.533227 99213 42941 2785 1589 0 95231 0 1709925
1787496614.533297 99213 42941 2785 1589 0 95231 0 1709926
1787496615.533258 99213 42941 2785 1589 0 95231 0 1709927
1787496616.533285 99213 42529 2785 1589 0 95231 0 1709927
1787496617.533106 99213 42529 2785 1589 0 95231 0 1709928
1787496618.533026 99213 42042 2785 1589 0 95231 0 1709915
1787496619.533168 99213 42823 2785 1589 0 95231 0 1709916
1787496620.533208 99213 43191 2785 1589 0 95231 0 1709917
1787496621.533095 99213 42937 2785 1589 0 95231 0 1709918
1787496622.533047 99213 42937 2785 1589 0 95231 0 1709918
1787496623.533226 99213 42937 2785 1589 0 95231 0 1709919
1787496624.533276 99213 41914 2785 1589 0 95231 0 1709919
1787496625.533078 99213 42475 2785 1589 0 95231 0 1709920
1787496626.533122 99213 42786 2785 1589 0 95231 0 1709920
1787496627.532254 150926 106503 2787 1589 0 146943 0 1691886
1787496628.532285 245646 207367 2787 1589 0 241663 0 1691886
1787496629.532241 373134 309255 2787 1589 0 369151 0 1691886
1787496630.532263 499598 411032 2787 1589 0 495615 0 1691886
1787496631.532159 581518 511384 2787 1589 0 577535 0 1691886
1787496632.532261 683918 611736 2787 1589 0 679935 0 1691886
1787496633.532129 805774 713112 2787 1589 0 801791 0 1691886
1787496634.532244 936846 812440 2787 1589 0 932863 0 1691886
1787496635.532240 1106830 913304 2787 1589 0 1102847 0 1691886
1787496636.532267 1106830 1014168 2787 1589 0 1102847 0 1691886
1787496637.532368 1310606 1115032 2787 1589 0 1306623 0 1691886
1787496638.532356 1310606 1214872 2787 1589 0 1306623 0 1691886
1787496639.532419 1548174 1316248 2787 1589 0 1544191 0 1691886
1787496640.532222 1548174 1417269 2787 1589 0 1544191 0 1691886
1787496641.539012 1812878 1518342 2996 1589 0 1808895 0 1691886
1787496642.532263 1823118 1615110 2996 1589 0 1819135 0 1691886
1787496643.532294 1823118 1715462 2996 1589 0 1819135 0 1691886
1787496644.532298 2150798 1816326 2996 1589 0 2146815 0 1691886
1787496645.532417 2150798 1906987 2996 1589 0 2146815 0 1691886
1787496646.532498 2163086 1988565 2996 1589 0 2159103 0 1691886
1787496647.536827 2163086 2067051 2996 1589 0 2159103 0 1691886
1787496648.532343 2556302 2142046 2996 1589 0 2552319 0 1691886
1787496649.532203 2556302 2145416 2996 1589 0 2552319 0 1691886
1787496650.532247 2556302 2145416 2996 1589 0 2552319 0 1691886
1787496651.532284 2556302 2145496 2996 1589 0 2552319 0 1691886
1787496652.532274 2556302 2145497 2996 1589 0 2552319 0 1691886
1787496653.532670 2556302 2145497 2996 1589 0 2552319 0 1691886
1787496654.532741 2556302 2145497 2996 1589 0 2552319 0 1691886
1787496655.532203 2556302 2145497 2996 1589 0 2552319 0 1691886
1787496656.532174 2556302 2145497 2996 1589 0 2552319 0 1691886
1787496657.532279 2556302 2145497 2996 1589 0 2552319 0 1691886
1787496658.532243 2556302 2145497 2996 1589 0 2552319 0 1691886
1787496659.532266 2556302 2145497 2996 1589 0 2552319 0 1691886
1787496660.544004 2556302 2145497 2996 1589 0 2552319 0 1691886
1787496661.535024 2560399 2145499 2996 1589 0 2556415 0 1691886
1787496662.532395 2560399 2145499 2996 1589 0 2556415 0 1691886
1787496663.532172 2560399 2145499 2996 1589 0 2556415 0 1691886
1787496664.532285 2560399 2145499 2996 1589 0 2556415 0 1691886
1787496665.532171 2560399 2145500 2996 1589 0 2556415 0 1691886
1787496666.532171 2560399 2145500 2996 1589 0 2556415 0 1691886
1787496667.532173 2560399 2145500 2996 1589 0 2556415 0 1691886
1787496668.532229 2560399 2145500 2996 1589 0 2556415 0 1691886
1787496669.532169 2560399 2145501 2996 1589 0 2556415 0 1691886
1787496670.532176 2560399 2145501 2996 1589 0 2556415 0 1691886
1787496671.532199 2560399 2145501 2996 1589 0 2556415 0 1691886
1787496672.533369 2560399 2145501 2996 1589 0 2556415 0 1691886
1787496673.531973 2560399 2145502 2996 1589 0 2556415 0 1691886
1787496674.532038 2560399 2145502 2996 1589 0 2556415 0 1691886
1787496675.532294 2560399 2145502 2996 1589 0 2556415 0 1691886
1787496676.532091 2560399 2145502 2996 1589 0 2556415 0 1691886
1787496677.532494 2560399 2145503 2996 1589 0 2556415 0 1691886
1787496678.532285 2560399 2145503 2996 1589 0 2556415 0 1691886
1787496679.532201 2560399 2145503 2996 1589 0 2556415 0 1691886
1787496680.532201 2560399 2145503 2996 1589 0 2556415 0 1691886
1787496681.532227 2560399 2145504 2996 1589 0 2556415 0 1691886
1787496682.533208 2560399 2145500 2996 1589 0 2556415 0 1691886
1787496683.532246 2560399 2145500 2996 1589 0 2556415 0 1691886
1787496684.532325 2560399 2145500 2996 1589 0 2556415 0 1691886
1787496685.532363 2560399 2145500 2996 1589 0 2556415 0 1691886
1787496686.532215 2560399 2145500 2996 1589 0 2556415 0 1691886
1787496687.532223 2560399 2145500 2996 1589 0 2556415 0 1691886
1787496688.532175 2560399 2145500 2996 1589 0 2556415 0 1691886
1787496689.532246 2560399 2145500 2996 1589 0 2556415 0 1691886
1787496690.532210 2560399 2145500 2996 1589 0 2556415 0 1691886
1787496691.532688 2560399 2145500 2996 1589 0 2556415 0 1691886
1787496692.533253 2560399 2145500 2996 1589 0 2556415 0 1691886
1787496693.532679 2560399 2145500 2996 1589 0 2556415 0 1691886
1787496694.534984 2564496 2145504 2996 1589 0 2560511 0 1691886
1787496695.532162 2564496 2145504 2996 1589 0 2560511 0 1691886
1787496696.532212 2564496 2145504 2996 1589 0 2560511 0 1691886
1787496697.532125 2564496 2145504 2996 1589 0 2560511 0 1691886
1787496698.532166 2564496 2145505 2996 1589 0 2560511 0 1691886
1787496699.532240 2564496 2145505 2996 1589 0 2560511 0 1691886
1787496700.532239 2564496 2145505 2996 1589 0 2560511 0 1691886
1787496701.532277 2564496 2145505 2996 1589 0 2560511 0 1691886
1787496702.533380 2564496 2145506 2996 1589 0 2560511 0 1691886
1787496703.532134 2564496 2145506 2996 1589 0 2560511 0 1691886
1787496704.532107 2564496 2145506 2996 1589 0 2560511 0 1691886
1787496705.532167 2564496 2145506 2996 1589 0 2560511 0 1691886
1787496706.532166 2564496 2145507 2996 1589 0 2560511 0 1691886
1787496707.532439 2564496 2145507 2996 1589 0 2560511 0 1691886
1787496708.532185 2564496 2145507 2996 1589 0 2560511 0 1691886
1787496709.532247 2564496 2145507 2996 1589 0 2560511 0 1691886
1787496710.532220 2564496 2145508 2996 1589 0 2560511 0 1691886
1787496711.532223 2564496 2145508 2996 1589 0 2560511 0 1691886
1787496712.533286 2564496 2145689 2996 1589 0 2560511 0 1691886
1787496713.532295 2564496 2145689 2996 1589 0 2560511 0 1691886
1787496714.532215 2564496 2145690 2996 1589 0 2560511 0 1691886
1787496715.532150 2564496 2145691 2996 1589 0 2560511 0 1691886
1787496716.532737 2564496 2145691 2996 1589 0 2560511 0 1691886
1787496717.531968 2564496 2145691 2996 1589 0 2560511 0 1691886
1787496718.531999 2564496 2145691 2996 1589 0 2560511 0 1691886
1787496719.532209 2564496 2145692 2996 1589 0 2560511 0 1691886
1787496720.532357 2564496 2145692 2996 1589 0 2560511 0 1691886
1787496721.532072 2564496 2145692 2996 1589 0 2560511 0 1691886
1787496722.533733 2564496 2145692 2996 1589 0 2560511 0 1691886
1787496723.532175 2564496 2145692 2996 1589 0 2560511 0 1691886
1787496724.532254 2564496 2145692 2996 1589 0 2560511 0 1691886
1787496725.532227 2564496 2145692 2996 1589 0 2560511 0 1691886
1787496726.532186 2564496 2145692 2996 1589 0 2560511 0 1691886
1787496727.531523 2568593 2145688 2996 1589 0 2564607 0 1691886
1787496728.532531 2568593 2145688 2996 1589 0 2564607 0 1691886
1787496729.530547 2568593 2145688 2996 1589 0 2564607 0 1691886
1787496730.530302 2568593 2145688 2996 1589 0 2564607 0 1691886
1787496731.531065 2568593 2145688 2996 1589 0 2564607 0 1691886
1787496732.531495 2568593 2145689 2996 1589 0 2564607 0 1691886
1787496733.529581 2568593 2146211 2996 1589 0 2564607 0 1691886
1787496734.532278 2568593 2146211 2996 1589 0 2564607 0 1691886
1787496735.531039 2568593 2146212 2996 1589 0 2564607 0 1691886
1787496736.530385 2568593 2146212 2996 1589 0 2564607 0 1691886
1787496737.532082 2568593 2146212 2996 1589 0 2564607 0 1691886
1787496738.531908 2568593 2146212 2996 1589 0 2564607 0 1691886
1787496739.531951 2568593 2146212 2996 1589 0 2564607 0 1691886
1787496740.532611 2568593 2146212 2996 1589 0 2564607 0 1691886
1787496741.531995 2568593 2146212 2996 1589 0 2564607 0 1691886
1787496742.532766 2568593 2146212 2996 1589 0 2564607 0 1691886
1787496743.531991 2568593 2146531 2996 1589 0 2564607 0 1691886
1787496744.532024 2568593 2146531 2996 1589 0 2564607 0 1691886
1787496745.531966 2568593 2146531 2996 1589 0 2564607 0 1691886
1787496746.532161 2568593 2146531 2996 1589 0 2564607 0 1691886
1787496747.531884 2568593 2146531 2996 1589 0 2564607 0 1691886
1787496748.531987 2568593 2146532 2996 1589 0 2564607 0 1691886
1787496749.531915 2568593 2146532 2996 1589 0 2564607 0 1691886
1787496750.531904 2568593 2146532 2996 1589 0 2564607 0 1691886
1787496751.532256 2568593 2146532 2996 1589 0 2564607 0 1691886
1787496752.533341 2568593 2146532 2996 1589 0 2564607 0 1691886
1787496753.532097 2568593 2146532 2996 1589 0 2564607 0 1691886
1787496754.532055 2568593 2146533 2996 1589 0 2564607 0 1691886
1787496755.532089 2568593 2146534 2996 1589 0 2564607 0 1691886
1787496756.532101 2568593 2146534 2996 1589 0 2564607 0 1691886
1787496757.532070 2568593 2146534 2996 1589 0 2564607 0 1691886
1787496758.532048 2568593 2146535 2996 1589 0 2564607 0 1691886
1787496759.532103 2568593 2146536 2996 1589 0 2564607 0 1691886
1787496760.532055 2568593 2146536 2996 1589 0 2564607 0 1691886
1787496761.532488 2568593 2146536 2996 1589 0 2564607 0 1691886
1787496762.533220 2568593 2146536 2996 1589 0 2564607 0 1691886
1787496763.532105 2568593 2146536 2996 1589 0 2564607 0 1691886
1787496764.531741 2568593 2146536 2996 1589 0 2564607 0 1691886
1787496765.531565 2568593 2146536 2996 1589 0 2564607 0 1691886
1787496766.532408 2568593 2146536 2996 1589 0 2564607 0 1691886
1787496767.532047 2568593 2146536 2996 1589 0 2564607 0 1691886
1787496768.531964 2568593 2146536 2996 1589 0 2564607 0 1691886
1787496769.532019 2568593 2146536 2996 1589 0 2564607 0 1691886
1787496770.532085 2568593 2146536 2996 1589 0 2564607 0 1691886
1787496771.532005 2568593 2146536 2996 1589 0 2564607 0 1691886
1787496772.533124 2568593 2146536 2996 1589 0 2564607 0 1691886
1787496773.531871 2568593 2146536 2996 1589 0 2564607 0 1691886
1787496774.532016 2568593 2146536 2996 1589 0 2564607 0 1691886
1787496775.531692 2568593 2146536 2996 1589 0 2564607 0 1691886
1787496776.531938 2568593 2146536 2996 1589 0 2564607 0 1691886
1787496777.532032 2568593 2146536 2996 1589 0 2564607 0 1691886
1787496778.532030 2568593 2146536 2996 1589 0 2564607 0 1691886
1787496779.531972 2568593 2146536 2996 1589 0 2564607 0 1691886
1787496780.531977 2568593 2146536 2996 1589 0 2564607 0 1691886
1787496781.532022 2568593 2146536 2996 1589 0 2564607 0 1691886
1787496782.533112 2568593 2146536 2996 1589 0 2564607 0 1691886
1787496783.532079 2568593 2146536 2996 1589 0 2564607 0 1691886
1787496784.532101 2568593 2146536 2996 1589 0 2564607 0 1691886
1787496785.532028 2568593 2146536 2996 1589 0 2564607 0 1691886
1787496786.532049 2568593 2146536 2996 1589 0 2564607 0 1691886
1787496787.531968 2568593 2146536 2996 1589 0 2564607 0 1691886
1787496788.531894 2568593 2146536 2996 1589 0 2564607 0 1691886
1787496789.531816 2568593 2146536 2996 1589 0 2564607 0 1691886
1787496790.531995 2568593 2146536 2996 1589 0 2564607 0 1691886
1787496791.532024 2568593 2146536 2996 1589 0 2564607 0 1691886
1787496792.533150 2568593 2146536 2996 1589 0 2564607 0 1691886
1787496793.531942 2568593 2146536 2996 1589 0 2564607 0 1691886
1787496794.532074 2568593 2146536 2996 1589 0 2564607 0 1691886
1787496795.532021 2568593 2146536 2996 1589 0 2564607 0 1691886
1787496796.532038 2568593 2146536 2996 1589 0 2564607 0 1691886
1787496797.532040 2568593 2146536 2996 1589 0 2564607 0 1691886
1787496798.531998 2568593 2146536 2996 1589 0 2564607 0 1691886
1787496799.531951 2568593 2146536 2996 1589 0 2564607 0 1691886
1787496800.532075 2568593 2146536 2996 1589 0 2564607 0 1691886
1787496801.532030 2568593 2146536 2996 1589 0 2564607 0 1691886
1787496802.532532 2568593 2146536 2996 1589 0 2564607 0 1691886
1787496803.531827 2568593 2146536 2996 1589 0 2564607 0 1691886
1787496804.532098 2568593 2146536 2996 1589 0 2564607 0 1691886
1787496805.532127 2568593 2146536 2996 1589 0 2564607 0 1691886
1787496806.532003 2568593 2147285 2996 1589 0 2564607 0 1691886
1787496807.532117 2568593 2147285 2996 1589 0 2564607 0 1691886
1787496808.532539 2568593 2147285 2996 1589 0 2564607 0 1691886
1787496809.532154 2568593 2147286 2996 1589 0 2564607 0 1691886
1787496810.532054 2568593 2147286 2996 1589 0 2564607 0 1691886
1787496811.532049 2568593 2147286 2996 1589 0 2564607 0 1691886
1787496812.532034 2568593 2147286 2996 1589 0 2564607 0 1691886
1787496813.531945 2568593 2147286 2996 1589 0 2564607 0 1691886
1787496814.532894 2568593 2147286 2996 1589 0 2564607 0 1691886
1787496815.531948 2568593 2147286 2996 1589 0 2564607 0 1691886
1787496816.531970 2568593 2147286 2996 1589 0 2564607 0 1691886
1787496817.532007 2568593 2147286 2996 1589 0 2564607 0 1691886
1787496818.532036 2568593 2147286 2996 1589 0 2564607 0 1691886
1787496819.531943 2568593 2147286 2996 1589 0 2564607 0 1691886
1787496820.532015 2568593 2147286 2996 1589 0 2564607 0 1691886
1787496821.532788 2568593 2147286 2996 1589 0 2564607 0 1691886
1787496822.532031 2568593 2147286 2996 1589 0 2564607 0 1691886
1787496823.532026 2568593 2147286 2996 1589 0 2564607 0 1691886
1787496824.532046 2568593 2147286 2996 1589 0 2564607 0 1691886
1787496825.532064 2568593 2147286 2996 1589 0 2564607 0 1691886
1787496826.532644 2568593 2147286 2996 1589 0 2564607 0 1691886
1787496827.533585 2568593 2147286 2996 1589 0 2564607 0 1691886
1787496828.531965 2568593 2147286 2996 1589 0 2564607 0 1691886
1787496829.531972 2568593 2147286 2996 1589 0 2564607 0 1691886
1787496830.532092 2568593 2147286 2996 1589 0 2564607 0 1691886
1787496831.531986 2568593 2147286 2996 1589 0 2564607 0 1691886
1787496832.532031 2568593 2147286 2996 1589 0 2564607 0 1691886
1787496833.531948 2568593 2147286 2996 1589 0 2564607 0 1691886
1787496834.531982 2568593 2147286 2996 1589 0 2564607 0 1691886
1787496835.531971 2568593 2147286 2996 1589 0 2564607 0 1691886
1787496836.532033 2568593 2147286 2996 1589 0 2564607 0 1691886
1787496837.531971 2568593 2147286 2996 1589 0 2564607 0 1691886
1787496838.531782 2568593 2147286 2996 1589 0 2564607 0 1691886
1787496839.532183 2568593 2147286 2996 1589 0 2564607 0 1691886
1787496840.531437 2568593 2147286 2996 1589 0 2564607 0 1691886
1787496841.531862 2568593 2147286 2996 1589 0 2564607 0 1691886
1787496842.532059 2568593 2147286 2996 1589 0 2564607 0 1691886
1787496843.531996 2568593 2147286 2996 1589 0 2564607 0 1691886
1787496844.531912 2568593 2147286 2996 1589 0 2564607 0 1691886
1787496845.531905 2568593 2147286 2996 1589 0 2564607 0 1691886
1787496846.531924 2568593 2147286 2996 1589 0 2564607 0 1691886
1787496847.531841 2568593 2147286 2996 1589 0 2564607 0 1691886
1787496848.531976 2568593 2147286 2996 1589 0 2564607 0 1691886
1787496849.532028 2568593 2147286 2996 1589 0 2564607 0 1691886
1787496850.532011 2568593 2147286 2996 1589 0 2564607 0 1691886
1787496851.532017 2568593 2147286 2996 1589 0 2564607 0 1691886
1787496852.531980 2568593 2147286 2996 1589 0 2564607 0 1691886
1787496853.531907 2568593 2147286 2996 1589 0 2564607 0 1691886
1787496854.531859 2568593 2147286 2996 1589 0 2564607 0 1691886
1787496855.531982 2568593 2147286 2996 1589 0 2564607 0 1691886
1787496856.531889 2568593 2147286 2996 1589 0 2564607 0 1691886
1787496857.531907 2568593 2147286 2996 1589 0 2564607 0 1691886
1787496858.531892 2568593 2147286 2996 1589 0 2564607 0 1691886
1787496859.532642 2568593 2147286 2996 1589 0 2564607 0 1691886
1787496860.531968 2568593 2147286 2996 1589 0 2564607 0 1691886
1787496861.532109 2568593 2147286 2996 1589 0 2564607 0 1691886
1787496862.532609 2568593 2147286 2996 1589 0 2564607 0 1691886
1787496863.532105 2568593 2147286 2996 1589 0 2564607 0 1691886
1787496864.532670 2568593 2147286 2996 1589 0 2564607 0 1691886
1787496865.532278 2568593 2147286 2996 1589 0 2564607 0 1691886
1787496866.532078 2568593 2147286 2996 1589 0 2564607 0 1691886
1787496867.532237 2568593 2147286 2996 1589 0 2564607 0 1691886
1787496868.532693 2568593 2147286 2996 1589 0 2564607 0 1691886
1787496869.532108 2568593 2147286 2996 1589 0 2564607 0 1691886
1787496870.532117 2568593 2147286 2996 1589 0 2564607 0 1691886
1787496871.532018 2568593 2147286 2996 1589 0 2564607 0 1691886
1787496872.532124 2568593 2147286 2996 1589 0 2564607 0 1691886
1787496873.532129 2568593 2147286 2996 1589 0 2564607 0 1691886
1787496874.532185 2568593 2147286 2996 1589 0 2564607 0 1691886
1787496875.532660 2568593 2147286 2996 1589 0 2564607 0 1691886
1787496876.532123 2568593 2147286 2996 1589 0 2564607 0 1691886
1787496877.532124 2568593 2147286 2996 1589 0 2564607 0 1691886
1787496878.532106 2568593 2147286 2996 1589 0 2564607 0 1691886
1787496879.532184 2568593 2147286 2996 1589 0 2564607 0 1691886
1787496880.532319 2568593 2147286 2996 1589 0 2564607 0 1691886
1787496881.532822 2568593 2147286 2996 1589 0 2564607 0 1691886
1787496882.532317 2568593 2147286 2996 1589 0 2564607 0 1691886
1787496883.532073 2568593 2147286 2996 1589 0 2564607 0 1691886
1787496884.532141 2568593 2147286 2996 1589 0 2564607 0 1691886
1787496885.532285 2568593 2147286 2996 1589 0 2564607 0 1691886
1787496886.532362 2568593 2147286 2996 1589 0 2564607 0 1691886
1787496887.532274 2568593 2147286 2996 1589 0 2564607 0 1691886
1787496888.532216 2568593 2147286 2996 1589 0 2564607 0 1691886
1787496889.532288 2568593 2147286 2996 1589 0 2564607 0 1691886
1787496890.532336 2568593 2147286 2996 1589 0 2564607 0 1691886
1787496891.531350 2568593 2147286 2996 1589 0 2564607 0 1691886
1787496892.532211 2568593 2147286 2996 1589 0 2564607 0 1691886
1787496893.532193 2568593 2147286 2996 1589 0 2564607 0 1691886
1787496894.532124 2568593 2147286 2996 1589 0 2564607 0 1691886
1787496895.532151 2568593 2147286 2996 1589 0 2564607 0 1691886
1787496896.532139 2568593 2147286 2996 1589 0 2564607 0 1691886
1787496897.532125 2568593 2147286 2996 1589 0 2564607 0 1691886
1787496898.532135 2568593 2147286 2996 1589 0 2564607 0 1691886
1787496899.532167 2568593 2147286 2996 1589 0 2564607 0 1691886
1787496900.532144 2568593 2147286 2996 1589 0 2564607 0 1691886
1787496901.532143 2568593 2147286 2996 1589 0 2564607 0 1691886
1787496902.532221 2568593 2147286 2996 1589 0 2564607 0 1691886
1787496903.532301 2568593 2147286 2996 1589 0 2564607 0 1691886
1787496904.532138 2568593 2147286 2996 1589 0 2564607 0 1691886
1787496905.532225 2568593 2147286 2996 1589 0 2564607 0 1691886
1787496906.532021 2568593 2147286 2996 1589 0 2564607 0 1691886
1787496907.532250 2568593 2147286 2996 1589 0 2564607 0 1691886
1787496908.532209 2568593 2147286 2996 1589 0 2564607 0 1691886
1787496909.532176 2568593 2147286 2996 1589 0 2564607 0 1691886
1787496910.532206 2568593 2147286 2996 1589 0 2564607 0 1691886
1787496911.532205 2568593 2147286 2996 1589 0 2564607 0 1691886
1787496912.532164 2568593 2147286 2996 1589 0 2564607 0 1691886
1787496913.532235 2568593 2147286 2996 1589 0 2564607 0 1691886
1787496914.532264 2568593 2147286 2996 1589 0 2564607 0 1691886
1787496915.532212 2568593 2147286 2996 1589 0 2564607 0 1691886
1787496916.532164 2568593 2147286 2996 1589 0 2564607 0 1691886
1787496917.532173 2568593 2147286 2996 1589 0 2564607 0 1691886
1787496918.532187 2568593 2147286 2996 1589 0 2564607 0 1691886
1787496919.532269 2568593 2147286 2996 1589 0 2564607 0 1691886
1787496920.532276 2568593 2147286 2996 1589 0 2564607 0 1691886
1787496921.532224 2568593 2147286 2996 1589 0 2564607 0 1691886
1787496922.532216 2568593 2147286 2996 1589 0 2564607 0 1691886
1787496923.532226 2568593 2147286 2996 1589 0 2564607 0 1691886
1787496924.532301 2568593 2147286 2996 1589 0 2564607 0 1691886
1787496925.532174 2568593 2147286 2996 1589 0 2564607 0 1691886
1787496926.532146 2568593 2147286 2996 1589 0 2564607 0 1691886
1787496927.532210 2568593 2147286 2996 1589 0 2564607 0 1691886
1787496928.532303 2568593 2147286 2996 1589 0 2564607 0 1691886
1787496929.532158 2568593 2147286 2996 1589 0 2564607 0 1691886
1787496930.532161 2568593 2147286 2996 1589 0 2564607 0 1691886
1787496931.532219 2568593 2147286 2996 1589 0 2564607 0 1691886
1787496932.532232 2568593 2147286 2996 1589 0 2564607 0 1691886
1787496933.532235 2568593 2147286 2996 1589 0 2564607 0 1691886
1787496934.532483 2568593 2147286 2996 1589 0 2564607 0 1691886
1787496935.532220 2568593 2147286 2996 1589 0 2564607 0 1691886
1787496936.531847 2568593 2147286 2996 1589 0 2564607 0 1691886
1787496937.532184 2568593 2147286 2996 1589 0 2564607 0 1691886
1787496938.532170 2568593 2147286 2996 1589 0 2564607 0 1691886
1787496939.532142 2568593 2147286 2996 1589 0 2564607 0 1691886
1787496940.532102 2568593 2147286 2996 1589 0 2564607 0 1691886
1787496941.532737 2568593 2147286 2996 1589 0 2564607 0 1691886
1787496942.532006 2568593 2147286 2996 1589 0 2564607 0 1691886
1787496943.532003 2568593 2147286 2996 1589 0 2564607 0 1691886
1787496944.531937 2568593 2147286 2996 1589 0 2564607 0 1691886
1787496945.531771 2568593 2147286 2996 1589 0 2564607 0 1691886
1787496946.531658 2568593 2147286 2996 1589 0 2564607 0 1691886
1787496947.531936 2568593 2147286 2996 1589 0 2564607 0 1691886
1787496948.532077 2568593 2147286 2996 1589 0 2564607 0 1691886
1787496949.531905 2568593 2147286 2996 1589 0 2564607 0 1691886
1787496950.532106 2568593 2147286 2996 1589 0 2564607 0 1691886
1787496951.532089 2568593 2147286 2996 1589 0 2564607 0 1691886
1787496952.532266 2568593 2147286 2996 1589 0 2564607 0 1691886
1787496953.531996 2568593 2147286 2996 1589 0 2564607 0 1691886
1787496954.531940 2568593 2147286 2996 1589 0 2564607 0 1691886
1787496955.532033 2568593 2147286 2996 1589 0 2564607 0 1691886
1787496956.531987 2568593 2147286 2996 1589 0 2564607 0 1691886
1787496957.531936 2568593 2147286 2996 1589 0 2564607 0 1691886
1787496958.532038 2568593 2147286 2996 1589 0 2564607 0 1691886
1787496959.532015 2568593 2147286 2996 1589 0 2564607 0 1691886
1787496960.531937 2568593 2147286 2996 1589 0 2564607 0 1691886
1787496961.532121 2568593 2147286 2996 1589 0 2564607 0 1691886
1787496962.532547 2568593 2147286 2996 1589 0 2564607 0 1691886
1787496963.531986 2568593 2147286 2996 1589 0 2564607 0 1691886
1787496964.532013 2568593 2147286 2996 1589 0 2564607 0 1691886
1787496965.537255 2568593 2147286 2996 1589 0 2564607 0 1691886
1787496966.531878 2568593 2147286 2996 1589 0 2564607 0 1691886
1787496967.531989 2568593 2147278 2996 1589 0 2564607 0 1691886
1787496968.531697 2568593 2147278 2996 1589 0 2564607 0 1691886
1787496969.532116 2568593 2147278 2996 1589 0 2564607 0 1691886
1787496970.531976 2568593 2147278 2996 1589 0 2564607 0 1691886
1787496971.532091 2568593 2147278 2996 1589 0 2564607 0 1691886
1787496972.532021 2568593 2147278 2996 1589 0 2564607 0 1691886
1787496973.532096 2568593 2147278 2996 1589 0 2564607 0 1691886
1787496974.532065 2568593 2147279 2996 1589 0 2564607 0 1691886
1787496975.532067 2568593 2147279 2996 1589 0 2564607 0 1691886
1787496976.531695 2568593 2147279 2996 1589 0 2564607 0 1691886
1787496977.532596 2568593 2147279 2996 1589 0 2564607 0 1691886
1787496978.531863 2568593 2147279 2996 1589 0 2564607 0 1691886
1787496979.532351 2568593 2147280 2996 1589 0 2564607 0 1691886
1787496980.534600 2568593 2147280 2996 1589 0 2564607 0 1691886
1787496981.532243 2568593 2147281 2996 1589 0 2564607 0 1691886
1787496982.532167 2568593 2147281 2996 1589 0 2564607 0 1691886
1787496983.532093 2568593 2147282 2996 1589 0 2564607 0 1691886
1787496984.532350 2568593 2147282 2996 1589 0 2564607 0 1691886
1787496985.532075 2568593 2147282 2996 1589 0 2564607 0 1691886
1787496986.532239 2568593 2147282 2996 1589 0 2564607 0 1691886
1787496987.532021 2568593 2147282 2996 1589 0 2564607 0 1691886
1787496988.532056 2568593 2147282 2996 1589 0 2564607 0 1691886
1787496989.532156 2568593 2147282 2996 1589 0 2564607 0 1691886
1787496990.532190 2568593 2147282 2996 1589 0 2564607 0 1691886
1787496991.532148 2568593 2147282 2996 1589 0 2564607 0 1691886
1787496992.532217 2568593 2147282 2996 1589 0 2564607 0 1691886
1787496993.532180 2568593 2147283 2996 1589 0 2564607 0 1691886
1787496994.532144 2568593 2147283 2996 1589 0 2564607 0 1691886
1787496995.532266 2568593 2147283 2996 1589 0 2564607 0 1691886
1787496996.532145 2568593 2147283 2996 1589 0 2564607 0 1691886
1787496997.532163 2568593 2147283 2996 1589 0 2564607 0 1691886
1787496998.532165 2568593 2147283 2996 1589 0 2564607 0 1691886
1787496999.532099 2568593 2147283 2996 1589 0 2564607 0 1691886
1787497000.532231 2568593 2147283 2996 1589 0 2564607 0 1691886
1787497001.532398 2568593 2147283 2996 1589 0 2564607 0 1691886
1787497002.532200 2568593 2147283 2996 1589 0 2564607 0 1691886
1787497003.532252 2568593 2147283 2996 1589 0 2564607 0 1691886
1787497004.532266 2568593 2147283 2996 1589 0 2564607 0 1691886
1787497005.532139 2568593 2147283 2996 1589 0 2564607 0 1691886
1787497006.532164 2568593 2147283 2996 1589 0 2564607 0 1691886
1787497007.532168 2568593 2147283 2996 1589 0 2564607 0 1691886
1787497008.532142 2568593 2147283 2996 1589 0 2564607 0 1691886
1787497009.532099 2568593 2147283 2996 1589 0 2564607 0 1691886
1787497010.532171 2568593 2147283 2996 1589 0 2564607 0 1691886
1787497011.532099 2568593 2147283 2996 1589 0 2564607 0 1691886
1787497012.532151 2568593 2147283 2996 1589 0 2564607 0 1691886
1787497013.531937 2568593 2147283 2996 1589 0 2564607 0 1691886
1787497014.534124 2568593 2147283 2996 1589 0 2564607 0 1691886
1787497015.532217 2568593 2147283 2996 1589 0 2564607 0 1691886
1787497016.532249 2568593 2147283 2996 1589 0 2564607 0 1691886
1787497017.532172 2568593 2147283 2996 1589 0 2564607 0 1691886
1787497018.532126 2568593 2147283 2996 1589 0 2564607 0 1691886
1787497019.532157 2568593 2147283 2996 1589 0 2564607 0 1691886
1787497020.532212 2568593 2147283 2996 1589 0 2564607 0 1691886
1787497021.532030 2568593 2147283 2996 1589 0 2564607 0 1691886
1787497022.532813 2568593 2147283 2996 1589 0 2564607 0 1691886
1787497023.532044 2568593 2147283 2996 1589 0 2564607 0 1691886
1787497024.532127 2568593 2147283 2996 1589 0 2564607 0 1691886
1787497025.532193 2568593 2147283 2996 1589 0 2564607 0 1691886
1787497026.532154 2568593 2147283 2996 1589 0 2564607 0 1691886
1787497027.532182 2568593 2147283 2996 1589 0 2564607 0 1691886
1787497028.532189 2568593 2147283 2996 1589 0 2564607 0 1691886
1787497029.532245 2568593 2147283 2996 1589 0 2564607 0 1691886
1787497030.532180 2568593 2147283 2996 1589 0 2564607 0 1691886
1787497031.532658 2568593 2147283 2996 1589 0 2564607 0 1691886
1787497032.532330 2568593 2147283 2996 1589 0 2564607 0 1691886
1787497033.532176 2568593 2147283 2996 1589 0 2564607 0 1691886
1787497034.532171 2568593 2147283 2996 1589 0 2564607 0 1691886
1787497035.532225 2568593 2147283 2996 1589 0 2564607 0 1691886
1787497036.532727 2568593 2147283 2996 1589 0 2564607 0 1691886
1787497037.532194 2568593 2147283 2996 1589 0 2564607 0 1691886
1787497038.532106 2568593 2147283 2996 1589 0 2564607 0 1691886
1787497039.532075 2568593 2147283 2996 1589 0 2564607 0 1691886
1787497040.532040 2568593 2147283 2996 1589 0 2564607 0 1691886
1787497041.532145 2568593 2147283 2996 1589 0 2564607 0 1691886
1787497042.532123 2568593 2147283 2996 1589 0 2564607 0 1691886
1787497043.532253 2568593 2147283 2996 1589 0 2564607 0 1691886
1787497044.532279 2568593 2147283 2996 1589 0 2564607 0 1691886
1787497045.532112 2568593 2147283 2996 1589 0 2564607 0 1691886
1787497046.532067 2568593 2147283 2996 1589 0 2564607 0 1691886
1787497047.532116 2568593 2147283 2996 1589 0 2564607 0 1691886
1787497048.532143 2568593 2147283 2996 1589 0 2564607 0 1691886
1787497049.532159 2568593 2147283 2996 1589 0 2564607 0 1691886
1787497050.532137 2568593 2147283 2996 1589 0 2564607 0 1691886
1787497051.532192 2568593 2147283 2996 1589 0 2564607 0 1691886
1787497052.532173 2568593 2147283 2996 1589 0 2564607 0 1691886
1787497053.532139 2568593 2147283 2996 1589 0 2564607 0 1691886
1787497054.532161 2568593 2147283 2996 1589 0 2564607 0 1691886
1787497055.531975 2568593 2147284 2996 1589 0 2564607 0 1691886
1787497056.532141 2568593 2147284 2996 1589 0 2564607 0 1691886
1787497057.532391 2568593 2147284 2996 1589 0 2564607 0 1691886
1787497058.532422 2568593 2147284 2996 1589 0 2564607 0 1691886
1787497059.532043 2568593 2147284 2996 1589 0 2564607 0 1691886
1787497060.532152 2568593 2147284 2996 1589 0 2564607 0 1691886
1787497061.532266 2568593 2147284 2996 1589 0 2564607 0 1691886
1787497062.532248 2568593 2147284 2996 1589 0 2564607 0 1691886
1787497063.532042 2568593 2147284 2996 1589 0 2564607 0 1691886
1787497064.532170 2568593 2147284 2996 1589 0 2564607 0 1691886
1787497065.532069 2568593 2147284 2996 1589 0 2564607 0 1691886
1787497066.532026 2568593 2147284 2996 1589 0 2564607 0 1691886
1787497067.533768 2568593 2147284 2996 1589 0 2564607 0 1691886
1787497068.532227 2568593 2147284 2996 1589 0 2564607 0 1691886
1787497069.532298 2568593 2147284 2996 1589 0 2564607 0 1691886
1787497070.532144 2568593 2147284 2996 1589 0 2564607 0 1691886
1787497071.532151 2568593 2147284 2996 1589 0 2564607 0 1691886
1787497072.532331 2568593 2147284 2996 1589 0 2564607 0 1691886
1787497073.532141 2568593 2147284 2996 1589 0 2564607 0 1691886
1787497074.532840 2568593 2147284 2996 1589 0 2564607 0 1691886
1787497075.532244 2568593 2147284 2996 1589 0 2564607 0 1691886
1787497076.532128 2568593 2147284 2996 1589 0 2564607 0 1691886
1787497077.532313 2568593 2147284 2996 1589 0 2564607 0 1691886
1787497078.532339 2568593 2147284 2996 1589 0 2564607 0 1691886
1787497079.532206 2568593 2147284 2996 1589 0 2564607 0 1691886
1787497080.532353 2568593 2147284 2996 1589 0 2564607 0 1691886
1787497081.532378 2568593 2147284 2996 1589 0 2564607 0 1691886
1787497082.532241 2568593 2147284 2996 1589 0 2564607 0 1691886
1787497083.532228 2568593 2147284 2996 1589 0 2564607 0 1691886
1787497084.532072 2568593 2147284 2996 1589 0 2564607 0 1691886
1787497085.532396 2568593 2147284 2996 1589 0 2564607 0 1691886
1787497086.532194 2569233 2147386 2996 1589 0 2565247 0 1691886
1787497087.532776 2569233 2147386 2996 1589 0 2565247 0 1691886
1787497088.532164 2569233 2147386 2996 1589 0 2565247 0 1691903
1787497089.532210 2569233 2147386 2996 1589 0 2565247 0 1691903
1787497090.532181 2569233 2147386 2996 1589 0 2565247 0 1691903
1787497091.532629 2569233 2147386 2996 1589 0 2565247 0 1691903
1787497092.532257 2569233 2147386 2996 1589 0 2565247 0 1691903
1787497093.532262 2569233 2147386 2996 1589 0 2565247 0 1691903
1787497094.532175 2569233 2147386 2996 1589 0 2565247 0 1691903
1787497095.532241 2569233 2147386 2996 1589 0 2565247 0 1691903
1787497096.532296 2569233 2147386 2996 1589 0 2565247 0 1691903
1787497097.532452 2569233 2147386 2996 1589 0 2565247 0 1691903
1787497098.532127 2569233 2147386 2996 1589 0 2565247 0 1691903
1787497099.532210 2569233 2147386 2996 1589 0 2565247 0 1691903
1787497100.532193 2569233 2147386 2996 1589 0 2565247 0 1691903
1787497101.532337 2569233 2147386 2996 1589 0 2565247 0 1691903
1787497102.532281 2569233 2147386 2996 1589 0 2565247 0 1691903
1787497103.532296 2569233 2147386 2996 1589 0 2565247 0 1691903
1787497104.532176 2569233 2147386 2996 1589 0 2565247 0 1691903
1787497105.532126 2569233 2147386 2996 1589 0 2565247 0 1691903
1787497106.532161 2569233 2147386 2996 1589 0 2565247 0 1691903
1787497107.532180 2569233 2147386 2996 1589 0 2565247 0 1691903
1787497108.532035 2569233 2147386 2996 1589 0 2565247 0 1691903
1787497109.532315 2569233 2147386 2996 1589 0 2565247 0 1691903
1787497110.532280 2569233 2147386 2996 1589 0 2565247 0 1691903
1787497111.532153 2569233 2147386 2996 1589 0 2565247 0 1691903
1787497112.532293 2569233 2147387 2996 1589 0 2565247 0 1691903
1787497113.532294 2569233 2147387 2996 1589 0 2565247 0 1691903
1787497114.532723 2569233 2147387 2996 1589 0 2565247 0 1691903
1787497115.532240 2569233 2147387 2996 1589 0 2565247 0 1691903
1787497116.532290 2569233 2147387 2996 1589 0 2565247 0 1691903
1787497117.532239 2569233 2147387 2996 1589 0 2565247 0 1691903
1787497118.532123 2569233 2147387 2996 1589 0 2565247 0 1691903
1787497119.532173 2569233 2147387 2996 1589 0 2565247 0 1691903
1787497120.532167 2569233 2147387 2996 1589 0 2565247 0 1691903
1787497121.532339 2569233 2147387 2996 1589 0 2565247 0 1691903
1787497122.532248 2569233 2147387 2996 1589 0 2565247 0 1691903
1787497123.532251 2569233 2147387 2996 1589 0 2565247 0 1691903
1787497124.532203 2569233 2147387 2996 1589 0 2565247 0 1691903
1787497125.532214 2569233 2147387 2996 1589 0 2565247 0 1691903
1787497126.532184 2569233 2147387 2996 1589 0 2565247 0 1691903
1787497127.532449 2569233 2147387 2996 1589 0 2565247 0 1691903
1787497128.532169 2569233 2147387 2996 1589 0 2565247 0 1691903
1787497129.532217 2569233 2147387 2996 1589 0 2565247 0 1691903
1787497130.532149 2569233 2147387 2996 1589 0 2565247 0 1691903
1787497131.532368 2569233 2147387 2996 1589 0 2565247 0 1691903
1787497132.532215 2569233 2147387 2996 1589 0 2565247 0 1691903
1787497133.532106 2569233 2147387 2996 1589 0 2565247 0 1691903
1787497134.532148 2569233 2147387 2996 1589 0 2565247 0 1691903
1787497135.532120 2569233 2147387 2996 1589 0 2565247 0 1691903
1787497136.532219 2569233 2147387 2996 1589 0 2565247 0 1691903
1787497137.532161 2569233 2147387 2996 1589 0 2565247 0 1691903
1787497138.532166 2569233 2147387 2996 1589 0 2565247 0 1691903
1787497139.532157 2569233 2147387 2996 1589 0 2565247 0 1691903
1787497140.532139 2569233 2147387 2996 1589 0 2565247 0 1691903
1787497141.532143 2569233 2147387 2996 1589 0 2565247 0 1691903
1787497142.532190 2569233 2147387 2996 1589 0 2565247 0 1691903
1787497143.531986 2569233 2147387 2996 1589 0 2565247 0 1691903
1787497144.532133 2569233 2147387 2996 1589 0 2565247 0 1691903
1787497145.532040 2569233 2147387 2996 1589 0 2565247 0 1691903
1787497146.532149 2569233 2147387 2996 1589 0 2565247 0 1691903
1787497147.532254 2569233 2147387 2996 1589 0 2565247 0 1691903
1787497148.532210 2569233 2147379 2996 1589 0 2565247 0 1691903
1787497149.532245 2569233 2147379 2996 1589 0 2565247 0 1691903
1787497150.532183 2569233 2147379 2996 1589 0 2565247 0 1691903
1787497151.532162 2569233 2147379 2996 1589 0 2565247 0 1691903
1787497152.532289 2569233 2147379 2996 1589 0 2565247 0 1691903
1787497153.532220 2569233 2147379 2996 1589 0 2565247 0 1691903
1787497154.532196 2569233 2147379 2996 1589 0 2565247 0 1691903
1787497155.532290 2569233 2147379 2996 1589 0 2565247 0 1691903
1787497156.532247 2569233 2147379 2996 1589 0 2565247 0 1691903
1787497157.532284 2569233 2147381 2996 1589 0 2565247 0 1691903
1787497158.532200 2569233 2147381 2996 1589 0 2565247 0 1691903
1787497159.532150 2569233 2147381 2996 1589 0 2565247 0 1691903
1787497160.532179 2569233 2147381 2996 1589 0 2565247 0 1691903
1787497161.531889 2569233 2147381 2996 1589 0 2565247 0 1691903
1787497162.532562 2569233 2147381 2996 1589 0 2565247 0 1691903
1787497163.532237 2569233 2147381 2996 1589 0 2565247 0 1691903
1787497164.532289 2569233 2147381 2996 1589 0 2565247 0 1691903
1787497165.532291 2569233 2147381 2996 1589 0 2565247 0 1691903
1787497166.532189 2569233 2147381 2996 1589 0 2565247 0 1691903
1787497167.532156 2569233 2147381 2996 1589 0 2565247 0 1691903
1787497168.532183 2569233 2147382 2996 1589 0 2565247 0 1691903
1787497169.532187 2569233 2147382 2996 1589 0 2565247 0 1691903
1787497170.532117 2569233 2147382 2996 1589 0 2565247 0 1691903
1787497171.532136 2569233 2147382 2996 1589 0 2565247 0 1691903
1787497172.532238 2569233 2147382 2996 1589 0 2565247 0 1691903
1787497173.532148 2569233 2147382 2996 1589 0 2565247 0 1691903
1787497174.532270 2569233 2147382 2996 1589 0 2565247 0 1691903
1787497175.532323 2569233 2147382 2996 1589 0 2565247 0 1691903
1787497176.532236 2569233 2147382 2996 1589 0 2565247 0 1691903
1787497177.532613 2569233 2147382 2996 1589 0 2565247 0 1691903
1787497178.532258 2569233 2147382 2996 1589 0 2565247 0 1691903
1787497179.532305 2569233 2147383 2996 1589 0 2565247 0 1691903
1787497180.532146 2569233 2147383 2996 1589 0 2565247 0 1691903
1787497181.532270 2569233 2147383 2996 1589 0 2565247 0 1691903
1787497182.532189 2569233 2147384 2996 1589 0 2565247 0 1691903
1787497183.532147 2569233 2147385 2996 1589 0 2565247 0 1691903
1787497184.532136 2569233 2147385 2996 1589 0 2565247 0 1691903
1787497185.533026 2569233 2147385 2996 1589 0 2565247 0 1691903
1787497186.532213 2569233 2147385 2996 1589 0 2565247 0 1691903
1787497187.532186 2569233 2147385 2996 1589 0 2565247 0 1691903
1787497188.532294 2569233 2147385 2996 1589 0 2565247 0 1691903
1787497189.532282 2569233 2147385 2996 1589 0 2565247 0 1691903
1787497190.532282 2569233 2147385 2996 1589 0 2565247 0 1691903
1787497191.532275 2569233 2147385 2996 1589 0 2565247 0 1691903
1787497192.532605 2569233 2147385 2996 1589 0 2565247 0 1691903
1787497193.532203 2569233 2147385 2996 1589 0 2565247 0 1691903
1787497194.532189 2569233 2147385 2996 1589 0 2565247 0 1691903
1787497195.532151 2569233 2147385 2996 1589 0 2565247 0 1691903
1787497196.532152 2569233 2147385 2996 1589 0 2565247 0 1691903
1787497197.532412 2569233 2147385 2996 1589 0 2565247 0 1691903
1787497198.532171 2569233 2147385 2996 1589 0 2565247 0 1691903
1787497199.532264 2569233 2147385 2996 1589 0 2565247 0 1691903
1787497200.532199 2569233 2147385 2996 1589 0 2565247 0 1691903
1787497201.532174 2569233 2147385 2996 1589 0 2565247 0 1691903
1787497202.532658 2569233 2147385 2996 1589 0 2565247 0 1691903
1787497203.533185 2569233 2147385 2996 1589 0 2565247 0 1691903
1787497204.532215 2569233 2147385 2996 1589 0 2565247 0 1691903
1787497205.532297 2569233 2147385 2996 1589 0 2565247 0 1691903
1787497206.532183 2569233 2147385 2996 1589 0 2565247 0 1691903
1787497207.532273 2569233 2147386 2996 1589 0 2565247 0 1691903
1787497208.532211 2569233 2147386 2996 1589 0 2565247 0 1691903
1787497209.532934 2569233 2147386 2996 1589 0 2565247 0 1691903
1787497210.532183 2569233 2147386 2996 1589 0 2565247 0 1691903
1787497211.532118 2569233 2147386 2996 1589 0 2565247 0 1691903
1787497212.532160 2569233 2147386 2996 1589 0 2565247 0 1691903
1787497213.532174 2569233 2147386 2996 1589 0 2565247 0 1691903
1787497214.532203 2569233 2147386 2996 1589 0 2565247 0 1691903
1787497215.532931 2569233 2147386 2996 1589 0 2565247 0 1691903
1787497216.532141 2569233 2147386 2996 1589 0 2565247 0 1691903
1787497217.532246 2569233 2147386 2996 1589 0 2565247 0 1691903
1787497218.532177 2569233 2147386 2996 1589 0 2565247 0 1691903
1787497219.532227 2569233 2147386 2996 1589 0 2565247 0 1691903
1787497220.532242 2569233 2147386 2996 1589 0 2565247 0 1691903
1787497221.532238 2569233 2147386 2996 1589 0 2565247 0 1691903
1787497222.532148 2569233 2147386 2996 1589 0 2565247 0 1691903
1787497223.532179 2569233 2147386 2996 1589 0 2565247 0 1691903
1787497224.532143 2569233 2147386 2996 1589 0 2565247 0 1691903
1787497225.532084 2569233 2147386 2996 1589 0 2565247 0 1691903
1787497226.531996 2569233 2147386 2996 1589 0 2565247 0 1691903
1787497227.532131 2569233 2147386 2996 1589 0 2565247 0 1691903
1787497228.532124 2569233 2147386 2996 1589 0 2565247 0 1691903
1787497229.532134 2569233 2147386 2996 1589 0 2565247 0 1691903
1787497230.532125 2569233 2147386 2996 1589 0 2565247 0 1691903
1787497231.532021 2569233 2147386 2996 1589 0 2565247 0 1691903
1787497232.532161 2569233 2147386 2996 1589 0 2565247 0 1691903
1787497233.531951 2569233 2147386 2996 1589 0 2565247 0 1691903
1787497234.532104 2569233 2147386 2996 1589 0 2565247 0 1691903
1787497235.532135 2569233 2147386 2996 1589 0 2565247 0 1691903
1787497236.532133 2569233 2147386 2996 1589 0 2565247 0 1691903
1787497237.532098 2569233 2147386 2996 1589 0 2565247 0 1691903
1787497238.532142 2569233 2147386 2996 1589 0 2565247 0 1691903
1787497239.532136 2569233 2147386 2996 1589 0 2565247 0 1691903
1787497240.532171 2569233 2147386 2996 1589 0 2565247 0 1691903
1787497241.532103 2569233 2147386 2996 1589 0 2565247 0 1691903
1787497242.532199 2569233 2147386 2996 1589 0 2565247 0 1691903
1787497243.532215 2569233 2147386 2996 1589 0 2565247 0 1691903
1787497244.532206 2569233 2147386 2996 1589 0 2565247 0 1691903
1787497245.532159 2569233 2147386 2996 1589 0 2565247 0 1691903
1787497246.532266 2569233 2147386 2996 1589 0 2565247 0 1691903
1787497247.532936 2569233 2147386 2996 1589 0 2565247 0 1691903
1787497248.532147 2569233 2147386 2996 1589 0 2565247 0 1691903
1787497249.532236 2569233 2147387 2996 1589 0 2565247 0 1691903
1787497250.532223 2569233 2147387 2996 1589 0 2565247 0 1691903
1787497251.532178 2569233 2147387 2996 1589 0 2565247 0 1691903
1787497252.532154 2569233 2147387 2996 1589 0 2565247 0 1691903
1787497253.532143 2569233 2147387 2996 1589 0 2565247 0 1691903
1787497254.532125 2569233 2147387 2996 1589 0 2565247 0 1691903
1787497255.531979 2569233 2147387 2996 1589 0 2565247 0 1691903
1787497256.532185 2569233 2147387 2996 1589 0 2565247 0 1691903
1787497257.531875 2569233 2147387 2996 1589 0 2565247 0 1691903
1787497258.532131 2569233 2147387 2996 1589 0 2565247 0 1691903
1787497259.532721 2569233 2147387 2996 1589 0 2565247 0 1691903
1787497260.532104 2569233 2147387 2996 1589 0 2565247 0 1691903
1787497261.532123 2569233 2147387 2996 1589 0 2565247 0 1691903
1787497262.532096 2569233 2147387 2996 1589 0 2565247 0 1691903
1787497263.532140 2569233 2147387 2996 1589 0 2565247 0 1691903
1787497264.531953 2569233 2147387 2996 1589 0 2565247 0 1691903
1787497265.532090 2569233 2147387 2996 1589 0 2565247 0 1691903
1787497266.532119 2569233 2147387 2996 1589 0 2565247 0 1691903
1787497267.532252 2569233 2147387 2996 1589 0 2565247 0 1691903
1787497268.532154 2569233 2147387 2996 1589 0 2565247 0 1691903
1787497269.532240 2569233 2147387 2996 1589 0 2565247 0 1691903
1787497270.532331 2569233 2147387 2996 1589 0 2565247 0 1691903
1787497271.532198 2569233 2147387 2996 1589 0 2565247 0 1691903
1787497272.532237 2569233 2147387 2996 1589 0 2565247 0 1691903
1787497273.532249 2569233 2147387 2996 1589 0 2565247 0 1691903
1787497274.532122 2569233 2147387 2996 1589 0 2565247 0 1691903
1787497275.532135 2569233 2147387 2996 1589 0 2565247 0 1691903
1787497276.532132 2569233 2147387 2996 1589 0 2565247 0 1691903
1787497277.532177 2569233 2147387 2996 1589 0 2565247 0 1691903
1787497278.532164 2569233 2147387 2996 1589 0 2565247 0 1691903
1787497279.532109 2569233 2147387 2996 1589 0 2565247 0 1691903
1787497280.532187 2569233 2147387 2996 1589 0 2565247 0 1691903
1787497281.532030 2569233 2147387 2996 1589 0 2565247 0 1691903
1787497282.532061 2569233 2147387 2996 1589 0 2565247 0 1691903
1787497283.532118 2569233 2147387 2996 1589 0 2565247 0 1691903
1787497284.532413 2569233 2147387 2996 1589 0 2565247 0 1691903
1787497285.532138 2569233 2147387 2996 1589 0 2565247 0 1691903
1787497286.532178 2569233 2147387 2996 1589 0 2565247 0 1691903
1787497287.532217 2569233 2147387 2996 1589 0 2565247 0 1691903
1787497288.532274 2569233 2147387 2996 1589 0 2565247 0 1691903
1787497289.532148 2569233 2147387 2996 1589 0 2565247 0 1691903
1787497290.532141 2569233 2147387 2996 1589 0 2565247 0 1691903
1787497291.532209 2569233 2147387 2996 1589 0 2565247 0 1691903
1787497292.532200 2569233 2147387 2996 1589 0 2565247 0 1691903
1787497293.532222 2569233 2147387 2996 1589 0 2565247 0 1691903
1787497294.532160 2569233 2147387 2996 1589 0 2565247 0 1691903
1787497295.532063 2569233 2147387 2996 1589 0 2565247 0 1691903
1787497296.532117 2569233 2147387 2996 1589 0 2565247 0 1691903
1787497297.531977 2569233 2147387 2996 1589 0 2565247 0 1691903
1787497298.532226 2569233 2147387 2996 1589 0 2565247 0 1691903
1787497299.532225 2569233 2147387 2996 1589 0 2565247 0 1691903
1787497300.532128 2569233 2147387 2996 1589 0 2565247 0 1691903
1787497301.532168 2569233 2147387 2996 1589 0 2565247 0 1691903
1787497302.532139 2569233 2147387 2996 1589 0 2565247 0 1691903
1787497303.532188 2569233 2147387 2996 1589 0 2565247 0 1691903
1787497304.532141 2569233 2147387 2996 1589 0 2565247 0 1691903
1787497305.532178 2569233 2147387 2996 1589 0 2565247 0 1691903
1787497306.532178 2569233 2147387 2996 1589 0 2565247 0 1691903
1787497307.532212 2569233 2147387 2996 1589 0 2565247 0 1691903
1787497308.532142 2569233 2147387 2996 1589 0 2565247 0 1691903
1787497309.532158 2569233 2147387 2996 1589 0 2565247 0 1691903
1787497310.532136 2569233 2147387 2996 1589 0 2565247 0 1691903
1787497311.532121 2569233 2147387 2996 1589 0 2565247 0 1691903
1787497312.532218 2569233 2147387 2996 1589 0 2565247 0 1691903
1787497313.532135 2569233 2147387 2996 1589 0 2565247 0 1691903
1787497314.532249 2569233 2147387 2996 1589 0 2565247 0 1691903
1787497315.532741 2569233 2147387 2996 1589 0 2565247 0 1691903
1787497316.532146 2569233 2147387 2996 1589 0 2565247 0 1691903
1787497317.532140 2569233 2147387 2996 1589 0 2565247 0 1691903
1787497318.532146 2569233 2147387 2996 1589 0 2565247 0 1691903
1787497319.532225 2569233 2147387 2996 1589 0 2565247 0 1691903
1787497320.532154 2569233 2147387 2996 1589 0 2565247 0 1691903
1787497321.532115 2569233 2147387 2996 1589 0 2565247 0 1691903
1787497322.532128 2569233 2147387 2996 1589 0 2565247 0 1691903
1787497323.532188 2569233 2147387 2996 1589 0 2565247 0 1691903
1787497324.532132 2569233 2147387 2996 1589 0 2565247 0 1691903
1787497325.532247 2569233 2147387 2996 1589 0 2565247 0 1691903
1787497326.532193 2569233 2147387 2996 1589 0 2565247 0 1691903
1787497327.532169 2569233 2147387 2996 1589 0 2565247 0 1691903
1787497328.532179 2569233 2147387 2996 1589 0 2565247 0 1691903
1787497329.532136 2569233 2147387 2996 1589 0 2565247 0 1691903
1787497330.532846 2569233 2147387 2996 1589 0 2565247 0 1691903
1787497331.532148 2569233 2147387 2996 1589 0 2565247 0 1691903
1787497332.532752 2569233 2147387 2996 1589 0 2565247 0 1691903
1787497333.532154 2569233 2147387 2996 1589 0 2565247 0 1691903
1787497334.532146 2569233 2147387 2996 1589 0 2565247 0 1691903
1787497335.532177 2569233 2147387 2996 1589 0 2565247 0 1691903
1787497336.532208 2569233 2147387 2996 1589 0 2565247 0 1691903
1787497337.532268 2569233 2147387 2996 1589 0 2565247 0 1691903
1787497338.532224 2569233 2147387 2996 1589 0 2565247 0 1691903
1787497339.532163 2569233 2147387 2996 1589 0 2565247 0 1691903
1787497340.532284 2569233 2147387 2996 1589 0 2565247 0 1691903
1787497341.532221 2569233 2147387 2996 1589 0 2565247 0 1691903
1787497342.532255 2569233 2147387 2996 1589 0 2565247 0 1691903
1787497343.532165 2569233 2147387 2996 1589 0 2565247 0 1691903
1787497344.532158 2569233 2147387 2996 1589 0 2565247 0 1691903
1787497345.532142 2569233 2147387 2996 1589 0 2565247 0 1691903
1787497346.532152 2569233 2147387 2996 1589 0 2565247 0 1691903
1787497347.532327 2569233 2147387 2996 1589 0 2565247 0 1691903
1787497348.532160 2569233 2147387 2996 1589 0 2565247 0 1691903
1787497349.532177 2569233 2147387 2996 1589 0 2565247 0 1691903
1787497350.532160 2569233 2147387 2996 1589 0 2565247 0 1691903
1787497351.532183 2569233 2147387 2996 1589 0 2565247 0 1691903
1787497352.532021 2569233 2147387 2996 1589 0 2565247 0 1691903
1787497353.532162 2569233 2147387 2996 1589 0 2565247 0 1691903
1787497354.531980 2569233 2147387 2996 1589 0 2565247 0 1691903
1787497355.532243 2569233 2147387 2996 1589 0 2565247 0 1691903
1787497356.532162 2569233 2147387 2996 1589 0 2565247 0 1691903
1787497357.532208 2569233 2147387 2996 1589 0 2565247 0 1691903
1787497358.532122 2569233 2147387 2996 1589 0 2565247 0 1691903
1787497359.532133 2569233 2147387 2996 1589 0 2565247 0 1691903
1787497360.532219 2569233 2147387 2996 1589 0 2565247 0 1691903
1787497361.532189 2569233 2147387 2996 1589 0 2565247 0 1691903
1787497362.534343 2569233 2147387 2996 1589 0 2565247 0 1691903
1787497363.532226 2569233 2147387 2996 1589 0 2565247 0 1691903
1787497364.532172 2569233 2147387 2996 1589 0 2565247 0 1691903
1787497365.532168 2569233 2147387 2996 1589 0 2565247 0 1691903
1787497366.532186 2569233 2147387 2996 1589 0 2565247 0 1691903
1787497367.532258 2569233 2147387 2996 1589 0 2565247 0 1691903
1787497368.532194 2569233 2147387 2996 1589 0 2565247 0 1691903
1787497369.532163 2569233 2147387 2996 1589 0 2565247 0 1691903
1787497370.532194 2569233 2147387 2996 1589 0 2565247 0 1691903
1787497371.532128 2569233 2147387 2996 1589 0 2565247 0 1691903
1787497372.532155 2569233 2147387 2996 1589 0 2565247 0 1691903
1787497373.532182 2569233 2147387 2996 1589 0 2565247 0 1691903
1787497374.532145 2569233 2147387 2996 1589 0 2565247 0 1691903
1787497375.532091 2569233 2147387 2996 1589 0 2565247 0 1691903
1787497376.532111 2569233 2147387 2996 1589 0 2565247 0 1691903
1787497377.532160 2569233 2147387 2996 1589 0 2565247 0 1691903
1787497378.532261 2569233 2147387 2996 1589 0 2565247 0 1691903
1787497379.532768 2569233 2147387 2996 1589 0 2565247 0 1691903
1787497380.532337 2569233 2147387 2996 1589 0 2565247 0 1691903
1787497381.532368 2569233 2147387 2996 1589 0 2565247 0 1691903
1787497382.532203 2569233 2147387 2996 1589 0 2565247 0 1691903
1787497383.532174 2569233 2147387 2996 1589 0 2565247 0 1691903
1787497384.532192 2569233 2147387 2996 1589 0 2565247 0 1691903
1787497385.532166 2569233 2147387 2996 1589 0 2565247 0 1691903
1787497386.532229 2569233 2147387 2996 1589 0 2565247 0 1691903
1787497387.532105 2569233 2147387 2996 1589 0 2565247 0 1691903
1787497388.531952 2569233 2147387 2996 1589 0 2565247 0 1691903
1787497389.532136 2569233 2147387 2996 1589 0 2565247 0 1691903
1787497390.532151 2569233 2147387 2996 1589 0 2565247 0 1691903
1787497391.531977 2569233 2147387 2996 1589 0 2565247 0 1691903
1787497392.532333 2569233 2147387 2996 1589 0 2565247 0 1691903
1787497393.532092 2569233 2147387 2996 1589 0 2565247 0 1691903
1787497394.532043 2569233 2147387 2996 1589 0 2565247 0 1691903
1787497395.531939 2569233 2147387 2996 1589 0 2565247 0 1691903
1787497396.532739 2569233 2147387 2996 1589 0 2565247 0 1691903
1787497397.532335 2569233 2147387 2996 1589 0 2565247 0 1691903
1787497398.532637 2569233 2147387 2996 1589 0 2565247 0 1691903
1787497399.531945 2569233 2147387 2996 1589 0 2565247 0 1691903
1787497400.532161 2569233 2147387 2996 1589 0 2565247 0 1691903
1787497401.532115 2569233 2147387 2996 1589 0 2565247 0 1691903
1787497402.532108 2569233 2147387 2996 1589 0 2565247 0 1691903
1787497403.532180 2569233 2147387 2996 1589 0 2565247 0 1691903
1787497404.532135 2569233 2147387 2996 1589 0 2565247 0 1691903
1787497405.532128 2569233 2147387 2996 1589 0 2565247 0 1691903
1787497406.532713 2569233 2147387 2996 1589 0 2565247 0 1691903
1787497407.532195 2569233 2147387 2996 1589 0 2565247 0 1691903
1787497408.532129 2569233 2147387 2996 1589 0 2565247 0 1691903
1787497409.532133 2569233 2147387 2996 1589 0 2565247 0 1691903
1787497410.532159 2569233 2147387 2996 1589 0 2565247 0 1691903
1787497411.532143 2569233 2147387 2996 1589 0 2565247 0 1691903
1787497412.532879 2569233 2147387 2996 1589 0 2565247 0 1691903
1787497413.532117 2569233 2147387 2996 1589 0 2565247 0 1691903
1787497414.532212 2569233 2147387 2996 1589 0 2565247 0 1691903
1787497415.532069 2569233 2147387 2996 1589 0 2565247 0 1691903
1787497416.531982 2569233 2147387 2996 1589 0 2565247 0 1691903
1787497417.532042 2569233 2147387 2996 1589 0 2565247 0 1691903
1787497418.532213 2569233 2147387 2996 1589 0 2565247 0 1691903
1787497419.532147 2569233 2147387 2996 1589 0 2565247 0 1691903
1787497420.532245 2569233 2147387 2996 1589 0 2565247 0 1691903
1787497421.532329 2569233 2147387 2996 1589 0 2565247 0 1691903
1787497422.532317 2569233 2147387 2996 1589 0 2565247 0 1691903
1787497423.532148 2569233 2147387 2996 1589 0 2565247 0 1691903
1787497424.532179 2569233 2147387 2996 1589 0 2565247 0 1691903
1787497425.532181 2569233 2147387 2996 1589 0 2565247 0 1691903
1787497426.532152 2569233 2147387 2996 1589 0 2565247 0 1691903
1787497427.532865 2569233 2147387 2996 1589 0 2565247 0 1691903
1787497428.532112 2569233 2147387 2996 1589 0 2565247 0 1691903
1787497429.532223 2569233 2147387 2996 1589 0 2565247 0 1691903
1787497430.532183 2569233 2147387 2996 1589 0 2565247 0 1691903
1787497431.532709 2569233 2147387 2996 1589 0 2565247 0 1691903
1787497432.532324 2569233 2147387 2996 1589 0 2565247 0 1691903
1787497433.532219 2569233 2147387 2996 1589 0 2565247 0 1691903
1787497434.532302 2569233 2147387 2996 1589 0 2565247 0 1691903
1787497435.532180 2569233 2147387 2996 1589 0 2565247 0 1691903
1787497436.532165 2569233 2147387 2996 1589 0 2565247 0 1691903
1787497437.532174 2569233 2147387 2996 1589 0 2565247 0 1691903
1787497438.532048 2569233 2147387 2996 1589 0 2565247 0 1691903
1787497439.532130 2569233 2147387 2996 1589 0 2565247 0 1691903
1787497440.531984 2569233 2147387 2996 1589 0 2565247 0 1691903
1787497441.532145 2569233 2147387 2996 1589 0 2565247 0 1691903
1787497442.532195 2569233 2147387 2996 1589 0 2565247 0 1691903
1787497443.532174 2569233 2147387 2996 1589 0 2565247 0 1691903
1787497444.532183 2569233 2147387 2996 1589 0 2565247 0 1691903
1787497445.532162 2569233 2147387 2996 1589 0 2565247 0 1691903
1787497446.532173 2569233 2147387 2996 1589 0 2565247 0 1691903
1787497447.532287 2569233 2147387 2996 1589 0 2565247 0 1691903
1787497448.532190 2569233 2147387 2996 1589 0 2565247 0 1691903
1787497449.532096 2569233 2147387 2996 1589 0 2565247 0 1691903
1787497450.532098 2569233 2147387 2996 1589 0 2565247 0 1691903
1787497451.532100 2569233 2147387 2996 1589 0 2565247 0 1691903
1787497452.532206 2569233 2147387 2996 1589 0 2565247 0 1691903
1787497453.532149 2569233 2147387 2996 1589 0 2565247 0 1691903
1787497454.532146 2569233 2147387 2996 1589 0 2565247 0 1691903
1787497455.532328 2569233 2147387 2996 1589 0 2565247 0 1691903
1787497456.532289 2569233 2147387 2996 1589 0 2565247 0 1691903
1787497457.532191 2569233 2147387 2996 1589 0 2565247 0 1691903
1787497458.532098 2569233 2147387 2996 1589 0 2565247 0 1691903
1787497459.532639 2569233 2147387 2996 1589 0 2565247 0 1691903
1787497460.532350 2569233 2147387 2996 1589 0 2565247 0 1691903
1787497461.532244 2569233 2147387 2996 1589 0 2565247 0 1691903
1787497462.532254 2569233 2147387 2996 1589 0 2565247 0 1691903
1787497463.532168 2569233 2147387 2996 1589 0 2565247 0 1691903
1787497464.532227 2569233 2147387 2996 1589 0 2565247 0 1691903
1787497465.532104 2569233 2147387 2996 1589 0 2565247 0 1691903
1787497466.532152 2569233 2147387 2996 1589 0 2565247 0 1691903
1787497467.532163 2569233 2147387 2996 1589 0 2565247 0 1691903
1787497468.532124 2569233 2147387 2996 1589 0 2565247 0 1691903
1787497469.532144 2569233 2147387 2996 1589 0 2565247 0 1691903
1787497470.532141 2569233 2147387 2996 1589 0 2565247 0 1691903
1787497471.532186 2569233 2147387 2996 1589 0 2565247 0 1691903
1787497472.532216 2569233 2147387 2996 1589 0 2565247 0 1691903
1787497473.532173 2569233 2147387 2996 1589 0 2565247 0 1691903
1787497474.532215 2569233 2147387 2996 1589 0 2565247 0 1691903
1787497475.532214 2569233 2147387 2996 1589 0 2565247 0 1691903
1787497476.532179 2569233 2147387 2996 1589 0 2565247 0 1691903
1787497477.532849 2569233 2147387 2996 1589 0 2565247 0 1691903
1787497478.532190 2569233 2147387 2996 1589 0 2565247 0 1691903
1787497479.532230 2569233 2147387 2996 1589 0 2565247 0 1691903
1787497480.532372 2569233 2147387 2996 1589 0 2565247 0 1691903
1787497481.532167 2569233 2147387 2996 1589 0 2565247 0 1691903
1787497482.532352 2569233 2147387 2996 1589 0 2565247 0 1691903
1787497483.532205 2569233 2147387 2996 1589 0 2565247 0 1691903
1787497484.532251 2569233 2147387 2996 1589 0 2565247 0 1691903
1787497485.532149 2569233 2147387 2996 1589 0 2565247 0 1691903
1787497486.532187 2569233 2147387 2996 1589 0 2565247 0 1691903
1787497487.532374 2569233 2147387 2996 1589 0 2565247 0 1691903
1787497488.532019 2569233 2147387 2996 1589 0 2565247 0 1691903
1787497489.532228 2569233 2147387 2996 1589 0 2565247 0 1691903
1787497490.532264 2569233 2147387 2996 1589 0 2565247 0 1691903
1787497491.532193 2569233 2147387 2996 1589 0 2565247 0 1691903
1787497492.532331 2569233 2147387 2996 1589 0 2565247 0 1691903
1787497493.532139 2569233 2147387 2996 1589 0 2565247 0 1691903
1787497494.532141 2569233 2147387 2996 1589 0 2565247 0 1691903
1787497495.532158 2569233 2147387 2996 1589 0 2565247 0 1691903
1787497496.532250 2569233 2147387 2996 1589 0 2565247 0 1691903
1787497497.532478 2569233 2147387 2996 1589 0 2565247 0 1691903
1787497498.532428 2569233 2147387 2996 1589 0 2565247 0 1691903
1787497499.532106 2569233 2147387 2996 1589 0 2565247 0 1691903
1787497500.532025 2569233 2147387 2996 1589 0 2565247 0 1691903
1787497501.532214 2569233 2147387 2996 1589 0 2565247 0 1691903
1787497502.532245 2569233 2147387 2996 1589 0 2565247 0 1691903
1787497503.532299 2569233 2147387 2996 1589 0 2565247 0 1691903
1787497504.532085 2569233 2147387 2996 1589 0 2565247 0 1691903
1787497505.532017 2569233 2147387 2996 1589 0 2565247 0 1691903
1787497506.532253 2569233 2147387 2996 1589 0 2565247 0 1691903
1787497507.532249 2569233 2147387 2996 1589 0 2565247 0 1691903
1787497508.532105 2569233 2147387 2996 1589 0 2565247 0 1691903
1787497509.532149 2569233 2147387 2996 1589 0 2565247 0 1691903
1787497510.532151 2569233 2147387 2996 1589 0 2565247 0 1691903
1787497511.532119 2569233 2147387 2996 1589 0 2565247 0 1691903
1787497512.532171 2569233 2147387 2996 1589 0 2565247 0 1691903
1787497513.531944 2569233 2147387 2996 1589 0 2565247 0 1691903
1787497514.532206 2569233 2147387 2996 1589 0 2565247 0 1691903
1787497515.532144 2569233 2147387 2996 1589 0 2565247 0 1691903
1787497516.532175 2569233 2147387 2996 1589 0 2565247 0 1691903
1787497517.532210 2569233 2147387 2996 1589 0 2565247 0 1691903
1787497518.532141 2569233 2147387 2996 1589 0 2565247 0 1691903
1787497519.532197 2569233 2147387 2996 1589 0 2565247 0 1691903
1787497520.532215 2569233 2147387 2996 1589 0 2565247 0 1691903
1787497521.532185 2569233 2147387 2996 1589 0 2565247 0 1691903
1787497522.532114 2569233 2147387 2996 1589 0 2565247 0 1691903
1787497523.532164 2569233 2147387 2996 1589 0 2565247 0 1691903
1787497524.532742 2569233 2147387 2996 1589 0 2565247 0 1691903
1787497525.532065 2569233 2147387 2996 1589 0 2565247 0 1691903
1787497526.532209 2569233 2147387 2996 1589 0 2565247 0 1691903
1787497527.532204 2569233 2147387 2996 1589 0 2565247 0 1691903
1787497528.532233 2569233 2147387 2996 1589 0 2565247 0 1691903
1787497529.532209 2569233 2147387 2996 1589 0 2565247 0 1691903
1787497530.532250 2569233 2147387 2996 1589 0 2565247 0 1691903
1787497531.532177 2569233 2147387 2996 1589 0 2565247 0 1691903
1787497532.532764 2569233 2147387 2996 1589 0 2565247 0 1691903
1787497533.532171 2569233 2147387 2996 1589 0 2565247 0 1691903
1787497534.532197 2569233 2147387 2996 1589 0 2565247 0 1691903
1787497535.532409 2569233 2147387 2996 1589 0 2565247 0 1691903
1787497536.532140 2569233 2147387 2996 1589 0 2565247 0 1691903
1787497537.532370 2569233 2147387 2996 1589 0 2565247 0 1691903
1787497538.532136 2569233 2147387 2996 1589 0 2565247 0 1691903
1787497539.532141 2569233 2147387 2996 1589 0 2565247 0 1691903
1787497540.531955 2569233 2147387 2996 1589 0 2565247 0 1691903
1787497541.532228 2569233 2147387 2996 1589 0 2565247 0 1691903
1787497542.532246 2569233 2147387 2996 1589 0 2565247 0 1691903
1787497543.532181 2569233 2147387 2996 1589 0 2565247 0 1691903
1787497544.532173 2569233 2147387 2996 1589 0 2565247 0 1691903
1787497545.532265 2569233 2147387 2996 1589 0 2565247 0 1691903
1787497546.532135 2569233 2147387 2996 1589 0 2565247 0 1691903
1787497547.532195 2569233 2147387 2996 1589 0 2565247 0 1691903
1787497548.532180 2569233 2147387 2996 1589 0 2565247 0 1691903
1787497549.532164 2569233 2147387 2996 1589 0 2565247 0 1691903
1787497550.532287 2569233 2147387 2996 1589 0 2565247 0 1691903
1787497551.532123 2569233 2147387 2996 1589 0 2565247 0 1691903
1787497552.532278 2569233 2147387 2996 1589 0 2565247 0 1691903
1787497553.532011 2569233 2147387 2996 1589 0 2565247 0 1691903
1787497554.532280 2569233 2147387 2996 1589 0 2565247 0 1691903
1787497555.533378 2569233 2147387 2996 1589 0 2565247 0 1691903
1787497556.532198 2569233 2147387 2996 1589 0 2565247 0 1691903
1787497557.532294 2569233 2147387 2996 1589 0 2565247 0 1691903
1787497558.532334 2569233 2147387 2996 1589 0 2565247 0 1691903
1787497559.532217 2569233 2147387 2996 1589 0 2565247 0 1691903
1787497560.532267 2569233 2147387 2996 1589 0 2565247 0 1691903
1787497561.532139 2569233 2147387 2996 1589 0 2565247 0 1691903
1787497562.532195 2569233 2147387 2996 1589 0 2565247 0 1691903
1787497563.532139 2569233 2147387 2996 1589 0 2565247 0 1691903
1787497564.532181 2569233 2147387 2996 1589 0 2565247 0 1691903
1787497565.532195 2569233 2147387 2996 1589 0 2565247 0 1691903
1787497566.532131 2569233 2147387 2996 1589 0 2565247 0 1691903
1787497567.532197 2569233 2147387 2996 1589 0 2565247 0 1691903
1787497568.532156 2569233 2147387 2996 1589 0 2565247 0 1691903
1787497569.532233 2569233 2147387 2996 1589 0 2565247 0 1691903
1787497570.532159 2569233 2147387 2996 1589 0 2565247 0 1691903
1787497571.532134 2569233 2147387 2996 1589 0 2565247 0 1691903
1787497572.532510 2569233 2147387 2996 1589 0 2565247 0 1691903
1787497573.532189 2569233 2147387 2996 1589 0 2565247 0 1691903
1787497574.532135 2569233 2147387 2996 1589 0 2565247 0 1691903
1787497575.532193 2569233 2147387 2996 1589 0 2565247 0 1691903
1787497576.532151 2569233 2147387 2996 1589 0 2565247 0 1691903
1787497577.532169 2569233 2147387 2996 1589 0 2565247 0 1691903
1787497578.532151 2569233 2147387 2996 1589 0 2565247 0 1691903
1787497579.532181 2569233 2147387 2996 1589 0 2565247 0 1691903
1787497580.532197 2569233 2147387 2996 1589 0 2565247 0 1691903
1787497581.532135 2569233 2147387 2996 1589 0 2565247 0 1691903
1787497582.532194 2569233 2147387 2996 1589 0 2565247 0 1691903
1787497583.532209 2569233 2147387 2996 1589 0 2565247 0 1691903
1787497584.532228 2569233 2147387 2996 1589 0 2565247 0 1691903
1787497585.532334 2569233 2147387 2996 1589 0 2565247 0 1691903
1787497586.532200 2569233 2147387 2996 1589 0 2565247 0 1691903
1787497587.532165 2569233 2147387 2996 1589 0 2565247 0 1691903
1787497588.532182 2569233 2147387 2996 1589 0 2565247 0 1691903
1787497589.532195 2569233 2147387 2996 1589 0 2565247 0 1691903
1787497590.532282 2569233 2147387 2996 1589 0 2565247 0 1691903
1787497591.532267 2569233 2147387 2996 1589 0 2565247 0 1691903
1787497592.532258 2569233 2147387 2996 1589 0 2565247 0 1691903
1787497593.532203 2569233 2147387 2996 1589 0 2565247 0 1691903
1787497594.532222 2569233 2147387 2996 1589 0 2565247 0 1691903
1787497595.532236 2569233 2147387 2996 1589 0 2565247 0 1691903
1787497596.532220 2569233 2147387 2996 1589 0 2565247 0 1691903
1787497597.532257 2569233 2147387 2996 1589 0 2565247 0 1691903
1787497598.532242 2569233 2147387 2996 1589 0 2565247 0 1691903
1787497599.532211 2569233 2147387 2996 1589 0 2565247 0 1691903
1787497600.532212 2569233 2147387 2996 1589 0 2565247 0 1691903
1787497601.532208 2569233 2147387 2996 1589 0 2565247 0 1691903
1787497602.532077 2569233 2147387 2996 1589 0 2565247 0 1691903
1787497603.532222 2569233 2147387 2996 1589 0 2565247 0 1691903
1787497604.532186 2569233 2147387 2996 1589 0 2565247 0 1691903
1787497605.532282 2569233 2147387 2996 1589 0 2565247 0 1691903
1787497606.532173 2569233 2147387 2996 1589 0 2565247 0 1691903
1787497607.533593 2569233 2147387 2996 1589 0 2565247 0 1691903
1787497608.532184 2569233 2147387 2996 1589 0 2565247 0 1691903
1787497609.532158 2569233 2147387 2996 1589 0 2565247 0 1691903
1787497610.532350 2569233 2147387 2996 1589 0 2565247 0 1691903
1787497611.532337 2569233 2147387 2996 1589 0 2565247 0 1691903
1787497612.532169 2569233 2147387 2996 1589 0 2565247 0 1691903
1787497613.532169 2569233 2147387 2996 1589 0 2565247 0 1691903
1787497614.532152 2569233 2147387 2996 1589 0 2565247 0 1691903
1787497615.532399 2569233 2147387 2996 1589 0 2565247 0 1691903
1787497616.532236 2569233 2147387 2996 1589 0 2565247 0 1691903
1787497617.532155 2569233 2147387 2996 1589 0 2565247 0 1691903
1787497618.532123 2569233 2147387 2996 1589 0 2565247 0 1691903
1787497619.532116 2569233 2147387 2996 1589 0 2565247 0 1691903
1787497620.532913 2569233 2147387 2996 1589 0 2565247 0 1691903
1787497621.532206 2569233 2147387 2996 1589 0 2565247 0 1691903
1787497622.532219 2569233 2147387 2996 1589 0 2565247 0 1691903
1787497623.532220 2569233 2147387 2996 1589 0 2565247 0 1691903
1787497624.532336 2569233 2147387 2996 1589 0 2565247 0 1691903
1787497625.532317 2569233 2147387 2996 1589 0 2565247 0 1691903
1787497626.532017 2569233 2147387 2996 1589 0 2565247 0 1691903
1787497627.532255 2569233 2147387 2996 1589 0 2565247 0 1691903
1787497628.532742 2569233 2147387 2996 1589 0 2565247 0 1691903
1787497629.532220 2569233 2147387 2996 1589 0 2565247 0 1691903
1787497630.536892 2569233 2147387 2996 1589 0 2565247 0 1691903
1787497631.532251 2569233 2147387 2996 1589 0 2565247 0 1691903
1787497632.532258 2569233 2147387 2996 1589 0 2565247 0 1691903
1787497633.532190 2569233 2147387 2996 1589 0 2565247 0 1691903
1787497634.532304 2569233 2147387 2996 1589 0 2565247 0 1691903
1787497635.532268 2569233 2147387 2996 1589 0 2565247 0 1691903
1787497636.533230 2569233 2147387 2996 1589 0 2565247 0 1691903
1787497637.532322 2569233 2147387 2996 1589 0 2565247 0 1691903
1787497638.532221 2569233 2147387 2996 1589 0 2565247 0 1691903
1787497639.532179 2569233 2147387 2996 1589 0 2565247 0 1691903
1787497640.532763 2569233 2147387 2996 1589 0 2565247 0 1691903
1787497641.532032 2569233 2147387 2996 1589 0 2565247 0 1691903
1787497642.532399 2569233 2147387 2996 1589 0 2565247 0 1691903
1787497643.532164 2569233 2147387 2996 1589 0 2565247 0 1691903
1787497644.532154 2569233 2147387 2996 1589 0 2565247 0 1691903
1787497645.532259 2569233 2147387 2996 1589 0 2565247 0 1691903
1787497646.532140 2569233 2147387 2996 1589 0 2565247 0 1691903
1787497647.532183 2569233 2147387 2996 1589 0 2565247 0 1691903
1787497648.532349 2569233 2147387 2996 1589 0 2565247 0 1691903
1787497649.532133 2569233 2147387 2996 1589 0 2565247 0 1691903
1787497650.532234 2569233 2147387 2996 1589 0 2565247 0 1691903
1787497651.532174 2569233 2147387 2996 1589 0 2565247 0 1691903
1787497652.532179 2569233 2147388 2996 1589 0 2565247 0 1691903
1787497653.532181 2569233 2147388 2996 1589 0 2565247 0 1691903
1787497654.532502 2569233 2147388 2996 1589 0 2565247 0 1691903
1787497655.532238 2569233 2147388 2996 1589 0 2565247 0 1691903
1787497656.532221 2569233 2147388 2996 1589 0 2565247 0 1691903
1787497657.532316 2569233 2147388 2996 1589 0 2565247 0 1691903
1787497658.532297 2569233 2147388 2996 1589 0 2565247 0 1691903
1787497659.532212 2569233 2147388 2996 1589 0 2565247 0 1691903
1787497660.532289 2569233 2147388 2996 1589 0 2565247 0 1691903
1787497661.532216 2569233 2147389 2996 1589 0 2565247 0 1691903
1787497662.532231 2569233 2147389 2996 1589 0 2565247 0 1691903
1787497663.532252 2569233 2147389 2996 1589 0 2565247 0 1691903
1787497664.532241 2569233 2147389 2996 1589 0 2565247 0 1691903
1787497665.532273 2569233 2147389 2996 1589 0 2565247 0 1691903
1787497666.532226 2569233 2147389 2996 1589 0 2565247 0 1691903
1787497667.532289 2569233 2147389 2996 1589 0 2565247 0 1691903
1787497668.532389 2569233 2147389 2996 1589 0 2565247 0 1691903
1787497669.532273 2569233 2147389 2996 1589 0 2565247 0 1691903
1787497670.532342 2569233 2147389 2996 1589 0 2565247 0 1691903
1787497671.532250 2569233 2147389 2996 1589 0 2565247 0 1691903
1787497672.532354 2569233 2147389 2996 1589 0 2565247 0 1691903
1787497673.532198 2569233 2147389 2996 1589 0 2565247 0 1691903
1787497674.532156 2569233 2147389 2996 1589 0 2565247 0 1691903
1787497675.532312 2569233 2147389 2996 1589 0 2565247 0 1691903
1787497676.532306 2569233 2147389 2996 1589 0 2565247 0 1691903
1787497677.532214 2569233 2147389 2996 1589 0 2565247 0 1691903
1787497678.532253 2569233 2147389 2996 1589 0 2565247 0 1691903
1787497679.532246 2569233 2147389 2996 1589 0 2565247 0 1691903
1787497680.532125 2569233 2147389 2996 1589 0 2565247 0 1691903
1787497681.532092 2569233 2147389 2996 1589 0 2565247 0 1691903
1787497682.532212 2569233 2147389 2996 1589 0 2565247 0 1691903
1787497683.532139 2569233 2147389 2996 1589 0 2565247 0 1691903
1787497684.533193 2569233 2147389 2996 1589 0 2565247 0 1691903
1787497685.532198 2569233 2147389 2996 1589 0 2565247 0 1691903
1787497686.532091 2569233 2147390 2996 1589 0 2565247 0 1691903
1787497687.535183 2569233 2147390 2996 1589 0 2565247 0 1691903
1787497688.532146 2569233 2147390 2996 1589 0 2565247 0 1691920
1787497689.532130 2569233 2147390 2996 1589 0 2565247 0 1691920
1787497690.532055 2569233 2147390 2996 1589 0 2565247 0 1691920
1787497691.532392 2569233 2147390 2996 1589 0 2565247 0 1691920
1787497692.532177 2569233 2147390 2996 1589 0 2565247 0 1691920
1787497693.532359 2569233 2147390 2996 1589 0 2565247 0 1691920
1787497694.532244 2569233 2147390 2996 1589 0 2565247 0 1691920
1787497695.532211 2569233 2147390 2996 1589 0 2565247 0 1691920
1787497696.532110 2569233 2147390 2996 1589 0 2565247 0 1691920
1787497697.532298 2569233 2147390 2996 1589 0 2565247 0 1691920
1787497698.532008 2569233 2147390 2996 1589 0 2565247 0 1691920
1787497699.532261 2569233 2147390 2996 1589 0 2565247 0 1691920
1787497700.532431 2569233 2147390 2996 1589 0 2565247 0 1691920
1787497701.532257 2569233 2147390 2996 1589 0 2565247 0 1691920
1787497702.532157 2569233 2147390 2996 1589 0 2565247 0 1691920
1787497703.532197 2569233 2147390 2996 1589 0 2565247 0 1691920
1787497704.532223 2569233 2147390 2996 1589 0 2565247 0 1691920
1787497705.532233 2569233 2147390 2996 1589 0 2565247 0 1691920
1787497706.532810 2569233 2147390 2996 1589 0 2565247 0 1691920
1787497707.532229 2569233 2147390 2996 1589 0 2565247 0 1691920
1787497708.532202 2569233 2147390 2996 1589 0 2565247 0 1691920
1787497709.532190 2569233 2147390 2996 1589 0 2565247 0 1691920
1787497710.532284 2569233 2147390 2996 1589 0 2565247 0 1691920
1787497711.532266 2569233 2147390 2996 1589 0 2565247 0 1691920
1787497712.532210 2569233 2147390 2996 1589 0 2565247 0 1691920
1787497713.532112 2569233 2147390 2996 1589 0 2565247 0 1691920
1787497714.532237 2569233 2147390 2996 1589 0 2565247 0 1691920
1787497715.532221 2569233 2147390 2996 1589 0 2565247 0 1691920
1787497716.532167 2569233 2147390 2996 1589 0 2565247 0 1691920
1787497717.532225 2569233 2147390 2996 1589 0 2565247 0 1691920
1787497718.532210 2569233 2147390 2996 1589 0 2565247 0 1691920
1787497719.532153 2569233 2147390 2996 1589 0 2565247 0 1691920
1787497720.532276 2569233 2147390 2996 1589 0 2565247 0 1691920
1787497721.532385 2569233 2147390 2996 1589 0 2565247 0 1691920
1787497722.532193 2569233 2147390 2996 1589 0 2565247 0 1691920
1787497723.532202 2569233 2147390 2996 1589 0 2565247 0 1691920
1787497724.532181 2569233 2147390 2996 1589 0 2565247 0 1691920
1787497725.532189 2569233 2147390 2996 1589 0 2565247 0 1691920
1787497726.532156 2569233 2147390 2996 1589 0 2565247 0 1691920
1787497727.532159 2569233 2147390 2996 1589 0 2565247 0 1691920
1787497728.532174 2569233 2147390 2996 1589 0 2565247 0 1691920
1787497729.532065 2569233 2147390 2996 1589 0 2565247 0 1691920
1787497730.532343 2569233 2147390 2996 1589 0 2565247 0 1691920
1787497731.532380 2569233 2147390 2996 1589 0 2565247 0 1691920
1787497732.533339 2569233 2147390 2996 1589 0 2565247 0 1691920
1787497733.532280 2569233 2147390 2996 1589 0 2565247 0 1691920
1787497734.532160 2569233 2147390 2996 1589 0 2565247 0 1691920
1787497735.532143 2569233 2147390 2996 1589 0 2565247 0 1691920
1787497736.532145 2569233 2147390 2996 1589 0 2565247 0 1691920
1787497737.532126 2569233 2147390 2996 1589 0 2565247 0 1691920
1787497738.532105 2569233 2147390 2996 1589 0 2565247 0 1691920
1787497739.532135 2569233 2147390 2996 1589 0 2565247 0 1691920
1787497740.532289 2569233 2147390 2996 1589 0 2565247 0 1691920
1787497741.532828 2569233 2147390 2996 1589 0 2565247 0 1691920
1787497742.532694 2569233 2147390 2996 1589 0 2565247 0 1691920
1787497743.532133 2569233 2147390 2996 1589 0 2565247 0 1691920
1787497744.532075 2569233 2147390 2996 1589 0 2565247 0 1691920
1787497745.532121 2569233 2147390 2996 1589 0 2565247 0 1691920
1787497746.532677 2569233 2147390 2996 1589 0 2565247 0 1691920
1787497747.532079 2569233 2147390 2996 1589 0 2565247 0 1691920
1787497748.532112 2569233 2147390 2996 1589 0 2565247 0 1691920
1787497749.544229 2569233 2147388 2994 1589 0 2565247 0 1691919
1787497750.532045 2569233 2147388 2994 1589 0 2565247 0 1691919
1787497751.532091 2569233 2147388 2994 1589 0 2565247 0 1691919
1787497752.531959 2569233 2147388 2994 1589 0 2565247 0 1691919
1787497753.532133 2569233 2147388 2994 1589 0 2565247 0 1691919
1787497754.531820 2569233 2147388 2994 1589 0 2565247 0 1691919
1787497755.532020 2569233 2147388 2994 1589 0 2565247 0 1691919
1787497756.532166 2569233 2147388 2994 1589 0 2565247 0 1691919
1787497757.534594 2569233 2147388 2994 1589 0 2565247 0 1691919
1787497758.532172 2569233 2147388 2994 1589 0 2565247 0 1691919
1787497759.532196 2569233 2147388 2994 1589 0 2565247 0 1691919
1787497760.532253 2569233 2147388 2994 1589 0 2565247 0 1691919
1787497761.532158 2569233 2147388 2994 1589 0 2565247 0 1691919
1787497762.532318 2569233 2147388 2994 1589 0 2565247 0 1691919
1787497763.532122 2569233 2147388 2994 1589 0 2565247 0 1691919
1787497764.531905 2569233 2147388 2994 1589 0 2565247 0 1691919
1787497765.531905 2569233 2147388 2994 1589 0 2565247 0 1691919
1787497766.532133 2569233 2147388 2994 1589 0 2565247 0 1691919
1787497767.531942 2569233 2147388 2994 1589 0 2565247 0 1691919
1787497768.532047 2569233 2147388 2994 1589 0 2565247 0 1691919
1787497769.532165 2569233 2147388 2994 1589 0 2565247 0 1691919
1787497770.532174 2569233 2147388 2994 1589 0 2565247 0 1691919
1787497771.531919 2569233 2147388 2994 1589 0 2565247 0 1691919
1787497772.532030 2569233 2147388 2994 1589 0 2565247 0 1691919
1787497773.532126 2569233 2147289 2895 1589 0 2565247 0 1691919
1787497774.531928 2569233 2147289 2895 1589 0 2565247 0 1691919
1787497775.532205 2569233 2147289 2895 1589 0 2565247 0 1691919
1787497776.532113 2569233 2147289 2895 1589 0 2565247 0 1691919
1787497777.531995 2569233 2147289 2895 1589 0 2565247 0 1691919
1787497778.532179 2569233 2147289 2895 1589 0 2565247 0 1691919
1787497779.532175 2569233 2147289 2895 1589 0 2565247 0 1691919
1787497780.532217 2569233 2147289 2895 1589 0 2565247 0 1691919
1787497781.532177 2569233 2147289 2895 1589 0 2565247 0 1691919
1787497782.532148 2569233 2147289 2895 1589 0 2565247 0 1691919
1787497783.532120 2569233 2147289 2895 1589 0 2565247 0 1691919
1787497784.532130 2569233 2147289 2895 1589 0 2565247 0 1691919
1787497785.532139 2569233 2147289 2895 1589 0 2565247 0 1691919
1787497786.531934 2569233 2147289 2895 1589 0 2565247 0 1691919
1787497787.532294 2569233 2147289 2895 1589 0 2565247 0 1691919
1787497788.532182 2569233 2147289 2895 1589 0 2565247 0 1691919
1787497789.532100 2569233 2147289 2895 1589 0 2565247 0 1691919
