# start_epoch=1789224735.094913  page_size=4096  cachestat=ok  fields=size,resident,shared,text,lib,data,dt,pagecache
1789224736.096986 53260 30014 2673 1589 0 49279 0 31313
1789224737.098036 59148 31847 2737 1589 0 55167 0 51277
1789224738.098928 59148 34159 2737 1589 0 55167 0 67501
1789224739.102636 59148 34159 2801 1589 0 55167 0 79020
1789224740.107421 59788 33912 2817 1589 0 55807 0 106243
1789224741.100474 60556 33498 2817 1589 0 56575 0 98441
1789224742.100093 60556 33474 2818 1589 0 56575 0 91806
1789224743.100769 60556 34184 2818 1589 0 56575 0 104075
1789224744.103858 60556 30705 2818 1589 0 56575 0 134367
1789224745.103837 60556 36178 2818 1589 0 56575 0 146638
1789224746.116335 60556 36249 2818 1589 0 56575 0 169780
1789224747.102620 60556 33453 2818 1589 0 56575 0 138598
1789224748.103316 60556 37046 2818 1589 0 56575 0 150868
1789224749.106933 60556 32451 2818 1589 0 56575 0 199183
1789224750.108853 67596 37269 2818 1589 0 63615 0 230499
1789224751.108395 67596 32374 2818 1589 0 63615 0 223722
1789224752.104110 67596 35228 2818 1589 0 63615 0 197153
1789224753.108208 67596 34719 2818 1589 0 63615 0 245469
1789224754.109151 67596 39037 2818 1589 0 63615 0 257740
1789224755.111689 67596 35207 2818 1589 0 63615 0 288422
1789224756.110744 67596 39014 2818 1589 0 63615 0 266179
1789224757.113064 67596 36331 2818 1589 0 63615 0 314749
1789224758.113815 68620 37881 2818 1589 0 64639 0 328042
1789224759.114371 68620 38310 2818 1589 0 64639 0 342614
1789224760.113732 68620 39527 2818 1589 0 64639 0 335549
1789224761.114204 68620 39709 2818 1589 0 64639 0 348843
1789224762.115785 68620 41104 2818 1589 0 64639 0 378666
1789224763.116805 68620 42179 2818 1589 0 64639 0 391705
1789224764.116238 68620 36216 2818 1589 0 64639 0 386449
1789224765.116878 69516 40363 2818 1589 0 65535 0 398719
1789224766.116341 69516 39654 2818 1589 0 65535 0 388619
1789224767.116846 69516 36144 2818 1589 0 65535 0 400889
1789224768.117151 69516 37994 2818 1589 0 65535 0 407643
1789224769.118998 69516 37987 2818 1589 0 65535 0 440453
1789224770.119618 70796 39231 2818 1589 0 66815 0 452724
1789224771.120176 70796 41099 2818 1589 0 66815 0 464995
1789224772.120802 70796 40476 2818 1589 0 66815 0 477264
1789224773.121521 70796 35140 2818 1589 0 66815 0 489535
1789224774.120940 70796 41060 2818 1589 0 66815 0 475845
1789224775.121429 71820 39540 2818 1589 0 67839 0 488114
1789224776.121950 71820 41588 2818 1589 0 67839 0 500384
1789224777.123476 71820 41622 2818 1589 0 67839 0 525605
1789224778.125573 71820 38988 2818 1589 0 67839 0 539506
1789224779.128443 71820 41549 2818 1589 0 67839 0 572358
1789224780.128661 71820 38687 2818 1589 0 67839 0 582812
1789224781.129116 71820 41300 2818 1589 0 67839 0 600653
1789224782.129531 71820 41195 2818 1589 0 67839 0 614540
1789224783.130381 71820 41589 2818 1589 0 67839 0 627067
1789224784.130709 71820 44255 2818 1589 0 67839 0 641639
1789224785.129654 71820 43543 2818 1589 0 67839 0 626531
1789224786.128260 71820 43874 2818 1589 0 67839 0 612120
1789224787.129481 71820 41402 2818 1589 0 67839 0 628219
1789224788.130189 71820 43297 2818 1589 0 67839 0 640491
1789224789.130818 71820 41096 2818 1589 0 67839 0 652761
1789224790.132208 71820 44742 2818 1589 0 67839 0 677056
1789224791.132473 71820 41958 2818 1589 0 67839 0 689326
1789224792.131540 71820 41694 2818 1589 0 67839 0 677319
1789224793.133831 71820 42143 2818 1589 0 67839 0 713868
1789224794.132867 71820 41811 2818 1589 0 67839 0 708441
1789224795.129419 71820 43396 2818 1589 0 67839 0 738408
1789224796.129163 71820 43288 2818 1589 0 67839 0 738409
1789224797.129476 71820 43393 2818 1589 0 67839 0 738410
1789224798.140516 71820 43535 2818 1589 0 67839 0 767181
1789224799.140493 73356 32684 2818 1589 0 69375 0 788791
1789224800.140332 73356 39524 2818 1589 0 69375 0 765366
1789224801.141159 73356 38233 2818 1589 0 69375 0 773828
1789224802.139550 73356 38759 2818 1589 0 69375 0 746745
1789224803.136352 73356 36005 2818 1589 0 69375 0 710804
1789224804.139393 73356 38399 2818 1589 0 69375 0 746173
1789224805.140119 73356 33067 2818 1589 0 69375 0 758442
1789224806.141425 73356 39516 2818 1589 0 69375 0 780869
1789224807.142250 73356 35296 2818 1589 0 69375 0 793139
1789224808.139399 73356 42470 2818 1589 0 69375 0 805410
1789224809.138840 73356 37872 2818 1589 0 69375 0 816624
1789224810.140350 73356 36193 2818 1589 0 69375 0 829953
1789224811.141269 73356 39593 2818 1589 0 69375 0 842222
1789224812.141594 73356 38222 2818 1589 0 69375 0 854493
1789224813.135220 73356 40336 2818 1589 0 69375 0 866764
1789224814.135203 73356 40336 2818 1589 0 69375 0 866765
1789224815.139284 73356 36582 2818 1589 0 69375 0 815466
1789224816.140589 73356 37442 2818 1589 0 69375 0 819859
1789224817.145954 73356 41377 2818 1589 0 69375 0 870339
1789224818.146228 73356 39349 2818 1589 0 69375 0 878753
1789224819.146161 73356 40455 2818 1589 0 69375 0 888370
1789224820.148236 73356 39676 2818 1589 0 69375 0 915380
1789224821.146926 73356 40181 2818 1589 0 69375 0 911025
1789224822.148521 73356 40641 2818 1589 0 69375 0 942122
1789224823.148304 75148 41155 2818 1589 0 71167 0 954217
1789224824.148890 75148 41196 2818 1589 0 71167 0 953302
1789224825.149491 75148 39962 2818 1589 0 71167 0 978010
1789224826.150185 75148 41135 2818 1589 0 71167 0 990793
1789224827.151746 75148 41462 2818 1589 0 71167 0 1003321
1789224828.141195 75148 37275 2818 1589 0 71167 0 991170
1789224829.138412 75148 37275 2818 1589 0 71167 0 991171
1789224830.150164 75148 37294 2818 1589 0 71167 0 991172
1789224831.146925 75148 38474 2818 1589 0 71167 0 959108
1789224832.147876 75148 42700 2818 1589 0 71167 0 966997
1789224833.153920 75148 43827 2818 1589 0 71167 0 974891
1789224834.154750 75148 41851 2818 1589 0 71167 0 997488
1789224835.154930 75148 41238 2818 1589 0 71167 0 1000903
1789224836.154611 75148 39917 2818 1589 0 71167 0 1000585
1789224837.155315 75148 42533 2818 1589 0 71167 0 1012856
1789224838.156231 75148 40852 2818 1589 0 71167 0 1025126
1789224839.156252 75148 42087 2818 1589 0 71167 0 1037396
1789224840.157523 75148 37976 2818 1589 0 71167 0 1049666
1789224841.158341 75148 43208 2818 1589 0 71167 0 1061936
1789224842.159888 75148 42432 2818 1589 0 71167 0 1090454
1789224843.160425 75148 40880 2818 1589 0 71167 0 1098373
1789224844.148140 75148 44371 2818 1589 0 71167 0 1086480
1789224845.159633 75148 43973 2818 1589 0 71167 0 1086480
1789224846.159404 75148 43975 2818 1589 0 71167 0 1086482
1789224847.158913 75148 45094 2818 1589 0 71167 0 1069604
1789224848.160187 75148 42509 2818 1589 0 71167 0 1072482
1789224849.159722 75148 44987 2818 1589 0 71167 0 1081935
1789224850.158336 75148 38799 2818 1589 0 71167 0 1062818
1789224851.158543 75148 44733 2818 1589 0 71167 0 1067123
1789224852.158975 75148 38361 2818 1589 0 71167 0 1073788
1789224853.159456 75148 42581 2818 1589 0 71167 0 1082046
1789224854.159983 75148 38243 2818 1589 0 71167 0 1090042
1789224855.161446 75148 44432 2818 1589 0 71167 0 1116061
1789224856.163120 75148 44255 2818 1589 0 71167 0 1145344
1789224857.164088 75148 40956 2818 1589 0 71167 0 1153521
1789224858.163032 75148 43688 2818 1589 0 71167 0 1140603
1789224859.163440 75148 40038 2818 1589 0 71167 0 1152874
1789224860.164426 75148 44519 2818 1589 0 71167 0 1165143
1789224861.150292 75148 39085 2818 1589 0 71167 0 1176514
1789224862.150033 75148 38818 2818 1589 0 71167 0 1177414
1789224863.150443 75148 38526 2818 1589 0 71167 0 1177415
1789224864.158271 75148 38712 2818 1589 0 71167 0 1177415
1789224865.167982 75148 40757 2818 1589 0 71167 0 1254884
1789224866.162687 75148 41300 2818 1589 0 71167 0 1163367
1789224867.161785 75148 44669 2818 1589 0 71167 0 1145754
1789224868.161221 75148 37217 2818 1589 0 71167 0 1132055
1789224869.163844 75148 41504 2818 1589 0 71167 0 1156787
1789224870.160677 75148 40217 2818 1589 0 71167 0 1129873
1789224871.161635 75148 41512 2818 1589 0 71167 0 1138183
1789224872.165087 75148 41920 2818 1589 0 71167 0 1177253
1789224873.165400 75148 42180 2818 1589 0 71167 0 1181783
1789224874.166159 75148 42387 2818 1589 0 71167 0 1194054
1789224875.167035 75148 42418 2818 1589 0 71167 0 1215110
1789224876.167910 75148 38548 2818 1589 0 71167 0 1227381
1789224877.168560 75148 44729 2818 1589 0 71167 0 1239651
1789224878.169339 75148 44669 2818 1589 0 71167 0 1251922
1789224879.153344 77196 37039 2818 1589 0 73215 0 1251923
1789224880.150181 77196 36758 2818 1589 0 73215 0 1251923
1789224881.150244 77196 37203 2818 1589 0 73215 0 1251924
1789224882.150100 77196 36744 2818 1589 0 73215 0 1251925
1789224883.150284 77196 36790 2818 1589 0 73215 0 1251926
1789224884.150362 77196 36983 2818 1589 0 73215 0 1251927
1789224885.150247 77196 37002 2818 1589 0 73215 0 1251928
1789224886.161933 77196 37636 2818 1589 0 73215 0 1206944
1789224887.146213 81293 37640 2818 1589 0 77311 0 1163563
1789224888.147299 81293 37611 2818 1589 0 77311 0 1182470
1789224889.146755 81293 37051 2818 1589 0 77311 0 1176723
1789224890.146689 81293 37053 2818 1589 0 77311 0 1166867
1789224891.145356 81293 37062 2818 1589 0 77311 0 1141990
1789224892.145836 81293 36781 2818 1589 0 77311 0 1149196
1789224893.145650 81293 36762 2818 1589 0 77311 0 1147453
1789224894.145404 81293 36765 2818 1589 0 77311 0 1142796
1789224895.145226 81293 36742 2818 1589 0 77311 0 1134817
1789224896.144534 81293 36612 2818 1589 0 77311 0 1125493
1789224897.144192 81293 36709 2818 1589 0 77311 0 1117503
1789224898.144299 81293 36694 2818 1589 0 77311 0 1117504
1789224899.143346 81293 37150 2818 1589 0 77311 0 1094523
1789224900.143689 81293 36930 2818 1589 0 77311 0 1100871
1789224901.145167 81293 37027 2818 1589 0 77311 0 1100872
1789224902.143463 81293 37027 2818 1589 0 77311 0 1092220
1789224903.143058 81293 37027 2818 1589 0 77311 0 1086726
1789224904.142367 81293 37040 2818 1589 0 77311 0 1067545
1789224905.143374 81293 36909 2818 1589 0 77311 0 1095425
1789224906.142946 81293 36550 2818 1589 0 77311 0 1082013
1789224907.143137 81293 36550 2818 1589 0 77311 0 1095427
1789224908.142940 81293 36864 2818 1589 0 77311 0 1090882
1789224909.143203 81293 37319 2818 1589 0 77311 0 1090883
1789224910.141823 81293 37384 2818 1589 0 77311 0 1064728
1789224911.141900 81293 37384 2818 1589 0 77311 0 1064729
1789224912.141305 81293 37100 2818 1589 0 77311 0 1052608
1789224913.141408 81293 36864 2818 1589 0 77311 0 1052609
1789224914.141407 81293 36928 2818 1589 0 77311 0 1052610
1789224915.145774 81293 37170 2818 1589 0 77311 0 1155796
1789224916.145926 81293 37325 2818 1589 0 77311 0 1155797
1789224917.145896 81293 37338 2818 1589 0 77311 0 1155798
1789224918.145969 81293 37243 2818 1589 0 77311 0 1155799
1789224919.145931 81293 37324 2818 1589 0 77311 0 1155800
1789224920.145233 81293 37259 2818 1589 0 77311 0 1140161
1789224921.145862 81293 37259 2818 1589 0 77311 0 1155802
1789224922.145913 81293 37319 2818 1589 0 77311 0 1155803
1789224923.145666 81293 37319 2818 1589 0 77311 0 1155804
1789224924.145776 81293 37319 2818 1589 0 77311 0 1155805
1789224925.145705 81293 37319 2818 1589 0 77311 0 1155806
1789224926.145950 81293 37319 2818 1589 0 77311 0 1155806
1789224927.145870 81293 37193 2818 1589 0 77311 0 1154217
1789224928.139809 83853 38832 2818 1589 0 79871 0 1019197
1789224929.139810 83853 38670 2818 1589 0 79871 0 1019197
1789224930.139632 83853 38670 2818 1589 0 79871 0 1019198
1789224931.139639 83853 38265 2818 1589 0 79871 0 1019200
1789224932.139587 83853 38265 2818 1589 0 79871 0 1019200
1789224933.139568 83853 38265 2818 1589 0 79871 0 1019201
1789224934.140558 83853 37398 2818 1589 0 79871 0 1019202
1789224935.140476 83853 37398 2818 1589 0 79871 0 1019203
1789224936.139745 83853 36251 2818 1589 0 79871 0 1019204
1789224937.139736 83853 36697 2818 1589 0 79871 0 1019205
1789224938.139782 83853 36532 2818 1589 0 79871 0 1019206
1789224939.139702 83853 36373 2818 1589 0 79871 0 1019207
1789224940.138541 83853 38202 2818 1589 0 79871 0 994984
1789224941.138513 83853 38135 2818 1589 0 79871 0 994985
1789224942.138632 83853 38052 2818 1589 0 79871 0 994986
1789224943.138740 83853 38052 2818 1589 0 79871 0 994987
1789224944.138499 83853 38052 2818 1589 0 79871 0 994988
1789224945.138707 83853 37074 2818 1589 0 79871 0 994989
1789224946.138729 83853 36880 2818 1589 0 79871 0 994990
1789224947.138854 83853 36880 2818 1589 0 79871 0 994991
1789224948.138936 83853 36085 2818 1589 0 79871 0 994992
1789224949.138664 83853 36177 2818 1589 0 79871 0 994993
1789224950.138824 83853 36178 2818 1589 0 79871 0 994994
1789224951.137822 88974 51028 2834 1589 0 84991 0 976345
1789224952.138112 234894 176468 2834 1589 0 230911 0 976345
1789224953.137858 363406 302932 2834 1589 0 359423 0 976345
1789224954.138134 489870 429396 2834 1589 0 485887 0 976345
1789224955.138547 676238 556372 2834 1589 0 672255 0 976345
1789224956.138045 796046 679764 2834 1589 0 792063 0 976345
1789224957.138018 927118 805204 2834 1589 0 923135 0 976345
1789224958.137826 1097102 932180 2834 1589 0 1093119 0 976345
1789224959.137818 1104270 1057620 2834 1589 0 1100287 0 976345
1789224960.138049 1304975 1070914 2834 1589 0 1300991 0 976345
1789224961.137906 1304975 1070914 2834 1589 0 1300991 0 976345
1789224962.137833 1304975 1070914 2834 1589 0 1300991 0 976345
1789224963.137901 1304975 1070914 2834 1589 0 1300991 0 976345
1789224964.137902 1304975 1070914 2834 1589 0 1300991 0 976345
1789224965.137786 1309072 1070908 2834 1589 0 1305087 0 976345
1789224966.137827 1309072 1070908 2834 1589 0 1305087 0 976345
1789224967.137747 1309072 1070908 2834 1589 0 1305087 0 976345
1789224968.137875 1309072 1070908 2834 1589 0 1305087 0 976345
1789224969.138032 1309072 1070908 2834 1589 0 1305087 0 976345
1789224970.138057 1309072 1070908 2834 1589 0 1305087 0 976345
1789224971.138136 1313169 1070909 2834 1589 0 1309183 0 976345
1789224972.137974 1313169 1070909 2834 1589 0 1309183 0 976345
1789224973.138018 1313169 1070909 2834 1589 0 1309183 0 976345
1789224974.137957 1313169 1070909 2834 1589 0 1309183 0 976345
1789224975.137786 1313169 1070909 2834 1589 0 1309183 0 976345
1789224976.137889 1313169 1070909 2834 1589 0 1309183 0 976345
1789224977.137848 1313169 1070909 2834 1589 0 1309183 0 976345
1789224978.138052 1313169 1070909 2834 1589 0 1309183 0 976345
1789224979.138049 1313169 1070909 2834 1589 0 1309183 0 976345
1789224980.138041 1313169 1070909 2834 1589 0 1309183 0 976345
1789224981.137915 1313169 1070909 2834 1589 0 1309183 0 976345
1789224982.137927 1313169 1070909 2834 1589 0 1309183 0 976345
1789224983.137865 1313169 1070909 2834 1589 0 1309183 0 976345
1789224984.137897 1313169 1070909 2834 1589 0 1309183 0 976345
1789224985.138026 1313169 1070909 2834 1589 0 1309183 0 976345
1789224986.138186 1313169 1070909 2834 1589 0 1309183 0 976345
1789224987.138006 1313169 1070909 2834 1589 0 1309183 0 976345
1789224988.138147 1313169 1070909 2834 1589 0 1309183 0 976345
1789224989.137850 1313169 1070909 2834 1589 0 1309183 0 976345
1789224990.139101 1313169 1070909 2834 1589 0 1309183 0 976345
1789224991.138059 1313169 1070909 2834 1589 0 1309183 0 976345
1789224992.137992 1313169 1070909 2834 1589 0 1309183 0 976345
1789224993.137978 1313169 1070909 2834 1589 0 1309183 0 976345
1789224994.137859 1313169 1070909 2834 1589 0 1309183 0 976345
1789224995.138113 1313169 1070909 2834 1589 0 1309183 0 976345
1789224996.138083 1313169 1070909 2834 1589 0 1309183 0 976345
1789224997.137984 1313169 1070909 2834 1589 0 1309183 0 976345
1789224998.138158 1313169 1070909 2834 1589 0 1309183 0 976345
1789224999.137766 1313169 1070909 2834 1589 0 1309183 0 976345
1789225000.138089 1313169 1070909 2834 1589 0 1309183 0 976345
1789225001.137755 1313169 1070909 2834 1589 0 1309183 0 976345
1789225002.137897 1313169 1070909 2834 1589 0 1309183 0 976345
1789225003.137878 1313169 1070909 2834 1589 0 1309183 0 976345
1789225004.138213 1313169 1070909 2834 1589 0 1309183 0 976345
1789225005.137806 1313169 1070909 2834 1589 0 1309183 0 976345
1789225006.138161 1313169 1070909 2834 1589 0 1309183 0 976345
1789225007.137786 1313169 1070909 2834 1589 0 1309183 0 976345
1789225008.137938 1313169 1070909 2834 1589 0 1309183 0 976345
1789225009.138047 1313169 1070909 2834 1589 0 1309183 0 976345
1789225010.137975 1313169 1070909 2834 1589 0 1309183 0 976345
1789225011.137979 1313169 1070909 2834 1589 0 1309183 0 976345
1789225012.137855 1313169 1070909 2834 1589 0 1309183 0 976345
1789225013.138972 1313169 1070909 2834 1589 0 1309183 0 976345
1789225014.137971 1313169 1070909 2834 1589 0 1309183 0 976345
1789225015.137978 1313169 1070909 2834 1589 0 1309183 0 976345
1789225016.137923 1313169 1070909 2834 1589 0 1309183 0 976345
1789225017.137900 1313169 1070909 2834 1589 0 1309183 0 976345
1789225018.137869 1313169 1070909 2834 1589 0 1309183 0 976345
1789225019.139049 1313169 1070909 2834 1589 0 1309183 0 976345
1789225020.138060 1313169 1070909 2834 1589 0 1309183 0 976345
1789225021.138089 1313169 1070909 2834 1589 0 1309183 0 976345
1789225022.138047 1313169 1070909 2834 1589 0 1309183 0 976345
1789225023.138175 1313169 1070929 2834 1589 0 1309183 0 976345
1789225024.137826 1313169 1070929 2834 1589 0 1309183 0 976345
1789225025.139064 1313169 1070929 2834 1589 0 1309183 0 976345
1789225026.137983 1313169 1070929 2834 1589 0 1309183 0 976345
1789225027.137840 1313169 1070929 2834 1589 0 1309183 0 976345
1789225028.137903 1313169 1070929 2834 1589 0 1309183 0 976345
1789225029.138040 1313169 1070929 2834 1589 0 1309183 0 976345
1789225030.138062 1313169 1070929 2834 1589 0 1309183 0 976345
1789225031.138463 1313169 1070929 2834 1589 0 1309183 0 976345
1789225032.137956 1313169 1070929 2834 1589 0 1309183 0 976345
1789225033.137972 1313169 1070929 2834 1589 0 1309183 0 976345
1789225034.137940 1313169 1070929 2834 1589 0 1309183 0 976345
1789225035.137913 1313169 1070929 2834 1589 0 1309183 0 976345
1789225036.137857 1313169 1070929 2834 1589 0 1309183 0 976345
1789225037.138022 1313169 1070929 2834 1589 0 1309183 0 976345
1789225038.138082 1313169 1070929 2834 1589 0 1309183 0 976345
1789225039.137973 1313169 1070929 2834 1589 0 1309183 0 976345
1789225040.138103 1313169 1070929 2834 1589 0 1309183 0 976345
1789225041.137970 1313169 1070929 2834 1589 0 1309183 0 976345
1789225042.137968 1313169 1070929 2834 1589 0 1309183 0 976345
1789225043.137732 1313169 1070929 2834 1589 0 1309183 0 976345
1789225044.137835 1313169 1070929 2834 1589 0 1309183 0 976345
1789225045.137739 1313169 1070929 2834 1589 0 1309183 0 976345
1789225046.137834 1313169 1070929 2834 1589 0 1309183 0 976345
1789225047.137953 1313169 1070929 2834 1589 0 1309183 0 976345
1789225048.138080 1313169 1070929 2834 1589 0 1309183 0 976345
1789225049.138005 1313169 1070929 2834 1589 0 1309183 0 976345
1789225050.137940 1313169 1070929 2834 1589 0 1309183 0 976345
1789225051.138034 1313169 1070929 2834 1589 0 1309183 0 976345
1789225052.137927 1313169 1070929 2834 1589 0 1309183 0 976345
1789225053.137815 1313169 1070929 2834 1589 0 1309183 0 976345
1789225054.137865 1313169 1070929 2834 1589 0 1309183 0 976345
1789225055.138142 1313169 1070929 2834 1589 0 1309183 0 976345
1789225056.137908 1313169 1070929 2834 1589 0 1309183 0 976345
1789225057.138048 1313169 1070929 2834 1589 0 1309183 0 976345
1789225058.138128 1313169 1070929 2834 1589 0 1309183 0 976345
1789225059.137982 1313169 1070929 2834 1589 0 1309183 0 976345
1789225060.137986 1313169 1070929 2834 1589 0 1309183 0 976345
1789225061.137916 1313169 1070929 2834 1589 0 1309183 0 976345
1789225062.137953 1313169 1070929 2834 1589 0 1309183 0 976345
1789225063.137974 1313169 1070929 2834 1589 0 1309183 0 976345
1789225064.138221 1313169 1070929 2834 1589 0 1309183 0 976345
1789225065.138150 1313169 1070929 2834 1589 0 1309183 0 976345
1789225066.138040 1313169 1070929 2834 1589 0 1309183 0 976345
1789225067.137960 1313169 1070929 2834 1589 0 1309183 0 976345
1789225068.137980 1313169 1070929 2834 1589 0 1309183 0 976345
1789225069.138055 1313169 1070929 2834 1589 0 1309183 0 976345
1789225070.138021 1313169 1070929 2834 1589 0 1309183 0 976345
1789225071.138001 1313169 1070929 2834 1589 0 1309183 0 976345
1789225072.137858 1313169 1070929 2834 1589 0 1309183 0 976345
1789225073.138076 1313169 1070929 2834 1589 0 1309183 0 976345
1789225074.138128 1313169 1070929 2834 1589 0 1309183 0 976345
1789225075.138005 1313169 1070929 2834 1589 0 1309183 0 976345
1789225076.137871 1313169 1070929 2834 1589 0 1309183 0 976345
1789225077.137960 1313169 1070929 2834 1589 0 1309183 0 976345
1789225078.138151 1313169 1070929 2834 1589 0 1309183 0 976345
1789225079.138027 1313169 1070929 2834 1589 0 1309183 0 976345
1789225080.138269 1313169 1070929 2834 1589 0 1309183 0 976345
1789225081.138260 1313169 1070929 2834 1589 0 1309183 0 976345
1789225082.138506 1313169 1070929 2834 1589 0 1309183 0 976345
1789225083.138060 1313169 1070929 2834 1589 0 1309183 0 976345
1789225084.137960 1313169 1070929 2834 1589 0 1309183 0 976345
1789225085.138107 1313169 1070929 2834 1589 0 1309183 0 976345
1789225086.137837 1313169 1070929 2834 1589 0 1309183 0 976345
1789225087.137951 1313169 1070929 2834 1589 0 1309183 0 976345
1789225088.137921 1313169 1070929 2834 1589 0 1309183 0 976345
1789225089.137937 1313169 1070929 2834 1589 0 1309183 0 976345
1789225090.137774 1313169 1070929 2834 1589 0 1309183 0 976345
1789225091.138206 1313169 1070929 2834 1589 0 1309183 0 976345
1789225092.138105 1313169 1070929 2834 1589 0 1309183 0 976345
1789225093.137797 1313169 1070929 2834 1589 0 1309183 0 976345
1789225094.138005 1313169 1070929 2834 1589 0 1309183 0 976345
1789225095.137973 1313169 1070929 2834 1589 0 1309183 0 976345
1789225096.138054 1313169 1070929 2834 1589 0 1309183 0 976345
1789225097.137957 1313169 1070929 2834 1589 0 1309183 0 976345
1789225098.138153 1313169 1070929 2834 1589 0 1309183 0 976345
1789225099.138106 1313169 1070929 2834 1589 0 1309183 0 976345
1789225100.137980 1313169 1070929 2834 1589 0 1309183 0 976345
1789225101.137758 1313169 1070929 2834 1589 0 1309183 0 976345
1789225102.137815 1313169 1070929 2834 1589 0 1309183 0 976345
1789225103.137951 1313169 1070929 2834 1589 0 1309183 0 976345
1789225104.137841 1313169 1070929 2834 1589 0 1309183 0 976345
1789225105.137860 1313169 1070929 2834 1589 0 1309183 0 976345
1789225106.137817 1313169 1070929 2834 1589 0 1309183 0 976345
1789225107.138099 1313169 1070929 2834 1589 0 1309183 0 976345
1789225108.138057 1313169 1070929 2834 1589 0 1309183 0 976345
1789225109.137893 1313169 1070929 2834 1589 0 1309183 0 976345
1789225110.137680 1313169 1070929 2834 1589 0 1309183 0 976345
1789225111.138018 1313169 1070929 2834 1589 0 1309183 0 976345
1789225112.137893 1313169 1070929 2834 1589 0 1309183 0 976345
1789225113.138003 1313169 1070929 2834 1589 0 1309183 0 976345
1789225114.137866 1313169 1070929 2834 1589 0 1309183 0 976345
1789225115.137810 1313169 1070929 2834 1589 0 1309183 0 976345
1789225116.138037 1313169 1070929 2834 1589 0 1309183 0 976345
1789225117.138005 1313169 1070929 2834 1589 0 1309183 0 976345
1789225118.138043 1313169 1070929 2834 1589 0 1309183 0 976345
1789225119.137985 1313169 1070929 2834 1589 0 1309183 0 976345
1789225120.138033 1313169 1070929 2834 1589 0 1309183 0 976345
1789225121.137952 1313169 1070929 2834 1589 0 1309183 0 976345
1789225122.137874 1313169 1070929 2834 1589 0 1309183 0 976345
1789225123.137920 1313169 1070929 2834 1589 0 1309183 0 976345
1789225124.137900 1313169 1070929 2834 1589 0 1309183 0 976345
1789225125.138085 1313169 1070929 2834 1589 0 1309183 0 976345
1789225126.137835 1313169 1070929 2834 1589 0 1309183 0 976345
1789225127.137990 1313169 1070929 2834 1589 0 1309183 0 976345
1789225128.138181 1313169 1070929 2834 1589 0 1309183 0 976345
1789225129.138273 1313169 1070929 2834 1589 0 1309183 0 976345
1789225130.137954 1313169 1070929 2834 1589 0 1309183 0 976345
1789225131.137987 1313169 1070929 2834 1589 0 1309183 0 976345
1789225132.137919 1313169 1070929 2834 1589 0 1309183 0 976345
1789225133.137909 1313169 1070929 2834 1589 0 1309183 0 976345
1789225134.138092 1313169 1070929 2834 1589 0 1309183 0 976345
1789225135.138071 1313169 1070929 2834 1589 0 1309183 0 976345
1789225136.138035 1313169 1070929 2834 1589 0 1309183 0 976345
1789225137.137976 1313169 1070929 2834 1589 0 1309183 0 976345
1789225138.137965 1313169 1070929 2834 1589 0 1309183 0 976345
1789225139.137906 1313169 1070929 2834 1589 0 1309183 0 976345
1789225140.137935 1313169 1070929 2834 1589 0 1309183 0 976345
1789225141.137919 1313169 1070929 2834 1589 0 1309183 0 976345
1789225142.138041 1313169 1070929 2834 1589 0 1309183 0 976345
1789225143.138023 1313169 1070929 2834 1589 0 1309183 0 976345
1789225144.137987 1313169 1070929 2834 1589 0 1309183 0 976345
1789225145.138006 1313169 1070929 2834 1589 0 1309183 0 976345
1789225146.138004 1313169 1070929 2834 1589 0 1309183 0 976345
1789225147.137942 1313169 1070929 2834 1589 0 1309183 0 976345
1789225148.138023 1313169 1070929 2834 1589 0 1309183 0 976345
1789225149.137889 1313169 1070929 2834 1589 0 1309183 0 976345
1789225150.137882 1313169 1070929 2834 1589 0 1309183 0 976345
1789225151.138111 1313169 1070929 2834 1589 0 1309183 0 976345
1789225152.137910 1313169 1070929 2834 1589 0 1309183 0 976345
1789225153.137979 1313169 1070929 2834 1589 0 1309183 0 976345
1789225154.137871 1313169 1070929 2834 1589 0 1309183 0 976345
1789225155.138034 1313169 1070929 2834 1589 0 1309183 0 976345
1789225156.138572 1313169 1070929 2834 1589 0 1309183 0 976345
1789225157.137975 1313169 1070929 2834 1589 0 1309183 0 976345
1789225158.137841 1313169 1070929 2834 1589 0 1309183 0 976345
1789225159.138158 1313169 1070929 2834 1589 0 1309183 0 976345
1789225160.137924 1313169 1070929 2834 1589 0 1309183 0 976345
1789225161.138024 1313169 1070929 2834 1589 0 1309183 0 976345
1789225162.137811 1313169 1070929 2834 1589 0 1309183 0 976345
1789225163.138031 1313169 1070929 2834 1589 0 1309183 0 976345
1789225164.137906 1313169 1070929 2834 1589 0 1309183 0 976345
1789225165.138039 1313169 1070929 2834 1589 0 1309183 0 976345
1789225166.137817 1313169 1070929 2834 1589 0 1309183 0 976345
1789225167.138163 1313169 1070929 2834 1589 0 1309183 0 976345
1789225168.138695 1313169 1070929 2834 1589 0 1309183 0 976345
1789225169.138095 1313169 1070929 2834 1589 0 1309183 0 976345
1789225170.141231 1313169 1070929 2834 1589 0 1309183 0 976345
1789225171.137933 1313169 1070929 2834 1589 0 1309183 0 976345
1789225172.137746 1313169 1070929 2834 1589 0 1309183 0 976345
1789225173.137810 1313169 1070929 2834 1589 0 1309183 0 976345
1789225174.137833 1313169 1070929 2834 1589 0 1309183 0 976345
1789225175.138044 1313169 1070929 2834 1589 0 1309183 0 976345
1789225176.137734 1313169 1070929 2834 1589 0 1309183 0 976345
1789225177.137875 1313169 1070929 2834 1589 0 1309183 0 976345
1789225178.137807 1313169 1070929 2834 1589 0 1309183 0 976345
1789225179.137825 1313169 1070929 2834 1589 0 1309183 0 976345
1789225180.137408 1313169 1070929 2834 1589 0 1309183 0 976345
1789225181.137659 1313169 1070929 2834 1589 0 1309183 0 976345
1789225182.140167 1313169 1070929 2834 1589 0 1309183 0 976345
1789225183.137719 1313169 1070929 2834 1589 0 1309183 0 976345
1789225184.137744 1313169 1070929 2834 1589 0 1309183 0 976345
1789225185.140059 1313169 1070929 2834 1589 0 1309183 0 976345
1789225186.137968 1313169 1070929 2834 1589 0 1309183 0 976345
1789225187.137886 1313169 1070929 2834 1589 0 1309183 0 976345
1789225188.137915 1313169 1070929 2834 1589 0 1309183 0 976345
1789225189.138155 1313169 1070929 2834 1589 0 1309183 0 976345
1789225190.137682 1313169 1070929 2834 1589 0 1309183 0 976345
1789225191.137717 1313169 1070929 2834 1589 0 1309183 0 976345
1789225192.137696 1313169 1070929 2834 1589 0 1309183 0 976345
1789225193.138110 1313169 1070929 2834 1589 0 1309183 0 976345
1789225194.138353 1313169 1070929 2834 1589 0 1309183 0 976345
1789225195.138111 1313169 1070929 2834 1589 0 1309183 0 976345
1789225196.138244 1313169 1070929 2834 1589 0 1309183 0 976345
1789225197.138002 1313169 1070929 2834 1589 0 1309183 0 976345
1789225198.138195 1313169 1070929 2834 1589 0 1309183 0 976345
1789225199.138218 1313169 1070929 2834 1589 0 1309183 0 976345
1789225200.138019 1313169 1070929 2834 1589 0 1309183 0 976345
1789225201.138246 1313169 1070929 2834 1589 0 1309183 0 976345
1789225202.137934 1313169 1070929 2834 1589 0 1309183 0 976345
1789225203.138158 1313169 1070929 2834 1589 0 1309183 0 976345
1789225204.138394 1313169 1070929 2834 1589 0 1309183 0 976345
1789225205.138123 1313169 1070929 2834 1589 0 1309183 0 976345
1789225206.137953 1313169 1070929 2834 1589 0 1309183 0 976345
1789225207.138243 1313169 1070929 2834 1589 0 1309183 0 976345
1789225208.138075 1313169 1070929 2834 1589 0 1309183 0 976345
1789225209.138152 1313169 1070929 2834 1589 0 1309183 0 976345
1789225210.138024 1313169 1070929 2834 1589 0 1309183 0 976345
1789225211.138103 1313169 1070929 2834 1589 0 1309183 0 976345
1789225212.138222 1313169 1070929 2834 1589 0 1309183 0 976345
1789225213.138904 1313169 1070929 2834 1589 0 1309183 0 976345
1789225214.138181 1313169 1070929 2834 1589 0 1309183 0 976345
1789225215.137949 1313169 1070929 2834 1589 0 1309183 0 976345
1789225216.138188 1313169 1070929 2834 1589 0 1309183 0 976345
1789225217.138176 1313169 1070929 2834 1589 0 1309183 0 976345
1789225218.146827 1313169 1070929 2834 1589 0 1309183 0 976345
1789225219.139507 1313169 1070929 2834 1589 0 1309183 0 976345
1789225220.147974 1313169 1070929 2834 1589 0 1309183 0 976345
1789225221.141373 1313169 1070929 2834 1589 0 1309183 0 976345
1789225222.139389 1313169 1070929 2834 1589 0 1309183 0 976345
1789225223.140539 1313169 1070929 2834 1589 0 1309183 0 976345
1789225224.146920 1313169 1070929 2834 1589 0 1309183 0 976345
1789225225.140918 1313169 1070929 2834 1589 0 1309183 0 976345
1789225226.146949 1313169 1070929 2834 1589 0 1309183 0 976345
1789225227.140083 1313169 1070929 2834 1589 0 1309183 0 976345
1789225228.138745 1313169 1070929 2834 1589 0 1309183 0 976345
1789225229.138158 1313169 1070929 2834 1589 0 1309183 0 976345
1789225230.137921 1313169 1070929 2834 1589 0 1309183 0 976345
1789225231.137945 1313169 1070929 2834 1589 0 1309183 0 976345
1789225232.137753 1313169 1070929 2834 1589 0 1309183 0 976345
1789225233.137857 1313169 1070929 2834 1589 0 1309183 0 976345
1789225234.138024 1313169 1070929 2834 1589 0 1309183 0 976345
1789225235.137618 1313169 1070929 2834 1589 0 1309183 0 976345
1789225236.137718 1313169 1070929 2834 1589 0 1309183 0 976345
1789225237.137711 1313169 1070929 2834 1589 0 1309183 0 976345
1789225238.138771 1313169 1070929 2834 1589 0 1309183 0 976345
1789225239.137772 1313169 1070929 2834 1589 0 1309183 0 976345
1789225240.137791 1313169 1070929 2834 1589 0 1309183 0 976345
1789225241.137678 1313169 1070929 2834 1589 0 1309183 0 976345
1789225242.137748 1313169 1070929 2834 1589 0 1309183 0 976345
1789225243.137766 1313169 1070929 2834 1589 0 1309183 0 976345
1789225244.137692 1313169 1070929 2834 1589 0 1309183 0 976345
1789225245.137640 1313169 1070929 2834 1589 0 1309183 0 976345
1789225246.137620 1313169 1070929 2834 1589 0 1309183 0 976345
1789225247.137750 1313169 1070929 2834 1589 0 1309183 0 976345
1789225248.138986 1313169 1070929 2834 1589 0 1309183 0 976345
1789225249.137917 1313169 1070929 2834 1589 0 1309183 0 976345
1789225250.137738 1313169 1070929 2834 1589 0 1309183 0 976345
1789225251.137815 1313169 1070929 2834 1589 0 1309183 0 976345
1789225252.137712 1313169 1070929 2834 1589 0 1309183 0 976345
1789225253.137680 1313169 1070929 2834 1589 0 1309183 0 976345
1789225254.137651 1313169 1070929 2834 1589 0 1309183 0 976345
1789225255.137949 1313169 1070929 2834 1589 0 1309183 0 976345
1789225256.137787 1313169 1070929 2834 1589 0 1309183 0 976345
1789225257.137843 1313169 1070929 2834 1589 0 1309183 0 976345
