# start_epoch=1788084984.373481  page_size=4096  cachestat=ok  fields=size,resident,shared,text,lib,data,dt,pagecache
1788084985.373732 260406 27213 7738 99 0 246458 0 1
1788084986.373680 260406 27213 7738 99 0 246458 0 1
1788084987.376736 2930175 69259 49661 99 0 256058 0 55035
1788084988.378394 2953717 90082 70509 99 0 256058 0 81581
1788084989.379488 2976583 72081 52507 99 0 256058 0 104511
1788084990.382524 2998971 96938 77364 99 0 256058 0 146996
1788084991.383878 3035406 115148 95574 99 0 256058 0 187913
1788084992.387526 3101470 158007 138463 99 0 256058 0 230247
1788084993.387589 3117002 163923 144556 99 0 256058 0 245756
1788084994.409405 3144649 151138 131803 99 0 256058 0 278550
1788084995.388994 3156873 148234 128957 99 0 256058 0 281108
1788084996.390835 3193570 192035 172756 99 0 256058 0 316135
1788084997.392397 3177047 110440 91208 99 0 256058 0 312658
1788084998.393919 3210139 171416 152184 99 0 256058 0 339853
1788084999.392148 3212971 147219 127987 99 0 256058 0 338868
1788085000.394150 3249683 190847 171612 99 0 256058 0 365217
1788085001.390715 3249683 193950 174756 99 0 256058 0 370297
1788085002.400593 3273843 154238 135095 99 0 256058 0 401108
1788085003.398500 3274373 174854 155711 99 0 256058 0 420059
1788085004.395749 3264285 157661 138565 99 0 256058 0 406262
1788085005.396400 3300982 187916 168816 99 0 256058 0 417355
1788085006.400450 3303227 167047 147954 99 0 256058 0 445320
1788085007.402446 3328435 187595 168502 99 0 256058 0 480627
1788085008.398344 3314964 152983 133879 99 0 256058 0 453914
1788085009.400452 3351676 198862 179754 99 0 256058 0 476404
1788085010.400578 3307951 102559 83511 99 0 256058 0 450494
1788085011.403172 3366415 194575 175526 99 0 256058 0 492339
1788085012.405763 3409792 238943 219894 99 0 256058 0 540122
1788085013.412157 3439350 210101 189764 99 0 278074 0 531959
1788085014.412840 3436260 236473 216107 99 0 278074 0 541266
1788085015.402789 3371571 119814 99511 99 0 278074 0 486059
1788085016.410147 3426680 189350 169046 99 0 278074 0 553997
1788085017.441004 3431986 188742 167239 99 0 279610 0 560910
1788085018.419248 3487443 255397 234526 99 0 279610 0 597081
1788085019.414449 3582389 261567 240054 99 0 279610 0 673578
1788085020.408826 3532477 216859 193809 99 0 281146 0 586446
1788085021.416104 3459670 197308 174258 99 0 281146 0 558792
1788085022.445164 3496176 235556 212492 99 0 281146 0 625594
1788085023.424547 3530284 260819 237785 99 0 281146 0 628539
1788085024.413340 3558406 306316 284563 99 0 281146 0 660416
1788085025.408946 3482377 171591 149871 99 0 281146 0 584041
1788085026.411815 3555792 221209 199489 99 0 281146 0 631164
1788085027.423559 3503425 210429 187157 99 0 282682 0 636350
1788085028.408542 3543951 255374 231798 99 0 282682 0 640725
1788085029.417691 3611385 292831 270449 99 0 282682 0 734497
1788085030.412541 3537901 202127 179744 99 0 282682 0 643182
1788085031.410759 3515517 150652 128316 99 0 286778 0 606547
1788085032.410401 3515517 193156 170811 99 0 286778 0 608627
1788085033.413300 3567081 238457 216331 99 0 286778 0 664813
1788085034.407368 3498391 91580 70550 99 0 286778 0 564848
1788085035.409120 3490619 128422 107387 99 0 286778 0 591843
1788085036.410178 3511802 234371 212221 99 0 286778 0 610669
1788085037.403551 3520856 319428 297278 99 0 286778 0 601148
1788085038.403931 3432868 61698 40112 99 0 286778 0 517439
1788085039.405015 3469288 113245 89318 99 0 288570 0 541215
1788085040.406017 3455809 135910 110831 99 0 288570 0 555067
1788085041.407154 3483876 203554 178916 99 0 288570 0 574075
1788085042.409355 3510365 276049 249926 99 0 290362 0 613473
1788085043.411577 3543283 347077 320954 99 0 290362 0 633802
1788085044.412211 3549644 416189 392015 99 0 290362 0 662113
1788085045.402917 3568887 442017 417809 99 0 290362 0 657220
1788085046.392069 3324329 54467 29828 99 0 290362 0 412394
1788085047.391530 3315602 44360 19718 99 0 290362 0 400581
1788085048.394757 3329042 83184 57760 99 0 303802 0 476228
1788085049.392617 3329042 114880 86384 99 0 303802 0 427160
1788085050.390947 3329042 130241 104816 99 0 303802 0 388212
1788085051.392406 3329036 60075 32602 99 0 303802 0 418486
1788085052.395505 3439550 150335 127424 99 0 303802 0 491662
1788085053.393637 3329036 129776 101370 99 0 303802 0 447945
1788085054.395297 3329036 144553 120714 99 0 303802 0 410212
1788085055.392749 3329028 69833 43410 99 0 303802 0 433559
1788085056.391319 3329668 86846 63730 99 0 304442 0 397320
1788085057.394815 3330308 129449 104594 99 0 305082 0 474583
1788085058.393820 3330301 46615 21499 99 0 305082 0 404163
1788085059.395135 3330301 81493 57403 99 0 305082 0 490188
1788085060.390861 3330297 36912 10311 99 0 305082 0 388204
1788085061.390673 3330297 36912 10311 99 0 305082 0 388204
1788085062.390722 3334394 36880 10311 99 0 309178 0 388204
1788085063.390922 3334394 36880 10311 99 0 309178 0 388204
1788085064.390683 3338491 36886 10311 99 0 313274 0 388204
1788085065.390614 3338491 36886 10311 99 0 313274 0 388204
1788085066.390723 3342588 36872 10311 99 0 317370 0 388204
1788085067.390594 3342588 36872 10311 99 0 317370 0 388204
1788085068.390905 3342588 36872 10311 99 0 317370 0 388204
1788085069.390687 3342588 37038 10311 99 0 317370 0 388204
1788085070.390930 3342588 37038 10311 99 0 317370 0 388204
1788085071.390749 3342588 37038 10311 99 0 317370 0 388204
1788085072.390775 3342588 37038 10311 99 0 317370 0 388204
1788085073.390737 3342588 37038 10311 99 0 317370 0 388204
1788085074.390831 3342588 37038 10311 99 0 317370 0 388204
1788085075.390717 3342588 37038 10311 99 0 317370 0 388204
1788085076.390695 3342588 37038 10311 99 0 317370 0 388204
1788085077.390744 3342588 36995 10311 99 0 317370 0 388204
1788085078.390611 3342588 36995 10311 99 0 317370 0 388204
