# start_epoch=1788085086.924072  page_size=4096  cachestat=ok  fields=size,resident,shared,text,lib,data,dt,pagecache
1788085087.924344 262454 28040 8052 99 0 248506 0 1
1788085088.924307 262454 28040 8052 99 0 248506 0 1
1788085089.930866 3005291 120741 97837 99 0 277562 0 108560
1788085090.933282 3025977 119645 94553 99 0 280634 0 150374
1788085091.937627 3133891 189102 164004 99 0 280634 0 220826
1788085092.938558 3114554 154238 129106 99 0 280634 0 236192
1788085093.940744 3185859 198498 173396 99 0 280634 0 288286
1788085094.941756 3166662 155600 130497 99 0 280634 0 293391
1788085095.943949 3261178 213634 190877 99 0 280634 0 343032
1788085096.945322 3218629 156578 131782 99 0 280634 0 350961
1788085097.943536 3272568 181186 156390 99 0 280634 0 336492
1788085098.948136 3270662 157090 132276 99 0 280634 0 404570
1788085099.947476 3320827 153161 128301 99 0 280634 0 392123
1788085100.951597 3322739 157872 133005 99 0 280634 0 459318
1788085101.950763 3357457 146093 121225 99 0 280634 0 448320
1788085102.956651 3374802 158475 133607 99 0 280634 0 514789
1788085103.954164 3409431 147230 122362 99 0 280634 0 505431
1788085104.951104 3463397 180518 155785 99 0 280634 0 569060
1788085105.957776 3461547 148287 123551 99 0 280634 0 561370
1788085106.952532 3515502 179893 156002 99 0 280634 0 620856
1788085107.960358 3513529 147453 123542 99 0 280634 0 613840
1788085108.954753 3567431 180054 156048 99 0 280634 0 675708
1788085109.963467 3565516 148436 124480 99 0 280634 0 669400
1788085110.955865 3594140 151318 126217 99 0 284730 0 697551
1788085111.954870 3555656 78348 53069 99 0 284730 0 642787
1788085112.953200 3535623 55711 27871 99 0 287802 0 637477
1788085113.953314 3535623 84694 58901 99 0 287802 0 655235
1788085114.951731 3593714 165063 139269 99 0 287802 0 610756
1788085115.957649 3535623 142343 116535 99 0 287802 0 623684
1788085116.952435 3535623 177380 151572 99 0 287802 0 637187
1788085117.953196 3535623 208633 182825 99 0 287802 0 655383
1788085118.951301 3593714 287122 261314 99 0 287802 0 610762
1788085119.951891 3535623 266473 240613 99 0 287802 0 623468
1788085120.952201 3535623 301126 275266 99 0 287802 0 636795
1788085121.953310 3535623 332655 306795 99 0 287802 0 656579
1788085122.951040 3589742 394642 370860 99 0 287802 0 610516
1788085123.951779 3535623 390382 364729 99 0 287802 0 623660
1788085124.952450 3535623 425334 399660 99 0 287802 0 637352
1788085125.951725 3580197 477229 451788 99 0 287802 0 610715
1788085126.955487 3560443 82119 58786 99 0 287802 0 640065
1788085127.951333 3535618 84567 61234 99 0 287802 0 613912
1788085128.951799 3535618 119123 95790 99 0 287802 0 627103
1788085129.952893 3535618 155869 130488 99 0 287802 0 640575
1788085130.953788 3535618 181878 157921 99 0 287802 0 663249
1788085131.951017 3539713 32674 9164 99 0 291898 0 610529
1788085132.951067 3539713 32674 9164 99 0 291898 0 610529
1788085133.951498 3543810 32583 9164 99 0 295994 0 610529
1788085134.951263 3547907 32590 9164 99 0 300090 0 610529
1788085135.957913 3547907 32590 9164 99 0 300090 0 610529
1788085136.954251 3552004 32594 9164 99 0 304186 0 610529
1788085137.951599 3552004 32594 9164 99 0 304186 0 610529
1788085138.951651 3552004 32594 9164 99 0 304186 0 610529
1788085139.951547 3552004 32594 9164 99 0 304186 0 610529
1788085140.951433 3552004 33071 9164 99 0 304186 0 610529
1788085141.950973 3552004 33071 9164 99 0 304186 0 610529
1788085142.951117 3552004 33071 9164 99 0 304186 0 610529
1788085143.950982 3552004 33068 9164 99 0 304186 0 610529
1788085144.951084 3552004 33068 9164 99 0 304186 0 610529
