# start_epoch=1786122708.744688  page_size=4096  cachestat=ok  fields=size,resident,shared,text,lib,data,dt,pagecache
1786122709.744982 262500 28546 8559 99 0 248506 0 1
1786122710.744943 262500 28546 8559 99 0 248506 0 1
1786122711.753169 3028506 132864 109770 99 0 277562 0 131323
1786122712.755313 3062427 146902 120933 99 0 280634 0 167179
1786122713.756670 3097032 147837 121861 99 0 280634 0 189140
1786122714.760603 3150902 181280 156027 99 0 280634 0 264838
1786122715.761239 3148960 153478 128221 99 0 280634 0 265626
1786122716.760997 3243265 212900 187629 99 0 280634 0 325186
1786122717.765835 3200846 157404 133291 99 0 280634 0 339339
1786122718.765557 3235417 146652 123513 99 0 280634 0 334992
1786122719.766759 3289346 181687 156546 99 0 280634 0 403986
1786122720.769453 3287388 151225 126730 99 0 280634 0 400273
1786122721.767881 3358737 199793 174182 99 0 280634 0 462480
1786122722.774068 3339370 158223 132607 99 0 280634 0 475182
1786122723.774218 3374037 150101 124485 99 0 280634 0 476745
1786122724.771394 3427846 181659 156554 99 0 280634 0 532307
1786122725.779003 3425962 156220 131105 99 0 280634 0 555205
1786122726.778868 3460564 146684 121567 99 0 280634 0 551689
1786122727.775742 3514367 181721 156602 99 0 280634 0 623962
1786122728.783138 3512425 151148 126028 99 0 280634 0 622273
1786122729.778338 3583615 199358 174283 99 0 280634 0 674399
1786122730.787646 3564376 156575 131500 99 0 280634 0 696759
1786122731.775209 3595527 152074 129187 99 0 284730 0 636898
1786122732.779171 3557056 80838 56206 99 0 284730 0 659955
1786122733.783094 3560496 62633 37439 99 0 287802 0 647887
1786122734.775059 3535671 91803 66376 99 0 287802 0 621999
1786122735.775501 3535671 134498 107022 99 0 287802 0 643778
1786122736.776596 3560497 183909 158652 99 0 287802 0 664879
1786122737.774828 3535671 193249 167992 99 0 287802 0 625664
1786122738.775502 3535671 233313 206008 99 0 287802 0 643561
1786122739.776332 3560497 273718 248452 99 0 287802 0 655979
1786122740.774578 3535671 291264 265984 99 0 287802 0 624055
1786122741.775524 3535671 332761 305431 99 0 287802 0 643932
1786122742.776876 3560497 382278 356989 99 0 287802 0 664889
1786122743.774661 3535671 391498 366209 99 0 287802 0 625524
1786122744.776060 3535671 431820 406531 99 0 287802 0 645780
1786122745.785823 3778010 277345 252056 99 0 287802 0 852863
1786122746.774521 3535664 65462 40196 99 0 287802 0 618209
1786122747.775532 3535664 108154 80847 99 0 287802 0 639766
1786122748.775270 3560490 140274 115009 99 0 287802 0 640069
1786122749.774707 3535664 166796 141531 99 0 287802 0 621178
1786122750.774504 3535663 38800 13527 99 0 287802 0 616372
1786122751.822454 3609761 81764 49423 99 0 332602 0 642901
1786122752.778563 3580468 86915 58708 99 0 332602 0 643693
1786122753.775783 3580468 91554 59380 99 0 332602 0 645702
1786122754.775503 3580468 116287 84173 99 0 332602 0 639826
1786122755.775421 3619255 148629 120312 99 0 332602 0 645347
1786122756.796387 3609761 150216 117399 99 0 332602 0 641545
1786122757.775180 3580468 152628 124362 99 0 332602 0 632019
1786122758.826734 3609761 189386 157298 99 0 332602 0 644698
1786122759.775583 3580468 191111 158574 99 0 332602 0 639830
1786122760.775964 3580468 189014 158574 99 0 332602 0 645772
1786122761.777964 3580468 218683 183371 99 0 332602 0 639831
1786122762.774259 3580468 214495 187124 99 0 332602 0 616233
1786122763.822928 3609761 252062 220316 99 0 332602 0 642354
1786122764.778014 3580468 253477 226118 99 0 332602 0 635354
1786122765.820702 3609761 289864 258718 99 0 332602 0 645061
1786122766.775580 3580468 289435 257761 99 0 332602 0 639835
1786122767.775529 3583540 287726 257761 99 0 335674 0 645801
1786122768.785322 3612833 315428 284061 99 0 335674 0 640144
1786122769.774835 3583540 317373 290354 99 0 335674 0 621742
1786122770.820190 3612833 354076 322970 99 0 335674 0 643039
1786122771.775319 3583540 357551 329496 99 0 335674 0 641176
1786122772.779454 3612833 382744 351783 99 0 335674 0 645707
1786122773.775575 3583540 388434 356967 99 0 335674 0 639840
1786122774.783318 3622327 395815 368707 99 0 335674 0 645361
1786122775.787368 3612833 418543 387479 99 0 335674 0 640991
1786122776.774663 3583540 422004 394720 99 0 335674 0 628702
1786122777.788863 3612833 460310 428376 99 0 335674 0 644217
1786122778.775194 3583540 455047 424757 99 0 335674 0 632034
1786122779.780685 3657037 433280 407012 99 0 335674 0 659224
1786122780.760581 3270296 78278 41228 99 0 339514 0 322763
1786122781.759181 3272856 77759 43523 99 0 342074 0 297574
1786122782.783104 3305221 118342 79169 99 0 345146 0 325617
1786122783.763396 3275928 123253 88163 99 0 345146 0 324325
1786122784.763920 3275928 130103 90835 99 0 345146 0 328652
1786122785.760523 3275928 156428 115628 99 0 345146 0 322767
1786122786.759307 3275928 152160 117262 99 0 345146 0 296710
1786122787.768764 3305221 191793 153068 99 0 345146 0 325385
1786122788.760410 3275928 198974 162302 99 0 345146 0 324113
1786122789.760811 3275928 203149 165230 99 0 345146 0 328662
1786122790.760496 3275928 229470 189983 99 0 345146 0 322771
1786122791.759358 3275928 224151 191519 99 0 345146 0 296592
1786122792.776293 3300931 263641 226283 99 0 345146 0 322239
1786122793.753937 3131409 69912 36659 99 0 349242 0 144866
1786122794.752030 3131409 123485 90232 99 0 349242 0 144866
1786122795.752085 3131409 178439 145186 99 0 349242 0 144866
1786122796.752098 3135506 187084 153841 99 0 353338 0 144866
1786122797.752052 3135506 187084 153841 99 0 353338 0 144866
1786122798.752051 3139603 187084 153841 99 0 357434 0 144866
1786122799.752022 3139603 187084 153841 99 0 357434 0 144866
1786122800.752068 3143700 187055 153841 99 0 361530 0 144866
1786122801.752064 3143700 187055 153841 99 0 361530 0 144866
1786122802.752070 3143700 187055 153841 99 0 361530 0 144866
1786122803.752062 3143700 187055 153841 99 0 361530 0 144866
1786122804.751959 3143700 187055 153841 99 0 361530 0 144866
1786122805.752094 3143700 187055 153841 99 0 361530 0 144866
1786122806.752081 3143700 187055 153841 99 0 361530 0 144866
1786122807.752056 3143700 187055 153841 99 0 361530 0 144866
1786122808.752070 3143700 187055 153841 99 0 361530 0 144866
1786122809.752071 3143700 187055 153841 99 0 361530 0 144866
1786122810.752078 3143700 187055 153841 99 0 361530 0 144866
1786122811.752086 3143700 187055 153841 99 0 361530 0 144866
1786122812.752057 3143700 187055 153841 99 0 361530 0 144866
1786122813.752062 3143700 187055 153841 99 0 361530 0 144866
1786122814.752056 3143700 187146 153841 99 0 361530 0 144866
1786122815.752064 3143700 187146 153841 99 0 361530 0 144866
1786122816.752073 3143700 187146 153841 99 0 361530 0 144866
1786122817.752023 3143700 187146 153841 99 0 361530 0 144866
1786122818.752066 3143700 187146 153841 99 0 361530 0 144866
1786122819.752080 3143700 187146 153841 99 0 361530 0 144866
1786122820.752060 3143700 187146 153841 99 0 361530 0 144866
1786122821.752091 3143700 187146 153841 99 0 361530 0 144866
1786122822.752128 3143700 187146 153841 99 0 361530 0 144866
1786122823.752086 3143700 187146 153841 99 0 361530 0 144866
1786122824.752165 3143700 187206 153841 99 0 361530 0 144866
1786122825.752057 3143700 187206 153841 99 0 361530 0 144866
1786122826.752151 3143700 187206 153841 99 0 361530 0 144866
1786122827.752157 3143700 187206 153841 99 0 361530 0 144866
1786122828.752143 3143700 187206 153841 99 0 361530 0 144866
1786122829.752135 3143700 187206 153841 99 0 361530 0 144866
1786122830.752141 3143700 187206 153841 99 0 361530 0 144866
1786122831.752145 3143700 187206 153841 99 0 361530 0 144866
1786122832.752129 3143700 187206 153841 99 0 361530 0 144866
1786122833.752147 3143700 187206 153841 99 0 361530 0 144866
1786122834.752163 3143700 187434 153841 99 0 361530 0 144866
1786122835.752130 3143700 187371 153841 99 0 361530 0 144866
1786122836.752056 3143700 187371 153841 99 0 361530 0 144866
