# start_epoch=1791451500.352677  page_size=4096  cachestat=ok  fields=size,resident,shared,text,lib,data,dt,pagecache
1791451501.358152 73101 36394 2784 1589 0 69119 0 90759
1791451502.361195 73869 39861 2785 1589 0 69887 0 122046
1791451503.362226 73869 38889 2785 1589 0 69887 0 156463
1791451504.366724 74765 43140 2833 1589 0 70783 0 163798
1791451505.366797 74765 39357 2833 1589 0 70783 0 198471
1791451506.366114 74765 43003 2833 1589 0 70783 0 220876
1791451507.366553 74765 43219 2833 1589 0 70783 0 227681
1791451508.368980 74765 45748 2833 1589 0 70783 0 263379
1791451509.369488 75789 34409 2833 1589 0 71807 0 275075
1791451510.370352 75789 45136 2833 1589 0 71807 0 288177
1791451511.370303 75789 38475 2833 1589 0 71807 0 289476
1791451512.372751 75789 39350 2833 1589 0 71807 0 329720
1791451513.374787 75789 48116 2833 1589 0 71807 0 363635
1791451514.375287 77069 41274 2833 1589 0 73087 0 372275
1791451515.377534 77069 41507 2833 1589 0 73087 0 407245
1791451516.377828 77069 48070 2833 1589 0 73087 0 413580
1791451517.379989 77069 48818 2833 1589 0 73087 0 449319
1791451518.379834 77069 38125 2833 1589 0 73087 0 442738
1791451519.382488 77069 47076 2833 1589 0 73087 0 491650
1791451520.377139 82702 33336 2833 1589 0 78719 0 464659
1791451521.373448 82702 29864 2833 1589 0 78719 0 463629
1791451522.372006 82702 28501 2833 1589 0 78719 0 431692
1791451523.372622 82702 28632 2833 1589 0 78719 0 441552
1791451524.372412 82702 28288 2833 1589 0 78719 0 441552
1791451525.372371 82702 28298 2833 1589 0 78719 0 441553
1791451526.372535 82702 28298 2833 1589 0 78719 0 441554
1791451527.372641 82702 28298 2833 1589 0 78719 0 441554
1791451528.372524 82702 28298 2833 1589 0 78719 0 441555
1791451529.372431 82702 28110 2833 1589 0 78719 0 441555
1791451530.372468 82702 28282 2833 1589 0 78719 0 441556
1791451531.372307 84494 28312 2833 1589 0 80511 0 441544
1791451532.372348 84494 28484 2833 1589 0 80511 0 441544
1791451533.372445 84494 28661 2833 1589 0 80511 0 441545
1791451534.372428 84494 28114 2833 1589 0 80511 0 441545
1791451535.372486 84494 28706 2833 1589 0 80511 0 441546
1791451536.372410 84494 28706 2833 1589 0 80511 0 441547
1791451537.372399 84494 28164 2833 1589 0 80511 0 441547
1791451538.372525 84494 28505 2833 1589 0 80511 0 441548
1791451539.371409 88591 25599 2849 1589 0 84607 0 423513
1791451540.371534 175119 130427 2849 1589 0 171135 0 423513
1791451541.371666 304655 238971 2849 1589 0 300671 0 423513
1791451542.371651 414223 348539 2849 1589 0 410239 0 423513
1791451543.371605 565263 457595 2849 1589 0 561279 0 423513
1791451544.371591 669711 566139 2849 1589 0 665727 0 423513
1791451545.371552 789519 674683 2849 1589 0 785535 0 423513
1791451546.371571 920591 783739 2849 1589 0 916607 0 423513
1791451547.371431 930832 848756 2849 1589 0 926847 0 423513
1791451548.371633 930832 848756 2849 1589 0 926847 0 423513
1791451549.371563 930832 848756 2849 1589 0 926847 0 423513
1791451550.371595 930832 848756 2849 1589 0 926847 0 423513
1791451551.371531 930832 848756 2849 1589 0 926847 0 423513
1791451552.371441 934929 848752 2849 1589 0 930943 0 423513
1791451553.371484 934929 848752 2849 1589 0 930943 0 423513
1791451554.371359 934929 848752 2849 1589 0 930943 0 423513
1791451555.371429 934929 848752 2849 1589 0 930943 0 423513
1791451556.371624 939026 848752 2849 1589 0 935039 0 423513
1791451557.371744 939026 848752 2849 1589 0 935039 0 423513
1791451558.371595 939026 848752 2849 1589 0 935039 0 423513
1791451559.371575 939026 848752 2849 1589 0 935039 0 423513
1791451560.371521 939026 848752 2849 1589 0 935039 0 423513
1791451561.371707 939026 848752 2849 1589 0 935039 0 423513
1791451562.371484 939026 848752 2849 1589 0 935039 0 423513
1791451563.371633 939026 848752 2849 1589 0 935039 0 423513
1791451564.371681 939026 848752 2849 1589 0 935039 0 423513
1791451565.371591 939026 848752 2849 1589 0 935039 0 423513
1791451566.371590 939026 848752 2849 1589 0 935039 0 423513
1791451567.371574 939026 848752 2849 1589 0 935039 0 423513
1791451568.371586 939026 848752 2849 1589 0 935039 0 423513
1791451569.371434 939026 848752 2849 1589 0 935039 0 423513
1791451570.371426 939026 848752 2849 1589 0 935039 0 423513
1791451571.371587 939026 848752 2849 1589 0 935039 0 423513
1791451572.371568 939026 848752 2849 1589 0 935039 0 423513
1791451573.371539 939026 848752 2849 1589 0 935039 0 423513
1791451574.371554 939026 848752 2849 1589 0 935039 0 423513
1791451575.371564 939026 848752 2849 1589 0 935039 0 423513
1791451576.371485 939026 848752 2849 1589 0 935039 0 423513
1791451577.371565 939026 848752 2849 1589 0 935039 0 423513
1791451578.371538 939026 848752 2849 1589 0 935039 0 423513
1791451579.371574 939026 848752 2849 1589 0 935039 0 423513
1791451580.371531 939026 848752 2849 1589 0 935039 0 423513
1791451581.371503 939026 848752 2849 1589 0 935039 0 423513
1791451582.371533 939026 848752 2849 1589 0 935039 0 423513
1791451583.371495 939026 848752 2849 1589 0 935039 0 423513
1791451584.371498 939026 848752 2849 1589 0 935039 0 423513
1791451585.371445 939026 848752 2849 1589 0 935039 0 423513
1791451586.371594 939026 848752 2849 1589 0 935039 0 423513
1791451587.371569 939026 848752 2849 1589 0 935039 0 423513
1791451588.371565 939026 848752 2849 1589 0 935039 0 423513
1791451589.371560 939026 848752 2849 1589 0 935039 0 423513
1791451590.371555 939026 848752 2849 1589 0 935039 0 423513
1791451591.371589 939026 848752 2849 1589 0 935039 0 423513
1791451592.371451 939026 848752 2849 1589 0 935039 0 423513
1791451593.371685 939026 848752 2849 1589 0 935039 0 423513
1791451594.371552 939026 848752 2849 1589 0 935039 0 423513
1791451595.371552 939026 848752 2849 1589 0 935039 0 423513
1791451596.371471 939026 848752 2849 1589 0 935039 0 423513
1791451597.371502 939026 848752 2849 1589 0 935039 0 423513
1791451598.371574 939026 848752 2849 1589 0 935039 0 423513
1791451599.371446 939026 848752 2849 1589 0 935039 0 423513
1791451600.371420 939026 848752 2849 1589 0 935039 0 423513
1791451601.371592 939026 848752 2849 1589 0 935039 0 423513
1791451602.371635 939026 848752 2849 1589 0 935039 0 423513
1791451603.371584 939026 848752 2849 1589 0 935039 0 423513
1791451604.371536 939026 848752 2849 1589 0 935039 0 423513
1791451605.371534 939026 848752 2849 1589 0 935039 0 423513
1791451606.371462 939026 848752 2849 1589 0 935039 0 423513
1791451607.371479 939026 848752 2849 1589 0 935039 0 423513
1791451608.371649 939026 848752 2849 1589 0 935039 0 423513
1791451609.371625 939026 848752 2849 1589 0 935039 0 423513
1791451610.371606 939026 848752 2849 1589 0 935039 0 423513
1791451611.371526 939026 848752 2849 1589 0 935039 0 423513
1791451612.371515 939026 848752 2849 1589 0 935039 0 423513
1791451613.371511 939026 848752 2849 1589 0 935039 0 423513
1791451614.371487 939026 848752 2849 1589 0 935039 0 423513
1791451615.371626 939026 848752 2849 1589 0 935039 0 423513
1791451616.371590 939026 848752 2849 1589 0 935039 0 423513
1791451617.371555 939026 848752 2849 1589 0 935039 0 423513
1791451618.371550 939026 848752 2849 1589 0 935039 0 423513
1791451619.371571 939026 848752 2849 1589 0 935039 0 423513
1791451620.371463 939026 848752 2849 1589 0 935039 0 423513
1791451621.371474 939026 848752 2849 1589 0 935039 0 423513
1791451622.371372 939026 848752 2849 1589 0 935039 0 423513
1791451623.371621 939026 848752 2849 1589 0 935039 0 423513
1791451624.371598 939026 848752 2849 1589 0 935039 0 423513
1791451625.371601 939026 848752 2849 1589 0 935039 0 423513
1791451626.371443 939026 848752 2849 1589 0 935039 0 423513
1791451627.371435 939026 848752 2849 1589 0 935039 0 423513
1791451628.371499 939026 848752 2849 1589 0 935039 0 423513
1791451629.371473 939026 848752 2849 1589 0 935039 0 423513
1791451630.371637 939026 848752 2849 1589 0 935039 0 423513
1791451631.371566 939026 848752 2849 1589 0 935039 0 423513
1791451632.371589 939026 848752 2849 1589 0 935039 0 423513
1791451633.371495 939026 848752 2849 1589 0 935039 0 423513
1791451634.371510 939026 848752 2849 1589 0 935039 0 423513
1791451635.371494 939026 848752 2849 1589 0 935039 0 423513
1791451636.371535 939026 848752 2849 1589 0 935039 0 423513
1791451637.371503 939026 848752 2849 1589 0 935039 0 423513
1791451638.371605 939026 848752 2849 1589 0 935039 0 423513
1791451639.371595 939026 848752 2849 1589 0 935039 0 423513
1791451640.371543 939026 848752 2849 1589 0 935039 0 423513
1791451641.371521 939026 848752 2849 1589 0 935039 0 423513
1791451642.371497 939026 848752 2849 1589 0 935039 0 423513
1791451643.371398 939026 848752 2849 1589 0 935039 0 423513
1791451644.371428 939026 848752 2849 1589 0 935039 0 423513
1791451645.371795 939026 848752 2849 1589 0 935039 0 423513
1791451646.371676 939026 848752 2849 1589 0 935039 0 423513
1791451647.371598 939026 848752 2849 1589 0 935039 0 423513
1791451648.371566 939026 848752 2849 1589 0 935039 0 423513
1791451649.371547 939026 848752 2849 1589 0 935039 0 423513
1791451650.371592 939026 848752 2849 1589 0 935039 0 423513
1791451651.371424 939026 848752 2849 1589 0 935039 0 423513
1791451652.371472 939026 848752 2849 1589 0 935039 0 423513
1791451653.371650 939026 848752 2849 1589 0 935039 0 423513
1791451654.371589 939026 848752 2849 1589 0 935039 0 423513
1791451655.371604 939026 848752 2849 1589 0 935039 0 423513
1791451656.371542 939026 848752 2849 1589 0 935039 0 423513
1791451657.371514 939026 848752 2849 1589 0 935039 0 423513
1791451658.371478 939026 848752 2849 1589 0 935039 0 423513
1791451659.371506 939026 848752 2849 1589 0 935039 0 423513
1791451660.371633 939026 848752 2849 1589 0 935039 0 423513
1791451661.371597 939026 848752 2849 1589 0 935039 0 423513
1791451662.371591 939026 848752 2849 1589 0 935039 0 423513
1791451663.371665 939026 848752 2849 1589 0 935039 0 423513
1791451664.371531 939026 848752 2849 1589 0 935039 0 423513
1791451665.371607 939026 848752 2849 1589 0 935039 0 423513
1791451666.371524 939026 848752 2849 1589 0 935039 0 423513
1791451667.371528 939026 848752 2849 1589 0 935039 0 423513
1791451668.371709 939026 848752 2849 1589 0 935039 0 423513
1791451669.371661 939026 848752 2849 1589 0 935039 0 423513
1791451670.371648 939026 848752 2849 1589 0 935039 0 423513
1791451671.371664 939026 848752 2849 1589 0 935039 0 423513
1791451672.371572 939026 848752 2849 1589 0 935039 0 423513
1791451673.371578 939026 848752 2849 1589 0 935039 0 423513
1791451674.371519 939026 848752 2849 1589 0 935039 0 423513
1791451675.371535 939026 848752 2849 1589 0 935039 0 423513
1791451676.371695 939026 848752 2849 1589 0 935039 0 423513
1791451677.371657 939026 848752 2849 1589 0 935039 0 423513
1791451678.371637 939026 848752 2849 1589 0 935039 0 423513
1791451679.371623 939026 848752 2849 1589 0 935039 0 423513
1791451680.371546 939026 848752 2849 1589 0 935039 0 423513
1791451681.371447 939026 848752 2849 1589 0 935039 0 423513
1791451682.371535 939026 848752 2849 1589 0 935039 0 423513
1791451683.371757 939026 848752 2849 1589 0 935039 0 423513
1791451684.371691 939026 848752 2849 1589 0 935039 0 423513
1791451685.371664 939026 848752 2849 1589 0 935039 0 423513
1791451686.371679 939026 848752 2849 1589 0 935039 0 423513
1791451687.371469 939026 848752 2849 1589 0 935039 0 423513
1791451688.371655 939026 848752 2849 1589 0 935039 0 423513
1791451689.371572 939026 848752 2849 1589 0 935039 0 423513
1791451690.371533 939026 848752 2849 1589 0 935039 0 423513
