# start_epoch=1788190075.558548  page_size=4096  cachestat=ok  fields=size,resident,shared,text,lib,data,dt,pagecache
1788190076.559740 442967 27868 3083 2124 0 438348 0 19056
1788190077.560801 452830 30784 3298 2124 0 448204 0 31244
1788190078.561573 453598 33088 3298 2124 0 448972 0 43430
1788190079.562540 453598 34116 3298 2124 0 448972 0 55619
1788190080.563694 453598 35212 3362 2124 0 448972 0 83626
1788190081.564511 454245 31031 3369 2124 0 449612 0 85848
1788190082.563763 454245 31816 3370 2124 0 449612 0 78757
1788190083.565502 454245 32840 3370 2124 0 449612 0 85095
1788190084.564079 454245 32844 3370 2124 0 449612 0 90946
1788190085.564682 454245 34346 3370 2124 0 449612 0 103134
1788190086.566437 454245 38747 3370 2124 0 449612 0 129861
1788190087.566600 455013 35546 3370 2124 0 450380 0 133347
1788190088.567019 455013 36493 3370 2124 0 450380 0 145537
1788190089.567986 455013 35465 3370 2124 0 450380 0 157727
1788190090.567559 455013 34675 3370 2124 0 450380 0 147696
1788190091.569174 455013 38771 3370 2124 0 450380 0 175758
1788190092.570511 455013 35352 3370 2124 0 450380 0 195928
1788190093.570653 455909 39268 3370 2124 0 451276 0 208116
1788190094.571209 455909 37269 3370 2124 0 451276 0 220305
1788190095.569619 455909 36626 3370 2124 0 451276 0 191520
1788190096.571907 455909 36626 3370 2124 0 451276 0 213383
1788190097.572194 455909 37991 3370 2124 0 451276 0 239756
1788190098.573076 455909 35219 3370 2124 0 451276 0 251946
1788190099.571595 455909 40579 3370 2124 0 451276 0 224532
1788190100.573649 455909 40579 3370 2124 0 451276 0 252283
1788190101.571962 455909 34411 3370 2124 0 451276 0 236719
1788190102.573392 456933 38175 3370 2124 0 452300 0 264106
1788190103.575778 456933 37051 3370 2124 0 452300 0 297141
1788190104.576640 456933 39372 3370 2124 0 452300 0 309330
1788190105.577035 456933 40215 3370 2124 0 452300 0 312792
1788190106.575406 456933 37795 3370 2124 0 452300 0 295911
1788190107.576086 456933 39845 3370 2124 0 452300 0 308101
1788190108.577454 456933 39917 3370 2124 0 452300 0 335469
1788190109.579611 457829 41760 3370 2124 0 453196 0 365525
1788190110.581090 457829 36875 3370 2124 0 453196 0 368752
1788190111.579563 457829 38833 3370 2124 0 453196 0 337325
1788190112.579898 457829 39141 3370 2124 0 453196 0 343898
1788190113.582287 457829 39049 3370 2124 0 453196 0 373922
1788190114.590739 457829 39169 3370 2124 0 453196 0 400906
1788190115.587863 457829 33755 3370 2124 0 453196 0 386110
1788190116.581841 457829 39438 3370 2124 0 453196 0 375079
1788190117.582977 457829 35342 3370 2124 0 453196 0 387268
1788190118.582338 459109 35744 3370 2124 0 454476 0 382719
1788190119.584867 459109 34857 3370 2124 0 454476 0 408872
1788190120.585604 459109 35944 3370 2124 0 454476 0 421065
1788190121.586964 459109 37480 3370 2124 0 454476 0 444465
1788190122.586754 459109 36349 3370 2124 0 454476 0 433256
1788190123.585655 459109 38030 3370 2124 0 454476 0 420519
1788190124.585397 459109 37513 3370 2124 0 454476 0 428392
1788190125.587118 459109 39497 3370 2124 0 454476 0 451453
1788190126.589538 459109 38868 3370 2124 0 454476 0 451609
1788190127.587836 459109 36927 3370 2124 0 454476 0 463797
1788190128.589168 459109 38313 3370 2124 0 454476 0 475986
1788190129.587197 459109 39826 3370 2124 0 454476 0 473351
1788190130.588848 459109 35786 3370 2124 0 454476 0 482733
1788190131.587622 459109 38909 3370 2124 0 454476 0 466936
1788190132.590000 459109 36860 3370 2124 0 454476 0 493952
1788190133.590702 459109 40450 3370 2124 0 454476 0 506141
1788190134.592356 459109 41024 3370 2124 0 454476 0 532101
1788190135.591289 459109 36798 3370 2124 0 454476 0 518331
1788190136.590134 459109 39432 3370 2124 0 454476 0 504314
1788190137.590373 459109 37435 3370 2124 0 454476 0 512216
1788190138.591112 459109 39542 3370 2124 0 454476 0 520132
1788190139.592328 459109 39511 3370 2124 0 454476 0 539507
1788190140.588835 459109 37520 3370 2124 0 454476 0 538481
1788190141.589851 459109 38090 3370 2124 0 454476 0 550667
1788190142.590495 459109 31667 3370 2124 0 454476 0 562857
1788190143.593177 459109 40781 3370 2124 0 454476 0 590576
1788190144.594340 459109 37412 3370 2124 0 454476 0 579126
1788190145.590095 460645 38213 3370 2124 0 456012 0 559719
1788190146.590924 460645 39602 3370 2124 0 456012 0 567253
1788190147.590797 460645 39733 3370 2124 0 456012 0 556759
1788190148.594268 460645 40752 3370 2124 0 456012 0 609896
1788190149.593075 460645 41270 3370 2124 0 456012 0 597920
1788190150.593820 460645 39728 3370 2124 0 456012 0 610110
1788190151.593640 460645 41803 3370 2124 0 456012 0 606426
1788190152.595048 460645 40068 3370 2124 0 456012 0 615316
1788190153.597942 460645 43447 3370 2124 0 456012 0 663777
1788190154.597340 460645 41919 3370 2124 0 456012 0 658295
1788190155.593861 460645 38683 3370 2124 0 456012 0 621455
1788190156.594961 460645 42383 3370 2124 0 456012 0 628807
1788190157.587976 464742 31236 3370 2124 0 460108 0 600887
1788190158.589322 464742 31255 3370 2124 0 460108 0 634240
1788190159.589582 464742 31255 3370 2124 0 460108 0 634241
1788190160.589485 464742 31255 3370 2124 0 460108 0 634243
1788190161.589295 464742 31256 3370 2124 0 460108 0 634244
1788190162.589308 464742 31035 3370 2124 0 460108 0 634244
1788190163.588729 464742 31405 3370 2124 0 460108 0 618990
1788190164.588609 464742 31515 3370 2124 0 460108 0 618991
1788190165.588534 464742 31515 3370 2124 0 460108 0 618993
1788190166.588519 464742 31236 3370 2124 0 460108 0 618994
1788190167.588561 464742 31894 3370 2124 0 460108 0 618995
1788190168.587758 464742 31996 3370 2124 0 460108 0 598253
1788190169.587371 464742 32026 3370 2124 0 460108 0 592869
1788190170.586294 464742 31980 3370 2124 0 460108 0 564326
1788190171.585644 464742 31962 3370 2124 0 460108 0 553534
1788190172.586008 464742 31772 3370 2124 0 460108 0 559997
1788190173.586140 464742 31725 3370 2124 0 460108 0 564597
1788190174.588083 464742 31933 3370 2124 0 460108 0 606534
1788190175.588228 464742 31923 3370 2124 0 460108 0 606535
1788190176.588183 464742 31954 3370 2124 0 460108 0 606536
1788190177.588048 464742 31967 3370 2124 0 460108 0 606537
1788190178.588005 464742 31966 3370 2124 0 460108 0 606538
1788190179.588232 464742 31966 3370 2124 0 460108 0 606539
1788190180.588074 464742 31966 3370 2124 0 460108 0 606540
1788190181.588309 464742 31966 3370 2124 0 460108 0 606541
1788190182.588111 464742 31966 3370 2124 0 460108 0 606542
1788190183.583752 464742 32704 3370 2124 0 460108 0 514691
1788190184.583714 464742 33216 3370 2124 0 460108 0 514692
1788190185.583542 464742 33216 3370 2124 0 460108 0 514693
1788190186.582501 501614 71267 3409 2124 0 496972 0 488787
1788190187.582327 593262 168573 3409 2124 0 588620 0 488787
1788190188.582320 698222 264723 3409 2124 0 693580 0 488787
1788190189.582466 809838 361214 3409 2124 0 805196 0 488787
1788190190.582362 878958 457560 3409 2124 0 874316 0 488787
1788190191.583109 964974 551674 3409 2124 0 960332 0 488787
1788190192.582504 969071 553266 3409 2124 0 964428 0 488787
1788190193.582358 969071 553266 3409 2124 0 964428 0 488787
1788190194.582593 969071 553266 3409 2124 0 964428 0 488787
1788190195.582284 973168 553254 3409 2124 0 968524 0 488787
1788190196.582610 973168 553254 3409 2124 0 968524 0 488787
1788190197.582471 973168 553254 3409 2124 0 968524 0 488787
1788190198.582350 973168 553734 3409 2124 0 968524 0 488787
1788190199.582635 977258 553726 3402 2124 0 972620 0 488787
1788190200.582591 977258 553726 3402 2124 0 972620 0 488787
1788190201.582357 977258 553726 3402 2124 0 972620 0 488787
1788190202.582322 977258 553726 3402 2124 0 972620 0 488787
1788190203.582363 977258 553726 3402 2124 0 972620 0 488787
1788190204.582598 977258 553726 3402 2124 0 972620 0 488787
1788190205.582309 977258 553726 3402 2124 0 972620 0 488787
1788190206.582351 977258 553726 3402 2124 0 972620 0 488787
1788190207.582635 977258 553726 3402 2124 0 972620 0 488787
1788190208.582521 977258 553726 3402 2124 0 972620 0 488787
1788190209.582333 977258 553726 3402 2124 0 972620 0 488787
1788190210.582411 977258 553726 3402 2124 0 972620 0 488787
1788190211.582318 977258 553726 3402 2124 0 972620 0 488787
1788190212.582287 977258 553726 3402 2124 0 972620 0 488787
1788190213.582450 977258 553726 3402 2124 0 972620 0 488787
1788190214.582379 977258 553726 3402 2124 0 972620 0 488787
1788190215.582619 977258 553726 3402 2124 0 972620 0 488787
1788190216.582636 977258 553726 3402 2124 0 972620 0 488787
1788190217.582368 977258 553726 3402 2124 0 972620 0 488787
1788190218.582412 977258 554190 3402 2124 0 972620 0 488787
1788190219.582339 977258 554190 3402 2124 0 972620 0 488787
1788190220.584558 977258 554190 3402 2124 0 972620 0 488787
1788190221.582606 977258 554190 3402 2124 0 972620 0 488787
1788190222.582320 977258 554190 3402 2124 0 972620 0 488787
1788190223.582340 977258 554190 3402 2124 0 972620 0 488787
1788190224.582550 977258 554190 3402 2124 0 972620 0 488787
1788190225.582341 977258 554190 3402 2124 0 972620 0 488787
1788190226.582349 977258 554190 3402 2124 0 972620 0 488787
1788190227.582345 977258 554190 3402 2124 0 972620 0 488787
1788190228.582391 977258 554638 3402 2124 0 972620 0 488787
1788190229.582622 977258 554638 3402 2124 0 972620 0 488787
1788190230.582388 977258 554638 3402 2124 0 972620 0 488787
1788190231.582589 977258 554638 3402 2124 0 972620 0 488787
1788190232.582368 977258 554638 3402 2124 0 972620 0 488787
1788190233.582315 977258 554638 3402 2124 0 972620 0 488787
1788190234.582343 977258 554638 3402 2124 0 972620 0 488787
1788190235.582336 977258 554638 3402 2124 0 972620 0 488787
1788190236.582357 977258 554638 3402 2124 0 972620 0 488787
1788190237.582896 977258 554638 3402 2124 0 972620 0 488787
1788190238.582324 977258 554638 3402 2124 0 972620 0 488787
1788190239.582334 977258 554638 3402 2124 0 972620 0 488787
1788190240.582414 977258 554638 3402 2124 0 972620 0 488787
1788190241.582356 977258 554638 3402 2124 0 972620 0 488787
1788190242.582479 977258 554638 3402 2124 0 972620 0 488787
1788190243.582358 977258 554638 3402 2124 0 972620 0 488787
1788190244.582333 977258 554638 3402 2124 0 972620 0 488787
1788190245.582366 977258 554638 3402 2124 0 972620 0 488787
1788190246.582370 977258 554638 3402 2124 0 972620 0 488787
1788190247.582387 977258 554638 3402 2124 0 972620 0 488787
1788190248.582559 977258 554638 3402 2124 0 972620 0 488787
1788190249.582357 977258 555070 3402 2124 0 972620 0 488787
1788190250.582310 977258 555070 3402 2124 0 972620 0 488787
1788190251.582518 977258 555070 3402 2124 0 972620 0 488787
1788190252.582368 977258 555070 3402 2124 0 972620 0 488787
1788190253.582428 977258 555070 3402 2124 0 972620 0 488787
1788190254.582335 977258 555070 3402 2124 0 972620 0 488787
1788190255.582329 977258 555070 3402 2124 0 972620 0 488787
1788190256.582392 977258 555070 3402 2124 0 972620 0 488787
1788190257.582371 977258 555070 3402 2124 0 972620 0 488787
1788190258.582439 977258 555070 3402 2124 0 972620 0 488787
1788190259.582349 977258 555486 3402 2124 0 972620 0 488787
1788190260.582306 977258 555486 3402 2124 0 972620 0 488787
1788190261.582327 977258 555486 3402 2124 0 972620 0 488787
1788190262.582331 977258 555486 3402 2124 0 972620 0 488787
1788190263.582332 977258 555486 3402 2124 0 972620 0 488787
1788190264.583149 977258 555486 3402 2124 0 972620 0 488787
1788190265.582323 977258 555486 3402 2124 0 972620 0 488787
1788190266.582347 977258 555486 3402 2124 0 972620 0 488787
1788190267.582347 977258 555486 3402 2124 0 972620 0 488787
1788190268.582356 977258 555486 3402 2124 0 972620 0 488787
1788190269.584360 977258 555486 3402 2124 0 972620 0 488787
1788190270.582331 977258 555486 3402 2124 0 972620 0 488787
1788190271.582313 977258 555486 3402 2124 0 972620 0 488787
1788190272.582358 977258 555486 3402 2124 0 972620 0 488787
1788190273.582302 977258 555486 3402 2124 0 972620 0 488787
1788190274.582341 977258 555486 3402 2124 0 972620 0 488787
1788190275.582346 977258 555486 3402 2124 0 972620 0 488787
1788190276.582357 977258 555486 3402 2124 0 972620 0 488787
1788190277.582571 977258 555486 3402 2124 0 972620 0 488787
1788190278.582347 977258 555486 3402 2124 0 972620 0 488787
1788190279.582344 977258 555486 3402 2124 0 972620 0 488787
1788190280.582361 977258 555886 3402 2124 0 972620 0 488787
1788190281.582279 977258 555886 3402 2124 0 972620 0 488787
1788190282.582332 977258 555886 3402 2124 0 972620 0 488787
1788190283.582374 977258 555886 3402 2124 0 972620 0 488787
1788190284.582352 977258 555886 3402 2124 0 972620 0 488787
1788190285.582441 977258 555886 3402 2124 0 972620 0 488787
1788190286.582350 977258 555886 3402 2124 0 972620 0 488787
1788190287.582326 977258 555886 3402 2124 0 972620 0 488787
1788190288.582428 977258 555886 3402 2124 0 972620 0 488787
1788190289.582298 977258 555886 3402 2124 0 972620 0 488787
1788190290.582467 977258 556270 3402 2124 0 972620 0 488787
1788190291.582316 977258 556270 3402 2124 0 972620 0 488787
1788190292.582303 977258 556270 3402 2124 0 972620 0 488787
1788190293.582296 977258 556270 3402 2124 0 972620 0 488787
1788190294.582297 977258 556270 3402 2124 0 972620 0 488787
1788190295.582325 977258 556270 3402 2124 0 972620 0 488787
1788190296.582300 977258 556270 3402 2124 0 972620 0 488787
1788190297.582322 977258 556270 3402 2124 0 972620 0 488787
1788190298.582326 977258 556270 3402 2124 0 972620 0 488787
1788190299.582312 977258 556270 3402 2124 0 972620 0 488787
1788190300.582261 977258 556270 3402 2124 0 972620 0 488787
1788190301.582312 977258 556270 3402 2124 0 972620 0 488787
1788190302.582310 977258 556270 3402 2124 0 972620 0 488787
1788190303.582295 977258 556270 3402 2124 0 972620 0 488787
1788190304.582287 977258 556270 3402 2124 0 972620 0 488787
1788190305.582264 977258 556270 3402 2124 0 972620 0 488787
1788190306.582461 977258 556270 3402 2124 0 972620 0 488787
1788190307.582332 977258 556270 3402 2124 0 972620 0 488787
1788190308.582270 977258 556270 3402 2124 0 972620 0 488787
1788190309.582253 977258 556270 3402 2124 0 972620 0 488787
1788190310.582275 977258 556638 3402 2124 0 972620 0 488787
1788190311.582612 977258 556638 3402 2124 0 972620 0 488787
1788190312.582477 977258 556638 3402 2124 0 972620 0 488787
1788190313.582519 977258 556638 3402 2124 0 972620 0 488787
1788190314.582500 977258 556638 3402 2124 0 972620 0 488787
1788190315.582469 977258 556638 3402 2124 0 972620 0 488787
1788190316.582525 977258 556638 3402 2124 0 972620 0 488787
1788190317.582626 977258 556638 3402 2124 0 972620 0 488787
1788190318.582455 977258 556638 3402 2124 0 972620 0 488787
1788190319.582475 977258 556638 3402 2124 0 972620 0 488787
1788190320.582520 977258 556638 3402 2124 0 972620 0 488787
1788190321.582502 977258 556990 3402 2124 0 972620 0 488787
1788190322.587395 977258 556990 3402 2124 0 972620 0 488787
1788190323.582491 977258 556990 3402 2124 0 972620 0 488787
1788190324.582562 977258 556990 3402 2124 0 972620 0 488787
1788190325.582447 977258 556990 3402 2124 0 972620 0 488787
1788190326.582534 977258 556990 3402 2124 0 972620 0 488787
1788190327.582533 977258 556990 3402 2124 0 972620 0 488787
1788190328.582571 977258 556990 3402 2124 0 972620 0 488787
1788190329.582567 977258 556990 3402 2124 0 972620 0 488787
1788190330.582511 977258 556990 3402 2124 0 972620 0 488787
1788190331.582559 977258 556990 3402 2124 0 972620 0 488787
1788190332.582465 977258 556990 3402 2124 0 972620 0 488787
1788190333.582484 977258 556990 3402 2124 0 972620 0 488787
1788190334.582569 977258 556990 3402 2124 0 972620 0 488787
1788190335.582387 977258 556990 3402 2124 0 972620 0 488787
1788190336.582330 977258 556990 3402 2124 0 972620 0 488787
1788190337.582371 977258 556990 3402 2124 0 972620 0 488787
1788190338.582359 977258 556990 3402 2124 0 972620 0 488787
1788190339.582381 977258 556990 3402 2124 0 972620 0 488787
1788190340.582451 977258 556990 3402 2124 0 972620 0 488787
1788190341.582354 977258 557326 3402 2124 0 972620 0 488787
1788190342.582348 977258 557326 3402 2124 0 972620 0 488787
1788190343.582336 977258 557326 3402 2124 0 972620 0 488787
1788190344.582310 977258 557326 3402 2124 0 972620 0 488787
1788190345.582370 977258 557326 3402 2124 0 972620 0 488787
