# start_epoch=1788190345.979780  page_size=4096  cachestat=ok  fields=size,resident,shared,text,lib,data,dt,pagecache
1788190346.985191 460389 30279 3331 2124 0 455756 0 81637
1788190347.988319 468325 41447 3332 2124 0 463692 0 131204
1788190348.990506 468325 36084 3332 2124 0 463692 0 166330
1788190349.990750 468325 31080 3332 2124 0 463692 0 169681
1788190351.001060 470117 48115 3380 2124 0 465484 0 218105
1788190351.999294 470117 41429 3380 2124 0 465484 0 255032
1788190352.997549 470117 49147 3380 2124 0 465484 0 277949
1788190353.997110 470117 48231 3380 2124 0 465484 0 270300
1788190354.999697 470117 47275 3380 2124 0 465484 0 312276
1788190356.002189 471141 48901 3380 2124 0 466508 0 335747
1788190357.003050 471141 48860 3380 2124 0 466508 0 365676
1788190358.002616 471141 50394 3380 2124 0 466508 0 357556
1788190359.004838 471141 49141 3380 2124 0 466508 0 398795
1788190360.006664 472421 48522 3380 2124 0 467788 0 428723
1788190361.008484 472421 51726 3380 2124 0 467788 0 451938
1788190362.009232 472421 50385 3380 2124 0 467788 0 462863
1788190363.010719 472421 52797 3380 2124 0 467788 0 492282
1788190364.011444 472421 52274 3380 2124 0 467788 0 503995
1788190365.006365 476518 35997 3380 2124 0 471884 0 485878
1788190366.003716 478054 36944 3380 2124 0 473420 0 485878
1788190367.010922 478054 36941 3380 2124 0 473420 0 485879
1788190368.001962 478054 37051 3380 2124 0 473420 0 441573
1788190369.001285 479846 37206 3380 2124 0 475212 0 441574
1788190370.001413 479846 37207 3380 2124 0 475212 0 441574
1788190371.001619 479846 37207 3380 2124 0 475212 0 441574
1788190372.001636 479846 36708 3380 2124 0 475212 0 441575
1788190373.001396 479846 37121 3380 2124 0 475212 0 441576
1788190374.001523 479846 37187 3380 2124 0 475212 0 441576
1788190375.001548 479846 36391 3380 2124 0 475212 0 441577
1788190376.001567 479846 37086 3380 2124 0 475212 0 441578
1788190377.001424 479846 38150 3380 2124 0 475212 0 441565
1788190378.001454 479846 38150 3380 2124 0 475212 0 441565
1788190379.001425 479846 38150 3380 2124 0 475212 0 441566
1788190380.001425 479846 38150 3380 2124 0 475212 0 441567
1788190381.001417 479846 38150 3380 2124 0 475212 0 441567
1788190382.001492 479846 38150 3380 2124 0 475212 0 441568
1788190383.001609 479846 39875 3380 2124 0 475212 0 441569
1788190384.001420 479846 39875 3380 2124 0 475212 0 441569
1788190385.000555 503406 78211 3419 2124 0 498764 0 423538
1788190386.000472 595054 166624 3419 2124 0 590412 0 423538
1788190387.000291 700014 253878 3419 2124 0 695372 0 423538
1788190388.000343 752238 339469 3419 2124 0 747596 0 423538
1788190389.000492 880750 424429 3419 2124 0 876108 0 423538
1788190390.003709 962670 500443 3419 2124 0 958028 0 423538
1788190391.000533 1065070 585396 3419 2124 0 1060428 0 423538
1788190392.000430 1184878 670743 3419 2124 0 1180236 0 423538
1788190393.000485 1184878 755697 3419 2124 0 1180236 0 423538
1788190394.000343 1322094 842054 3419 2124 0 1317452 0 423538
1788190395.000547 1326191 865819 3419 2124 0 1321548 0 423538
1788190396.000522 1326191 865819 3419 2124 0 1321548 0 423538
1788190397.000425 1326191 865819 3419 2124 0 1321548 0 423538
1788190398.000447 1326191 865819 3419 2124 0 1321548 0 423538
1788190399.000524 1326191 865819 3419 2124 0 1321548 0 423538
1788190400.000444 1326191 865819 3419 2124 0 1321548 0 423538
1788190401.003302 1330288 865810 3419 2124 0 1325644 0 423538
1788190402.000499 1330288 865810 3419 2124 0 1325644 0 423538
1788190403.000520 1330288 866064 3419 2124 0 1325644 0 423538
1788190404.000476 1330288 866064 3419 2124 0 1325644 0 423538
1788190405.000435 1330288 866064 3419 2124 0 1325644 0 423538
1788190406.000494 1330288 866064 3419 2124 0 1325644 0 423538
1788190407.000461 1334378 866057 3412 2124 0 1329740 0 423538
1788190408.000615 1334378 866057 3412 2124 0 1329740 0 423538
1788190409.000556 1334378 866057 3412 2124 0 1329740 0 423538
1788190410.000620 1334378 866057 3412 2124 0 1329740 0 423538
1788190411.000155 1334378 866057 3412 2124 0 1329740 0 423538
1788190412.000568 1334378 866057 3412 2124 0 1329740 0 423538
1788190413.000448 1334378 866057 3412 2124 0 1329740 0 423538
1788190414.000473 1334378 866057 3412 2124 0 1329740 0 423538
1788190415.000277 1334378 866057 3412 2124 0 1329740 0 423538
1788190416.000342 1334378 866057 3412 2124 0 1329740 0 423538
1788190417.000468 1334378 866057 3412 2124 0 1329740 0 423538
1788190418.000474 1334378 866057 3412 2124 0 1329740 0 423538
1788190419.000445 1334378 866057 3412 2124 0 1329740 0 423538
1788190420.000498 1334378 866057 3412 2124 0 1329740 0 423538
1788190421.000480 1334378 866057 3412 2124 0 1329740 0 423538
1788190422.000506 1334378 866057 3412 2124 0 1329740 0 423538
1788190423.000453 1334378 866057 3412 2124 0 1329740 0 423538
1788190424.000286 1334378 866057 3412 2124 0 1329740 0 423538
1788190425.000444 1334378 866057 3412 2124 0 1329740 0 423538
1788190426.000496 1334378 866057 3412 2124 0 1329740 0 423538
1788190427.000433 1334378 866057 3412 2124 0 1329740 0 423538
1788190428.000574 1334378 866057 3412 2124 0 1329740 0 423538
1788190429.000451 1334378 866057 3412 2124 0 1329740 0 423538
1788190430.004256 1334378 866057 3412 2124 0 1329740 0 423538
1788190431.000501 1334378 866057 3412 2124 0 1329740 0 423538
1788190432.000493 1334378 866057 3412 2124 0 1329740 0 423538
1788190433.000479 1334378 866057 3412 2124 0 1329740 0 423538
1788190434.000476 1334378 866057 3412 2124 0 1329740 0 423538
1788190435.000474 1334378 866057 3412 2124 0 1329740 0 423538
1788190436.000462 1334378 866057 3412 2124 0 1329740 0 423538
1788190437.000147 1334378 866057 3412 2124 0 1329740 0 423538
1788190438.000448 1334378 866057 3412 2124 0 1329740 0 423538
1788190439.000459 1334378 866057 3412 2124 0 1329740 0 423538
1788190440.000482 1334378 866057 3412 2124 0 1329740 0 423538
1788190441.000464 1334378 866057 3412 2124 0 1329740 0 423538
1788190442.000365 1334378 866057 3412 2124 0 1329740 0 423538
1788190443.000448 1334378 866057 3412 2124 0 1329740 0 423538
1788190444.000435 1334378 866057 3412 2124 0 1329740 0 423538
1788190445.000511 1334378 866057 3412 2124 0 1329740 0 423538
1788190446.000446 1334378 866057 3412 2124 0 1329740 0 423538
1788190447.000448 1334378 866057 3412 2124 0 1329740 0 423538
1788190448.000271 1334378 866057 3412 2124 0 1329740 0 423538
1788190449.000321 1334378 866057 3412 2124 0 1329740 0 423538
1788190450.000472 1334378 866057 3412 2124 0 1329740 0 423538
1788190451.000283 1334378 866057 3412 2124 0 1329740 0 423538
1788190452.000498 1334378 866057 3412 2124 0 1329740 0 423538
1788190453.000540 1334378 866057 3412 2124 0 1329740 0 423538
1788190454.000339 1334378 866057 3412 2124 0 1329740 0 423538
1788190455.000407 1334378 866057 3412 2124 0 1329740 0 423538
1788190456.000320 1334378 866057 3412 2124 0 1329740 0 423538
1788190457.000422 1334378 866057 3412 2124 0 1329740 0 423538
1788190458.000482 1334378 866057 3412 2124 0 1329740 0 423538
1788190459.000425 1334378 866057 3412 2124 0 1329740 0 423538
1788190460.000499 1334378 866057 3412 2124 0 1329740 0 423538
1788190461.000469 1334378 866057 3412 2124 0 1329740 0 423538
1788190462.000485 1334378 866057 3412 2124 0 1329740 0 423538
1788190463.000504 1334378 866057 3412 2124 0 1329740 0 423538
1788190464.000674 1334378 866057 3412 2124 0 1329740 0 423538
1788190465.000492 1334378 866070 3412 2124 0 1329740 0 423538
1788190466.000516 1334378 866070 3412 2124 0 1329740 0 423538
1788190467.000483 1334378 866070 3412 2124 0 1329740 0 423538
1788190468.000463 1334378 866070 3412 2124 0 1329740 0 423538
1788190469.000417 1334378 866070 3412 2124 0 1329740 0 423538
1788190470.000442 1334378 866070 3412 2124 0 1329740 0 423538
1788190471.000474 1334378 866070 3412 2124 0 1329740 0 423538
1788190472.000490 1334378 866070 3412 2124 0 1329740 0 423538
1788190473.000367 1334378 866070 3412 2124 0 1329740 0 423538
1788190474.000517 1334378 866070 3412 2124 0 1329740 0 423538
1788190475.000486 1334378 866314 3412 2124 0 1329740 0 423538
1788190476.000476 1334378 866314 3412 2124 0 1329740 0 423538
1788190477.000476 1334378 866314 3412 2124 0 1329740 0 423538
1788190478.000499 1334378 866314 3412 2124 0 1329740 0 423538
1788190479.000413 1334378 866314 3412 2124 0 1329740 0 423538
1788190480.000341 1334378 866314 3412 2124 0 1329740 0 423538
1788190481.000461 1334378 866314 3412 2124 0 1329740 0 423538
1788190482.000451 1334378 866314 3412 2124 0 1329740 0 423538
1788190483.000492 1334378 866314 3412 2124 0 1329740 0 423538
1788190484.000452 1334378 866314 3412 2124 0 1329740 0 423538
1788190485.000456 1334378 866314 3412 2124 0 1329740 0 423538
1788190486.000477 1334378 866314 3412 2124 0 1329740 0 423538
1788190487.000447 1334378 866314 3412 2124 0 1329740 0 423538
1788190488.000432 1334378 866314 3412 2124 0 1329740 0 423538
1788190489.000438 1334378 866314 3412 2124 0 1329740 0 423538
1788190490.000458 1334378 866314 3412 2124 0 1329740 0 423538
1788190491.000442 1334378 866314 3412 2124 0 1329740 0 423538
1788190492.000482 1334378 866314 3412 2124 0 1329740 0 423538
1788190493.000476 1334378 866314 3412 2124 0 1329740 0 423538
1788190494.000561 1334378 866314 3412 2124 0 1329740 0 423538
1788190495.000422 1334378 866810 3412 2124 0 1329740 0 423538
1788190496.000416 1334378 866810 3412 2124 0 1329740 0 423538
1788190497.000523 1334378 866810 3412 2124 0 1329740 0 423538
1788190498.000418 1334378 866810 3412 2124 0 1329740 0 423538
1788190499.000468 1334378 866810 3412 2124 0 1329740 0 423538
1788190500.000426 1334378 866810 3412 2124 0 1329740 0 423538
1788190501.000066 1334378 866810 3412 2124 0 1329740 0 423538
1788190502.000463 1334378 866810 3412 2124 0 1329740 0 423538
1788190503.000436 1334378 866810 3412 2124 0 1329740 0 423538
1788190504.000463 1334378 866810 3412 2124 0 1329740 0 423538
1788190505.000466 1334378 866810 3412 2124 0 1329740 0 423538
1788190506.000536 1334378 866810 3412 2124 0 1329740 0 423538
1788190507.000524 1334378 866810 3412 2124 0 1329740 0 423538
1788190508.000451 1334378 866810 3412 2124 0 1329740 0 423538
1788190509.000549 1334378 866810 3412 2124 0 1329740 0 423538
1788190510.000474 1334378 866810 3412 2124 0 1329740 0 423538
1788190511.000459 1334378 866810 3412 2124 0 1329740 0 423538
1788190512.000367 1334378 866810 3412 2124 0 1329740 0 423538
1788190513.000460 1334378 866810 3412 2124 0 1329740 0 423538
1788190514.000478 1334378 866810 3412 2124 0 1329740 0 423538
1788190515.000330 1334378 866810 3412 2124 0 1329740 0 423538
1788190516.000354 1334378 867290 3412 2124 0 1329740 0 423538
1788190517.000559 1334378 867290 3412 2124 0 1329740 0 423538
1788190518.000501 1334378 867290 3412 2124 0 1329740 0 423538
1788190519.000469 1334378 867290 3412 2124 0 1329740 0 423538
1788190520.000443 1334378 867290 3412 2124 0 1329740 0 423538
1788190521.000444 1334378 867290 3412 2124 0 1329740 0 423538
1788190522.000448 1334378 867290 3412 2124 0 1329740 0 423538
1788190523.000438 1334378 867290 3412 2124 0 1329740 0 423538
1788190524.000418 1334378 867290 3412 2124 0 1329740 0 423538
1788190525.000503 1334378 867290 3412 2124 0 1329740 0 423538
1788190526.000485 1334378 867754 3412 2124 0 1329740 0 423538
1788190527.000471 1334378 867754 3412 2124 0 1329740 0 423538
1788190528.000348 1334378 867754 3412 2124 0 1329740 0 423538
1788190529.000481 1334378 867754 3412 2124 0 1329740 0 423538
1788190530.000320 1334378 867754 3412 2124 0 1329740 0 423538
1788190531.000434 1334378 867754 3412 2124 0 1329740 0 423538
1788190532.000492 1334378 867754 3412 2124 0 1329740 0 423538
1788190533.000416 1334378 867754 3412 2124 0 1329740 0 423538
1788190534.000517 1334378 867754 3412 2124 0 1329740 0 423538
1788190535.000492 1334378 867754 3412 2124 0 1329740 0 423538
1788190536.000471 1334378 867754 3412 2124 0 1329740 0 423538
1788190537.000195 1334378 867754 3412 2124 0 1329740 0 423538
1788190538.000640 1334378 867754 3412 2124 0 1329740 0 423538
1788190539.000455 1334378 867754 3412 2124 0 1329740 0 423538
1788190540.000436 1334378 867754 3412 2124 0 1329740 0 423538
1788190541.000426 1334378 867754 3412 2124 0 1329740 0 423538
1788190542.000452 1334378 867754 3412 2124 0 1329740 0 423538
1788190543.000445 1334378 867754 3412 2124 0 1329740 0 423538
1788190544.000437 1334378 867754 3412 2124 0 1329740 0 423538
1788190545.000436 1334378 867754 3412 2124 0 1329740 0 423538
1788190546.000461 1334378 868202 3412 2124 0 1329740 0 423538
1788190547.000527 1334378 868202 3412 2124 0 1329740 0 423538
1788190548.000452 1334378 868202 3412 2124 0 1329740 0 423538
1788190549.000468 1334378 868202 3412 2124 0 1329740 0 423538
1788190550.000491 1334378 868202 3412 2124 0 1329740 0 423538
1788190551.000407 1334378 868202 3412 2124 0 1329740 0 423538
1788190552.000490 1334378 868202 3412 2124 0 1329740 0 423538
1788190553.000437 1334378 868202 3412 2124 0 1329740 0 423538
1788190554.000543 1334378 868202 3412 2124 0 1329740 0 423538
1788190555.000423 1334378 868202 3412 2124 0 1329740 0 423538
1788190556.000438 1334378 868202 3412 2124 0 1329740 0 423538
1788190557.000461 1334378 868634 3412 2124 0 1329740 0 423538
1788190558.000434 1334378 868634 3412 2124 0 1329740 0 423538
1788190559.000462 1334378 868634 3412 2124 0 1329740 0 423538
