# start_epoch=1786293717.026835  page_size=4096  cachestat=ok  fields=size,resident,shared,text,lib,data,dt,pagecache
1786293718.027235 172397 27675 7753 99 0 158392 0 1
1786293719.027035 172397 27675 7753 99 0 158392 0 1
1786293720.063448 2831367 57285 36513 99 0 163896 0 52090
1786293721.029110 2872900 67232 46434 99 0 163896 0 74919
1786293722.030466 2909437 105778 84980 99 0 163896 0 117935
1786293723.029182 2909437 112583 91785 99 0 163896 0 126376
1786293724.031880 2957632 68219 47415 99 0 163896 0 161749
1786293725.065053 2954202 104225 83421 99 0 163896 0 171714
1786293726.041340 2926968 33553 12744 99 0 163896 0 136840
1786293727.034133 3043697 84649 63840 99 0 163896 0 244180
1786293728.065892 2998403 105195 84386 99 0 163896 0 211562
1786293729.039646 3044111 107278 86548 99 0 163896 0 236943
1786293730.038174 3057284 71290 50967 99 0 163896 0 271572
1786293731.031357 3097180 104251 83928 99 0 163896 0 301018
1786293732.066763 3056245 106805 86481 99 0 163896 0 268427
1786293733.081992 3097679 110690 90364 99 0 163896 0 316386
1786293734.034535 3067969 74045 53774 99 0 163896 0 283018
1786293735.082024 3120483 116536 96254 99 0 163896 0 329297
1786293736.045453 3112823 88205 68012 99 0 163896 0 313977
1786293737.093202 3131432 107567 87361 99 0 163896 0 349856
1786293738.077825 3148429 116979 96765 99 0 163896 0 365611
1786293739.045743 3181527 137486 117273 99 0 163896 0 393551
1786293740.032675 3192605 105948 85731 99 0 163896 0 392077
1786293741.083910 3160699 108824 88598 99 0 163896 0 371250
1786293742.071074 3189813 115845 95617 99 0 163896 0 414573
1786293743.046692 3251716 155288 135096 99 0 163896 0 460446
1786293744.068680 3335106 192127 171917 99 0 163896 0 545111
1786293745.068339 3217144 119927 99710 99 0 163896 0 434645
1786293746.080614 3229978 129216 108994 99 0 163896 0 456072
1786293747.057686 3319428 166829 146616 99 0 163896 0 536345
1786293748.082197 3386390 200179 179960 99 0 163896 0 597678
1786293749.078480 3252686 121192 100966 99 0 163896 0 466403
1786293750.049707 3245615 139739 119540 99 0 163896 0 450885
1786293751.056010 3322253 176291 156264 99 0 163896 0 527766
1786293752.043599 3319937 109165 89111 99 0 163896 0 529377
1786293753.090965 3335891 120460 100397 99 0 163896 0 548993
1786293754.088040 3320757 142461 122396 99 0 163896 0 530750
1786293755.051992 3345524 165485 145423 99 0 163896 0 560412
1786293756.103085 3383482 152761 132695 99 0 163896 0 588234
1786293757.069104 3304866 110718 90650 99 0 163896 0 527308
1786293758.071889 3357266 126165 106102 99 0 163896 0 558722
1786293759.050990 3407185 176130 156088 99 0 163896 0 612182
1786293760.100267 3465434 197611 177561 99 0 163896 0 667393
1786293761.098492 3348973 119211 99153 99 0 163896 0 571316
1786293762.046583 3385480 143244 123192 99 0 163896 0 590909
1786293763.058292 3416510 169787 149727 99 0 163896 0 631269
1786293764.045565 3360167 108266 88205 99 0 163896 0 563787
1786293765.043444 3367202 110226 90165 99 0 163896 0 576834
1786293766.082457 3407547 116240 96165 99 0 163896 0 632365
1786293767.047026 3402010 136179 116099 99 0 163896 0 608888
1786293768.059796 3446356 170003 149923 99 0 163896 0 647195
1786293769.042733 3393916 108968 88888 99 0 163896 0 583641
1786293770.080853 3350573 111470 91383 99 0 163896 0 566393
1786293771.105748 3386148 127744 107652 99 0 163896 0 605905
1786293772.058567 3489410 164359 144286 99 0 163896 0 689787
1786293773.047421 3549390 200987 180913 99 0 163896 0 749047
1786293774.046174 3443921 109651 89577 99 0 163896 0 650755
1786293775.094620 3383482 120222 100144 99 0 163896 0 604605
1786293776.051825 3418082 135092 115029 99 0 163896 0 627045
1786293777.068456 3463184 147106 127074 99 0 163896 0 678121
1786293778.073369 3554183 184449 164417 99 0 163896 0 771362
1786293779.076370 3619750 200373 180320 99 0 163896 0 833015
1786293780.078943 3493671 120235 100180 99 0 163896 0 714742
1786293781.091976 3553134 146395 126362 99 0 163896 0 731961
1786293782.050099 3476230 106265 86261 99 0 163896 0 675967
1786293783.045733 3476073 109018 89014 99 0 163896 0 682951
1786293784.107856 3458701 115335 95311 99 0 163896 0 679845
1786293785.104756 3506077 138571 118543 99 0 163896 0 717304
1786293786.062731 3531611 158714 138807 99 0 163896 0 736269
1786293787.051032 3614881 193115 173221 99 0 163896 0 815240
1786293788.099379 3520593 113339 93449 99 0 163896 0 737994
1786293789.166679 3520593 127100 107205 99 0 163896 0 745912
1786293790.080048 3538855 150068 130170 99 0 163896 0 747052
1786293791.053081 3604340 173091 153191 99 0 163896 0 817998
1786293792.053051 3676225 206164 186261 99 0 163896 0 879447
1786293793.098517 3746613 208422 188515 99 0 163896 0 970409
1786293794.072445 3546621 118164 98262 99 0 163896 0 764633
1786293795.062545 3564883 142768 122861 99 0 163896 0 777274
1786293796.089198 3657592 182906 163076 99 0 163896 0 873364
1786293797.047371 3541850 108633 88802 99 0 163896 0 747829
1786293798.104437 3566961 120913 101074 99 0 163896 0 790698
1786293799.075963 3576441 141706 121863 99 0 163896 0 787727
1786293800.050347 3656600 163321 143504 99 0 163896 0 866597
1786293801.042423 3729126 196979 177163 99 0 163896 0 931080
1786293802.081049 3558293 109937 90084 99 0 163896 0 771725
1786293803.077575 3531217 120384 100525 99 0 163896 0 760265
1786293804.111002 3587989 146301 126436 99 0 163896 0 802360
1786293805.053616 3633158 168354 148547 99 0 163896 0 845042
1786293806.052149 3738912 202033 182242 99 0 163896 0 942011
1786293807.110829 3584527 111550 91738 99 0 163896 0 798350
1786293808.105614 3584527 120960 101142 99 0 163896 0 805027
1786293809.053040 3648695 138353 118533 99 0 163896 0 859433
1786293810.040968 3729170 164258 144439 99 0 163896 0 940040
1786293811.053414 3619602 108238 88470 99 0 163896 0 823366
1786293812.098200 3649187 113668 93882 99 0 163896 0 861042
1786293813.075796 3634539 123845 104051 99 0 163896 0 858427
1786293814.053231 3679847 144975 125187 99 0 163896 0 889375
1786293815.079465 3758267 182465 162677 99 0 163896 0 971103
1786293816.039669 3657041 108641 88850 99 0 163896 0 862549
1786293817.099560 3663264 112037 92241 99 0 163896 0 880389
1786293818.076935 3667853 137276 117476 99 0 163896 0 875979
1786293819.073622 3673340 159698 139925 99 0 163896 0 875237
1786293820.061279 3694385 107043 87272 99 0 163896 0 883557
1786293821.078617 3673579 116429 96644 99 0 163896 0 893920
1786293822.101467 3668974 126497 106704 99 0 163896 0 888391
1786293823.064499 3770646 143563 123772 99 0 163896 0 975319
1786293824.055335 3783936 181080 161283 99 0 163896 0 992379
1786293825.068093 3870979 198200 178565 99 0 163896 0 1076010
1786293826.101379 3910476 207306 187647 99 0 163896 0 1130174
1786293827.079435 3751420 135447 115782 99 0 163896 0 955821
1786293828.073386 3733020 150282 130653 99 0 163896 0 945128
1786293829.050524 3703791 94465 74835 99 0 163896 0 919886
1786293830.054448 3713001 108878 89249 99 0 163896 0 919322
1786293831.116427 3725923 118532 98869 99 0 163896 0 945947
1786293832.111790 3773962 139062 119396 99 0 163896 0 983620
1786293833.055927 3855183 165293 145629 99 0 163896 0 1067358
1786293834.053730 3793059 145262 125596 99 0 163896 0 978876
1786293835.042648 3744533 110340 90674 99 0 163896 0 954695
1786293836.079001 3762200 114527 94839 99 0 163896 0 983881
1786293837.057791 3772005 133908 114237 99 0 163896 0 979477
1786293838.087582 3813854 161556 141901 99 0 163896 0 1028919
1786293839.056444 3874504 194519 174863 99 0 163896 0 1079428
1786293840.062318 3756959 110698 91042 99 0 163896 0 968276
1786293841.075592 3774018 124820 105145 99 0 163896 0 984987
1786293842.081041 3774018 138956 119274 99 0 163896 0 985092
1786293843.099250 3878055 163702 144019 99 0 163896 0 1082568
1786293844.066082 3861600 107358 87675 99 0 163896 0 1047184
1786293845.053726 3780481 109561 89884 99 0 163896 0 988879
1786293846.106348 3780481 114914 95228 99 0 163896 0 1003110
1786293847.061168 3798807 134924 115244 99 0 163896 0 1009668
1786293848.088090 3918929 147352 127688 99 0 163896 0 1128146
1786293849.059750 4006009 195760 176093 99 0 163896 0 1205871
1786293850.044506 3988162 199050 179383 99 0 163896 0 1195138
1786293851.123140 3812250 111935 92251 99 0 163896 0 1029512
1786293852.111404 3830576 129971 110283 99 0 163896 0 1044071
1786293853.087107 3877430 140074 120381 99 0 163896 0 1097224
1786293854.062626 3886653 166203 146521 99 0 163896 0 1103092
1786293855.060217 3913065 198311 178635 99 0 163896 0 1117341
1786293856.109167 3813259 116690 96995 99 0 163896 0 1027247
1786293857.115827 3808253 128345 108647 99 0 163896 0 1038327
1786293858.076601 3851054 149692 130021 99 0 163896 0 1060489
1786293859.084968 3911472 188384 168711 99 0 163896 0 1126222
1786293860.062152 3977060 203521 183848 99 0 163896 0 1183324
1786293861.089711 4023072 207505 187821 99 0 163896 0 1249817
1786293862.107045 4041398 236904 217211 99 0 163896 0 1248550
1786293863.115076 3886794 152679 132986 99 0 163896 0 1106112
1786293864.082376 3888742 188100 168410 99 0 163896 0 1094490
1786293865.057870 3960935 206617 186941 99 0 163896 0 1165940
1786293866.089825 4030484 208990 189310 99 0 163896 0 1255250
1786293867.094424 4045611 222007 202348 99 0 163896 0 1258301
1786293868.056043 3908368 148467 129103 99 0 163896 0 1121121
1786293869.060769 3816252 56820 37489 99 0 163896 0 1015480
1786293870.061701 3787331 56603 37267 99 0 163896 0 986563
1786293871.054568 3813670 57888 38552 99 0 163896 0 1019833
1786293872.055389 3792847 73048 53712 99 0 163896 0 992085
1786293873.056138 3831815 73051 53715 99 0 163896 0 1031055
1786293874.049671 3831815 73051 53715 99 0 163896 0 1031055
1786293875.054491 3812347 32645 13309 99 0 163896 0 1011590
1786293876.055543 3854902 32649 13313 99 0 163896 0 1054146
1786293877.043133 3843838 32593 13305 99 0 163896 0 1043083
1786293878.054507 3800792 32915 13646 99 0 163896 0 1000039
1786293879.055805 3743668 32642 13372 99 0 163896 0 942917
1786293880.053803 3776259 32865 13595 99 0 163896 0 975510
1786293881.054579 3758111 32775 13505 99 0 163896 0 957363
1786293882.055208 3758111 32775 13505 99 0 163896 0 957363
1786293883.053910 3758111 32775 13505 99 0 163896 0 957363
1786293884.055591 3789804 33116 13845 99 0 163896 0 989059
1786293885.047176 3789804 33116 13845 99 0 163896 0 989059
1786293886.057036 3813574 33315 14063 99 0 163896 0 1012830
1786293887.054351 3813574 33315 14063 99 0 163896 0 1012830
1786293888.051637 3712299 32780 13523 99 0 163896 0 911558
1786293889.053458 3777438 33167 13910 99 0 163896 0 976698
1786293890.054641 3818744 33449 14272 99 0 163896 0 1018006
1786293891.054615 3818744 33449 14272 99 0 163896 0 1018007
1786293892.053520 3818744 33449 14272 99 0 163896 0 1018007
1786293893.043596 3869478 33767 14590 99 0 163896 0 1068741
1786293894.044311 3919522 34084 14906 99 0 163896 0 1118786
1786293895.043382 3919522 34084 14906 99 0 163896 0 1118786
1786293896.044305 3919522 34084 14906 99 0 163896 0 1118786
1786293897.044561 3919522 34084 14906 99 0 163896 0 1118786
1786293898.044734 3919522 34084 14906 99 0 163896 0 1118786
1786293899.044045 3919522 34084 14906 99 0 163896 0 1118786
1786293900.043257 3919522 34084 14906 99 0 163896 0 1118786
1786293901.048469 4204443 35863 16675 99 0 163896 0 1366279
1786293902.039534 3576925 32217 13001 99 0 163896 0 776196
1786293903.039345 3576925 32217 13001 99 0 163896 0 776196
1786293904.038124 3576925 32217 13001 99 0 163896 0 776196
1786293905.039474 3576925 32217 13001 99 0 163896 0 776196
1786293906.039802 3576919 32116 12899 99 0 163896 0 776192
1786293907.039366 3576919 32116 12899 99 0 163896 0 776192
1786293908.039519 3576919 32116 12899 99 0 163896 0 776192
1786293909.039239 3576919 32116 12899 99 0 163896 0 776192
1786293910.039691 3576912 32029 12812 99 0 163896 0 776186
1786293911.039712 3576912 32029 12812 99 0 163896 0 776187
1786293912.039315 3576912 32029 12812 99 0 163896 0 776187
1786293913.039747 3576905 31926 12709 99 0 163896 0 776181
1786293914.045367 3576905 31926 12709 99 0 163896 0 776181
1786293915.038091 3576905 31926 12709 99 0 163896 0 776181
1786293916.040103 3576905 31926 12709 99 0 163896 0 776181
1786293917.041385 3576899 31824 12607 99 0 163896 0 776176
1786293918.039315 3576899 31824 12607 99 0 163896 0 776176
1786293919.039291 3576899 31824 12607 99 0 163896 0 776176
1786293920.039457 3576899 31824 12607 99 0 163896 0 776176
1786293921.039552 3576894 31771 12554 99 0 163896 0 776173
1786293922.039713 3576894 31771 12554 99 0 163896 0 776173
1786293923.038327 3576894 31771 12554 99 0 163896 0 776173
1786293924.039550 3576894 31771 12554 99 0 163896 0 776173
1786293925.039799 3576887 31685 12467 99 0 163896 0 776167
1786293926.039916 3576887 31690 12467 99 0 163896 0 776167
1786293927.039581 3576887 31690 12467 99 0 163896 0 776167
1786293928.039695 3576879 31602 12379 99 0 163896 0 776161
1786293929.046441 3578927 31597 12394 99 0 165944 0 776161
1786293930.039558 3578927 31597 12394 99 0 165944 0 776161
1786293931.039662 3578927 31597 12394 99 0 165944 0 776161
1786293932.039491 3578927 31597 12394 99 0 165944 0 776161
1786293933.040104 3580976 31602 12394 99 0 167992 0 776161
1786293934.039338 3580976 31602 12394 99 0 167992 0 776161
1786293935.039265 3580976 31602 12394 99 0 167992 0 776161
1786293936.039763 3583025 31602 12394 99 0 170040 0 776161
1786293937.039606 3583025 31602 12394 99 0 170040 0 776161
1786293938.039801 3583025 31602 12394 99 0 170040 0 776161
1786293939.040368 3585074 31600 12394 99 0 172088 0 776161
1786293940.039370 3585074 31600 12394 99 0 172088 0 776161
1786293941.039567 3585074 31600 12394 99 0 172088 0 776161
1786293942.039352 3585074 31600 12394 99 0 172088 0 776161
1786293943.039709 3585074 31600 12394 99 0 172088 0 776161
1786293944.039787 3585074 31600 12394 99 0 172088 0 776161
1786293945.039476 3585074 31600 12394 99 0 172088 0 776161
1786293946.040444 3585074 32034 12394 99 0 172088 0 776161
1786293947.039475 3585074 32034 12394 99 0 172088 0 776161
1786293948.039333 3585074 32034 12394 99 0 172088 0 776161
1786293949.039789 3585074 32034 12394 99 0 172088 0 776161
1786293950.041487 3585074 32034 12394 99 0 172088 0 776161
1786293951.039339 3585074 32034 12394 99 0 172088 0 776161
1786293952.039155 3585074 32034 12394 99 0 172088 0 776161
1786293953.039213 3585074 32034 12394 99 0 172088 0 776161
1786293954.039297 3585074 32034 12394 99 0 172088 0 776161
1786293955.039778 3585074 32034 12394 99 0 172088 0 776161
1786293956.039935 3585074 32044 12394 99 0 172088 0 776161
1786293957.039082 3585074 32044 12394 99 0 172088 0 776161
1786293958.039280 3585074 32044 12394 99 0 172088 0 776161
1786293959.039369 3585074 32044 12394 99 0 172088 0 776161
1786293960.039309 3585074 32044 12394 99 0 172088 0 776161
1786293961.039371 3585074 32015 12394 99 0 172088 0 776161
