# start_epoch=1786293961.710389  page_size=4096  cachestat=ok  fields=size,resident,shared,text,lib,data,dt,pagecache
1786293962.710557 170349 27189 7779 99 0 156344 0 1
1786293963.710511 170349 27189 7779 99 0 156344 0 1
1786293964.713216 2874033 88436 66293 99 0 173112 0 84965
1786293965.713778 2901562 90364 67637 99 0 174648 0 103992
1786293966.712462 2937145 105124 82345 99 0 174648 0 126819
1786293967.712923 2963074 104844 82064 99 0 174648 0 162524
1786293968.716035 2970706 92388 69599 99 0 174648 0 179819
1786293969.715857 2996635 88214 65418 99 0 174648 0 190827
1786293970.717346 3032218 104989 82193 99 0 174648 0 237791
1786293971.718135 3039850 92835 71145 99 0 174648 0 254360
1786293972.717934 3065779 88675 67177 99 0 174648 0 266010
1786293973.715307 3101362 105325 82646 99 0 174648 0 301022
1786293974.715306 3130363 106654 82430 99 0 177720 0 325130
1786293975.721077 3137995 94165 69941 99 0 177720 0 344046
1786293976.721428 3163924 90422 66094 99 0 177720 0 356298
1786293977.716733 3199507 107191 83047 99 0 177720 0 400006
1786293978.721889 3207139 95770 71622 99 0 177720 0 407807
1786293979.722358 3233068 89093 66811 99 0 177720 0 427778
1786293980.723575 3268651 106193 82971 99 0 177720 0 472330
1786293981.724107 3294580 106676 82749 99 0 177720 0 488283
1786293982.725893 3302212 92602 68662 99 0 177720 0 502831
1786293983.720986 3328141 89078 65134 99 0 177720 0 515617
1786293984.720456 3363724 106798 83171 99 0 177720 0 559319
1786293985.726382 3371356 93360 69699 99 0 177720 0 575341
1786293986.721392 3427165 127590 103291 99 0 177720 0 591669
1786293987.720642 3432868 107685 83345 99 0 177720 0 629883
1786293988.730330 3440500 95104 70591 99 0 177720 0 647011
1786293989.728696 3466429 89947 66525 99 0 177720 0 658815
1786293990.720803 3502012 107923 83497 99 0 177720 0 699516
1786293991.730412 3509580 94599 71249 99 0 177720 0 718504
1786293992.730719 3535573 91534 66936 99 0 177720 0 728861
1786293993.730622 3571156 108392 83821 99 0 177720 0 767657
1786293994.734442 3578788 92242 70903 99 0 177720 0 785677
1786293995.734802 3604713 89729 67050 99 0 177720 0 797578
1786293996.722719 3640216 107783 83854 99 0 177720 0 836674
1786293997.736610 3647854 95452 71471 99 0 177720 0 855513
1786293998.736705 3673653 89261 66522 99 0 177720 0 864835
1786293999.723787 3709201 108651 84139 99 0 177720 0 906135
1786294000.738846 3716803 94404 71765 99 0 177720 0 925485
1786294001.738817 3743669 91295 67591 99 0 178744 0 936863
1786294002.732086 3779234 108027 84311 99 0 178744 0 979192
1786294003.737928 3786792 93897 71901 99 0 178744 0 995011
1786294004.741090 3812693 91989 67774 99 0 178744 0 1005606
1786294005.726991 3849150 109604 84324 99 0 179768 0 1043424
1786294006.745282 3856760 98063 72735 99 0 179768 0 1066001
1786294007.743393 3882687 93535 68286 99 0 179768 0 1076200
1786294008.728325 3918198 110725 84774 99 0 179768 0 1118526
1786294009.741417 3925826 97876 73122 99 0 179768 0 1116575
1786294010.742118 3951687 94090 68361 99 0 179768 0 1145656
1786294011.737839 3987183 108880 84932 99 0 179768 0 1181860
1786294012.746861 3994791 97158 72235 99 0 179768 0 1201302
1786294013.744087 4020648 91613 67838 99 0 179768 0 1212351
1786294014.736103 4056200 110018 85021 99 0 179768 0 1249895
1786294015.728821 4072778 97317 73401 99 0 181816 0 1259414
1786294016.728265 4040098 37153 11796 99 0 181816 0 1221248
1786294017.729925 4040098 37715 11796 99 0 181816 0 1221248
1786294018.729734 4040098 37715 11796 99 0 181816 0 1221248
1786294019.729589 4040098 37715 11796 99 0 181816 0 1221248
1786294020.729887 4040098 37715 11796 99 0 181816 0 1221248
1786294021.729372 4040098 37715 11796 99 0 181816 0 1221248
1786294022.729827 4040098 37715 11796 99 0 181816 0 1221248
1786294023.729312 4040098 37715 11796 99 0 181816 0 1221248
1786294024.729360 4040098 37715 11796 99 0 181816 0 1221248
1786294025.734197 4040098 37715 11796 99 0 181816 0 1221248
1786294026.729742 4040098 37715 11796 99 0 181816 0 1221248
1786294027.729502 4040098 38195 11796 99 0 181816 0 1221248
1786294028.729831 4040098 38195 11796 99 0 181816 0 1221248
1786294029.729633 4040098 38195 11796 99 0 181816 0 1221248
1786294030.729515 4040098 38195 11796 99 0 181816 0 1221248
1786294031.735447 4420382 38507 12108 99 0 181816 0 1601533
1786294032.729486 4040090 36999 11031 99 0 181816 0 1221245
1786294033.729795 4040090 36999 11031 99 0 181816 0 1221245
1786294034.729800 4040090 36999 11031 99 0 181816 0 1221245
1786294035.729650 4040090 36999 11031 99 0 181816 0 1221246
1786294036.729574 4040090 36999 11031 99 0 181816 0 1221246
1786294037.729323 4040090 36999 11031 99 0 181816 0 1221246
1786294038.729436 4040090 36999 11031 99 0 181816 0 1221246
1786294039.729701 4040090 36999 11031 99 0 181816 0 1221246
1786294040.729355 4040090 36999 11031 99 0 181816 0 1221246
1786294041.729382 4040090 36999 11031 99 0 181816 0 1221246
1786294042.729443 4040090 36999 11031 99 0 181816 0 1221246
1786294043.729891 4040090 36999 11031 99 0 181816 0 1221246
1786294044.729672 4040090 36999 11031 99 0 181816 0 1221246
1786294045.729348 4040090 36999 11031 99 0 181816 0 1221246
1786294046.729399 4040090 36999 11031 99 0 181816 0 1221246
1786294047.729516 4040080 34641 10266 99 0 181816 0 1221240
1786294048.729679 4040080 34641 10266 99 0 181816 0 1221240
1786294049.729607 4040080 34641 10266 99 0 181816 0 1221240
1786294050.729452 4040080 34641 10266 99 0 181816 0 1221240
1786294051.729668 4040080 34641 10266 99 0 181816 0 1221240
1786294052.729729 4040080 34641 10266 99 0 181816 0 1221240
1786294053.729630 4040080 34641 10266 99 0 181816 0 1221240
1786294054.729396 4040080 34641 10266 99 0 181816 0 1221240
1786294055.729421 4040080 34641 10266 99 0 181816 0 1221240
1786294056.729691 4040080 34641 10266 99 0 181816 0 1221240
1786294057.729277 4040080 34641 10266 99 0 181816 0 1221240
1786294058.729326 4040080 34641 10266 99 0 181816 0 1221240
1786294059.729236 4040080 34641 10266 99 0 181816 0 1221240
1786294060.734691 4040059 33275 9585 99 0 181816 0 1221225
1786294061.729075 4040059 33275 9585 99 0 181816 0 1221225
1786294062.729215 4040059 33275 9585 99 0 181816 0 1221225
1786294063.729358 4040059 33275 9585 99 0 181816 0 1221225
1786294064.729169 4040059 33275 9585 99 0 181816 0 1221225
1786294065.733245 4040059 33275 9585 99 0 181816 0 1221225
1786294066.729342 4040059 33275 9585 99 0 181816 0 1221225
1786294067.729205 4040059 33275 9585 99 0 181816 0 1221225
1786294068.729507 4040059 33275 9585 99 0 181816 0 1221225
1786294069.729413 4040059 33275 9585 99 0 181816 0 1221225
1786294070.729092 4040059 33275 9585 99 0 181816 0 1221225
1786294071.729527 4040059 33275 9585 99 0 181816 0 1221225
1786294072.729109 4040059 33275 9585 99 0 181816 0 1221225
1786294073.728983 4040059 33275 9585 99 0 181816 0 1221225
1786294074.729453 4040059 33275 9585 99 0 181816 0 1221225
1786294075.729417 4040059 33281 9591 99 0 181816 0 1221228
1786294076.729165 4040059 33281 9591 99 0 181816 0 1221228
1786294077.729146 4040059 33281 9591 99 0 181816 0 1221228
1786294078.729428 4040059 33281 9591 99 0 181816 0 1221228
1786294079.730167 4040059 33281 9591 99 0 181816 0 1221228
1786294080.729238 4040059 33281 9591 99 0 181816 0 1221228
1786294081.728144 4040059 33281 9591 99 0 181816 0 1221228
1786294082.729567 4040059 33281 9591 99 0 181816 0 1221228
1786294083.729447 4040059 33281 9591 99 0 181816 0 1221228
1786294084.729261 4040059 33281 9591 99 0 181816 0 1221228
1786294085.729349 4040059 33281 9591 99 0 181816 0 1221228
1786294086.729239 4040059 33281 9591 99 0 181816 0 1221228
1786294087.729499 4040059 33281 9591 99 0 181816 0 1221228
1786294088.729154 4040059 33281 9591 99 0 181816 0 1221228
1786294089.729166 4040059 33281 9591 99 0 181816 0 1221228
1786294090.729103 4040059 33265 9575 99 0 181816 0 1221230
1786294091.729107 4040059 33265 9575 99 0 181816 0 1221230
1786294092.729316 4040059 33265 9575 99 0 181816 0 1221230
1786294093.729848 4040059 33265 9575 99 0 181816 0 1221230
1786294094.729466 4040059 33265 9575 99 0 181816 0 1221230
1786294095.729219 4040059 33265 9575 99 0 181816 0 1221230
1786294096.729191 4040059 33265 9575 99 0 181816 0 1221230
1786294097.729246 4040059 33265 9575 99 0 181816 0 1221230
1786294098.729130 4040059 33265 9575 99 0 181816 0 1221230
1786294099.729056 4040059 33265 9575 99 0 181816 0 1221230
1786294100.729373 4040059 33265 9575 99 0 181816 0 1221230
1786294101.729204 4040059 33265 9575 99 0 181816 0 1221230
1786294102.728951 4040059 33265 9575 99 0 181816 0 1221230
1786294103.734891 4042106 32560 9559 99 0 183864 0 1221231
1786294104.729287 4042106 32560 9559 99 0 183864 0 1221231
1786294105.729418 4042106 32560 9559 99 0 183864 0 1221231
1786294106.729221 4044155 32561 9559 99 0 185912 0 1221231
1786294107.729434 4044155 32561 9559 99 0 185912 0 1221231
1786294108.729185 4046204 32517 9559 99 0 187960 0 1221231
1786294109.729313 4046204 32517 9559 99 0 187960 0 1221231
1786294110.729492 4046204 32517 9559 99 0 187960 0 1221231
1786294111.729008 4048253 32521 9559 99 0 190008 0 1221231
1786294112.729094 4048253 32521 9559 99 0 190008 0 1221231
1786294113.729174 4048253 32521 9559 99 0 190008 0 1221231
1786294114.729485 4048253 32521 9559 99 0 190008 0 1221231
1786294115.729492 4048253 32521 9559 99 0 190008 0 1221231
1786294116.729165 4048253 32521 9559 99 0 190008 0 1221231
1786294117.729324 4048253 32521 9559 99 0 190008 0 1221231
1786294118.729230 4048253 32521 9559 99 0 190008 0 1221231
1786294119.729462 4048253 32521 9559 99 0 190008 0 1221231
1786294120.729282 4048253 32521 9559 99 0 190008 0 1221231
1786294121.729177 4048253 32521 9559 99 0 190008 0 1221231
1786294122.729250 4048253 32521 9559 99 0 190008 0 1221231
1786294123.729119 4048253 32521 9559 99 0 190008 0 1221231
1786294124.729419 4048253 32521 9559 99 0 190008 0 1221231
1786294125.729235 4048253 32521 9559 99 0 190008 0 1221231
1786294126.729217 4048253 32488 9559 99 0 190008 0 1221231
1786294127.729288 4048253 32488 9559 99 0 190008 0 1221231
