# start_epoch=1786177410.302475  page_size=4096  cachestat=ok  fields=size,resident,shared,text,lib,data,dt,pagecache
1786177411.305115 51724 32033 2694 1589 0 47743 0 42194
1786177412.310356 57612 37451 2743 1589 0 53631 0 58026
1786177413.305868 63756 34349 2743 1589 0 59775 0 55803
1786177414.307564 64396 35570 2807 1589 0 60415 0 86093
1786177415.311354 64396 36755 2807 1589 0 60415 0 98344
1786177416.307978 65164 36231 2807 1589 0 61183 0 91763
1786177417.308667 65164 35409 2807 1589 0 61183 0 104012
1786177418.310861 65164 37214 2807 1589 0 61183 0 134284
1786177419.313114 65164 36723 2807 1589 0 61183 0 146534
1786177420.311810 65164 39420 2807 1589 0 61183 0 158784
1786177421.312393 65164 36662 2807 1589 0 61183 0 171033
1786177422.313896 65164 39568 2807 1589 0 61183 0 199084
1786177423.314542 65164 35587 2807 1589 0 61183 0 211336
1786177424.315424 66060 38633 2807 1589 0 62079 0 223588
1786177425.311667 66060 35041 2807 1589 0 62079 0 198088
1786177426.316277 66060 39657 2807 1589 0 62079 0 246382
1786177427.316943 66060 37076 2807 1589 0 62079 0 258632
1786177428.316606 66060 37441 2807 1589 0 62079 0 251288
1786177429.316088 66060 37551 2807 1589 0 62079 0 244300
1786177430.319981 66060 39575 2807 1589 0 62079 0 292595
1786177431.321418 67084 39853 2807 1589 0 63103 0 324405
1786177432.321186 67084 36845 2807 1589 0 63103 0 325612
1786177433.322891 67980 39189 2807 1589 0 63999 0 355047
1786177434.322130 67980 41642 2807 1589 0 63999 0 349353
1786177435.320784 67980 31718 2807 1589 0 63999 0 325808
1786177436.323298 67980 40280 2807 1589 0 63999 0 374104
1786177437.323996 69260 39696 2807 1589 0 65279 0 386354
1786177438.325208 69260 40787 2807 1589 0 65279 0 398605
1786177439.327593 69260 39604 2807 1589 0 65279 0 432461
1786177440.327246 69260 40291 2807 1589 0 65279 0 439211
1786177441.327246 69260 42171 2807 1589 0 65279 0 437829
1786177442.326766 69260 42423 2807 1589 0 65279 0 439190
1786177443.329593 69260 43342 2807 1589 0 65279 0 481911
1786177444.328789 69260 43823 2807 1589 0 65279 0 476619
1786177445.329479 69260 42591 2807 1589 0 65279 0 488869
1786177446.332197 69260 43681 2807 1589 0 65279 0 501121
1786177447.332632 69260 39710 2807 1589 0 65279 0 511420
1786177448.333641 69260 44157 2807 1589 0 65279 0 525624
1786177449.334480 69260 39942 2807 1589 0 65279 0 537875
1786177450.335140 69260 43922 2807 1589 0 65279 0 550125
1786177451.333481 69260 42866 2807 1589 0 65279 0 542817
1786177452.335397 69260 36573 2807 1589 0 65279 0 567710
1786177453.340031 69260 42104 2807 1589 0 65279 0 666738
1786177454.338727 70796 42778 2807 1589 0 66815 0 610226
1786177455.339266 70796 40223 2807 1589 0 66815 0 620262
1786177456.339852 70796 35024 2807 1589 0 66815 0 631145
1786177457.339477 70796 41456 2807 1589 0 66815 0 622303
1786177458.340159 70796 37089 2807 1589 0 66815 0 634553
1786177459.340900 70796 41490 2807 1589 0 66815 0 646804
1786177460.341703 70796 39536 2807 1589 0 66815 0 659055
1786177461.342247 70796 41960 2807 1589 0 66815 0 671307
1786177462.342267 70796 46430 2807 1589 0 66815 0 683289
1786177463.339272 70796 39025 2807 1589 0 66815 0 638404
1786177464.342187 70796 39624 2807 1589 0 66815 0 668678
1786177465.342567 70796 36862 2807 1589 0 66815 0 676794
1786177466.345187 70796 34620 2807 1589 0 66815 0 708092
1786177467.344257 70796 36173 2807 1589 0 66815 0 736580
1786177468.342693 70796 36101 2807 1589 0 66815 0 727993
1786177469.342490 70796 36943 2807 1589 0 66815 0 740244
1786177470.343970 70796 36455 2807 1589 0 66815 0 752495
1786177471.346078 70796 36588 2807 1589 0 66815 0 764745
1786177472.348985 70796 36434 2807 1589 0 66815 0 798346
1786177473.339910 71820 38839 2807 1589 0 67839 0 789249
1786177474.340163 71820 38054 2807 1589 0 67839 0 789250
1786177475.350964 71820 38792 2807 1589 0 67839 0 818278
1786177476.338441 71820 32688 2807 1589 0 67839 0 801501
1786177477.339698 71820 32688 2807 1589 0 67839 0 801501
1786177478.339675 71820 32688 2807 1589 0 67839 0 799777
1786177479.346607 71820 42589 2807 1589 0 67839 0 780443
1786177480.348935 71820 43715 2807 1589 0 67839 0 837060
1786177481.346905 71820 44606 2807 1589 0 67839 0 804150
1786177482.345642 71820 45704 2807 1589 0 67839 0 794984
1786177483.347584 71820 45698 2807 1589 0 67839 0 803780
1786177484.346743 71820 37391 2807 1589 0 67839 0 812083
1786177485.348193 71820 43293 2807 1589 0 67839 0 824494
1786177486.348382 71820 39274 2807 1589 0 67839 0 850975
1786177487.353876 73612 44390 2807 1589 0 69631 0 868555
1786177488.352190 73612 37976 2807 1589 0 69631 0 875476
1786177489.354856 73612 42361 2807 1589 0 69631 0 892906
1786177490.356307 73612 38766 2807 1589 0 69631 0 914040
1786177491.345640 73612 41982 2807 1589 0 69631 0 912227
1786177492.345248 73612 41904 2807 1589 0 69631 0 912229
1786177493.347146 73612 42309 2807 1589 0 69631 0 912229
1786177494.349944 73612 34875 2807 1589 0 69631 0 924479
1786177495.347010 73612 34426 2807 1589 0 69631 0 924480
1786177496.346775 73612 34709 2807 1589 0 69631 0 924480
1786177497.359439 73612 35295 2807 1589 0 69631 0 978900
1786177498.356679 73612 43008 2807 1589 0 69631 0 905720
1786177499.358780 73612 42912 2807 1589 0 69631 0 939082
1786177500.359388 73612 41611 2807 1589 0 69631 0 949894
1786177501.357876 73612 41082 2807 1589 0 69631 0 925956
1786177502.358615 73612 39997 2807 1589 0 69631 0 936672
1786177503.359436 73612 43628 2807 1589 0 69631 0 947642
1786177504.360141 73612 37852 2807 1589 0 69631 0 965316
1786177505.356495 73612 41780 2807 1589 0 69631 0 956729
1786177506.359947 73612 35562 2807 1589 0 69631 0 968980
1786177507.360652 73612 41730 2807 1589 0 69631 0 981232
1786177508.361340 73612 37872 2807 1589 0 69631 0 993481
1786177509.362029 73612 41619 2807 1589 0 69631 0 1005732
1786177510.361675 73612 37764 2807 1589 0 69631 0 1017983
1786177511.352943 73612 42917 2807 1589 0 69631 0 1030233
1786177512.351020 73612 43354 2807 1589 0 69631 0 1030234
1786177513.355055 73612 43009 2807 1589 0 69631 0 1030235
1786177514.349502 73612 43521 2807 1589 0 69631 0 995647
1786177515.357011 73612 41270 2807 1589 0 69631 0 998848
1786177516.357310 73612 41753 2807 1589 0 69631 0 1007395
1786177517.358221 73612 41273 2807 1589 0 69631 0 1019647
1786177518.357662 73612 40624 2807 1589 0 69631 0 1007786
1786177519.364349 73612 41360 2807 1589 0 69631 0 1052798
1786177520.364386 73612 39531 2807 1589 0 69631 0 1062267
1786177521.365846 73612 41986 2807 1589 0 69631 0 1087976
1786177522.365397 73612 43106 2807 1589 0 69631 0 1086725
1786177523.367223 73612 43113 2807 1589 0 69631 0 1112480
1786177524.367784 73612 40987 2807 1589 0 69631 0 1126777
1786177525.367480 73612 42629 2807 1589 0 69631 0 1141034
1786177526.368197 73612 44781 2807 1589 0 69631 0 1155376
1786177527.357052 73612 44660 2807 1589 0 69631 0 1140392
1786177528.356553 73612 44793 2807 1589 0 69631 0 1140392
1786177529.355874 73612 33634 2807 1589 0 69631 0 1152643
1786177530.356126 73612 33677 2807 1589 0 69631 0 1152644
1786177531.356449 73612 33413 2807 1589 0 69631 0 1152645
1786177532.355587 73612 33412 2807 1589 0 69631 0 1152646
1786177533.367995 73612 34514 2807 1589 0 69631 0 1170928
1786177534.364897 75660 44027 2807 1589 0 71679 0 1111532
1786177535.365111 75660 42212 2807 1589 0 71679 0 1117981
1786177536.366310 75660 45825 2807 1589 0 71679 0 1123559
1786177537.368983 75660 47138 2807 1589 0 71679 0 1153611
1786177538.365956 75660 43986 2807 1589 0 71679 0 1139778
1786177539.365396 75660 43574 2807 1589 0 71679 0 1145103
1786177540.366492 75660 45802 2807 1589 0 71679 0 1157354
1786177541.367399 75660 41390 2807 1589 0 71679 0 1178461
1786177542.372899 75660 47521 2807 1589 0 71679 0 1193371
1786177543.377093 75660 45709 2807 1589 0 71679 0 1225592
1786177544.373810 75660 47837 2807 1589 0 71679 0 1240146
1786177545.373855 75660 47720 2807 1589 0 71679 0 1254188
1786177546.361065 75660 47939 2807 1589 0 71679 0 1239714
1786177547.361595 75660 47976 2807 1589 0 71679 0 1239715
1786177548.373090 75660 48004 2807 1589 0 71679 0 1269988
1786177549.360400 75660 37325 2807 1589 0 71679 0 1251967
1786177550.360254 75660 37325 2807 1589 0 71679 0 1251967
1786177551.360579 75660 37334 2807 1589 0 71679 0 1251968
1786177552.359156 75660 37183 2807 1589 0 71679 0 1251969
1786177553.360573 75660 37183 2807 1589 0 71679 0 1251970
1786177554.367471 75660 37207 2807 1589 0 71679 0 1198104
1786177555.374284 75660 47845 2807 1589 0 71679 0 1223903
1786177556.376277 75660 43647 2807 1589 0 71679 0 1265017
1786177557.373668 75660 48715 2807 1589 0 71679 0 1248457
1786177558.357321 79757 36730 2807 1589 0 75775 0 1222916
1786177559.356813 79757 36286 2807 1589 0 75775 0 1213810
1786177560.356633 79757 36542 2807 1589 0 75775 0 1207914
1786177561.356169 79757 36547 2807 1589 0 75775 0 1193866
1786177562.356163 79757 36338 2807 1589 0 75775 0 1196126
1786177563.356397 79757 36231 2807 1589 0 75775 0 1187591
1786177564.355361 79757 36232 2807 1589 0 75775 0 1178909
1786177565.355051 79757 36311 2807 1589 0 75775 0 1174249
1786177566.354657 79757 36014 2807 1589 0 75775 0 1165576
1786177567.355353 79757 36228 2807 1589 0 75775 0 1178940
1786177568.355556 79757 36343 2807 1589 0 75775 0 1178940
1786177569.355719 79757 36297 2807 1589 0 75775 0 1178941
1786177570.355510 79757 36315 2807 1589 0 75775 0 1178942
1786177571.355365 79757 36315 2807 1589 0 75775 0 1178942
1786177572.355310 79757 36277 2807 1589 0 75775 0 1178943
1786177573.355284 79757 36196 2807 1589 0 75775 0 1178945
1786177574.355220 79757 36118 2807 1589 0 75775 0 1178945
1786177575.360353 79757 36889 2807 1589 0 75775 0 1288696
1786177576.354688 79757 35678 2807 1589 0 75775 0 1164596
1786177577.354687 79757 35682 2807 1589 0 75775 0 1164596
1786177578.355084 79757 35684 2807 1589 0 75775 0 1164597
1786177579.354942 79757 35685 2807 1589 0 75775 0 1164598
1786177580.354723 79757 35685 2807 1589 0 75775 0 1164599
1786177581.354629 79757 35471 2807 1589 0 75775 0 1164600
1786177582.354807 79757 35471 2807 1589 0 75775 0 1164601
1786177583.354845 79757 35471 2807 1589 0 75775 0 1164601
1786177584.354732 79757 35471 2807 1589 0 75775 0 1164602
1786177585.354778 79757 35343 2807 1589 0 75775 0 1164604
1786177586.354773 79757 35359 2807 1589 0 75775 0 1164604
1786177587.354615 79757 35385 2807 1589 0 75775 0 1164605
1786177588.354728 79757 35352 2807 1589 0 75775 0 1164606
1786177589.357565 79757 35352 2807 1589 0 75775 0 1164607
1786177590.369653 79757 37265 2807 1589 0 75775 0 1495867
1786177591.351013 82317 37736 2807 1589 0 78335 0 1078279
1786177592.351956 82317 37736 2807 1589 0 78335 0 1104748
1786177593.352229 82317 37736 2807 1589 0 78335 0 1104749
1786177594.352296 82317 37019 2807 1589 0 78335 0 1104750
1786177595.351984 82317 36565 2807 1589 0 78335 0 1104751
1786177596.352026 82317 36565 2807 1589 0 78335 0 1104751
1786177597.352116 82317 35955 2807 1589 0 78335 0 1104752
1786177598.352100 82317 35955 2807 1589 0 78335 0 1104753
1786177599.352039 82317 35955 2807 1589 0 78335 0 1104754
1786177600.352134 82317 35955 2807 1589 0 78335 0 1104755
1786177601.352034 82317 35779 2807 1589 0 78335 0 1104756
1786177602.351989 82317 35628 2807 1589 0 78335 0 1104756
1786177603.347848 82317 36668 2807 1589 0 78335 0 1012703
1786177604.347868 82317 36230 2807 1589 0 78335 0 1012704
1786177605.348253 82317 36152 2807 1589 0 78335 0 1012704
1786177606.349209 142734 102362 2823 1589 0 138751 0 976357
1786177607.352855 270222 227802 2823 1589 0 266239 0 976357
1786177608.350155 420750 348122 2823 1589 0 416767 0 976357
1786177609.346405 571790 473050 2823 1589 0 567807 0 976357
1786177610.346327 676238 593882 2823 1589 0 672255 0 976357
1786177611.346301 796046 717786 2823 1589 0 792063 0 976357
1786177612.346594 933262 839642 2823 1589 0 929279 0 976357
1786177613.346495 1097102 963034 2823 1589 0 1093119 0 976357
1786177614.346406 1304975 1070551 2823 1589 0 1300991 0 976357
1786177615.346517 1304975 1070551 2823 1589 0 1300991 0 976357
1786177616.346397 1304975 1070551 2823 1589 0 1300991 0 976357
1786177617.346291 1304975 1070551 2823 1589 0 1300991 0 976357
1786177618.346233 1304975 1070551 2823 1589 0 1300991 0 976357
1786177619.346228 1304975 1070551 2823 1589 0 1300991 0 976357
1786177620.346397 1309072 1070537 2823 1589 0 1305087 0 976357
1786177621.346383 1309072 1070537 2823 1589 0 1305087 0 976357
1786177622.346139 1309072 1070537 2823 1589 0 1305087 0 976357
1786177623.346351 1309072 1070537 2823 1589 0 1305087 0 976357
1786177624.346262 1309072 1070537 2823 1589 0 1305087 0 976357
1786177625.362277 1309072 1070537 2823 1589 0 1305087 0 976357
1786177626.349635 1313169 1070538 2823 1589 0 1309183 0 976357
1786177627.346510 1313169 1070538 2823 1589 0 1309183 0 976357
1786177628.346466 1313169 1070538 2823 1589 0 1309183 0 976357
1786177629.346464 1313169 1070538 2823 1589 0 1309183 0 976357
1786177630.346382 1313169 1070538 2823 1589 0 1309183 0 976357
1786177631.346428 1313169 1070538 2823 1589 0 1309183 0 976357
1786177632.346360 1313169 1070538 2823 1589 0 1309183 0 976357
1786177633.346407 1313169 1070538 2823 1589 0 1309183 0 976357
1786177634.346375 1313169 1070538 2823 1589 0 1309183 0 976357
1786177635.346637 1313169 1070538 2823 1589 0 1309183 0 976357
1786177636.346418 1313169 1070538 2823 1589 0 1309183 0 976357
1786177637.346406 1313169 1070538 2823 1589 0 1309183 0 976357
1786177638.346377 1313169 1070538 2823 1589 0 1309183 0 976357
1786177639.346299 1313169 1070538 2823 1589 0 1309183 0 976357
1786177640.346333 1313169 1070538 2823 1589 0 1309183 0 976357
1786177641.346250 1313169 1070538 2823 1589 0 1309183 0 976357
1786177642.346258 1313169 1070538 2823 1589 0 1309183 0 976357
1786177643.346428 1313169 1070538 2823 1589 0 1309183 0 976357
1786177644.346404 1313169 1070538 2823 1589 0 1309183 0 976357
1786177645.346395 1313169 1070538 2823 1589 0 1309183 0 976357
1786177646.346302 1313169 1070538 2823 1589 0 1309183 0 976357
1786177647.346326 1313169 1070538 2823 1589 0 1309183 0 976357
1786177648.346266 1313169 1070538 2823 1589 0 1309183 0 976357
1786177649.346221 1313169 1070538 2823 1589 0 1309183 0 976357
1786177650.346345 1313169 1070538 2823 1589 0 1309183 0 976357
1786177651.346359 1313169 1070538 2823 1589 0 1309183 0 976357
1786177652.346415 1313169 1070538 2823 1589 0 1309183 0 976357
1786177653.346321 1313169 1070538 2823 1589 0 1309183 0 976357
1786177654.346279 1313169 1070538 2823 1589 0 1309183 0 976357
1786177655.346267 1313169 1070538 2823 1589 0 1309183 0 976357
1786177656.346229 1313169 1070538 2823 1589 0 1309183 0 976357
1786177657.346199 1313169 1070538 2823 1589 0 1309183 0 976357
1786177658.346403 1313169 1070538 2823 1589 0 1309183 0 976357
1786177659.346313 1313169 1070538 2823 1589 0 1309183 0 976357
1786177660.346355 1313169 1070538 2823 1589 0 1309183 0 976357
1786177661.346312 1313169 1070538 2823 1589 0 1309183 0 976357
1786177662.346342 1313169 1070538 2823 1589 0 1309183 0 976357
1786177663.346285 1313169 1070538 2823 1589 0 1309183 0 976357
1786177664.346135 1313169 1070538 2823 1589 0 1309183 0 976357
1786177665.346175 1313169 1070538 2823 1589 0 1309183 0 976357
1786177666.346309 1313169 1070538 2823 1589 0 1309183 0 976357
1786177667.346262 1313169 1070538 2823 1589 0 1309183 0 976357
1786177668.346270 1313169 1070538 2823 1589 0 1309183 0 976357
1786177669.346213 1313169 1070538 2823 1589 0 1309183 0 976357
1786177670.346281 1313169 1070538 2823 1589 0 1309183 0 976357
1786177671.346173 1313169 1070538 2823 1589 0 1309183 0 976357
1786177672.346167 1313169 1070538 2823 1589 0 1309183 0 976357
1786177673.346465 1313169 1070538 2823 1589 0 1309183 0 976357
1786177674.346409 1313169 1070538 2823 1589 0 1309183 0 976357
1786177675.348532 1313169 1070538 2823 1589 0 1309183 0 976357
1786177676.346103 1313169 1070538 2823 1589 0 1309183 0 976357
1786177677.348725 1313169 1070538 2823 1589 0 1309183 0 976357
1786177678.346508 1313169 1070538 2823 1589 0 1309183 0 976357
1786177679.346507 1313169 1070538 2823 1589 0 1309183 0 976357
1786177680.346485 1313169 1070538 2823 1589 0 1309183 0 976357
1786177681.346688 1313169 1070538 2823 1589 0 1309183 0 976357
1786177682.346650 1313169 1070538 2823 1589 0 1309183 0 976357
1786177683.346679 1313169 1070538 2823 1589 0 1309183 0 976357
1786177684.346621 1313169 1070538 2823 1589 0 1309183 0 976357
1786177685.350128 1313169 1070538 2823 1589 0 1309183 0 976357
1786177686.346504 1313169 1070538 2823 1589 0 1309183 0 976357
1786177687.346414 1313169 1070538 2823 1589 0 1309183 0 976357
1786177688.346651 1313169 1070538 2823 1589 0 1309183 0 976357
1786177689.346747 1313169 1070538 2823 1589 0 1309183 0 976357
1786177690.346703 1313169 1070538 2823 1589 0 1309183 0 976357
1786177691.346619 1313169 1070538 2823 1589 0 1309183 0 976357
1786177692.346643 1313169 1070538 2823 1589 0 1309183 0 976357
1786177693.346430 1313169 1070538 2823 1589 0 1309183 0 976357
1786177694.346625 1313169 1070538 2823 1589 0 1309183 0 976357
1786177695.346536 1313169 1070538 2823 1589 0 1309183 0 976357
1786177696.346821 1313169 1070538 2823 1589 0 1309183 0 976357
1786177697.346741 1313169 1070538 2823 1589 0 1309183 0 976357
1786177698.346726 1313169 1070538 2823 1589 0 1309183 0 976357
1786177699.346675 1313169 1070538 2823 1589 0 1309183 0 976357
1786177700.346579 1313169 1070538 2823 1589 0 1309183 0 976357
1786177701.346595 1313169 1070538 2823 1589 0 1309183 0 976357
1786177702.346646 1313169 1070538 2823 1589 0 1309183 0 976357
1786177703.346540 1313169 1070538 2823 1589 0 1309183 0 976357
1786177704.346580 1313169 1070538 2823 1589 0 1309183 0 976357
1786177705.346729 1313169 1070538 2823 1589 0 1309183 0 976357
1786177706.346722 1313169 1070538 2823 1589 0 1309183 0 976357
1786177707.346809 1313169 1070538 2823 1589 0 1309183 0 976357
1786177708.346803 1313169 1070538 2823 1589 0 1309183 0 976357
1786177709.346621 1313169 1070538 2823 1589 0 1309183 0 976357
1786177710.346565 1313169 1070538 2823 1589 0 1309183 0 976357
1786177711.346765 1313169 1070538 2823 1589 0 1309183 0 976357
1786177712.346759 1313169 1070538 2823 1589 0 1309183 0 976357
1786177713.348329 1313169 1070538 2823 1589 0 1309183 0 976357
1786177714.346640 1313169 1070538 2823 1589 0 1309183 0 976357
1786177715.346683 1313169 1070538 2823 1589 0 1309183 0 976357
1786177716.346599 1313169 1070538 2823 1589 0 1309183 0 976357
1786177717.346469 1313169 1070559 2823 1589 0 1309183 0 976357
1786177718.346652 1313169 1070559 2823 1589 0 1309183 0 976357
1786177719.346694 1313169 1070559 2823 1589 0 1309183 0 976357
1786177720.346616 1313169 1070559 2823 1589 0 1309183 0 976357
1786177721.346540 1313169 1070559 2823 1589 0 1309183 0 976357
1786177722.346478 1313169 1070559 2823 1589 0 1309183 0 976357
1786177723.346507 1313169 1070559 2823 1589 0 1309183 0 976357
1786177724.346452 1313169 1070559 2823 1589 0 1309183 0 976357
1786177725.346458 1313169 1070559 2823 1589 0 1309183 0 976357
1786177726.346411 1313169 1070559 2823 1589 0 1309183 0 976357
1786177727.346610 1313169 1070559 2823 1589 0 1309183 0 976357
1786177728.346526 1313169 1070559 2823 1589 0 1309183 0 976357
1786177729.346583 1313169 1070559 2823 1589 0 1309183 0 976357
1786177730.346579 1313169 1070559 2823 1589 0 1309183 0 976357
1786177731.346487 1313169 1070559 2823 1589 0 1309183 0 976357
1786177732.346436 1313169 1070559 2823 1589 0 1309183 0 976357
1786177733.346427 1313169 1070559 2823 1589 0 1309183 0 976357
1786177734.346556 1313169 1070559 2823 1589 0 1309183 0 976357
1786177735.346580 1313169 1070559 2823 1589 0 1309183 0 976357
1786177736.346687 1313169 1070559 2823 1589 0 1309183 0 976357
1786177737.346640 1313169 1070559 2823 1589 0 1309183 0 976357
1786177738.346478 1313169 1070559 2823 1589 0 1309183 0 976357
1786177739.346489 1313169 1070559 2823 1589 0 1309183 0 976357
1786177740.346567 1313169 1070559 2823 1589 0 1309183 0 976357
1786177741.346362 1313169 1070559 2823 1589 0 1309183 0 976357
1786177742.346731 1313169 1070559 2823 1589 0 1309183 0 976357
1786177743.346634 1313169 1070559 2823 1589 0 1309183 0 976357
1786177744.346692 1313169 1070559 2823 1589 0 1309183 0 976357
1786177745.354689 1313169 1070559 2823 1589 0 1309183 0 976357
1786177746.346525 1313169 1070559 2823 1589 0 1309183 0 976357
1786177747.346491 1313169 1070559 2823 1589 0 1309183 0 976357
1786177748.346418 1313169 1070559 2823 1589 0 1309183 0 976357
1786177749.346377 1313169 1070559 2823 1589 0 1309183 0 976357
1786177750.346500 1313169 1070559 2823 1589 0 1309183 0 976357
1786177751.346570 1313169 1070559 2823 1589 0 1309183 0 976357
1786177752.346500 1313169 1070559 2823 1589 0 1309183 0 976357
1786177753.346602 1313169 1070559 2823 1589 0 1309183 0 976357
1786177754.346524 1313169 1070559 2823 1589 0 1309183 0 976357
1786177755.346433 1313169 1070559 2823 1589 0 1309183 0 976357
1786177756.346522 1313169 1070559 2823 1589 0 1309183 0 976357
1786177757.346557 1313169 1070559 2823 1589 0 1309183 0 976357
1786177758.346571 1313169 1070559 2823 1589 0 1309183 0 976357
1786177759.346586 1313169 1070559 2823 1589 0 1309183 0 976357
1786177760.346657 1313169 1070559 2823 1589 0 1309183 0 976357
1786177761.346524 1313169 1070559 2823 1589 0 1309183 0 976357
1786177762.346472 1313169 1070559 2823 1589 0 1309183 0 976357
1786177763.346443 1313169 1070559 2823 1589 0 1309183 0 976357
1786177764.346403 1313169 1070559 2823 1589 0 1309183 0 976357
1786177765.346581 1313169 1070559 2823 1589 0 1309183 0 976357
1786177766.346650 1313169 1070559 2823 1589 0 1309183 0 976357
1786177767.346525 1313169 1070559 2823 1589 0 1309183 0 976357
1786177768.346467 1313169 1070559 2823 1589 0 1309183 0 976357
1786177769.346521 1313169 1070559 2823 1589 0 1309183 0 976357
1786177770.346501 1313169 1070559 2823 1589 0 1309183 0 976357
1786177771.346318 1313169 1070559 2823 1589 0 1309183 0 976357
1786177772.346412 1313169 1070559 2823 1589 0 1309183 0 976357
1786177773.346662 1313169 1070559 2823 1589 0 1309183 0 976357
1786177774.346557 1313169 1070559 2823 1589 0 1309183 0 976357
1786177775.346460 1313169 1070559 2823 1589 0 1309183 0 976357
1786177776.346473 1313169 1070559 2823 1589 0 1309183 0 976357
1786177777.346526 1313169 1070559 2823 1589 0 1309183 0 976357
1786177778.351600 1313169 1070559 2823 1589 0 1309183 0 976357
1786177779.346436 1313169 1070559 2823 1589 0 1309183 0 976357
1786177780.346443 1313169 1070559 2823 1589 0 1309183 0 976357
1786177781.346639 1313169 1070559 2823 1589 0 1309183 0 976357
1786177782.347759 1313169 1070559 2823 1589 0 1309183 0 976357
1786177783.346370 1313169 1070559 2823 1589 0 1309183 0 976357
1786177784.346483 1313169 1070559 2823 1589 0 1309183 0 976357
1786177785.346564 1313169 1070559 2823 1589 0 1309183 0 976357
1786177786.346418 1313169 1070559 2823 1589 0 1309183 0 976357
1786177787.346496 1313169 1070559 2823 1589 0 1309183 0 976357
1786177788.346574 1313169 1070559 2823 1589 0 1309183 0 976357
1786177789.346541 1313169 1070559 2823 1589 0 1309183 0 976357
1786177790.346512 1313169 1070559 2823 1589 0 1309183 0 976357
1786177791.346932 1313169 1070559 2823 1589 0 1309183 0 976357
1786177792.346459 1313169 1070559 2823 1589 0 1309183 0 976357
1786177793.346485 1313169 1070559 2823 1589 0 1309183 0 976357
1786177794.346420 1313169 1070559 2823 1589 0 1309183 0 976357
1786177795.346585 1313169 1070559 2823 1589 0 1309183 0 976357
1786177796.346773 1313169 1070559 2823 1589 0 1309183 0 976357
1786177797.346623 1313169 1070559 2823 1589 0 1309183 0 976357
1786177798.346565 1313169 1070559 2823 1589 0 1309183 0 976357
1786177799.348876 1313169 1070559 2823 1589 0 1309183 0 976357
1786177800.346446 1313169 1070559 2823 1589 0 1309183 0 976357
1786177801.348945 1313169 1070559 2823 1589 0 1309183 0 976357
1786177802.346446 1313169 1070559 2823 1589 0 1309183 0 976357
1786177803.346424 1313169 1070559 2823 1589 0 1309183 0 976357
1786177804.346572 1313169 1070559 2823 1589 0 1309183 0 976357
1786177805.355778 1313169 1070559 2823 1589 0 1309183 0 976357
1786177806.348816 1313169 1070559 2823 1589 0 1309183 0 976357
1786177807.346501 1313169 1070559 2823 1589 0 1309183 0 976357
1786177808.346507 1313169 1070559 2823 1589 0 1309183 0 976357
1786177809.346430 1313169 1070559 2823 1589 0 1309183 0 976357
1786177810.346445 1313169 1070559 2823 1589 0 1309183 0 976357
1786177811.348632 1313169 1070559 2823 1589 0 1309183 0 976357
1786177812.348748 1313169 1070559 2823 1589 0 1309183 0 976357
1786177813.346649 1313169 1070559 2823 1589 0 1309183 0 976357
1786177814.346488 1313169 1070559 2823 1589 0 1309183 0 976357
1786177815.346469 1313169 1070559 2823 1589 0 1309183 0 976357
1786177816.346414 1313169 1070559 2823 1589 0 1309183 0 976357
1786177817.346397 1313169 1070559 2823 1589 0 1309183 0 976357
1786177818.346385 1313169 1070559 2823 1589 0 1309183 0 976357
1786177819.346521 1313169 1070559 2823 1589 0 1309183 0 976357
1786177820.346557 1313169 1070559 2823 1589 0 1309183 0 976357
1786177821.348653 1313169 1070559 2823 1589 0 1309183 0 976357
1786177822.346522 1313169 1070559 2823 1589 0 1309183 0 976357
1786177823.346517 1313169 1070559 2823 1589 0 1309183 0 976357
1786177824.346505 1313169 1070559 2823 1589 0 1309183 0 976357
1786177825.346446 1313169 1070559 2823 1589 0 1309183 0 976357
1786177826.346419 1313169 1070559 2823 1589 0 1309183 0 976357
1786177827.346553 1313169 1070559 2823 1589 0 1309183 0 976357
1786177828.346534 1313169 1070559 2823 1589 0 1309183 0 976357
1786177829.346610 1313169 1070559 2823 1589 0 1309183 0 976357
1786177830.346482 1313169 1070559 2823 1589 0 1309183 0 976357
1786177831.348556 1313169 1070559 2823 1589 0 1309183 0 976357
1786177832.346481 1313169 1070559 2823 1589 0 1309183 0 976357
1786177833.346337 1313169 1070559 2823 1589 0 1309183 0 976357
1786177834.346372 1313169 1070559 2823 1589 0 1309183 0 976357
1786177835.346348 1313169 1070559 2823 1589 0 1309183 0 976357
1786177836.346506 1313169 1070559 2823 1589 0 1309183 0 976357
1786177837.346588 1313169 1070559 2823 1589 0 1309183 0 976357
1786177838.346459 1313169 1070559 2823 1589 0 1309183 0 976357
1786177839.346416 1313169 1070559 2823 1589 0 1309183 0 976357
1786177840.346393 1313169 1070559 2823 1589 0 1309183 0 976357
1786177841.346651 1313169 1070559 2823 1589 0 1309183 0 976357
1786177842.346532 1313169 1070559 2823 1589 0 1309183 0 976357
1786177843.346504 1313169 1070559 2823 1589 0 1309183 0 976357
1786177844.346512 1313169 1070559 2823 1589 0 1309183 0 976357
1786177845.346464 1313169 1070559 2823 1589 0 1309183 0 976357
1786177846.346436 1313169 1070559 2823 1589 0 1309183 0 976357
1786177847.346380 1313169 1070559 2823 1589 0 1309183 0 976357
1786177848.346391 1313169 1070559 2823 1589 0 1309183 0 976357
1786177849.346375 1313169 1070559 2823 1589 0 1309183 0 976357
1786177850.346614 1313169 1070559 2823 1589 0 1309183 0 976357
1786177851.346589 1313169 1070559 2823 1589 0 1309183 0 976357
1786177852.346492 1313169 1070559 2823 1589 0 1309183 0 976357
1786177853.346346 1313169 1070559 2823 1589 0 1309183 0 976357
1786177854.346423 1313169 1070559 2823 1589 0 1309183 0 976357
1786177855.346523 1313169 1070559 2823 1589 0 1309183 0 976357
1786177856.346453 1313169 1070559 2823 1589 0 1309183 0 976357
1786177857.346379 1313169 1070559 2823 1589 0 1309183 0 976357
1786177858.346536 1313169 1070559 2823 1589 0 1309183 0 976357
1786177859.346499 1313169 1070559 2823 1589 0 1309183 0 976357
1786177860.346535 1313169 1070559 2823 1589 0 1309183 0 976357
1786177861.346453 1313169 1070559 2823 1589 0 1309183 0 976357
1786177862.346483 1313169 1070559 2823 1589 0 1309183 0 976357
1786177863.346573 1313169 1070559 2823 1589 0 1309183 0 976357
1786177864.346398 1313169 1070559 2823 1589 0 1309183 0 976357
1786177865.357359 1313169 1070559 2823 1589 0 1309183 0 976357
1786177866.346540 1313169 1070559 2823 1589 0 1309183 0 976357
1786177867.346607 1313169 1070559 2823 1589 0 1309183 0 976357
1786177868.346477 1313169 1070559 2823 1589 0 1309183 0 976357
1786177869.346454 1313169 1070559 2823 1589 0 1309183 0 976357
1786177870.346486 1313169 1070559 2823 1589 0 1309183 0 976357
1786177871.346471 1313169 1070559 2823 1589 0 1309183 0 976357
1786177872.346394 1313169 1070559 2823 1589 0 1309183 0 976357
1786177873.346544 1313169 1070559 2823 1589 0 1309183 0 976357
1786177874.346546 1313169 1070559 2823 1589 0 1309183 0 976357
1786177875.346661 1313169 1070559 2823 1589 0 1309183 0 976357
1786177876.346467 1313169 1070559 2823 1589 0 1309183 0 976357
1786177877.346516 1313169 1070559 2823 1589 0 1309183 0 976357
1786177878.346542 1313169 1070559 2823 1589 0 1309183 0 976357
1786177879.346636 1313169 1070559 2823 1589 0 1309183 0 976357
1786177880.346429 1313169 1070559 2823 1589 0 1309183 0 976357
1786177881.346458 1313169 1070559 2823 1589 0 1309183 0 976357
1786177882.346557 1313169 1070559 2823 1589 0 1309183 0 976357
1786177883.346586 1313169 1070559 2823 1589 0 1309183 0 976357
1786177884.346524 1313169 1070559 2823 1589 0 1309183 0 976357
1786177885.346596 1313169 1070559 2823 1589 0 1309183 0 976357
1786177886.346439 1313169 1070559 2823 1589 0 1309183 0 976357
1786177887.346502 1313169 1070559 2823 1589 0 1309183 0 976357
1786177888.346550 1313169 1070559 2823 1589 0 1309183 0 976357
1786177889.346553 1313169 1070559 2823 1589 0 1309183 0 976357
1786177890.346743 1313169 1070559 2823 1589 0 1309183 0 976357
1786177891.346638 1313169 1070559 2823 1589 0 1309183 0 976357
1786177892.346575 1313169 1070559 2823 1589 0 1309183 0 976357
1786177893.346621 1313169 1070559 2823 1589 0 1309183 0 976357
1786177894.346480 1313169 1070559 2823 1589 0 1309183 0 976357
1786177895.346384 1313169 1070559 2823 1589 0 1309183 0 976357
1786177896.346370 1313169 1070559 2823 1589 0 1309183 0 976357
1786177897.346605 1313169 1070559 2823 1589 0 1309183 0 976357
1786177898.346521 1313169 1070559 2823 1589 0 1309183 0 976357
1786177899.346530 1313169 1070559 2823 1589 0 1309183 0 976357
1786177900.346494 1313169 1070559 2823 1589 0 1309183 0 976357
1786177901.346561 1313169 1070559 2823 1589 0 1309183 0 976357
1786177902.346462 1313169 1070559 2823 1589 0 1309183 0 976357
