# start_epoch=1786177903.185193  page_size=4096  cachestat=ok  fields=size,resident,shared,text,lib,data,dt,pagecache
1786177904.189282 72460 42967 2745 1589 0 68479 0 62912
1786177905.191240 72460 38296 2745 1589 0 68479 0 95910
1786177906.193154 73356 41511 2745 1589 0 69375 0 128909
1786177907.195035 73356 35369 2809 1589 0 69375 0 160113
1786177908.197102 73356 45987 2809 1589 0 69375 0 195193
1786177909.199083 74380 41914 2809 1589 0 70399 0 228259
1786177910.201050 74380 37894 2809 1589 0 70399 0 261325
1786177911.202995 74380 42497 2809 1589 0 70399 0 294391
1786177912.204314 75660 49321 2809 1589 0 71679 0 320620
1786177913.206925 75660 45920 2809 1589 0 71679 0 360764
1786177914.208867 75660 42113 2809 1589 0 71679 0 393575
1786177915.210866 75660 37945 2809 1589 0 71679 0 426385
1786177916.212825 77196 44129 2809 1589 0 73215 0 459451
1786177917.214846 77196 49775 2809 1589 0 73215 0 493015
1786177918.216789 77196 44730 2809 1589 0 73215 0 526080
1786177919.218665 77196 42865 2809 1589 0 73215 0 558891
1786177920.220678 78988 40005 2809 1589 0 75007 0 591702
1786177921.221359 78988 51277 2809 1589 0 75007 0 606998
1786177922.224614 78988 47791 2809 1589 0 75007 0 658075
1786177923.226706 78988 41646 2809 1589 0 75007 0 690886
1786177924.228455 78988 44213 2809 1589 0 75007 0 723696
1786177925.224896 78988 52611 2809 1589 0 75007 0 738481
1786177926.232355 81036 42565 2809 1589 0 77055 0 787767
1786177927.234337 81036 47570 2809 1589 0 77055 0 820323
1786177928.229194 81036 53401 2809 1589 0 77055 0 835365
1786177929.238214 81036 48565 2809 1589 0 77055 0 886441
1786177930.225807 85773 33823 2809 1589 0 81791 0 890349
1786177931.225753 86541 34320 2809 1589 0 82559 0 890350
1786177932.225657 86541 34168 2809 1589 0 82559 0 890351
1786177933.225682 86541 34168 2809 1589 0 82559 0 890351
1786177934.225618 86541 34340 2809 1589 0 82559 0 890352
1786177935.225567 86541 34340 2809 1589 0 82559 0 890352
1786177936.225806 86541 34340 2809 1589 0 82559 0 890353
1786177937.225709 86541 34340 2809 1589 0 82559 0 890353
1786177938.225706 86541 34349 2809 1589 0 82559 0 890354
1786177939.225387 88461 23505 2809 1589 0 84479 0 884106
1786177940.225428 89741 24341 2809 1589 0 85759 0 884106
1786177941.225248 89741 24341 2809 1589 0 85759 0 884107
1786177942.225267 89741 24033 2809 1589 0 85759 0 884108
1786177943.225125 89741 24033 2809 1589 0 85759 0 884108
1786177944.225318 89741 24034 2809 1589 0 85759 0 884109
1786177945.225256 89741 23720 2809 1589 0 85759 0 884109
1786177946.225272 89741 24316 2809 1589 0 85759 0 884110
1786177947.225241 89741 23899 2809 1589 0 85759 0 884111
1786177948.224937 91277 25228 2809 1589 0 87295 0 877887
1786177949.224907 91277 25926 2809 1589 0 87295 0 877888
1786177950.225035 91277 25926 2809 1589 0 87295 0 877888
1786177951.225069 91277 24936 2809 1589 0 87295 0 877889
1786177952.225668 91277 25744 2809 1589 0 87295 0 877890
1786177953.224987 91277 26023 2809 1589 0 87295 0 877890
1786177954.225031 91277 26023 2809 1589 0 87295 0 877891
1786177955.225072 91277 26023 2809 1589 0 87295 0 877891
1786177956.224965 91277 25877 2809 1589 0 87295 0 877892
1786177957.224631 93069 22853 2809 1589 0 89087 0 871668
1786177958.224519 95117 23877 2809 1589 0 91135 0 871668
1786177959.224956 95117 23712 2809 1589 0 91135 0 871669
1786177960.224776 95117 23712 2809 1589 0 91135 0 871670
1786177961.224715 95117 23712 2809 1589 0 91135 0 871670
1786177962.224539 95117 23580 2809 1589 0 91135 0 871671
1786177963.224653 95117 24337 2809 1589 0 91135 0 871671
1786177964.224768 95117 24338 2809 1589 0 91135 0 871672
1786177965.224571 95117 24338 2809 1589 0 91135 0 871673
1786177966.224275 95117 23339 2809 1589 0 91135 0 865448
1786177967.224289 97677 24372 2809 1589 0 93695 0 865449
1786177968.226520 102798 56447 2825 1589 0 98815 0 846195
1786177969.223321 212878 165254 2825 1589 0 208895 0 846195
1786177970.223458 317838 274822 2825 1589 0 313855 0 846195
1786177971.223460 427406 384390 2825 1589 0 423423 0 846195
1786177972.223338 578446 493958 2825 1589 0 574463 0 846195
1786177973.223424 682894 603014 2825 1589 0 678911 0 846195
1786177974.223256 802702 711558 2825 1589 0 798719 0 846195
1786177975.223618 933774 821126 2825 1589 0 929791 0 846195
1786177976.223198 1103758 931718 2825 1589 0 1099775 0 846195
1786177977.223520 1110926 1041286 2825 1589 0 1106943 0 846195
1786177978.223389 1307534 1149318 2825 1589 0 1303551 0 846195
1786177979.230323 1307534 1256838 2825 1589 0 1303551 0 846195
1786177980.223278 1547662 1367430 2825 1589 0 1543679 0 846195
1786177981.223213 1547662 1476998 2825 1589 0 1543679 0 846195
1786177982.223525 1820046 1566599 3003 1589 0 1816063 0 846195
1786177983.223522 1820046 1660539 3003 1589 0 1816063 0 846195
1786177984.223275 1824143 1687611 3003 1589 0 1820159 0 846195
1786177985.231195 1824143 1687611 3003 1589 0 1820159 0 846195
1786177986.223376 1824143 1687611 3003 1589 0 1820159 0 846195
1786177987.223357 1824143 1687611 3003 1589 0 1820159 0 846195
1786177988.223226 1824143 1687611 3003 1589 0 1820159 0 846195
1786177989.223496 1824143 1687611 3003 1589 0 1820159 0 846195
1786177990.223433 1824143 1687611 3003 1589 0 1820159 0 846195
1786177991.223437 1824143 1687611 3003 1589 0 1820159 0 846195
1786177992.223402 1824143 1687611 3003 1589 0 1820159 0 846195
1786177993.226361 1828240 1687598 3003 1589 0 1824255 0 846195
1786177994.223364 1828240 1687598 3003 1589 0 1824255 0 846195
1786177995.223287 1828240 1687598 3003 1589 0 1824255 0 846195
1786177996.223329 1828240 1687598 3003 1589 0 1824255 0 846195
1786177997.223343 1828240 1687598 3003 1589 0 1824255 0 846195
1786177998.223410 1828240 1687598 3003 1589 0 1824255 0 846195
1786177999.223471 1828240 1687598 3003 1589 0 1824255 0 846195
1786178000.223383 1828240 1687598 3003 1589 0 1824255 0 846195
1786178001.223335 1828240 1687598 3003 1589 0 1824255 0 846195
1786178002.223236 1832337 1687598 3003 1589 0 1828351 0 846195
1786178003.223176 1832337 1687598 3003 1589 0 1828351 0 846195
1786178004.223197 1832337 1687598 3003 1589 0 1828351 0 846195
1786178005.223158 1832337 1687598 3003 1589 0 1828351 0 846195
1786178006.223326 1832337 1687598 3003 1589 0 1828351 0 846195
1786178007.223345 1832337 1687598 3003 1589 0 1828351 0 846195
1786178008.223322 1832337 1687598 3003 1589 0 1828351 0 846195
1786178009.223293 1832337 1687598 3003 1589 0 1828351 0 846195
1786178010.223707 1832337 1687598 3003 1589 0 1828351 0 846195
1786178011.223168 1832337 1687598 3003 1589 0 1828351 0 846195
1786178012.223175 1832337 1687598 3003 1589 0 1828351 0 846195
1786178013.223251 1832337 1687598 3003 1589 0 1828351 0 846195
1786178014.223241 1832337 1687598 3003 1589 0 1828351 0 846195
1786178015.223482 1832337 1687598 3003 1589 0 1828351 0 846195
1786178016.223251 1832337 1687598 3003 1589 0 1828351 0 846195
1786178017.223242 1832337 1687598 3003 1589 0 1828351 0 846195
1786178018.223144 1832337 1687598 3003 1589 0 1828351 0 846195
1786178019.223218 1832337 1687598 3003 1589 0 1828351 0 846195
1786178020.223211 1832337 1687598 3003 1589 0 1828351 0 846195
1786178021.223399 1832337 1687598 3003 1589 0 1828351 0 846195
1786178022.223282 1832337 1687598 3003 1589 0 1828351 0 846195
1786178023.223285 1832337 1687598 3003 1589 0 1828351 0 846195
1786178024.223302 1832337 1688137 3003 1589 0 1828351 0 846195
1786178025.223370 1832337 1688137 3003 1589 0 1828351 0 846195
1786178026.223205 1832337 1688137 3003 1589 0 1828351 0 846195
1786178027.223211 1832337 1688137 3003 1589 0 1828351 0 846195
1786178028.223238 1832337 1688137 3003 1589 0 1828351 0 846195
1786178029.223350 1832337 1688137 3003 1589 0 1828351 0 846195
1786178030.223261 1832337 1688137 3003 1589 0 1828351 0 846195
1786178031.223387 1832337 1688137 3003 1589 0 1828351 0 846195
1786178032.223223 1832337 1688137 3003 1589 0 1828351 0 846195
1786178033.223214 1832337 1688137 3003 1589 0 1828351 0 846195
1786178034.223429 1832337 1688137 3003 1589 0 1828351 0 846195
1786178035.223179 1832337 1688459 3003 1589 0 1828351 0 846195
1786178036.223009 1832337 1688459 3003 1589 0 1828351 0 846195
1786178037.223298 1832337 1688459 3003 1589 0 1828351 0 846195
1786178038.223361 1832337 1688459 3003 1589 0 1828351 0 846195
1786178039.223371 1832337 1688459 3003 1589 0 1828351 0 846195
1786178040.223293 1832337 1688459 3003 1589 0 1828351 0 846195
1786178041.223210 1832337 1688459 3003 1589 0 1828351 0 846195
1786178042.226402 1832337 1688459 3003 1589 0 1828351 0 846195
1786178043.223240 1832337 1688459 3003 1589 0 1828351 0 846195
1786178044.223272 1832337 1688459 3003 1589 0 1828351 0 846195
1786178045.223401 1832337 1688459 3003 1589 0 1828351 0 846195
1786178046.223439 1832337 1688459 3003 1589 0 1828351 0 846195
1786178047.223210 1832337 1688459 3003 1589 0 1828351 0 846195
1786178048.223627 1832337 1688459 3003 1589 0 1828351 0 846195
1786178049.223347 1832337 1688459 3003 1589 0 1828351 0 846195
1786178050.223294 1832337 1688459 3003 1589 0 1828351 0 846195
1786178051.223280 1832337 1688459 3003 1589 0 1828351 0 846195
1786178052.223264 1832337 1688459 3003 1589 0 1828351 0 846195
1786178053.223384 1832337 1688459 3003 1589 0 1828351 0 846195
1786178054.223541 1832337 1688459 3003 1589 0 1828351 0 846195
1786178055.223317 1832337 1688459 3003 1589 0 1828351 0 846195
1786178056.223383 1832337 1688459 3003 1589 0 1828351 0 846195
1786178057.223283 1832337 1688459 3003 1589 0 1828351 0 846195
1786178058.223602 1832337 1688459 3003 1589 0 1828351 0 846195
1786178059.223249 1832337 1688459 3003 1589 0 1828351 0 846195
1786178060.223546 1832337 1688459 3003 1589 0 1828351 0 846195
1786178061.223492 1832337 1688459 3003 1589 0 1828351 0 846195
1786178062.223577 1832337 1688459 3003 1589 0 1828351 0 846195
1786178063.223330 1832337 1688459 3003 1589 0 1828351 0 846195
1786178064.223437 1832337 1688459 3003 1589 0 1828351 0 846195
1786178065.223265 1832337 1688459 3003 1589 0 1828351 0 846195
1786178066.223456 1832337 1688459 3003 1589 0 1828351 0 846195
1786178067.223210 1832337 1688459 3003 1589 0 1828351 0 846195
1786178068.223554 1832337 1688459 3003 1589 0 1828351 0 846195
1786178069.223409 1832337 1688459 3003 1589 0 1828351 0 846195
1786178070.223533 1832337 1688459 3003 1589 0 1828351 0 846195
1786178071.223300 1832337 1688459 3003 1589 0 1828351 0 846195
1786178072.223402 1832337 1688459 3003 1589 0 1828351 0 846195
1786178073.223289 1832337 1688459 3003 1589 0 1828351 0 846195
1786178074.223332 1832337 1688459 3003 1589 0 1828351 0 846195
1786178075.223335 1832337 1688459 3003 1589 0 1828351 0 846195
1786178076.223555 1832337 1688459 3003 1589 0 1828351 0 846195
1786178077.223555 1832337 1688459 3003 1589 0 1828351 0 846195
1786178078.223261 1832337 1688459 3003 1589 0 1828351 0 846195
1786178079.223411 1832337 1688459 3003 1589 0 1828351 0 846195
1786178080.223372 1832337 1688459 3003 1589 0 1828351 0 846195
1786178081.223437 1832337 1688459 3003 1589 0 1828351 0 846195
1786178082.223364 1832337 1688459 3003 1589 0 1828351 0 846195
1786178083.223255 1832337 1688459 3003 1589 0 1828351 0 846195
1786178084.223470 1832337 1688459 3003 1589 0 1828351 0 846195
1786178085.223304 1832337 1688459 3003 1589 0 1828351 0 846195
1786178086.223414 1832337 1688459 3003 1589 0 1828351 0 846195
1786178087.223354 1832337 1688459 3003 1589 0 1828351 0 846195
1786178088.223178 1832337 1688459 3003 1589 0 1828351 0 846195
1786178089.223412 1832337 1688459 3003 1589 0 1828351 0 846195
1786178090.223271 1832337 1688459 3003 1589 0 1828351 0 846195
1786178091.223247 1832337 1688459 3003 1589 0 1828351 0 846195
1786178092.223384 1832337 1688459 3003 1589 0 1828351 0 846195
1786178093.223206 1832337 1688459 3003 1589 0 1828351 0 846195
1786178094.223362 1832337 1688459 3003 1589 0 1828351 0 846195
1786178095.223388 1832337 1688459 3003 1589 0 1828351 0 846195
1786178096.223349 1832337 1688459 3003 1589 0 1828351 0 846195
1786178097.223366 1832337 1688459 3003 1589 0 1828351 0 846195
1786178098.223146 1832337 1688459 3003 1589 0 1828351 0 846195
1786178099.223454 1832337 1688459 3003 1589 0 1828351 0 846195
1786178100.223411 1832337 1688459 3003 1589 0 1828351 0 846195
1786178101.223411 1832337 1688459 3003 1589 0 1828351 0 846195
1786178102.223382 1832337 1688459 3003 1589 0 1828351 0 846195
1786178103.225562 1832337 1688459 3003 1589 0 1828351 0 846195
1786178104.223203 1832337 1688459 3003 1589 0 1828351 0 846195
1786178105.223186 1832337 1688459 3003 1589 0 1828351 0 846195
1786178106.225417 1832337 1688459 3003 1589 0 1828351 0 846195
1786178107.223333 1832337 1688459 3003 1589 0 1828351 0 846195
1786178108.223368 1832337 1688459 3003 1589 0 1828351 0 846195
1786178109.223304 1832337 1688459 3003 1589 0 1828351 0 846195
1786178110.223252 1832337 1688459 3003 1589 0 1828351 0 846195
1786178111.223207 1832337 1688459 3003 1589 0 1828351 0 846195
1786178112.223207 1832337 1688459 3003 1589 0 1828351 0 846195
1786178113.223169 1832337 1688459 3003 1589 0 1828351 0 846195
1786178114.223115 1832337 1688459 3003 1589 0 1828351 0 846195
1786178115.223356 1832337 1688459 3003 1589 0 1828351 0 846195
1786178116.223304 1832337 1688459 3003 1589 0 1828351 0 846195
1786178117.223122 1832337 1688459 3003 1589 0 1828351 0 846195
1786178118.223254 1832337 1688459 3003 1589 0 1828351 0 846195
1786178119.223275 1832337 1688459 3003 1589 0 1828351 0 846195
1786178120.223159 1832337 1688459 3003 1589 0 1828351 0 846195
1786178121.223163 1832337 1688459 3003 1589 0 1828351 0 846195
1786178122.223182 1832337 1688459 3003 1589 0 1828351 0 846195
1786178123.223384 1832337 1688459 3003 1589 0 1828351 0 846195
1786178124.223275 1832337 1688459 3003 1589 0 1828351 0 846195
1786178125.223050 1832337 1688459 3003 1589 0 1828351 0 846195
1786178126.223237 1832337 1688459 3003 1589 0 1828351 0 846195
1786178127.223183 1832337 1688459 3003 1589 0 1828351 0 846195
1786178128.223370 1832337 1688459 3003 1589 0 1828351 0 846195
1786178129.223254 1832337 1688459 3003 1589 0 1828351 0 846195
1786178130.223071 1832337 1688459 3003 1589 0 1828351 0 846195
1786178131.223309 1832337 1688459 3003 1589 0 1828351 0 846195
1786178132.223271 1832337 1688459 3003 1589 0 1828351 0 846195
1786178133.223484 1832337 1688459 3003 1589 0 1828351 0 846195
1786178134.223246 1832337 1688459 3003 1589 0 1828351 0 846195
1786178135.223254 1832337 1688459 3003 1589 0 1828351 0 846195
1786178136.223240 1832337 1688459 3003 1589 0 1828351 0 846195
1786178137.223192 1832337 1688459 3003 1589 0 1828351 0 846195
1786178138.223409 1832337 1688459 3003 1589 0 1828351 0 846195
1786178139.223358 1832337 1688459 3003 1589 0 1828351 0 846195
1786178140.223250 1832337 1688459 3003 1589 0 1828351 0 846195
1786178141.223275 1832337 1688459 3003 1589 0 1828351 0 846195
1786178142.223355 1832337 1688459 3003 1589 0 1828351 0 846195
1786178143.223323 1832337 1688459 3003 1589 0 1828351 0 846195
1786178144.223237 1832337 1688459 3003 1589 0 1828351 0 846195
1786178145.223227 1832337 1688459 3003 1589 0 1828351 0 846195
1786178146.223425 1832337 1688459 3003 1589 0 1828351 0 846195
1786178147.223438 1832337 1688459 3003 1589 0 1828351 0 846195
1786178148.223419 1832337 1688459 3003 1589 0 1828351 0 846195
1786178149.223322 1832337 1688459 3003 1589 0 1828351 0 846195
1786178150.223344 1832337 1688459 3003 1589 0 1828351 0 846195
1786178151.223303 1832337 1688459 3003 1589 0 1828351 0 846195
1786178152.223251 1832337 1688459 3003 1589 0 1828351 0 846195
1786178153.223361 1832337 1688459 3003 1589 0 1828351 0 846195
1786178154.223427 1832337 1688459 3003 1589 0 1828351 0 846195
1786178155.223544 1832337 1688459 3003 1589 0 1828351 0 846195
1786178156.223452 1832337 1688459 3003 1589 0 1828351 0 846195
1786178157.223168 1832337 1688459 3003 1589 0 1828351 0 846195
1786178158.223365 1832337 1688459 3003 1589 0 1828351 0 846195
1786178159.223426 1832337 1688459 3003 1589 0 1828351 0 846195
1786178160.223223 1832337 1688459 3003 1589 0 1828351 0 846195
1786178161.223280 1832337 1688459 3003 1589 0 1828351 0 846195
1786178162.223426 1832337 1688459 3003 1589 0 1828351 0 846195
1786178163.223588 1832337 1688459 3003 1589 0 1828351 0 846195
1786178164.223325 1832337 1688459 3003 1589 0 1828351 0 846195
1786178165.223335 1832337 1688459 3003 1589 0 1828351 0 846195
1786178166.223231 1832337 1688459 3003 1589 0 1828351 0 846195
1786178167.223250 1832337 1688459 3003 1589 0 1828351 0 846195
1786178168.223279 1832337 1688459 3003 1589 0 1828351 0 846195
1786178169.223292 1832337 1688459 3003 1589 0 1828351 0 846195
1786178170.223415 1832337 1688459 3003 1589 0 1828351 0 846195
1786178171.223423 1832337 1688459 3003 1589 0 1828351 0 846195
1786178172.223326 1832337 1688459 3003 1589 0 1828351 0 846195
1786178173.223321 1832337 1688459 3003 1589 0 1828351 0 846195
1786178174.223283 1832337 1688459 3003 1589 0 1828351 0 846195
1786178175.223314 1832337 1688459 3003 1589 0 1828351 0 846195
1786178176.223262 1832337 1688459 3003 1589 0 1828351 0 846195
1786178177.223211 1832337 1688459 3003 1589 0 1828351 0 846195
1786178178.223527 1832337 1688459 3003 1589 0 1828351 0 846195
1786178179.223351 1832337 1688459 3003 1589 0 1828351 0 846195
1786178180.223335 1832337 1688459 3003 1589 0 1828351 0 846195
1786178181.223293 1832337 1688459 3003 1589 0 1828351 0 846195
1786178182.223258 1832337 1688459 3003 1589 0 1828351 0 846195
1786178183.223543 1832337 1688459 3003 1589 0 1828351 0 846195
1786178184.223324 1832337 1688459 3003 1589 0 1828351 0 846195
1786178185.223389 1832337 1688459 3003 1589 0 1828351 0 846195
1786178186.223375 1832337 1688459 3003 1589 0 1828351 0 846195
1786178187.223373 1832337 1688459 3003 1589 0 1828351 0 846195
1786178188.223397 1832337 1688459 3003 1589 0 1828351 0 846195
1786178189.223282 1832337 1688459 3003 1589 0 1828351 0 846195
1786178190.223331 1832337 1688459 3003 1589 0 1828351 0 846195
1786178191.223253 1832337 1688459 3003 1589 0 1828351 0 846195
1786178192.223210 1832337 1688459 3003 1589 0 1828351 0 846195
1786178193.223569 1832337 1688459 3003 1589 0 1828351 0 846195
1786178194.223451 1832337 1688459 3003 1589 0 1828351 0 846195
1786178195.223472 1832337 1688459 3003 1589 0 1828351 0 846195
1786178196.223349 1832337 1688459 3003 1589 0 1828351 0 846195
1786178197.223354 1832337 1688459 3003 1589 0 1828351 0 846195
1786178198.223427 1832337 1688459 3003 1589 0 1828351 0 846195
1786178199.223219 1832337 1688459 3003 1589 0 1828351 0 846195
1786178200.223250 1832337 1688459 3003 1589 0 1828351 0 846195
1786178201.223374 1832337 1688459 3003 1589 0 1828351 0 846195
1786178202.223338 1832337 1688459 3003 1589 0 1828351 0 846195
1786178203.223409 1832337 1688459 3003 1589 0 1828351 0 846195
1786178204.223544 1832337 1688459 3003 1589 0 1828351 0 846195
1786178205.223313 1832337 1688459 3003 1589 0 1828351 0 846195
1786178206.223231 1832337 1688459 3003 1589 0 1828351 0 846195
1786178207.223233 1832337 1688459 3003 1589 0 1828351 0 846195
1786178208.223271 1832337 1688459 3003 1589 0 1828351 0 846195
1786178209.223441 1832337 1688459 3003 1589 0 1828351 0 846195
1786178210.223384 1832337 1688459 3003 1589 0 1828351 0 846195
1786178211.223451 1832337 1688459 3003 1589 0 1828351 0 846195
1786178212.223250 1832337 1688459 3003 1589 0 1828351 0 846195
1786178213.223261 1832337 1688459 3003 1589 0 1828351 0 846195
1786178214.223252 1832337 1688459 3003 1589 0 1828351 0 846195
1786178215.223186 1832337 1688459 3003 1589 0 1828351 0 846195
1786178216.223185 1832337 1688459 3003 1589 0 1828351 0 846195
1786178217.223385 1832337 1688459 3003 1589 0 1828351 0 846195
1786178218.223481 1832337 1688459 3003 1589 0 1828351 0 846195
1786178219.223327 1832337 1688459 3003 1589 0 1828351 0 846195
1786178220.223320 1832337 1688459 3003 1589 0 1828351 0 846195
1786178221.223283 1832337 1688459 3003 1589 0 1828351 0 846195
1786178222.223230 1832337 1688459 3003 1589 0 1828351 0 846195
1786178223.223395 1832337 1688459 3003 1589 0 1828351 0 846195
1786178224.223446 1832337 1688459 3003 1589 0 1828351 0 846195
1786178225.223150 1832337 1688459 3003 1589 0 1828351 0 846195
1786178226.223329 1832337 1688459 3003 1589 0 1828351 0 846195
1786178227.223267 1832337 1688459 3003 1589 0 1828351 0 846195
1786178228.223399 1832337 1688459 3003 1589 0 1828351 0 846195
1786178229.223246 1832337 1688459 3003 1589 0 1828351 0 846195
1786178230.223211 1832337 1688459 3003 1589 0 1828351 0 846195
1786178231.223219 1832337 1688459 3003 1589 0 1828351 0 846195
1786178232.224614 1832337 1688459 3003 1589 0 1828351 0 846195
1786178233.223432 1832337 1688459 3003 1589 0 1828351 0 846195
1786178234.223289 1832337 1688459 3003 1589 0 1828351 0 846195
1786178235.223421 1832337 1688459 3003 1589 0 1828351 0 846195
1786178236.223173 1832337 1688459 3003 1589 0 1828351 0 846195
1786178237.223302 1832337 1688459 3003 1589 0 1828351 0 846195
1786178238.223219 1832337 1688459 3003 1589 0 1828351 0 846195
1786178239.223218 1832337 1688459 3003 1589 0 1828351 0 846195
1786178240.223194 1832337 1688459 3003 1589 0 1828351 0 846195
1786178241.223355 1832337 1688459 3003 1589 0 1828351 0 846195
1786178242.223315 1832337 1688459 3003 1589 0 1828351 0 846195
1786178243.223351 1832337 1688459 3003 1589 0 1828351 0 846195
1786178244.223269 1832337 1688459 3003 1589 0 1828351 0 846195
1786178245.223272 1832337 1688459 3003 1589 0 1828351 0 846195
1786178246.223254 1832337 1688459 3003 1589 0 1828351 0 846195
1786178247.223266 1832337 1688459 3003 1589 0 1828351 0 846195
1786178248.223428 1832337 1688459 3003 1589 0 1828351 0 846195
1786178249.223343 1832337 1688459 3003 1589 0 1828351 0 846195
1786178250.223387 1832337 1688459 3003 1589 0 1828351 0 846195
1786178251.223356 1832337 1688459 3003 1589 0 1828351 0 846195
1786178252.223332 1832337 1688459 3003 1589 0 1828351 0 846195
1786178253.223308 1832337 1688459 3003 1589 0 1828351 0 846195
1786178254.223247 1832337 1688459 3003 1589 0 1828351 0 846195
1786178255.223182 1832337 1688459 3003 1589 0 1828351 0 846195
1786178256.223352 1832337 1688459 3003 1589 0 1828351 0 846195
1786178257.223213 1832337 1688459 3003 1589 0 1828351 0 846195
1786178258.223477 1832337 1688459 3003 1589 0 1828351 0 846195
1786178259.223307 1832337 1688459 3003 1589 0 1828351 0 846195
1786178260.223270 1832337 1688459 3003 1589 0 1828351 0 846195
1786178261.223286 1832337 1688459 3003 1589 0 1828351 0 846195
1786178262.223323 1832337 1688459 3003 1589 0 1828351 0 846195
1786178263.223549 1832337 1688459 3003 1589 0 1828351 0 846195
1786178264.223420 1832337 1688459 3003 1589 0 1828351 0 846195
1786178265.223362 1832337 1688459 3003 1589 0 1828351 0 846195
1786178266.223337 1832337 1688459 3003 1589 0 1828351 0 846195
1786178267.223285 1832337 1688459 3003 1589 0 1828351 0 846195
1786178268.223388 1832337 1688459 3003 1589 0 1828351 0 846195
1786178269.223330 1832337 1688459 3003 1589 0 1828351 0 846195
1786178270.223231 1832337 1688459 3003 1589 0 1828351 0 846195
1786178271.223378 1832337 1688459 3003 1589 0 1828351 0 846195
1786178272.223378 1832337 1688459 3003 1589 0 1828351 0 846195
1786178273.223451 1832337 1688459 3003 1589 0 1828351 0 846195
1786178274.223338 1832337 1688459 3003 1589 0 1828351 0 846195
1786178275.223313 1832337 1688459 3003 1589 0 1828351 0 846195
1786178276.223231 1832337 1688459 3003 1589 0 1828351 0 846195
1786178277.223218 1832337 1688459 3003 1589 0 1828351 0 846195
1786178278.225081 1832337 1688459 3003 1589 0 1828351 0 846195
1786178279.223460 1832337 1688459 3003 1589 0 1828351 0 846195
1786178280.223310 1832337 1688459 3003 1589 0 1828351 0 846195
1786178281.223326 1832337 1688459 3003 1589 0 1828351 0 846195
1786178282.223312 1832337 1688459 3003 1589 0 1828351 0 846195
1786178283.223416 1832337 1688459 3003 1589 0 1828351 0 846195
1786178284.223290 1832337 1688459 3003 1589 0 1828351 0 846195
1786178285.223350 1832337 1688459 3003 1589 0 1828351 0 846195
1786178286.223247 1832337 1688459 3003 1589 0 1828351 0 846195
1786178287.223470 1832337 1688459 3003 1589 0 1828351 0 846195
1786178288.223446 1832337 1688459 3003 1589 0 1828351 0 846195
1786178289.223325 1832337 1688459 3003 1589 0 1828351 0 846195
1786178290.223327 1832337 1688459 3003 1589 0 1828351 0 846195
1786178291.223302 1832337 1688459 3003 1589 0 1828351 0 846195
1786178292.223345 1832337 1688459 3003 1589 0 1828351 0 846195
1786178293.223303 1832337 1688459 3003 1589 0 1828351 0 846195
1786178294.223236 1832337 1688459 3003 1589 0 1828351 0 846195
1786178295.223383 1832337 1688459 3003 1589 0 1828351 0 846195
1786178296.223352 1832337 1688459 3003 1589 0 1828351 0 846195
1786178297.223314 1832337 1688459 3003 1589 0 1828351 0 846195
1786178298.223395 1832337 1688459 3003 1589 0 1828351 0 846195
1786178299.223335 1832337 1688459 3003 1589 0 1828351 0 846195
1786178300.223426 1832337 1688459 3003 1589 0 1828351 0 846195
1786178301.223234 1832337 1688459 3003 1589 0 1828351 0 846195
1786178302.226081 1832337 1688459 3003 1589 0 1828351 0 846195
1786178303.223581 1832337 1688459 3003 1589 0 1828351 0 846195
1786178304.223499 1832337 1688459 3003 1589 0 1828351 0 846195
1786178305.223327 1832337 1688459 3003 1589 0 1828351 0 846195
1786178306.223616 1832337 1688459 3003 1589 0 1828351 0 846195
1786178307.223388 1832337 1688459 3003 1589 0 1828351 0 846195
