# start_epoch=1789236412.053746  page_size=4096  cachestat=ok  fields=size,resident,shared,text,lib,data,dt,pagecache
1789236413.054037 260521 28317 8842 99 0 246458 0 1
1789236414.053980 260521 28317 8842 99 0 246458 0 1
1789236415.056925 2103082 48222 28531 99 0 251962 0 49360
1789236416.059396 2103082 65291 45599 99 0 251962 0 93259
1789236417.061808 2103082 81931 62239 99 0 251962 0 135484
1789236418.065274 3040638 191262 171543 99 0 256058 0 195435
1789236419.067190 3040638 208525 188806 99 0 256058 0 229858
1789236420.066657 2986841 77941 58296 99 0 256058 0 218338
1789236421.069539 3133939 217040 197383 99 0 256058 0 266503
1789236422.070947 3133939 251485 231824 99 0 256058 0 289431
1789236423.073182 3133939 284843 265181 99 0 256058 0 326748
1789236424.074739 3133939 313358 293696 99 0 256058 0 361187
1789236425.073365 3221943 179695 160095 99 0 256058 0 343492
1789236426.075239 3221943 192402 172796 99 0 256058 0 378417
1789236427.076893 3221943 204918 185312 99 0 256058 0 409764
1789236428.078808 3166279 81236 61661 99 0 256058 0 395706
1789236429.081260 3311519 203582 184007 99 0 256058 0 437745
1789236430.080250 3309874 207917 188339 99 0 256058 0 467293
1789236431.082809 3309874 228777 209194 99 0 256058 0 495380
1789236432.084199 3309874 256954 237369 99 0 256058 0 521699
1789236433.086500 3276666 155793 136244 99 0 256058 0 515250
1789236434.089793 3433953 247806 228257 99 0 256058 0 570863
1789236435.092042 3391502 260884 241335 99 0 256058 0 568345
1789236436.089362 3387443 247901 228352 99 0 256058 0 601707
1789236437.094276 3432901 341008 321459 99 0 256058 0 693644
1789236438.097022 3530068 335536 315984 99 0 256058 0 677393
1789236439.096052 3530068 353323 333767 99 0 256058 0 720343
1789236440.094797 3476238 260713 241188 99 0 256058 0 701413
1789236441.102192 3619852 364479 344954 99 0 256058 0 748462
1789236442.108577 3738559 490756 471231 99 0 256058 0 862922
1789236443.109191 3707751 502032 482507 99 0 256058 0 890811
1789236444.100524 3609426 371195 351663 99 0 256058 0 831168
1789236445.101685 3609426 383921 364384 99 0 256058 0 851457
1789236446.104108 3756573 491507 471969 99 0 256058 0 886580
1789236447.107078 3756573 512791 493253 99 0 256058 0 921791
1789236448.109092 3756573 529781 510243 99 0 256058 0 949381
1789236449.108946 3663538 287114 267613 99 0 256058 0 887345
1789236450.109688 3807342 382172 362695 99 0 256058 0 936543
1789236451.107902 3774820 394535 375089 99 0 256058 0 927821
1789236452.111091 3774820 428160 408712 99 0 256058 0 980363
1789236453.114058 3774820 462417 442967 99 0 256058 0 1018037
1789236454.115934 3921891 586757 567305 99 0 256058 0 1060687
1789236455.118848 3921891 623273 603820 99 0 256058 0 1102447
1789236456.121155 3921891 653976 634523 99 0 256058 0 1156250
1789236457.116834 4069027 766645 747192 99 0 256058 0 1186586
1789236458.122334 3930953 352324 333040 99 0 256058 0 1091878
1789236459.125821 3947323 408809 389524 99 0 256058 0 1140667
1789236460.126077 3935309 394550 375265 99 0 256058 0 1146351
1789236461.127544 3938514 431245 412021 99 0 256058 0 1164003
1789236462.123068 4044972 520667 501375 99 0 256058 0 1168079
1789236463.124429 4044972 559947 540655 99 0 256058 0 1200158
1789236464.125060 4044972 590758 571464 99 0 256058 0 1223892
1789236465.127073 4044972 621719 602425 99 0 256058 0 1255615
1789236466.127779 4044972 639674 620425 99 0 256058 0 1274998
1789236467.119961 4192066 753541 734292 99 0 256058 0 1310936
1789236468.120630 4192066 766704 747455 99 0 256058 0 1313312
1789236469.134390 4078650 386265 367068 99 0 256058 0 1231010
1789236470.132390 4066663 387660 368463 99 0 256058 0 1238426
1789236471.137194 4056500 426190 406993 99 0 256058 0 1271139
1789236472.134148 4053692 434065 414867 99 0 256058 0 1279205
1789236473.130252 4016079 430077 410969 99 0 256058 0 1274015
1789236474.130391 4163236 558229 539115 99 0 256058 0 1305902
1789236475.134560 4163236 588368 569254 99 0 256058 0 1355270
1789236476.135997 4163236 618928 599811 99 0 256058 0 1385624
1789236477.138774 4163236 649072 629955 99 0 256058 0 1427071
1789236478.134417 4310320 763869 744747 99 0 256058 0 1430480
1789236479.125628 4310320 772579 753469 99 0 256058 0 1436842
1789236480.133481 4178044 372441 353340 99 0 256058 0 1337896
1789236481.137257 4199152 414910 395809 99 0 256058 0 1407241
1789236482.137507 4187390 434480 415445 99 0 256058 0 1424423
1789236483.140979 4326341 546254 527217 99 0 256058 0 1464350
1789236484.142942 4313770 534401 515364 99 0 256058 0 1495712
1789236485.146056 4311622 588728 569689 99 0 256058 0 1540031
1789236486.150477 4424652 673372 654964 99 0 256058 0 1547793
1789236487.146921 4425623 681760 663356 99 0 256058 0 1501041
1789236488.148939 4382949 645296 626892 99 0 256058 0 1505195
1789236489.135227 4340997 593488 575067 99 0 260154 0 1453807
1789236490.135264 4340997 593497 575067 99 0 260154 0 1445414
1789236491.136282 4340997 593499 575067 99 0 260154 0 1455099
1789236492.137299 4340997 598172 579739 99 0 260154 0 1451282
1789236493.136156 4340997 605779 587342 99 0 260154 0 1456344
1789236494.135563 4340997 611928 593491 99 0 260154 0 1452768
1789236495.135596 4340997 611930 593491 99 0 260154 0 1452462
1789236496.135928 4340997 616322 597882 99 0 260154 0 1447612
1789236497.123985 4340997 625616 607187 99 0 260154 0 1446173
1789236498.131765 4123788 77948 59531 99 0 260154 0 1230369
1789236499.136755 4203173 257701 239328 99 0 260154 0 1314006
1789236500.142124 4282041 449026 430673 99 0 260154 0 1405600
1789236501.130950 4117823 150940 132583 99 0 260154 0 1225663
1789236502.134827 4167620 328270 309913 99 0 260154 0 1280450
1789236503.128791 4205387 243326 224967 99 0 260154 0 1208499
1789236504.127757 4054967 201002 182664 99 0 260154 0 1178919
1789236505.132354 4133718 385163 366823 99 0 260154 0 1241848
1789236506.135542 4182979 315151 296839 99 0 260154 0 1300012
1789236507.109247 3976743 167298 148982 99 0 260154 0 1081807
1789236508.106675 3976743 257601 239306 99 0 260154 0 1086162
1789236509.106947 3976743 348650 330355 99 0 260154 0 1091222
1789236510.106180 3916377 29032 10564 99 0 260154 0 1020929
1789236511.106064 3982178 105191 71529 99 0 325946 0 1074759
1789236512.106454 3997026 106008 71561 99 0 340794 0 1080766
1789236513.111154 4002891 153995 125813 99 0 340794 0 1062402
1789236514.120748 4040279 195390 161551 99 0 340794 0 1067788
1789236515.100426 3900966 75393 44238 99 0 343866 0 954582
1789236516.154381 3962977 126925 85402 99 0 350266 0 976999
1789236517.100620 3907366 109553 74649 99 0 350266 0 921987
1789236518.103483 3907366 169657 121632 99 0 350266 0 963274
1789236519.103731 3961810 164378 130146 99 0 350266 0 968599
1789236520.096720 3808224 111506 74912 99 0 350266 0 876493
1789236521.096999 3808224 116169 74912 99 0 350266 0 882326
1789236522.095681 3808224 146934 110226 99 0 350266 0 857848
1789236523.108146 3851477 191925 150541 99 0 350266 0 867734
1789236524.089943 3709089 58776 30731 99 0 350266 0 739355
1789236525.091662 3709089 117465 76546 99 0 350266 0 777362
1789236526.094988 3709089 114781 76546 99 0 350266 0 783303
1789236527.091270 3709089 161757 124923 99 0 350266 0 765005
1789236528.091486 3709089 162854 124923 99 0 350266 0 770713
1789236529.086897 3609853 101238 68486 99 0 350266 0 677162
1789236530.104548 3665464 153587 115573 99 0 350266 0 682243
1789236531.085278 3609853 127820 97098 99 0 350266 0 642687
1789236532.099467 3653106 176793 138714 99 0 350266 0 667422
1789236533.086915 3510815 47280 17947 99 0 350266 0 524638
1789236534.084952 3510815 118946 79837 99 0 350266 0 579097
1789236535.084293 3510815 117370 79837 99 0 350266 0 584972
1789236536.081895 3516680 166739 134082 99 0 350266 0 566740
1789236537.125747 3554068 203795 166108 99 0 350266 0 571982
1789236538.076362 3411764 77127 44535 99 0 350266 0 450823
1789236539.094576 3411764 126178 81498 99 0 350266 0 480050
1789236540.080624 3480253 151815 120945 99 0 350266 0 485386
1789236541.076770 3411764 168042 129870 99 0 350266 0 467693
1789236542.076959 3411764 170151 129870 99 0 350266 0 473479
1789236543.072721 3312638 115165 77433 99 0 350266 0 383867
1789236544.082464 3368249 165941 127469 99 0 350266 0 385632
1789236545.074706 3312638 138601 106525 99 0 350266 0 349760
1789236546.087347 3355891 185259 146011 99 0 350266 0 370535
1789236547.066909 3213487 57955 25730 99 0 350266 0 230050
1789236548.067789 3213487 124575 84773 99 0 350266 0 281781
1789236549.068105 3213487 124425 84773 99 0 350266 0 287784
1789236550.069463 3219627 174088 141558 99 0 350266 0 271452
1789236551.075275 3258768 219249 179993 99 0 350266 0 277070
1789236552.061138 3112150 80800 45213 99 0 350266 0 143600
1789236553.061436 3112150 78452 45213 99 0 350266 0 149669
1789236554.059465 3101341 73807 43859 99 0 354362 0 109933
1789236555.059501 3101341 97327 67379 99 0 354362 0 109933
1789236556.059471 3101341 121551 91603 99 0 354362 0 109933
1789236557.059528 3101341 148703 118755 99 0 354362 0 109933
1789236558.059459 3101341 148703 118755 99 0 354362 0 109933
1789236559.059477 3101341 148703 118755 99 0 354362 0 109933
1789236560.059465 3105438 148705 118755 99 0 358458 0 109933
1789236561.059442 3105438 148705 118755 99 0 358458 0 109933
1789236562.059520 3105438 148705 118755 99 0 358458 0 109933
1789236563.059476 3105438 148705 118755 99 0 358458 0 109933
1789236564.059470 3105438 148705 118755 99 0 358458 0 109933
1789236565.059472 3105438 148705 118755 99 0 358458 0 109933
1789236566.059438 3109535 148660 118755 99 0 362554 0 109933
1789236567.059506 3109535 148660 118755 99 0 362554 0 109933
1789236568.059511 3109535 148660 118755 99 0 362554 0 109933
1789236569.059470 3109535 148660 118755 99 0 362554 0 109933
1789236570.059493 3109535 148660 118755 99 0 362554 0 109933
1789236571.059425 3109535 148660 118755 99 0 362554 0 109933
1789236572.059480 3113632 148657 118755 99 0 366650 0 109933
1789236573.059498 3113632 148657 118755 99 0 366650 0 109933
1789236574.059488 3113632 148657 118755 99 0 366650 0 109933
1789236575.059467 3113632 148657 118755 99 0 366650 0 109933
1789236576.059468 3113632 148657 118755 99 0 366650 0 109933
1789236577.059430 3113632 148657 118755 99 0 366650 0 109933
1789236578.059743 3113632 148657 118755 99 0 366650 0 109933
1789236579.059496 3113632 148657 118755 99 0 366650 0 109933
1789236580.059430 3113632 148657 118755 99 0 366650 0 109933
1789236581.059455 3113632 148657 118755 99 0 366650 0 109933
1789236582.059475 3113632 148657 118755 99 0 366650 0 109933
1789236583.059467 3113632 148657 118755 99 0 366650 0 109933
1789236584.059505 3113632 148657 118755 99 0 366650 0 109933
1789236585.059459 3113632 148657 118755 99 0 366650 0 109933
1789236586.059458 3113632 148657 118755 99 0 366650 0 109933
1789236587.059477 3113632 148657 118755 99 0 366650 0 109933
1789236588.059496 3113632 148657 118755 99 0 366650 0 109933
1789236589.059499 3113632 148657 118755 99 0 366650 0 109933
1789236590.059457 3113632 148657 118755 99 0 366650 0 109933
1789236591.059471 3113632 148657 118755 99 0 366650 0 109933
1789236592.059464 3113632 148657 118755 99 0 366650 0 109933
1789236593.059480 3113632 148657 118755 99 0 366650 0 109933
1789236594.059507 3113632 148657 118755 99 0 366650 0 109933
1789236595.059461 3113632 148657 118755 99 0 366650 0 109933
1789236596.059459 3113632 148657 118755 99 0 366650 0 109933
1789236597.059469 3113632 148657 118755 99 0 366650 0 109933
1789236598.059534 3113632 148657 118755 99 0 366650 0 109933
1789236599.059518 3113632 148657 118755 99 0 366650 0 109933
1789236600.059449 3113632 148657 118755 99 0 366650 0 109933
1789236601.059461 3113632 148657 118755 99 0 366650 0 109933
1789236602.059431 3113632 148657 118755 99 0 366650 0 109933
1789236603.059537 3113632 148657 118755 99 0 366650 0 109933
1789236604.059456 3113632 148657 118755 99 0 366650 0 109933
1789236605.059471 3113632 148657 118755 99 0 366650 0 109933
1789236606.059451 3113632 148657 118755 99 0 366650 0 109933
1789236607.059485 3113632 148657 118755 99 0 366650 0 109933
1789236608.059546 3113632 148657 118755 99 0 366650 0 109933
1789236609.059467 3113632 148962 118755 99 0 366650 0 109933
1789236610.059466 3113632 148962 118755 99 0 366650 0 109933
1789236611.059489 3113632 148962 118755 99 0 366650 0 109933
1789236612.059477 3113632 148962 118755 99 0 366650 0 109933
1789236613.059523 3113632 148962 118755 99 0 366650 0 109933
1789236614.059498 3113632 148962 118755 99 0 366650 0 109933
1789236615.059461 3113632 148962 118755 99 0 366650 0 109933
1789236616.059445 3113632 148962 118755 99 0 366650 0 109933
1789236617.059459 3113632 148962 118755 99 0 366650 0 109933
1789236618.059563 3113632 148962 118755 99 0 366650 0 109933
1789236619.059467 3113632 149226 118755 99 0 366650 0 109933
1789236620.059457 3113632 149226 118755 99 0 366650 0 109933
1789236621.059457 3113632 149226 118755 99 0 366650 0 109933
1789236622.059465 3113632 149226 118755 99 0 366650 0 109933
1789236623.059508 3113632 149226 118755 99 0 366650 0 109933
1789236624.059464 3113632 149226 118755 99 0 366650 0 109933
1789236625.059478 3113632 149226 118755 99 0 366650 0 109933
1789236626.059473 3113632 149226 118755 99 0 366650 0 109933
1789236627.059476 3113632 149226 118755 99 0 366650 0 109933
1789236628.059538 3113632 149226 118755 99 0 366650 0 109933
1789236629.059470 3113632 149495 118755 99 0 366650 0 109933
1789236630.059478 3113632 149495 118755 99 0 366650 0 109933
1789236631.059453 3113632 149495 118755 99 0 366650 0 109933
1789236632.059473 3113632 149495 118755 99 0 366650 0 109933
1789236633.059484 3113632 149495 118755 99 0 366650 0 109933
1789236634.059473 3113632 149495 118755 99 0 366650 0 109933
1789236635.059500 3113632 149487 118755 99 0 366650 0 109933
1789236636.059447 3113632 149487 118755 99 0 366650 0 109933
