# start_epoch=1789236654.808359  page_size=4096  cachestat=ok  fields=size,resident,shared,text,lib,data,dt,pagecache
1789236655.808621 262569 27767 7779 99 0 248506 0 1
1789236656.808566 262569 27767 7779 99 0 248506 0 1
1789236657.813733 2105130 71170 50769 99 0 254010 0 106923
1789236658.824022 3072204 159345 132220 99 0 287802 0 252056
1789236659.825252 3072204 226244 199659 99 0 287802 0 266049
1789236660.832532 3146428 168400 139144 99 0 290874 0 340948
1789236661.833291 3296479 236280 207718 99 0 293946 0 397932
1789236662.834832 3221189 169572 141193 99 0 293946 0 422605
1789236663.842603 3368168 254548 224129 99 0 293946 0 541897
1789236664.875032 3440053 174107 146405 99 0 294586 0 550592
1789236665.848947 3442485 255589 226674 99 0 297018 0 649897
1789236666.856712 3589464 340593 310562 99 0 297018 0 770473
1789236667.865313 3660695 282208 252867 99 0 297018 0 831794
1789236668.852563 3807688 354126 324152 99 0 297018 0 894161
1789236669.863721 3731938 267940 238711 99 0 297018 0 877782
1789236670.864649 3731938 334716 307366 99 0 297018 0 911681
1789236671.868625 3803183 281203 250916 99 0 297018 0 974276
1789236672.859447 3950162 351104 321501 99 0 297018 0 1031798
1789236673.871511 3874414 266947 237773 99 0 297018 0 1020216
1789236674.875209 3932505 379381 350847 99 0 297018 0 1102407
1789236675.875997 3945719 276081 247405 99 0 297018 0 1105139
1789236676.929480 3869969 193992 167081 99 0 297018 0 1036096
1789236677.879588 4016997 285058 252810 99 0 297018 0 1124758
1789236678.882309 4046571 349340 320262 99 0 297018 0 1179703
1789236679.884286 4146369 336251 304060 99 0 297018 0 1226762
1789236680.945441 4159509 283279 254257 99 0 297018 0 1224068
1789236681.888793 4159397 296852 267105 99 0 297018 0 1336046
1789236682.878502 4331175 367123 336244 99 0 297018 0 1406088
1789236683.897504 4230554 297331 266388 99 0 297018 0 1436225
1789236684.881017 4377403 357485 328354 99 0 297018 0 1467784
1789236685.897666 4301607 271677 240497 99 0 297018 0 1455772
1789236686.884910 4448661 348547 317363 99 0 297018 0 1546927
1789236687.919180 4372950 229699 200959 99 0 297018 0 1462436
1789236688.879931 4397409 292838 263292 99 0 301114 0 1466940
1789236689.879130 4321688 186345 157503 99 0 301114 0 1408538
1789236690.876422 4321688 227033 196143 99 0 301114 0 1412680
1789236691.876378 4321688 258087 229237 99 0 301114 0 1412682
1789236692.874603 4379779 318537 289687 99 0 301114 0 1383391
1789236693.875043 4321688 322823 294597 99 0 301114 0 1392684
1789236694.871622 4159430 44798 16571 99 0 301114 0 1234874
1789236695.868704 4159430 87021 57401 99 0 301114 0 1250440
1789236696.869954 4184256 136579 108986 99 0 301114 0 1275267
1789236697.868042 4159430 145714 118120 99 0 301114 0 1238025
1789236698.870314 4159430 186145 158551 99 0 301114 0 1260403
1789236699.870045 4184256 235774 208180 99 0 301114 0 1275272
1789236700.868242 4159430 245313 218154 99 0 301114 0 1239276
1789236701.869267 4159430 285962 257687 99 0 301114 0 1262886
1789236702.867189 4217521 357483 329208 99 0 301114 0 1220948
1789236703.868298 4159430 348205 319930 99 0 301114 0 1242865
1789236704.869526 4159430 383962 356892 99 0 301114 0 1268159
1789236705.867289 4159430 409943 381702 99 0 301114 0 1220937
1789236706.868433 4159430 449668 421419 99 0 301114 0 1245874
1789236707.868357 4159426 54294 26043 99 0 301114 0 1243162
1789236708.869358 4159426 87493 59242 99 0 301114 0 1262596
1789236709.869948 4184252 131241 102990 99 0 301114 0 1275287
1789236710.868113 4159426 149387 121136 99 0 301114 0 1237599
1789236711.868982 4159426 186226 158427 99 0 301114 0 1255577
1789236712.869891 4184252 236185 208032 99 0 301114 0 1269421
1789236713.867822 4159426 245329 217153 99 0 301114 0 1233332
1789236714.868756 4159426 285968 256129 99 0 301114 0 1252583
1789236715.868948 4184251 332479 304608 99 0 301114 0 1250471
1789236716.867715 4159426 340493 312397 99 0 301114 0 1228031
1789236717.868560 4161218 382539 351111 99 0 302906 0 1246916
1789236718.869709 4161218 410907 381526 99 0 302906 0 1269932
1789236719.867336 4161218 437018 407636 99 0 302906 0 1222728
1789236720.868563 4161218 471201 443099 99 0 302906 0 1242805
1789236721.869006 4161212 62583 34335 99 0 302906 0 1250479
1789236722.867565 4161212 91580 63703 99 0 302906 0 1228916
1789236723.868601 4161212 134315 104316 99 0 302906 0 1250398
1789236724.868922 4186037 179990 152039 99 0 302906 0 1250485
1789236725.867686 4161212 191385 163433 99 0 302906 0 1229725
1789236726.868641 4161212 233688 203688 99 0 302906 0 1250697
1789236727.871430 4278845 155054 127057 99 0 302906 0 1308559
1789236728.915721 4226856 74316 38985 99 0 339258 0 1251750
1789236729.868122 4200123 74739 46010 99 0 341818 0 1239428
1789236730.902132 4229416 113484 78405 99 0 341818 0 1254383
1789236731.872019 4200123 114624 83877 99 0 341818 0 1250239
1789236732.871756 4200123 118455 83877 99 0 341818 0 1256141
1789236733.868504 4200123 144127 108670 99 0 341818 0 1250240
1789236734.870888 4234938 144423 115233 99 0 341818 0 1221331
1789236735.935835 4229416 176821 141659 99 0 341818 0 1252539
1789236736.868474 4200123 178484 147724 99 0 341818 0 1242836
1789236737.966911 4229416 215124 180567 99 0 341818 0 1255359
1789236738.868785 4200123 215395 183073 99 0 341818 0 1250244
1789236739.869005 4200123 217122 183073 99 0 341818 0 1256172
1789236740.868601 4200123 243268 207871 99 0 341818 0 1250245
1789236741.867530 4200123 240071 209462 99 0 341818 0 1225631
1789236742.935297 4229416 277356 243345 99 0 341818 0 1253101
1789236743.868845 4200123 279566 250150 99 0 341818 0 1247125
1789236744.952690 4229416 316238 281009 99 0 341818 0 1255614
1789236745.871604 4200123 316445 282271 99 0 341818 0 1250249
1789236746.871846 4200123 317474 282271 99 0 341818 0 1256191
1789236747.873546 4200123 347919 307087 99 0 341818 0 1250251
1789236748.867890 4200123 340442 309601 99 0 341818 0 1226961
1789236749.968171 4229416 378074 343884 99 0 341818 0 1253342
1789236750.868607 4200123 380974 350460 99 0 341818 0 1248664
1789236751.898707 4229416 416407 382199 99 0 341818 0 1255667
1789236752.869046 4200123 415964 381488 99 0 341818 0 1250255
1789236753.868813 4203195 416965 381488 99 0 344890 0 1256221
1789236754.886306 4203195 445859 406285 99 0 344890 0 1250256
1789236755.868297 4203195 441059 410548 99 0 344890 0 1229274
1789236756.947890 4228147 475981 442282 99 0 344890 0 1249984
1789236757.852596 3883116 54300 23372 99 0 344890 0 913664
1789236758.868237 3918809 100861 58809 99 0 351290 0 934079
1789236759.853249 3889516 104026 65770 99 0 351290 0 930184
1789236760.853610 3889516 107131 65770 99 0 351290 0 936105
1789236761.854574 3889516 133228 90577 99 0 351290 0 930185
1789236762.852355 3889516 132780 94742 99 0 351290 0 909495
1789236763.874466 3918809 171201 128787 99 0 351290 0 933250
1789236764.853254 3889516 174620 136308 99 0 351290 0 932189
1789236765.867748 3918809 210538 168161 99 0 351290 0 936046
1789236766.853239 3889516 206154 164987 99 0 351290 0 930189
1789236767.856797 3889516 206223 164987 99 0 351290 0 935701
1789236768.927556 3918809 234838 194267 99 0 351290 0 931932
1789236769.852839 3889516 237951 201610 99 0 351290 0 919819
1789236770.904340 3921881 277274 236391 99 0 354362 0 935294
1789236771.860241 3892588 278076 239381 99 0 354362 0 930193
1789236772.855565 3892588 280615 239381 99 0 354362 0 936136
1789236773.855918 3892588 308996 264186 99 0 354362 0 930194
1789236774.852552 3892588 304512 269256 99 0 354362 0 910785
1789236775.878654 3921881 346704 304341 99 0 354362 0 933710
1789236776.853437 3892588 351330 313320 99 0 354362 0 930197
1789236777.853588 3896172 357117 313784 99 0 357946 0 936100
1789236778.852802 3896172 383448 338577 99 0 357946 0 930198
1789236779.855000 3900268 379982 341011 99 0 362042 0 907055
1789236780.925779 3929561 418041 376016 99 0 362042 0 933570
1789236781.853271 3900268 423535 384110 99 0 362042 0 931946
1789236782.858920 3900268 430141 388174 99 0 362042 0 936080
1789236783.853398 3900268 455446 412978 99 0 362042 0 930202
1789236784.851960 3900268 449430 412978 99 0 362042 0 900909
1789236785.867343 3929561 487908 446956 99 0 362042 0 932392
1789236786.841813 3625813 109069 72449 99 0 362042 0 626457
1789236787.855086 3605456 95463 54768 99 0 362042 0 607444
1789236788.837348 3576163 94041 60067 99 0 362042 0 593756
1789236789.887294 3605456 133340 93445 99 0 362042 0 610225
1789236790.840933 3576163 132842 97192 99 0 362042 0 606105
1789236791.838257 3576163 135849 97192 99 0 362042 0 612016
1789236792.839707 3576163 162560 121985 99 0 362042 0 606106
1789236793.836803 3576163 160128 125649 99 0 362042 0 581772
1789236794.861007 3605456 196855 160421 99 0 362042 0 608739
1789236795.838020 3576163 201689 168600 99 0 362042 0 606422
1789236796.843716 3605456 229429 193603 99 0 362042 0 611899
1789236797.837980 3576163 232709 196390 99 0 362042 0 606110
1789236798.838398 3614941 234918 203744 99 0 362042 0 611622
1789236799.867257 3605456 260747 225657 99 0 362042 0 606967
1789236800.840188 3576163 263184 233439 99 0 362042 0 593436
1789236801.863563 3605456 301472 266289 99 0 362042 0 610109
1789236802.846830 3576163 301654 270788 99 0 362042 0 606114
1789236803.842046 3576163 305813 270788 99 0 362042 0 612021
1789236804.838036 3576163 332209 295602 99 0 362042 0 606115
1789236805.836901 3576163 329817 300098 99 0 362042 0 582937
1789236806.855640 3605456 369345 334027 99 0 362042 0 608752
1789236807.838165 3576163 373826 341065 99 0 362042 0 604861
1789236808.842916 3605456 409500 374171 99 0 362042 0 611838
1789236809.837924 3576163 404396 370002 99 0 362042 0 606119
1789236810.838294 3614941 413790 382796 99 0 362042 0 611631
1789236811.853458 3605456 436845 401494 99 0 362042 0 607366
1789236812.839943 3576163 432409 402743 99 0 362042 0 586262
1789236813.826719 3291161 64173 34980 99 0 366138 0 287733
1789236814.822830 3291161 117333 88140 99 0 366138 0 287733
1789236815.822819 3291161 171547 142354 99 0 366138 0 287733
1789236816.822806 3291161 224766 195573 99 0 366138 0 287733
1789236817.822893 3291161 277946 248753 99 0 366138 0 287733
1789236818.822891 3295258 324750 295720 99 0 370234 0 287733
1789236819.822820 3295258 324750 295720 99 0 370234 0 287733
1789236820.822834 3295258 324750 295720 99 0 370234 0 287733
1789236821.822821 3295258 324750 295720 99 0 370234 0 287733
1789236822.822804 3295258 324750 295720 99 0 370234 0 287733
1789236823.822787 3299355 324753 295720 99 0 374330 0 287733
1789236824.822829 3299355 324753 295720 99 0 374330 0 287733
1789236825.822811 3299355 324753 295720 99 0 374330 0 287733
1789236826.822808 3299355 324753 295720 99 0 374330 0 287733
1789236827.822811 3299355 324753 295720 99 0 374330 0 287733
1789236828.822841 3303452 324758 295720 99 0 378426 0 287733
1789236829.822840 3303452 324758 295720 99 0 378426 0 287733
1789236830.822831 3303452 324758 295720 99 0 378426 0 287733
1789236831.822764 3303452 324758 295720 99 0 378426 0 287733
1789236832.822841 3303452 324758 295720 99 0 378426 0 287733
1789236833.822875 3303452 324758 295720 99 0 378426 0 287733
1789236834.822863 3303452 324758 295720 99 0 378426 0 287733
1789236835.822833 3303452 324758 295720 99 0 378426 0 287733
1789236836.822790 3303452 324758 295720 99 0 378426 0 287733
1789236837.822842 3303452 324758 295720 99 0 378426 0 287733
1789236838.822833 3303452 324758 295720 99 0 378426 0 287733
1789236839.822817 3303452 324758 295720 99 0 378426 0 287733
1789236840.822858 3303452 324758 295720 99 0 378426 0 287733
1789236841.822809 3303452 324758 295720 99 0 378426 0 287733
1789236842.822829 3303452 324758 295720 99 0 378426 0 287733
1789236843.822836 3303452 324758 295720 99 0 378426 0 287733
1789236844.822827 3303452 324758 295720 99 0 378426 0 287733
1789236845.822804 3303452 324758 295720 99 0 378426 0 287733
1789236846.822763 3303452 324758 295720 99 0 378426 0 287733
1789236847.822806 3303452 324758 295720 99 0 378426 0 287733
1789236848.822816 3303452 324758 295720 99 0 378426 0 287733
1789236849.822828 3303452 324758 295720 99 0 378426 0 287733
1789236850.822837 3303452 324758 295720 99 0 378426 0 287733
1789236851.822879 3303452 324758 295720 99 0 378426 0 287733
1789236852.822845 3303452 324758 295720 99 0 378426 0 287733
1789236853.822860 3303452 324758 295720 99 0 378426 0 287733
1789236854.822805 3303452 325381 295720 99 0 378426 0 287733
1789236855.822935 3303452 325381 295720 99 0 378426 0 287733
1789236856.822795 3303452 325381 295720 99 0 378426 0 287733
1789236857.822859 3303452 325381 295720 99 0 378426 0 287733
1789236858.823742 3303452 325381 295720 99 0 378426 0 287733
1789236859.822781 3303452 325381 295720 99 0 378426 0 287733
1789236860.822960 3303452 325381 295720 99 0 378426 0 287733
1789236861.822801 3303452 325381 295720 99 0 378426 0 287733
1789236862.822818 3303452 325381 295720 99 0 378426 0 287733
1789236863.822846 3303452 325381 295720 99 0 378426 0 287733
1789236864.822801 3303452 325886 295720 99 0 378426 0 287733
1789236865.822778 3303452 325886 295720 99 0 378426 0 287733
1789236866.822809 3303452 325886 295720 99 0 378426 0 287733
1789236867.822794 3303452 325886 295720 99 0 378426 0 287733
1789236868.822770 3303452 325886 295720 99 0 378426 0 287733
1789236869.822716 3303452 325886 295720 99 0 378426 0 287733
1789236870.822749 3303452 325886 295720 99 0 378426 0 287733
1789236871.822924 3303452 325886 295720 99 0 378426 0 287733
1789236872.822808 3303452 325886 295720 99 0 378426 0 287733
1789236873.822898 3303452 325886 295720 99 0 378426 0 287733
1789236874.822790 3303452 325916 295720 99 0 378426 0 287733
1789236875.822783 3303452 325916 295720 99 0 378426 0 287733
1789236876.822843 3303452 325916 295720 99 0 378426 0 287733
1789236877.822821 3303452 325916 295720 99 0 378426 0 287733
1789236878.822818 3303452 325916 295720 99 0 378426 0 287733
1789236879.822823 3303452 325916 295720 99 0 378426 0 287733
1789236880.822826 3303452 325916 295720 99 0 378426 0 287733
1789236881.822819 3303452 325916 295720 99 0 378426 0 287733
1789236882.822831 3303452 325916 295720 99 0 378426 0 287733
1789236883.822798 3303452 325916 295720 99 0 378426 0 287733
1789236884.822817 3303452 325916 295720 99 0 378426 0 287733
1789236885.822817 3303452 326225 295720 99 0 378426 0 287733
1789236886.822812 3303452 326225 295720 99 0 378426 0 287733
1789236887.822847 3303452 326225 295720 99 0 378426 0 287733
1789236888.822822 3303452 326225 295720 99 0 378426 0 287733
1789236889.822815 3303452 326225 295720 99 0 378426 0 287733
1789236890.822813 3303452 326225 295720 99 0 378426 0 287733
1789236891.822806 3303452 326225 295720 99 0 378426 0 287733
1789236892.822909 3303452 326225 295720 99 0 378426 0 287733
1789236893.822792 3303452 326225 295720 99 0 378426 0 287733
1789236894.822847 3303452 326225 295720 99 0 378426 0 287733
1789236895.822835 3303452 326240 295720 99 0 378426 0 287733
1789236896.822801 3303452 326240 295720 99 0 378426 0 287733
1789236897.822824 3303452 326240 295720 99 0 378426 0 287733
1789236898.822835 3303452 326240 295720 99 0 378426 0 287733
1789236899.822809 3303452 326240 295720 99 0 378426 0 287733
1789236900.822802 3303452 326240 295720 99 0 378426 0 287733
1789236901.822814 3303452 326240 295720 99 0 378426 0 287733
1789236902.822861 3303452 326240 295720 99 0 378426 0 287733
1789236903.822859 3303452 326240 295720 99 0 378426 0 287733
1789236904.822767 3303452 326240 295720 99 0 378426 0 287733
1789236905.822843 3303452 326240 295720 99 0 378426 0 287733
1789236906.822833 3303452 326240 295720 99 0 378426 0 287733
1789236907.822860 3303452 326227 295720 99 0 378426 0 287733
1789236908.822815 3303452 326227 295720 99 0 378426 0 287733
