# start_epoch=1786157290.254536  page_size=4096  cachestat=ok  fields=size,resident,shared,text,lib,data,dt,pagecache
1786157291.254807 262500 28257 8270 99 0 248506 0 1
1786157292.254768 262500 28257 8270 99 0 248506 0 1
1786157293.262108 2988067 110174 87285 99 0 277562 0 122936
1786157294.263304 3026029 119332 93561 99 0 280634 0 144537
1786157295.265323 3116590 181126 156045 99 0 280634 0 228448
1786157296.267582 3114609 149923 124809 99 0 280634 0 218683
1786157297.270817 3168581 180349 155937 99 0 280634 0 277681
1786157298.270796 3166717 148904 124492 99 0 280634 0 270004
1786157299.273629 3220615 180651 156239 99 0 280634 0 329815
1786157300.273718 3218684 148408 123996 99 0 280634 0 319957
1786157301.275079 3272626 178851 156162 99 0 280634 0 378457
1786157302.270887 3270717 144923 121253 99 0 280634 0 360242
1786157303.279704 3288076 156887 133271 99 0 280634 0 424942
1786157304.276958 3342072 180520 156843 99 0 280634 0 390767
1786157305.282610 3341945 157927 132532 99 0 282426 0 473870
1786157306.279222 3395927 181063 156893 99 0 282426 0 442840
1786157307.286035 3393983 158032 133317 99 0 282426 0 529354
1786157308.285131 3428610 145862 121140 99 0 282426 0 516725
1786157309.289212 3445985 158609 133967 99 0 282426 0 584787
1786157310.288610 3480744 147601 123284 99 0 282426 0 577114
1786157311.284387 3534652 180613 156280 99 0 282426 0 639105
1786157312.291887 3532708 148411 124096 99 0 282426 0 632249
1786157313.286906 3586631 180731 156410 99 0 282426 0 692785
1786157314.295069 3584727 149295 124778 99 0 282426 0 687062
1786157315.289339 3638684 181226 156553 99 0 282426 0 741001
1786157316.298067 3636738 148655 125067 99 0 282426 0 740101
1786157317.290377 3690707 180394 156699 99 0 282426 0 801265
1786157318.301514 3688746 149409 125706 99 0 282426 0 794573
1786157319.294659 3742703 181151 156797 99 0 282426 0 856634
1786157320.304765 3740821 151251 126895 99 0 282426 0 851753
1786157321.295392 3794851 182063 157004 99 0 282426 0 908652
1786157322.307808 3792863 152171 127112 99 0 282426 0 903885
1786157323.297901 3846771 182103 157042 99 0 282426 0 965167
1786157324.311126 3844889 151889 126792 99 0 282426 0 955724
1786157325.302065 3898852 182243 157130 99 0 282426 0 1013535
1786157326.313948 3896922 150948 126852 99 0 282426 0 1007839
1786157327.307282 3950997 181296 157196 99 0 282426 0 1066989
1786157328.316886 3949034 151917 127488 99 0 282426 0 1061494
1786157329.319441 4002987 180902 157391 99 0 282426 0 1123027
1786157330.319773 4001058 151223 127693 99 0 282426 0 1114618
1786157331.308643 4055015 180328 157374 99 0 282426 0 1158243
1786157332.323760 4053072 154771 129806 99 0 282426 0 1174844
1786157333.311815 4124379 192898 167926 99 0 282426 0 1226818
1786157334.326704 4105074 154682 130668 99 0 282426 0 1230228
1786157335.311855 4176399 200928 175104 99 0 282426 0 1279901
1786157336.330053 4157123 156630 131921 99 0 282426 0 1287173
1786157337.329444 4251663 206505 180679 99 0 282426 0 1290608
1786157338.312226 4190825 122854 97909 99 0 286522 0 1287066
1786157339.315252 4174604 86748 61286 99 0 289594 0 1297765
1786157340.309185 4147840 60737 35268 99 0 289594 0 1220992
1786157341.310221 4147840 97791 72322 99 0 289594 0 1241639
1786157342.310618 4147840 136998 109481 99 0 289594 0 1250541
1786157343.311612 4172666 184724 159255 99 0 289594 0 1275368
1786157344.309603 4147840 192712 166604 99 0 289594 0 1235058
1786157345.310725 4147840 232026 203870 99 0 289594 0 1252001
1786157346.310841 4147840 260292 233601 99 0 289594 0 1250549
1786157347.309660 4147840 287788 261082 99 0 289594 0 1228697
1786157348.310303 4147840 324795 298033 99 0 289594 0 1245200
1786157349.311270 4147840 359487 332724 99 0 289594 0 1267347
1786157350.309486 4201959 418652 391889 99 0 289594 0 1222299
1786157351.309981 4147840 419709 392946 99 0 289594 0 1239495
1786157352.310309 4147840 452868 426105 99 0 289594 0 1243684
1786157353.311048 4147835 61830 35064 99 0 289594 0 1265467
1786157354.309194 4147835 86642 59876 99 0 289594 0 1221266
1786157355.310048 4147835 121072 95189 99 0 289594 0 1235287
1786157356.311169 4147835 158757 131699 99 0 289594 0 1251211
1786157357.310863 4172660 197057 170304 99 0 289594 0 1250563
1786157358.309718 4147835 215978 189080 99 0 289594 0 1228122
1786157359.310599 4147835 253122 226221 99 0 289594 0 1244886
1786157360.311469 4147835 285126 258208 99 0 289594 0 1266187
1786157361.309369 4147835 309934 283011 99 0 289594 0 1221024
1786157362.309863 4147835 346100 319177 99 0 289594 0 1236473
1786157363.310839 4147835 384796 355825 99 0 289594 0 1252542
1786157364.311246 4172661 433899 406976 99 0 289594 0 1252162
1786157365.309512 4147835 439533 412610 99 0 289594 0 1228717
1786157366.314725 4147829 47063 22688 99 0 289594 0 1239111
1786157367.310620 4147829 86160 59732 99 0 289594 0 1250577
1786157368.311773 4174447 135137 109349 99 0 291386 0 1275404
1786157369.309757 4149621 141702 117710 99 0 291386 0 1233810
1786157370.310386 4149621 180819 154766 99 0 291386 0 1250393
1786157371.310565 4149621 207775 183698 99 0 291386 0 1250583
1786157372.309822 4149621 235799 211699 99 0 291386 0 1226789
1786157373.310229 4149621 272810 248710 99 0 291386 0 1243366
1786157374.311347 4149621 306960 282860 99 0 291386 0 1264496
1786157375.309216 4149621 330652 307635 99 0 291386 0 1221044
1786157376.309959 4149621 368667 343988 99 0 291386 0 1238130
1786157377.309797 4149616 49283 22479 99 0 291386 0 1240483
1786157378.362027 4221922 93653 59852 99 0 334394 0 1256192
1786157379.310275 4192629 94144 59668 99 0 334394 0 1250341
1786157380.310882 4231416 97789 67846 99 0 334394 0 1255862
1786157381.397973 4224994 125730 90639 99 0 337466 0 1252332
1786157382.310053 4195701 126208 97657 99 0 337466 0 1241437
1786157383.343901 4224994 168298 134790 99 0 337466 0 1255918
1786157384.310101 4195701 168600 134073 99 0 337466 0 1250345
1786157385.310797 4201223 169007 139595 99 0 337466 0 1255866
1786157386.343764 4224994 199306 165567 99 0 337466 0 1252154
1786157387.313049 4195701 201371 173236 99 0 337466 0 1242833
1786157388.339388 4224994 244283 210913 99 0 337466 0 1256216
1786157389.310493 4195701 241999 208463 99 0 337466 0 1250349
1786157390.309328 4234488 264303 235025 99 0 337466 0 1221056
1786157391.397013 4224994 275099 241448 99 0 337466 0 1252874
1786157392.312675 4195701 277939 248704 99 0 337466 0 1244226
1786157393.323269 4224994 319909 286301 99 0 337466 0 1256219
1786157394.310196 4195701 315429 282862 99 0 337466 0 1250353
1786157395.312075 4195701 312099 282862 99 0 337466 0 1222052
1786157396.397822 4224994 350718 317090 99 0 337466 0 1253106
1786157397.313029 4195701 354325 325045 99 0 337466 0 1246794
1786157398.313321 4195701 366105 332469 99 0 337466 0 1256231
1786157399.310608 4195701 391562 357262 99 0 337466 0 1250357
1786157400.309278 4195701 386967 358048 99 0 337466 0 1224615
1786157401.339643 4224994 426548 393469 99 0 337466 0 1253106
1786157402.310325 4195701 431027 400635 99 0 337466 0 1248698
1786157403.311857 4224994 459262 426315 99 0 337466 0 1256233
1786157404.320580 4195701 461678 425890 99 0 337466 0 1243545
1786157405.305321 3996111 163863 135073 99 0 337466 0 947005
1786157406.318314 3911664 85691 46243 99 0 342074 0 933863
1786157407.295925 3882371 89615 54713 99 0 342074 0 923849
1786157408.318029 3911664 131937 91086 99 0 342074 0 937800
1786157409.299743 3882371 130476 91108 99 0 342074 0 932430
1786157410.296778 3882371 131982 91108 99 0 342074 0 937951
1786157411.312971 3911664 161047 120144 99 0 342074 0 933737
1786157412.296031 3882371 163801 128747 99 0 342074 0 923377
1786157413.310664 3911664 205977 164992 99 0 342074 0 937664
1786157414.296591 3882371 202656 165515 99 0 342074 0 932434
1786157415.296412 3882371 206479 165515 99 0 342074 0 934340
1786157416.363124 3911664 234245 193289 99 0 342074 0 933921
1786157417.299541 3882371 238119 201510 99 0 342074 0 921003
1786157418.346770 3911664 278555 238635 99 0 342074 0 938026
1786157419.296403 3882371 278048 239905 99 0 342074 0 932438
1786157420.296469 3885443 279763 239905 99 0 345146 0 938426
1786157421.317284 3914736 307676 266698 99 0 345146 0 933281
1786157422.295856 3885443 309883 273266 99 0 345146 0 917605
1786157423.319329 3914736 351525 310567 99 0 345146 0 937158
1786157424.301314 3885443 349394 314312 99 0 345146 0 932442
1786157425.299515 3885443 355285 314312 99 0 345146 0 938426
1786157426.361583 3914736 382309 341356 99 0 345146 0 933897
1786157427.296030 3885443 387093 350495 99 0 345146 0 921377
1786157428.320206 3914736 428902 387940 99 0 345146 0 937764
1786157429.297481 3885443 428659 388720 99 0 345146 0 932446
1786157430.296791 3885443 428090 388720 99 0 345146 0 937967
1786157431.353022 3914736 460214 419215 99 0 345146 0 934527
1786157432.295978 3885443 464185 427559 99 0 345146 0 924969
1786157433.296433 3885443 471515 432455 99 0 345146 0 931655
1786157434.284471 3567584 83125 48158 99 0 345146 0 614592
1786157435.285717 3567584 83231 48158 99 0 345146 0 620552
1786157436.303940 3596877 109747 73962 99 0 345146 0 614694
1786157437.281660 3567584 113834 81381 99 0 345146 0 596724
1786157438.294530 3596877 155112 118514 99 0 345146 0 618627
1786157439.282514 3567584 152494 122566 99 0 345146 0 614596
1786157440.282908 3567584 156325 122566 99 0 345146 0 620548
1786157441.297462 3596877 181125 147869 99 0 345146 0 614624
1786157442.281763 3567584 186577 156755 99 0 345146 0 598046
1786157443.296450 3596877 225630 193472 99 0 345146 0 618793
1786157444.283304 3567584 224816 196959 99 0 345146 0 614600
1786157445.285628 3567584 229853 196959 99 0 345146 0 620562
1786157446.301553 3596877 256232 223256 99 0 345146 0 614812
1786157447.281918 3567584 261551 232464 99 0 345146 0 599813
1786157448.296487 3596877 303658 269837 99 0 345146 0 619207
1786157449.282407 3567584 301344 271359 99 0 345146 0 614604
1786157450.282572 3567584 305126 271359 99 0 345146 0 620590
1786157451.318991 3596877 334184 300388 99 0 345146 0 615394
1786157452.281850 3567584 337573 308157 99 0 345146 0 601564
1786157453.324219 3596877 377955 345242 99 0 345146 0 619401
1786157454.282513 3567584 379177 345772 99 0 345146 0 614608
1786157455.285477 3567584 379490 345772 99 0 345146 0 620586
1786157456.290759 3596877 407014 373299 99 0 345146 0 615068
1786157457.281899 3567584 408760 380518 99 0 345146 0 598786
1786157458.320539 3596877 448819 416182 99 0 345146 0 618711
1786157459.282000 3567584 444175 411305 99 0 345146 0 604145
1786157460.278067 3494578 278802 252360 99 0 345146 0 512315
1786157461.272162 3275890 100930 74934 99 0 349242 0 289531
1786157462.269051 3275890 155785 129789 99 0 349242 0 289531
1786157463.268029 3275890 208721 182725 99 0 349242 0 289531
1786157464.268254 3275890 264335 238339 99 0 349242 0 289531
1786157465.268230 3275890 318110 292114 99 0 349242 0 289531
1786157466.272123 3279987 323905 298033 99 0 353338 0 289531
1786157467.270021 3279987 323906 298033 99 0 353338 0 289531
1786157468.268239 3279987 323906 298033 99 0 353338 0 289531
1786157469.268080 3279987 323906 298033 99 0 353338 0 289531
1786157470.268039 3284084 323912 298033 99 0 357434 0 289531
1786157471.268032 3284084 323912 298033 99 0 357434 0 289531
1786157472.268210 3284084 323913 298033 99 0 357434 0 289531
1786157473.268194 3284084 323913 298033 99 0 357434 0 289531
1786157474.268208 3284084 323913 298033 99 0 357434 0 289531
1786157475.268220 3288181 323918 298033 99 0 361530 0 289531
1786157476.268223 3288181 323918 298033 99 0 361530 0 289531
1786157477.268202 3288181 323918 298033 99 0 361530 0 289531
1786157478.268082 3288181 323918 298033 99 0 361530 0 289531
1786157479.268085 3288181 323918 298033 99 0 361530 0 289531
1786157480.268033 3288181 323918 298033 99 0 361530 0 289531
1786157481.268006 3288181 323918 298033 99 0 361530 0 289531
1786157482.268207 3288181 323918 298033 99 0 361530 0 289531
1786157483.268226 3288181 323918 298033 99 0 361530 0 289531
1786157484.268165 3288181 323918 298033 99 0 361530 0 289531
1786157485.268153 3288181 323918 298033 99 0 361530 0 289531
1786157486.268216 3288181 323918 298033 99 0 361530 0 289531
1786157487.268051 3288181 323918 298033 99 0 361530 0 289531
1786157488.268075 3288181 323918 298033 99 0 361530 0 289531
1786157489.268272 3288181 323918 298033 99 0 361530 0 289531
1786157490.268289 3288181 323918 298033 99 0 361530 0 289531
1786157491.268159 3288181 323918 298033 99 0 361530 0 289531
1786157492.268169 3288181 323918 298033 99 0 361530 0 289531
1786157493.268074 3288181 323918 298033 99 0 361530 0 289531
1786157494.268135 3288181 323918 298033 99 0 361530 0 289531
1786157495.268117 3288181 323918 298033 99 0 361530 0 289531
1786157496.268064 3288181 323918 298033 99 0 361530 0 289531
1786157497.268225 3288181 323918 298033 99 0 361530 0 289531
1786157498.268029 3288181 323918 298033 99 0 361530 0 289531
1786157499.268156 3288181 323918 298033 99 0 361530 0 289531
1786157500.268200 3288181 323918 298033 99 0 361530 0 289531
1786157501.268160 3288181 323918 298033 99 0 361530 0 289531
1786157502.268113 3288181 323918 298033 99 0 361530 0 289531
1786157503.268047 3288181 323918 298033 99 0 361530 0 289531
1786157504.267899 3288181 323918 298033 99 0 361530 0 289531
1786157505.268040 3288181 323918 298033 99 0 361530 0 289531
1786157506.268328 3288181 323918 298033 99 0 361530 0 289531
1786157507.268303 3288181 323918 298033 99 0 361530 0 289531
1786157508.268002 3288181 323918 298033 99 0 361530 0 289531
1786157509.268159 3288181 323918 298033 99 0 361530 0 289531
1786157510.267955 3288181 323918 298033 99 0 361530 0 289531
1786157511.268052 3288181 323918 298033 99 0 361530 0 289531
1786157512.268003 3288181 323918 298033 99 0 361530 0 289531
1786157513.268157 3288181 323918 298033 99 0 361530 0 289531
1786157514.267959 3288181 323918 298033 99 0 361530 0 289531
1786157515.268098 3288181 323918 298033 99 0 361530 0 289531
1786157516.268229 3288181 323918 298033 99 0 361530 0 289531
1786157517.268258 3288181 323918 298033 99 0 361530 0 289531
1786157518.267962 3288181 323918 298033 99 0 361530 0 289531
1786157519.268092 3288181 323918 298033 99 0 361530 0 289531
1786157520.268148 3288181 323918 298033 99 0 361530 0 289531
1786157521.268153 3288181 323918 298033 99 0 361530 0 289531
1786157522.268162 3288181 323918 298033 99 0 361530 0 289531
1786157523.268015 3288181 323918 298033 99 0 361530 0 289531
1786157524.268190 3288181 323918 298033 99 0 361530 0 289531
1786157525.268093 3288181 323918 298033 99 0 361530 0 289531
1786157526.268240 3288181 323918 298033 99 0 361530 0 289531
1786157527.268144 3288181 323918 298033 99 0 361530 0 289531
1786157528.268122 3288181 323918 298033 99 0 361530 0 289531
1786157529.267983 3288181 324342 298033 99 0 361530 0 289531
1786157530.268200 3288181 324342 298033 99 0 361530 0 289531
1786157531.268350 3288181 324342 298033 99 0 361530 0 289531
1786157532.267953 3288181 324342 298033 99 0 361530 0 289531
1786157533.268225 3288181 324342 298033 99 0 361530 0 289531
1786157534.268015 3288181 324342 298033 99 0 361530 0 289531
1786157535.268252 3288181 324342 298033 99 0 361530 0 289531
1786157536.268059 3288181 324342 298033 99 0 361530 0 289531
1786157537.268252 3288181 324342 298033 99 0 361530 0 289531
1786157538.268133 3288181 324342 298033 99 0 361530 0 289531
1786157539.268249 3288181 324405 298033 99 0 361530 0 289531
1786157540.268254 3288181 324405 298033 99 0 361530 0 289531
1786157541.268061 3288181 324405 298033 99 0 361530 0 289531
1786157542.268222 3288181 324405 298033 99 0 361530 0 289531
1786157543.267965 3288181 324405 298033 99 0 361530 0 289531
1786157544.268106 3288181 324405 298033 99 0 361530 0 289531
1786157545.268124 3288181 324405 298033 99 0 361530 0 289531
1786157546.268090 3288181 324405 298033 99 0 361530 0 289531
1786157547.267963 3288181 324405 298033 99 0 361530 0 289531
1786157548.267971 3288181 324405 298033 99 0 361530 0 289531
1786157549.268245 3288181 324400 298033 99 0 361530 0 289531
1786157550.268223 3288181 324400 298033 99 0 361530 0 289531
