# start_epoch=1786157011.638298  page_size=4096  cachestat=ok  fields=size,resident,shared,text,lib,data,dt,pagecache
1786157012.638548 262500 28246 8259 99 0 248506 0 1
1786157013.638506 262500 28246 8259 99 0 248506 0 1
1786157014.645227 2932278 74319 54200 99 0 258106 0 73820
1786157015.643731 2955835 94631 74503 99 0 258106 0 92411
1786157016.645728 3002529 78337 58191 99 0 258106 0 122036
1786157017.648324 3038741 110154 90008 99 0 258106 0 161573
1786157018.650226 3075394 157967 137816 99 0 258106 0 210593
1786157019.654366 3121033 140259 120152 99 0 258106 0 233877
1786157020.653805 3157686 197578 177471 99 0 258106 0 272783
1786157021.656284 3186012 179779 159749 99 0 258106 0 300968
1786157022.656286 3165189 161900 141867 99 0 258106 0 315877
1786157023.655947 3201842 214375 194340 99 0 258106 0 320701
1786157024.659662 3205804 151217 131316 99 0 258106 0 356451
1786157025.660327 3219968 180343 160442 99 0 258106 0 367484
1786157026.658853 3226419 149810 129898 99 0 258106 0 367870
1786157027.659901 3263072 180831 160949 99 0 258106 0 383062
1786157028.661932 3238345 142013 122171 99 0 258106 0 382199
1786157029.668068 3300529 209201 189359 99 0 258106 0 443011
1786157030.661772 3289264 156097 136236 99 0 258106 0 413093
1786157031.662170 3298580 127209 107350 99 0 258106 0 421606
1786157032.666546 3365768 253347 233488 99 0 258106 0 500195
1786157033.665219 3367298 189990 170119 99 0 258106 0 479209
1786157034.660299 3367298 216037 196161 99 0 258106 0 482669
1786157035.672527 3391798 165775 145911 99 0 258106 0 523384
1786157036.672963 3455209 239295 219431 99 0 258106 0 575814
1786157037.675479 3514846 308729 288654 99 0 258106 0 625159
1786157038.679292 3419129 189077 168544 99 0 258746 0 551593
1786157039.679999 3459380 220545 199255 99 0 280122 0 580815
1786157040.671787 3485909 253875 232603 99 0 280122 0 599797
1786157041.670976 3435501 144287 123036 99 0 280122 0 542199
1786157042.673343 3474450 212739 191526 99 0 280122 0 577234
1786157043.705915 3512701 198341 177113 99 0 280122 0 617945
1786157044.681616 3521239 216433 195203 99 0 280122 0 624191
1786157045.672537 3532190 264989 242708 99 0 281658 0 643547
1786157046.685088 3662028 334013 311370 99 0 281658 0 785849
1786157047.678618 3557462 217813 195135 99 0 281658 0 675978
1786157048.675532 3602072 283079 260417 99 0 281658 0 698473
1786157049.688690 3580218 233859 209864 99 0 283194 0 665765
1786157050.679803 3588705 265723 239236 99 0 285754 0 693657
1786157051.681926 3622546 314725 290283 99 0 285754 0 733565
1786157052.680534 3550271 140792 116363 99 0 285754 0 649756
1786157053.678385 3574717 174292 149863 99 0 285754 0 672835
1786157054.718874 3639154 228864 204592 99 0 285754 0 694304
1786157055.695420 3646841 287699 263407 99 0 285754 0 743297
1786157056.683901 3652032 197710 175732 99 0 285754 0 732786
1786157057.684355 3681680 238596 215661 99 0 285754 0 775419
1786157058.694993 3650301 219895 196593 99 0 285754 0 750565
1786157059.695846 3650385 268440 244508 99 0 285754 0 767850
1786157060.694897 3650385 300347 275789 99 0 285754 0 759375
1786157061.708082 3788450 290792 266253 99 0 285754 0 904065
1786157062.693810 3877055 397539 372972 99 0 285754 0 989121
1786157063.688695 3715740 244070 220957 99 0 285754 0 843067
1786157064.699774 3739034 245939 222254 99 0 287546 0 831038
1786157065.697889 3725070 275717 253114 99 0 287546 0 829622
1786157066.700739 3725070 326169 302450 99 0 287546 0 839904
1786157067.695706 3826400 268637 244977 99 0 287546 0 963270
1786157068.701525 3919454 377290 353027 99 0 287546 0 1048879
1786157069.689084 3723461 194907 170816 99 0 287546 0 845548
1786157070.690326 3762720 257953 233862 99 0 287546 0 875629
1786157071.686580 3764551 213240 190862 99 0 287546 0 854813
1786157072.711817 3794954 266558 242406 99 0 287546 0 912282
1786157073.710749 3808819 316293 292139 99 0 287546 0 930236
1786157074.685985 3674606 66298 42145 99 0 287546 0 799004
1786157075.689129 3774545 166281 142125 99 0 287546 0 850085
1786157076.691008 3770733 193474 169378 99 0 287546 0 888189
1786157077.736713 3767757 159918 135615 99 0 287546 0 875443
1786157078.707596 3824924 240150 214465 99 0 287546 0 924074
1786157079.693666 3843681 280196 253502 99 0 287546 0 933672
1786157080.690755 3864047 205151 178469 99 0 287546 0 916723
1786157081.695024 3811959 195885 169203 99 0 287546 0 934814
1786157082.695905 3846230 293479 266796 99 0 287546 0 963550
1786157083.696662 3912607 300203 273490 99 0 287546 0 1019339
1786157084.695383 3926668 348672 321959 99 0 287546 0 1039275
1786157085.693246 3792856 105076 80627 99 0 287546 0 920329
1786157086.697922 3877158 213138 188688 99 0 287546 0 996593
1786157087.699742 3906994 259242 235505 99 0 287546 0 1015839
1786157088.707607 3884137 220911 196004 99 0 287546 0 996549
1786157089.715288 3915435 276903 251634 99 0 287546 0 1018962
1786157090.707400 3978336 265424 240162 99 0 287546 0 1113261
1786157091.697340 3882336 177971 153824 99 0 287546 0 992632
1786157092.699652 3922154 246984 222837 99 0 287546 0 1029843
1786157093.711311 3938546 226319 202161 99 0 287546 0 1028068
1786157094.696239 3955656 268570 244410 99 0 287546 0 1061718
1786157095.697372 3927078 170549 146399 99 0 287546 0 993874
1786157096.699612 3962036 227942 203791 99 0 287546 0 1068144
1786157097.708948 3999670 256649 233912 99 0 287546 0 1095991
1786157098.720614 3982780 221265 197885 99 0 287546 0 1083572
1786157099.723443 4001311 266872 244046 99 0 287546 0 1116788
1786157100.702188 4022176 315853 292198 99 0 287546 0 1133281
1786157101.697626 3942977 128791 105086 99 0 287546 0 1050198
1786157102.703323 3984010 168989 146683 99 0 287546 0 1094997
1786157103.697919 4020119 237624 215318 99 0 287546 0 1093003
1786157104.717915 4068393 261329 236691 99 0 287546 0 1174755
1786157105.702147 4037762 261132 236480 99 0 287546 0 1135585
1786157106.723690 4051801 298806 274124 99 0 287546 0 1161867
1786157107.710814 4071784 340117 317335 99 0 287546 0 1186819
1786157108.717586 4211941 350739 326862 99 0 287546 0 1319134
1786157109.705811 4026068 181065 158565 99 0 287546 0 1126360
1786157110.708142 4063918 251224 228733 99 0 287546 0 1167769
1786157111.707377 4095784 262747 240251 99 0 287546 0 1191038
1786157112.713123 4069705 227691 205116 99 0 287546 0 1175727
1786157113.717241 4089327 273625 251048 99 0 287546 0 1207564
1786157114.707458 4109130 318404 296314 99 0 287546 0 1230706
1786157115.704314 4023492 120995 97809 99 0 287546 0 1114039
1786157116.703682 4030576 166418 145498 99 0 287546 0 1108071
1786157117.704288 4040381 154005 133084 99 0 287546 0 1112357
1786157118.702704 4005553 137737 112060 99 0 287546 0 1092082
1786157119.704968 4045945 202195 178823 99 0 287546 0 1143762
1786157120.702819 3977094 139928 114252 99 0 287546 0 1079588
1786157121.704048 4019482 277947 252271 99 0 287546 0 1106662
1786157122.711336 4129612 449196 423519 99 0 287546 0 1226761
1786157123.699169 3960098 97128 73713 99 0 287546 0 1042506
1786157124.699582 3941803 182652 158751 99 0 287546 0 1028662
1786157125.707266 4059340 270557 246834 99 0 287546 0 1150840
1786157126.699076 3914707 109010 83463 99 0 287546 0 1019515
1786157127.701547 3956113 181015 156256 99 0 287546 0 1058329
1786157128.701491 3971398 233322 208480 99 0 287546 0 1063997
1786157129.701516 3971398 298601 273723 99 0 287546 0 1069918
1786157130.706154 4038760 368061 343358 99 0 287546 0 1148044
1786157131.708068 4070296 439649 414819 99 0 287546 0 1175119
1786157132.707259 4070296 511539 486946 99 0 287546 0 1175544
1786157133.692750 3824716 87741 63143 99 0 287546 0 911719
1786157134.692094 3853244 141847 117411 99 0 287546 0 904347
1786157135.693323 3845815 160952 138955 99 0 287546 0 934751
1786157136.692976 3844623 176236 150951 99 0 287546 0 929868
1786157137.696434 3880107 249096 223809 99 0 287546 0 987443
1786157138.696151 3880107 311640 286733 99 0 287546 0 998900
1786157139.698156 3935670 398553 373640 99 0 287546 0 1041545
1786157140.700304 3951592 453721 428811 99 0 287546 0 1060737
1786157141.702244 3986209 312192 288340 99 0 287546 0 1076515
1786157142.689561 3773281 104052 79033 99 0 287546 0 874440
1786157143.691204 3807479 168300 143245 99 0 287546 0 899643
1786157144.690985 3807479 233652 208635 99 0 287546 0 900300
1786157145.680001 3833541 257031 234089 99 0 287546 0 924746
1786157146.680084 3833541 288359 265417 99 0 287546 0 933499
1786157147.680856 3847575 330281 307339 99 0 287546 0 939354
1786157148.679725 3833541 346457 323481 99 0 287546 0 913591
1786157149.679973 3833541 378793 355737 99 0 287546 0 919525
1786157150.680363 3833541 411321 388254 99 0 287546 0 925638
1786157151.683136 3835776 444677 422575 99 0 287546 0 929055
1786157152.686366 4003353 337266 316387 99 0 287546 0 1064150
1786157153.676064 3707200 79534 53114 99 0 294202 0 830171
1786157154.734679 3813504 139291 104288 99 0 344890 0 836652
1786157155.674439 3757893 103137 75642 99 0 344890 0 796789
1786157156.675796 3757893 145896 107834 99 0 344890 0 832126
1786157157.676102 3757893 143726 107834 99 0 344890 0 838039
1786157158.731300 3778490 164074 132207 99 0 344890 0 799014
1786157159.669848 3663245 53241 25682 99 0 344890 0 696211
1786157160.671579 3665037 101304 62290 99 0 346682 0 737482
1786157161.671756 3669645 100307 62290 99 0 351290 0 743431
1786157162.671486 3669645 133463 99522 99 0 351290 0 732490
1786157163.681304 3725896 185292 146016 99 0 351930 0 741291
1786157164.670223 3670285 151018 121378 99 0 351930 0 698303
1786157165.686963 3690882 176834 145384 99 0 351930 0 707871
1786157166.670026 3575708 78196 45649 99 0 351930 0 626685
1786157167.677101 3631319 121097 79935 99 0 351930 0 644604
1786157168.665245 3575708 99330 65521 99 0 351930 0 589900
1786157169.667320 3575708 147131 110913 99 0 351930 0 642911
1786157170.667604 3575708 152745 110913 99 0 351930 0 648792
1786157171.665806 3575708 166325 128337 99 0 351930 0 607899
1786157172.666410 3581621 166454 133417 99 0 351930 0 613812
1786157173.663391 3481169 98455 61206 99 0 351930 0 551297
1786157174.670531 3536780 157794 120329 99 0 351930 0 554118
1786157175.662099 3481169 117588 85462 99 0 351930 0 520328
1786157176.666347 3481169 158069 112454 99 0 351930 0 548377
1786157177.663506 3549573 180972 151494 99 0 351930 0 553628
1786157178.699793 3501766 171196 137567 99 0 351930 0 515589
1786157179.657135 3386347 59422 29440 99 0 351930 0 411272
1786157180.658931 3386347 109877 66912 99 0 351930 0 453559
1786157181.661026 3386347 105674 66912 99 0 351930 0 459407
1786157182.658861 3386347 137681 103392 99 0 351930 0 447696
1786157183.665601 3441958 189949 150628 99 0 351930 0 457469
1786157184.657204 3386347 157881 125680 99 0 351930 0 414129
1786157185.672020 3406944 184613 149982 99 0 351930 0 423994
1786157186.654115 3291722 83978 50335 99 0 351930 0 343150
1786157187.664296 3347333 126836 87763 99 0 351930 0 361085
1786157188.652540 3291722 102792 73215 99 0 351930 0 310323
1786157189.657884 3291722 154244 115503 99 0 351930 0 358942
1786157190.655031 3291722 153150 115503 99 0 351930 0 364795
1786157191.677200 3305125 163532 130819 99 0 351930 0 318349
1786157192.649154 3202820 69484 37481 99 0 351930 0 234857
1786157193.650829 3202820 114909 69913 99 0 351930 0 270044
1786157194.651030 3202820 111730 69913 99 0 351930 0 276085
1786157195.650719 3202820 147333 109961 99 0 351930 0 269300
1786157196.668033 3258431 205083 163532 99 0 351930 0 275101
1786157197.648821 3202820 162527 126809 99 0 351930 0 226051
1786157198.657201 3119145 59686 28638 99 0 351930 0 131270
1786157199.644340 3119264 73299 42740 99 0 356026 0 126787
1786157200.644571 3119264 102019 71460 99 0 356026 0 126787
1786157201.644345 3119264 127875 97316 99 0 356026 0 126787
1786157202.644475 3119264 155795 125236 99 0 356026 0 126787
1786157203.644808 3119264 161827 131268 99 0 356026 0 126787
1786157204.644540 3119264 161827 131268 99 0 356026 0 126787
1786157205.644649 3123361 161761 131268 99 0 360122 0 126787
1786157206.644544 3123361 161761 131268 99 0 360122 0 126787
1786157207.644769 3123361 161761 131268 99 0 360122 0 126787
1786157208.644465 3123361 161761 131268 99 0 360122 0 126787
1786157209.644456 3123361 161762 131268 99 0 360122 0 126787
1786157210.644675 3123361 161762 131268 99 0 360122 0 126787
1786157211.644468 3127458 161768 131268 99 0 364218 0 126787
1786157212.644795 3127458 161768 131268 99 0 364218 0 126787
1786157213.644521 3127458 161768 131268 99 0 364218 0 126787
1786157214.644482 3127458 161768 131268 99 0 364218 0 126787
1786157215.644489 3127458 161769 131268 99 0 364218 0 126787
1786157216.644564 3127458 161769 131268 99 0 364218 0 126787
1786157217.644527 3131555 161774 131268 99 0 368314 0 126787
1786157218.644445 3131555 161774 131268 99 0 368314 0 126787
1786157219.644301 3131555 161774 131268 99 0 368314 0 126787
1786157220.644679 3131555 161774 131268 99 0 368314 0 126787
1786157221.644547 3131555 161774 131268 99 0 368314 0 126787
1786157222.644516 3131555 161774 131268 99 0 368314 0 126787
1786157223.644411 3131555 161774 131268 99 0 368314 0 126787
1786157224.644502 3131555 161774 131268 99 0 368314 0 126787
1786157225.644462 3131555 161774 131268 99 0 368314 0 126787
1786157226.644464 3131555 161774 131268 99 0 368314 0 126787
1786157227.644312 3131555 161774 131268 99 0 368314 0 126787
1786157228.644396 3131555 161774 131268 99 0 368314 0 126787
1786157229.644374 3131555 161774 131268 99 0 368314 0 126787
1786157230.644644 3131555 161774 131268 99 0 368314 0 126787
1786157231.644318 3131555 161774 131268 99 0 368314 0 126787
1786157232.644486 3131555 161774 131268 99 0 368314 0 126787
1786157233.644530 3131555 161774 131268 99 0 368314 0 126787
1786157234.644437 3131555 161774 131268 99 0 368314 0 126787
1786157235.644409 3131555 161774 131268 99 0 368314 0 126787
1786157236.644391 3131555 161774 131268 99 0 368314 0 126787
1786157237.644488 3131555 161774 131268 99 0 368314 0 126787
1786157238.644534 3131555 161774 131268 99 0 368314 0 126787
1786157239.644274 3131555 161774 131268 99 0 368314 0 126787
1786157240.644595 3131555 161774 131268 99 0 368314 0 126787
1786157241.644381 3131555 161774 131268 99 0 368314 0 126787
1786157242.644418 3131555 161774 131268 99 0 368314 0 126787
1786157243.644409 3131555 161774 131268 99 0 368314 0 126787
1786157244.644432 3131555 161774 131268 99 0 368314 0 126787
1786157245.644613 3131555 161774 131268 99 0 368314 0 126787
1786157246.644566 3131555 161774 131268 99 0 368314 0 126787
1786157247.644529 3131555 161774 131268 99 0 368314 0 126787
1786157248.644500 3131555 161774 131268 99 0 368314 0 126787
1786157249.644463 3131555 161774 131268 99 0 368314 0 126787
1786157250.644374 3131555 161774 131268 99 0 368314 0 126787
1786157251.644592 3131555 161774 131268 99 0 368314 0 126787
1786157252.644298 3131555 162246 131268 99 0 368314 0 126787
1786157253.644425 3131555 162246 131268 99 0 368314 0 126787
1786157254.644670 3131555 162246 131268 99 0 368314 0 126787
1786157255.644586 3131555 162246 131268 99 0 368314 0 126787
1786157256.644489 3131555 162246 131268 99 0 368314 0 126787
1786157257.644484 3131555 162246 131268 99 0 368314 0 126787
1786157258.644452 3131555 162246 131268 99 0 368314 0 126787
1786157259.644600 3131555 162246 131268 99 0 368314 0 126787
1786157260.644427 3131555 162246 131268 99 0 368314 0 126787
1786157261.644382 3131555 162246 131268 99 0 368314 0 126787
1786157262.644567 3131555 162479 131268 99 0 368314 0 126787
1786157263.644584 3131555 162479 131268 99 0 368314 0 126787
1786157264.644525 3131555 162479 131268 99 0 368314 0 126787
1786157265.644493 3131555 162479 131268 99 0 368314 0 126787
1786157266.644459 3131555 162479 131268 99 0 368314 0 126787
1786157267.644489 3131555 162479 131268 99 0 368314 0 126787
1786157268.644285 3131555 162479 131268 99 0 368314 0 126787
1786157269.644414 3131555 162479 131268 99 0 368314 0 126787
1786157270.644298 3131555 162479 131268 99 0 368314 0 126787
1786157271.644548 3131555 162479 131268 99 0 368314 0 126787
1786157272.644704 3131555 162512 131268 99 0 368314 0 126787
1786157273.644475 3131555 162506 131268 99 0 368314 0 126787
