# start_epoch=1786712094.135156  page_size=4096  cachestat=ok  fields=size,resident,shared,text,lib,data,dt,pagecache
1786712095.135427 262499 28500 8513 99 0 248506 0 1
1786712096.135392 262499 28500 8513 99 0 248506 0 1
1786712097.139375 2932277 72618 52498 99 0 258106 0 64834
1786712098.141908 2955832 94575 74445 99 0 258106 0 108084
1786712099.142560 3002431 69786 49694 99 0 258106 0 115150
1786712100.155751 3054690 125214 105122 99 0 258106 0 161323
1786712101.149641 3075142 145727 125633 99 0 258106 0 196418
1786712102.150086 3104296 169828 149772 99 0 258106 0 235262
1786712103.154254 3120871 169637 149603 99 0 258106 0 252814
1786712104.153858 3149977 162686 142690 99 0 258106 0 295364
1786712105.152180 3164777 157589 137546 99 0 258106 0 296488
1786712106.155454 3232176 164123 144288 99 0 258106 0 323718
1786712107.158142 3232371 199148 179313 99 0 258106 0 364362
1786712108.156087 3244887 194322 174475 99 0 258106 0 354872
1786712109.153538 3244887 203969 184127 99 0 258106 0 360361
1786712110.160080 3222711 128627 108806 99 0 258106 0 362175
1786712111.158897 3234974 132148 112327 99 0 258106 0 372579
1786712112.159826 3269106 154781 135100 99 0 258106 0 408557
1786712113.159548 3305759 191904 172216 99 0 258106 0 423831
1786712114.165706 3283452 99131 79480 99 0 258106 0 415504
1786712115.164517 3333138 192498 172527 99 0 258106 0 464744
1786712116.162051 3329795 150082 130136 99 0 258106 0 468959
1786712117.163435 3366448 203790 183844 99 0 258106 0 480411
1786712118.166034 3324597 111111 91249 99 0 258106 0 461687
1786712119.169300 3426710 202431 182608 99 0 258106 0 538512
1786712120.170875 3461826 240970 221147 99 0 258106 0 573951
1786712121.177060 3424447 192777 171552 99 0 258746 0 563161
1786712122.180119 3465722 230633 207607 99 0 281146 0 584258
1786712123.187081 3483627 275629 252601 99 0 281146 0 613979
1786712124.168466 3430121 121194 98865 99 0 281146 0 523039
1786712125.174113 3486516 204877 182555 99 0 281146 0 589418
1786712126.173428 3473647 190147 167785 99 0 281146 0 600187
1786712127.188716 3540560 285505 261599 99 0 282682 0 667926
1786712128.182441 3511555 240584 215123 99 0 284218 0 609513
1786712129.175913 3561843 293150 269020 99 0 284218 0 647512
1786712130.174760 3489507 153019 128935 99 0 284218 0 604560
1786712131.174134 3543497 224943 200885 99 0 284218 0 634756
1786712132.180807 3581428 249958 224356 99 0 285754 0 679582
1786712133.191471 3574991 267235 241618 99 0 285754 0 702942
1786712134.181897 3646935 252996 227393 99 0 285754 0 767404
1786712135.188574 3760347 383220 357597 99 0 285754 0 850669
1786712136.179565 3615871 252913 226648 99 0 285754 0 706901
1786712137.196538 3623186 244831 220042 99 0 285754 0 720686
1786712138.195660 3615597 266580 243877 99 0 285754 0 731305
1786712139.199984 3642917 333516 309169 99 0 285754 0 772871
1786712140.179271 3510677 66701 42386 99 0 285754 0 640622
1786712141.178685 3564248 146305 122021 99 0 285754 0 689539
1786712142.180794 3606106 183840 159556 99 0 285754 0 720298
1786712143.233447 3641624 224213 201005 99 0 285754 0 765851
1786712144.188508 3678839 263349 239018 99 0 285754 0 773948
1786712145.184565 3678839 300893 276599 99 0 285754 0 786587
1786712146.182608 3644519 176452 152520 99 0 285754 0 747947
1786712147.184397 3695633 219590 195491 99 0 285754 0 786107
1786712148.209875 3672817 203237 177132 99 0 285754 0 767850
1786712149.182810 3723796 266669 240570 99 0 285754 0 835675
1786712150.192770 3789611 283175 258973 99 0 285754 0 904291
1786712151.195017 3853400 306718 282513 99 0 285754 0 940028
1786712152.188330 3737796 218093 193888 99 0 285754 0 837872
1786712153.202821 3783773 261443 235407 99 0 285754 0 880518
1786712154.203665 3783773 311728 285687 99 0 285754 0 906907
1786712155.189696 3801091 308444 283536 99 0 285754 0 910232
1786712156.196591 3923376 367546 343245 99 0 285754 0 978831
1786712157.187456 3787590 228100 203799 99 0 285754 0 844753
1786712158.256842 3752611 178372 154053 99 0 285754 0 885970
1786712159.203628 3808013 258611 234283 99 0 285754 0 909503
1786712160.193740 3816880 298789 274466 99 0 285754 0 929213
1786712161.202887 3958735 377765 353451 99 0 285754 0 1026646
1786712162.196716 3752086 160035 137774 99 0 285754 0 878703
1786712163.194724 3823258 257614 235352 99 0 285754 0 946281
1786712164.194040 3841085 220210 197083 99 0 285754 0 944782
1786712165.210826 3861768 268356 246297 99 0 285754 0 974027
1786712166.194044 3876286 313383 289054 99 0 285754 0 999324
1786712167.201159 3981502 329931 306475 99 0 285754 0 1086329
1786712168.196089 3842956 192348 168919 99 0 285754 0 958355
1786712169.198220 3878080 242544 219111 99 0 285754 0 990944
1786712170.207074 3894409 229364 203680 99 0 285754 0 994697
1786712171.217481 3915635 281322 254230 99 0 287546 0 1019149
1786712172.204435 3974787 278894 254775 99 0 287546 0 1087307
1786712173.194180 3881459 204536 179688 99 0 287546 0 982868
1786712174.206514 3921799 217637 192785 99 0 287546 0 1032642
1786712175.197329 3992609 272336 246621 99 0 287546 0 1058213
1786712176.200115 3933161 252261 226540 99 0 287546 0 1033896
1786712177.216344 3949316 291088 265363 99 0 287546 0 1058473
1786712178.215591 4027994 271925 247858 99 0 287546 0 1143935
1786712179.200247 3931073 185176 161109 99 0 287546 0 1022689
1786712180.201306 3935033 191816 169564 99 0 287546 0 1040842
1786712181.284164 3976001 219735 195695 99 0 287546 0 1106678
1786712182.222285 3989393 250660 226607 99 0 287546 0 1114058
1786712183.204288 4020305 311263 287907 99 0 287546 0 1107154
1786712184.206430 4002494 200971 177604 99 0 287546 0 1051747
1786712185.206050 3967500 200305 178073 99 0 287546 0 1094676
1786712186.206065 4001446 239381 214690 99 0 287546 0 1108568
1786712187.220031 4036405 264932 240214 99 0 287546 0 1110560
1786712188.234169 4013340 273320 249337 99 0 287546 0 1119382
1786712189.221972 4095395 287602 263644 99 0 287546 0 1212443
1786712190.206995 4033572 229792 206306 99 0 287546 0 1129056
1786712191.208982 4056696 225908 202422 99 0 287546 0 1144818
1786712192.228567 4111479 285194 259238 99 0 287546 0 1167541
1786712193.207959 4051034 245164 219198 99 0 287546 0 1145679
1786712194.228779 4105115 314756 288787 99 0 287546 0 1169043
1786712195.204645 4079009 189308 163372 99 0 287546 0 1086536
1786712196.204946 4053338 167522 141585 99 0 287546 0 1145626
1786712197.208965 4088770 231401 205499 99 0 287546 0 1174163
1786712198.209570 4092166 226522 200619 99 0 287546 0 1168761
1786712199.206518 4064063 205276 179347 99 0 291642 0 1160414
1786712200.223757 4098703 259510 234254 99 0 291642 0 1188153
1786712201.205583 4004576 82949 58832 99 0 291642 0 1093341
1786712202.207746 4058391 244591 220474 99 0 291642 0 1149151
1786712203.214658 4149115 409240 385122 99 0 291642 0 1249640
1786712204.201482 3992354 80200 57189 99 0 291642 0 1050448
1786712205.203265 3983870 168450 143629 99 0 291642 0 1078402
1786712206.205108 4016984 287280 262456 99 0 291642 0 1105231
1786712207.202035 3968469 93920 67717 99 0 291642 0 1058331
1786712208.201819 4013119 150827 125321 99 0 291642 0 1066776
1786712209.201832 3982607 206015 180590 99 0 291642 0 1078054
1786712210.202379 4009586 267253 242675 99 0 291642 0 1108574
1786712211.205444 4035635 346269 320738 99 0 291642 0 1125907
1786712212.208252 4088011 419078 392867 99 0 291642 0 1157806
1786712213.208503 4130533 502491 476281 99 0 291642 0 1178423
1786712214.208671 4080346 327097 300884 99 0 291642 0 1189707
1786712215.196478 3869529 115402 89189 99 0 291642 0 968306
1786712216.199168 3891533 168486 143399 99 0 291642 0 982027
1786712217.186928 3893768 244179 217976 99 0 291642 0 994386
1786712218.200545 3939269 310307 284257 99 0 291642 0 1042855
1786712219.201212 3974801 387827 364023 99 0 291642 0 1082517
1786712220.202233 3991397 445613 421606 99 0 291642 0 1094802
1786712221.188960 3809056 85841 60025 99 0 291642 0 879505
1786712222.188802 3760663 122530 96997 99 0 291642 0 853278
1786712223.191285 3809391 140175 113345 99 0 291642 0 893730
1786712224.193717 3826826 217914 190997 99 0 291642 0 920576
1786712225.195226 3853645 286131 260232 99 0 291642 0 955869
1786712226.185030 3859281 297204 271753 99 0 291642 0 947747
1786712227.181558 3873245 340027 314533 99 0 291642 0 947758
1786712228.180712 3859281 358252 332756 99 0 291642 0 935464
1786712229.183466 3949187 284420 258459 99 0 291642 0 978059
1786712230.177163 3717424 90175 59000 99 0 304442 0 837911
1786712231.193396 3813487 144569 107827 99 0 344890 0 837101
1786712232.174228 3757876 108728 78712 99 0 344890 0 800687
1786712233.175686 3758516 149418 108136 99 0 345530 0 832106
1786712234.178654 3758516 146281 108136 99 0 345530 0 838197
1786712235.235670 3779113 165520 131517 99 0 345530 0 798751
1786712236.168861 3664125 52699 22225 99 0 345530 0 691684
1786712237.171062 3666557 101720 62577 99 0 347962 0 737719
1786712238.171366 3668605 102264 62577 99 0 350010 0 743633
1786712239.171030 3668605 136011 100529 99 0 350010 0 734068
1786712240.194227 3724216 181923 144580 99 0 350010 0 741459
1786712241.169222 3671165 153182 121393 99 0 352570 0 698493
1786712242.182818 3691762 178372 143934 99 0 352570 0 707594
1786712243.170262 3576469 79930 45385 99 0 352570 0 626213
1786712244.181517 3632080 120586 78021 99 0 352570 0 644616
1786712245.164035 3576469 99693 64681 99 0 352570 0 588627
1786712246.166565 3576469 154942 111225 99 0 352570 0 643030
1786712247.166995 3576469 154673 111225 99 0 352570 0 648918
1786712248.164883 3576469 169646 128649 99 0 352570 0 608017
1786712249.165219 3605760 178200 142821 99 0 352570 0 613917
1786712250.163933 3489466 106972 73214 99 0 352570 0 548490
1786712251.162291 3481925 106087 65673 99 0 352570 0 554386
1786712252.160856 3481925 124260 89241 99 0 352570 0 525484
1786712253.176245 3537536 154960 116728 99 0 352570 0 549023
1786712254.193340 3542819 156774 126456 99 0 352570 0 548491
1786712255.159965 3497824 161104 130760 99 0 352570 0 507462
1786712256.157775 3395469 99293 67121 99 0 352570 0 462039
1786712257.158047 3395469 106294 67121 99 0 352570 0 467893
1786712258.156854 3395469 126389 92241 99 0 352570 0 440991
1786712259.164445 3451080 163293 121890 99 0 352570 0 462912
1786712260.155159 3395469 147958 114193 99 0 352570 0 406429
1786712261.177567 3416066 177889 141286 99 0 352570 0 429950
1786712262.151624 3300935 69374 36363 99 0 352570 0 332675
1786712263.153250 3300935 111704 68635 99 0 352570 0 367510
1786712264.153633 3300935 107164 68635 99 0 352570 0 373539
1786712265.153325 3300935 145521 110779 99 0 352570 0 369858
1786712266.164052 3356546 195516 157660 99 0 352570 0 372123
1786712267.151403 3300935 160828 130587 99 0 352570 0 332856
1786712268.158885 3320672 184201 151453 99 0 352570 0 337316
1786712269.148226 3207140 92083 58248 99 0 352570 0 266461
1786712270.157165 3262751 142336 99978 99 0 352570 0 276924
1786712271.148492 3207140 115745 80360 99 0 352570 0 232533
1786712272.148367 3207140 161174 117176 99 0 352570 0 273722
1786712273.149019 3207140 159615 117176 99 0 352570 0 279710
1786712274.164107 3223276 173698 135799 99 0 352570 0 236045
1786712275.151191 3120202 62164 30127 99 0 352570 0 132539
1786712276.141748 3120316 77340 45327 99 0 356666 0 127197
1786712277.141679 3120316 106796 74783 99 0 356666 0 127197
1786712278.141615 3120316 136284 104271 99 0 356666 0 127197
1786712279.141645 3120316 163932 131919 99 0 356666 0 127197
1786712280.141728 3120316 163932 131919 99 0 356666 0 127197
1786712281.141720 3120316 163932 131919 99 0 356666 0 127197
1786712282.141697 3124413 163936 131919 99 0 360762 0 127197
1786712283.141661 3124413 163936 131919 99 0 360762 0 127197
1786712284.141644 3124413 163936 131919 99 0 360762 0 127197
1786712285.141618 3124413 163936 131919 99 0 360762 0 127197
1786712286.141680 3124413 163936 131919 99 0 360762 0 127197
1786712287.141633 3128510 163895 131919 99 0 364858 0 127197
1786712288.141661 3128510 163895 131919 99 0 364858 0 127197
1786712289.141649 3128510 163895 131919 99 0 364858 0 127197
1786712290.141760 3128510 163895 131919 99 0 364858 0 127197
1786712291.141762 3128510 163896 131919 99 0 364858 0 127197
1786712292.141756 3128510 163896 131919 99 0 364858 0 127197
1786712293.141579 3132607 163892 131919 99 0 368954 0 127197
1786712294.141667 3132607 163892 131919 99 0 368954 0 127197
1786712295.141500 3132607 163892 131919 99 0 368954 0 127197
1786712296.141629 3132607 163892 131919 99 0 368954 0 127197
1786712297.141671 3132607 163892 131919 99 0 368954 0 127197
1786712298.141532 3132607 163892 131919 99 0 368954 0 127197
1786712299.141456 3132607 163892 131919 99 0 368954 0 127197
1786712300.141524 3132607 163892 131919 99 0 368954 0 127197
1786712301.141542 3132607 163892 131919 99 0 368954 0 127197
1786712302.141700 3132607 163892 131919 99 0 368954 0 127197
1786712303.141460 3132607 163892 131919 99 0 368954 0 127197
1786712304.141637 3132607 163892 131919 99 0 368954 0 127197
1786712305.141608 3132607 163892 131919 99 0 368954 0 127197
1786712306.141549 3132607 163892 131919 99 0 368954 0 127197
1786712307.141551 3132607 163892 131919 99 0 368954 0 127197
1786712308.141669 3132607 163892 131919 99 0 368954 0 127197
1786712309.142755 3132607 163892 131919 99 0 368954 0 127197
1786712310.142725 3132607 163892 131919 99 0 368954 0 127197
1786712311.142755 3132607 163892 131919 99 0 368954 0 127197
1786712312.142765 3132607 163892 131919 99 0 368954 0 127197
1786712313.142746 3132607 163892 131919 99 0 368954 0 127197
1786712314.142726 3132607 163892 131919 99 0 368954 0 127197
1786712315.142706 3132607 163892 131919 99 0 368954 0 127197
1786712316.142809 3132607 163892 131919 99 0 368954 0 127197
1786712317.142799 3132607 163892 131919 99 0 368954 0 127197
1786712318.142802 3132607 163892 131919 99 0 368954 0 127197
1786712319.142779 3132607 163892 131919 99 0 368954 0 127197
1786712320.142733 3132607 163892 131919 99 0 368954 0 127197
1786712321.142710 3132607 163892 131919 99 0 368954 0 127197
1786712322.142936 3132607 163892 131919 99 0 368954 0 127197
1786712323.142818 3132607 163892 131919 99 0 368954 0 127197
1786712324.142781 3132607 163892 131919 99 0 368954 0 127197
1786712325.142767 3132607 163892 131919 99 0 368954 0 127197
1786712326.142791 3132607 163892 131919 99 0 368954 0 127197
1786712327.142833 3132607 163892 131919 99 0 368954 0 127197
1786712328.142789 3132607 163892 131919 99 0 368954 0 127197
1786712329.142739 3132607 163892 131919 99 0 368954 0 127197
1786712330.142744 3132607 163892 131919 99 0 368954 0 127197
1786712331.142789 3132607 163892 131919 99 0 368954 0 127197
1786712332.142817 3132607 163892 131919 99 0 368954 0 127197
1786712333.142782 3132607 163892 131919 99 0 368954 0 127197
1786712334.142780 3132607 163892 131919 99 0 368954 0 127197
1786712335.142759 3132607 163892 131919 99 0 368954 0 127197
1786712336.142805 3132607 163892 131919 99 0 368954 0 127197
1786712337.142766 3132607 163892 131919 99 0 368954 0 127197
1786712338.142725 3132607 163892 131919 99 0 368954 0 127197
1786712339.142729 3132607 163892 131919 99 0 368954 0 127197
1786712340.142730 3132607 163892 131919 99 0 368954 0 127197
1786712341.142785 3132607 163892 131919 99 0 368954 0 127197
1786712342.142813 3132607 163892 131919 99 0 368954 0 127197
1786712343.142754 3132607 163892 131919 99 0 368954 0 127197
1786712344.142751 3132607 163892 131919 99 0 368954 0 127197
1786712345.142725 3132607 163892 131919 99 0 368954 0 127197
1786712346.142820 3132607 163892 131919 99 0 368954 0 127197
1786712347.142770 3132607 163892 131919 99 0 368954 0 127197
1786712348.142757 3132607 163892 131919 99 0 368954 0 127197
1786712349.142769 3132607 163892 131919 99 0 368954 0 127197
1786712350.142747 3132607 163892 131919 99 0 368954 0 127197
1786712351.142775 3132607 163892 131919 99 0 368954 0 127197
1786712352.142776 3132607 163892 131919 99 0 368954 0 127197
1786712353.142762 3132607 163892 131919 99 0 368954 0 127197
1786712354.142730 3132607 163892 131919 99 0 368954 0 127197
1786712355.142691 3132607 163892 131919 99 0 368954 0 127197
1786712356.142822 3132607 163892 131919 99 0 368954 0 127197
1786712357.141525 3132607 163886 131919 99 0 368954 0 127197
1786712358.141432 3132607 163886 131919 99 0 368954 0 127197
