# start_epoch=1786259941.485498  page_size=4096  cachestat=ok  fields=size,resident,shared,text,lib,data,dt,pagecache
1786259942.489913 466882 46526 3277 2101 0 462282 0 64455
1786259943.492024 467785 45429 3284 2101 0 463178 0 98734
1786259944.494201 467785 46161 3284 2101 0 463178 0 133269
1786259945.496379 467785 47161 3284 2101 0 463178 0 168311
1786259946.497127 468809 49103 3353 2101 0 464202 0 184878
1786259947.500153 468809 43783 3353 2101 0 464202 0 233433
1786259948.503053 468809 50441 3353 2101 0 464202 0 274286
1786259949.505328 470089 48984 3353 2101 0 465482 0 310289
1786259950.507554 470089 49267 3353 2101 0 465482 0 345146
1786259951.509831 470089 51851 3353 2101 0 465482 0 382307
1786259952.510984 470089 51451 3353 2101 0 465482 0 399404
1786259953.513717 471625 51811 3353 2101 0 467018 0 453309
1786259954.516511 471625 52554 3353 2101 0 467018 0 489446
1786259955.518854 471625 52764 3353 2101 0 467018 0 525583
1786259956.521130 471625 53112 3353 2101 0 467018 0 561464
1786259957.523768 473417 53351 3353 2101 0 468810 0 597352
1786259958.523945 473417 51930 3353 2101 0 468810 0 613931
1786259959.527716 473417 53660 3353 2101 0 468810 0 668604
1786259960.530099 473417 54591 3353 2101 0 468810 0 704997
1786259961.532301 473417 54591 3353 2101 0 468810 0 740366
1786259962.534697 475465 54929 3353 2101 0 470858 0 776760
1786259963.535719 475465 55351 3353 2101 0 470858 0 793857
1786259964.549821 475465 55516 3353 2101 0 470858 0 828460
1786259965.540653 475465 56042 3353 2101 0 470858 0 883133
1786259966.531788 480202 36594 3353 2101 0 475594 0 890365
1786259967.529428 480970 36919 3353 2101 0 476362 0 890366
1786259968.529341 480970 36927 3353 2101 0 476362 0 890367
1786259969.529327 480970 36721 3353 2101 0 476362 0 890367
1786259970.529388 480970 36914 3353 2101 0 476362 0 890368
1786259971.529522 480970 36914 3353 2101 0 476362 0 890368
1786259972.529304 480970 36914 3353 2101 0 476362 0 890369
1786259973.529909 480970 36474 3353 2101 0 476362 0 890370
1786259974.528491 482890 37492 3353 2101 0 478282 0 884325
1786259975.528471 482890 38143 3353 2101 0 478282 0 884325
1786259976.536136 482890 38143 3353 2101 0 478282 0 884326
1786259977.528252 482890 38143 3353 2101 0 478282 0 884327
1786259978.527570 482890 38668 3353 2101 0 478282 0 869646
1786259979.528381 482890 38668 3353 2101 0 478282 0 884328
1786259980.528384 482890 38669 3353 2101 0 478282 0 884329
1786259981.528340 482890 38669 3353 2101 0 478282 0 884330
1786259982.527036 484170 37687 3353 2101 0 479562 0 860288
1786259983.528090 485706 37836 3353 2101 0 481098 0 878315
1786259984.527950 485706 37517 3353 2101 0 481098 0 878316
1786259985.527963 485706 37519 3353 2101 0 481098 0 878317
1786259986.528025 485706 37519 3353 2101 0 481098 0 878317
1786259987.528090 485706 37519 3353 2101 0 481098 0 878318
1786259988.528021 485706 37519 3353 2101 0 481098 0 878318
1786259989.528042 485706 38047 3353 2101 0 481098 0 878319
1786259990.528090 485706 38338 3353 2101 0 481098 0 878320
1786259991.527677 487498 38820 3353 2101 0 482890 0 872304
1786259992.527785 489546 39332 3353 2101 0 484938 0 872305
1786259993.527585 489546 39108 3353 2101 0 484938 0 872305
1786259994.527562 489546 39108 3353 2101 0 484938 0 872306
1786259995.527981 489546 39108 3353 2101 0 484938 0 872307
1786259996.527281 489546 39108 3353 2101 0 484938 0 872307
1786259997.527789 489546 39108 3353 2101 0 484938 0 872308
1786259998.527553 489546 39108 3353 2101 0 484938 0 872309
1786259999.527304 489546 40949 3353 2101 0 484938 0 866292
1786260000.527255 492106 41461 3353 2101 0 487498 0 866293
1786260001.527152 492106 41461 3353 2101 0 487498 0 866294
1786260002.526282 543826 102142 3392 2101 0 539210 0 846210
1786260003.526581 635986 191570 3392 2101 0 631370 0 846210
1786260004.526169 712274 279315 3392 2101 0 707658 0 846210
1786260005.526124 823890 366408 3392 2101 0 819274 0 846210
1786260006.526168 893010 451843 3392 2101 0 888394 0 846210
1786260007.526335 979026 537150 3392 2101 0 974410 0 846210
1786260008.526246 1077330 621813 3392 2101 0 1072714 0 846210
1786260009.526137 1197138 706347 3392 2101 0 1192522 0 846210
1786260010.526689 1197138 793332 3392 2101 0 1192522 0 846210
1786260011.526293 1334354 880173 3392 2101 0 1329738 0 846210
1786260012.526214 1498194 967897 3392 2101 0 1493578 0 846210
1786260013.526175 1498194 1054469 3392 2101 0 1493578 0 846210
1786260014.526212 1704530 1141424 3392 2101 0 1699914 0 846210
1786260015.538167 1704530 1227233 3392 2101 0 1699914 0 846210
1786260016.528949 1704530 1312395 3392 2101 0 1699914 0 846210
1786260017.528954 1942098 1396921 3392 2101 0 1937482 0 846210
1786260018.528930 1942098 1482425 3392 2101 0 1937482 0 846210
1786260019.538383 2204242 1566730 3541 2101 0 2199626 0 846210
1786260020.529436 2214482 1636320 3541 2101 0 2209866 0 846210
1786260021.526875 2214482 1707478 3541 2101 0 2209866 0 846210
1786260022.526639 2218579 1708577 3541 2101 0 2213962 0 846210
1786260023.526281 2218579 1708577 3541 2101 0 2213962 0 846210
1786260024.526109 2218579 1708577 3541 2101 0 2213962 0 846210
1786260025.526131 2218579 1708577 3541 2101 0 2213962 0 846210
1786260026.526261 2218579 1708577 3541 2101 0 2213962 0 846210
1786260027.526207 2218579 1708577 3541 2101 0 2213962 0 846210
1786260028.526201 2218579 1708577 3541 2101 0 2213962 0 846210
1786260029.526917 2218579 1708577 3541 2101 0 2213962 0 846210
1786260030.532453 2218579 1708577 3541 2101 0 2213962 0 846210
1786260031.526055 2218579 1708577 3541 2101 0 2213962 0 846210
1786260032.526165 2218579 1708577 3541 2101 0 2213962 0 846210
1786260033.526169 2222676 1708582 3541 2101 0 2218058 0 846210
1786260034.526168 2222676 1708582 3541 2101 0 2218058 0 846210
1786260035.526634 2222676 1708582 3541 2101 0 2218058 0 846210
1786260036.526183 2222676 1708582 3541 2101 0 2218058 0 846210
1786260037.526150 2222676 1708582 3541 2101 0 2218058 0 846210
1786260038.526256 2222676 1708582 3541 2101 0 2218058 0 846210
1786260039.526107 2222676 1708582 3541 2101 0 2218058 0 846210
1786260040.526203 2222676 1708582 3541 2101 0 2218058 0 846210
1786260041.526265 2222676 1708582 3541 2101 0 2218058 0 846210
1786260042.526177 2222676 1708582 3541 2101 0 2218058 0 846210
1786260043.526196 2222676 1708582 3541 2101 0 2218058 0 846210
1786260044.526112 2222676 1708582 3541 2101 0 2218058 0 846210
1786260045.526129 2226766 1708574 3534 2101 0 2222154 0 846210
1786260046.526160 2226766 1708574 3534 2101 0 2222154 0 846210
1786260047.526076 2226766 1708574 3534 2101 0 2222154 0 846210
1786260048.526100 2226766 1708574 3534 2101 0 2222154 0 846210
1786260049.526147 2226766 1708574 3534 2101 0 2222154 0 846210
1786260050.526115 2226766 1708582 3534 2101 0 2222154 0 846210
1786260051.526159 2226766 1708582 3534 2101 0 2222154 0 846210
1786260052.526805 2226766 1708582 3534 2101 0 2222154 0 846210
1786260053.526103 2226766 1708582 3534 2101 0 2222154 0 846210
1786260054.526129 2226766 1708582 3534 2101 0 2222154 0 846210
1786260055.525959 2226766 1708582 3534 2101 0 2222154 0 846210
1786260056.526168 2226766 1708582 3534 2101 0 2222154 0 846210
1786260057.526177 2226766 1708582 3534 2101 0 2222154 0 846210
1786260058.526615 2226766 1708582 3534 2101 0 2222154 0 846210
1786260059.526065 2226766 1708582 3534 2101 0 2222154 0 846210
1786260060.526120 2226766 1709309 3534 2101 0 2222154 0 846210
1786260061.526068 2226766 1709309 3534 2101 0 2222154 0 846210
1786260062.526134 2226766 1709309 3534 2101 0 2222154 0 846210
1786260063.526480 2226766 1709309 3534 2101 0 2222154 0 846210
1786260064.526147 2226766 1709309 3534 2101 0 2222154 0 846210
1786260065.526161 2226766 1709309 3534 2101 0 2222154 0 846210
1786260066.526211 2226766 1709309 3534 2101 0 2222154 0 846210
1786260067.526203 2226766 1709309 3534 2101 0 2222154 0 846210
1786260068.526141 2226766 1709309 3534 2101 0 2222154 0 846210
1786260069.526557 2226766 1709309 3534 2101 0 2222154 0 846210
1786260070.526110 2226766 1709309 3534 2101 0 2222154 0 846210
1786260071.526139 2226766 1709309 3534 2101 0 2222154 0 846210
1786260072.526415 2226766 1709309 3534 2101 0 2222154 0 846210
1786260073.525929 2226766 1709309 3534 2101 0 2222154 0 846210
1786260074.526131 2226766 1709309 3534 2101 0 2222154 0 846210
1786260075.526143 2226766 1709309 3534 2101 0 2222154 0 846210
1786260076.526088 2226766 1709309 3534 2101 0 2222154 0 846210
1786260077.526053 2226766 1709309 3534 2101 0 2222154 0 846210
1786260078.526135 2226766 1709309 3534 2101 0 2222154 0 846210
1786260079.526166 2226766 1709309 3534 2101 0 2222154 0 846210
1786260080.526168 2226766 1709309 3534 2101 0 2222154 0 846210
1786260081.526152 2226766 1709805 3534 2101 0 2222154 0 846210
1786260082.526117 2226766 1709805 3534 2101 0 2222154 0 846210
1786260083.526159 2226766 1709805 3534 2101 0 2222154 0 846210
1786260084.526053 2226766 1709805 3534 2101 0 2222154 0 846210
1786260085.526132 2226766 1709805 3534 2101 0 2222154 0 846210
1786260086.526510 2226766 1709805 3534 2101 0 2222154 0 846210
1786260087.526277 2226766 1709805 3534 2101 0 2222154 0 846210
1786260088.526242 2226766 1709805 3534 2101 0 2222154 0 846210
1786260089.526103 2226766 1709805 3534 2101 0 2222154 0 846210
1786260090.526169 2226766 1709805 3534 2101 0 2222154 0 846210
1786260091.526091 2226766 1709805 3534 2101 0 2222154 0 846210
1786260092.526150 2226766 1709805 3534 2101 0 2222154 0 846210
1786260093.526135 2226766 1709805 3534 2101 0 2222154 0 846210
1786260094.525962 2226766 1709805 3534 2101 0 2222154 0 846210
1786260095.526108 2226766 1709805 3534 2101 0 2222154 0 846210
1786260096.526083 2226766 1709805 3534 2101 0 2222154 0 846210
1786260097.526135 2226766 1709805 3534 2101 0 2222154 0 846210
1786260098.526094 2226766 1709805 3534 2101 0 2222154 0 846210
1786260099.526197 2226766 1709805 3534 2101 0 2222154 0 846210
1786260100.526601 2226766 1709805 3534 2101 0 2222154 0 846210
1786260101.526618 2226766 1710285 3534 2101 0 2222154 0 846210
1786260102.526097 2226766 1710285 3534 2101 0 2222154 0 846210
1786260103.526088 2226766 1710285 3534 2101 0 2222154 0 846210
1786260104.532452 2226766 1710285 3534 2101 0 2222154 0 846210
1786260105.536287 2226766 1710285 3534 2101 0 2222154 0 846210
1786260106.526141 2226766 1710285 3534 2101 0 2222154 0 846210
1786260107.526201 2226766 1710285 3534 2101 0 2222154 0 846210
1786260108.526130 2226766 1710285 3534 2101 0 2222154 0 846210
1786260109.526246 2226766 1710285 3534 2101 0 2222154 0 846210
1786260110.537336 2226766 1710285 3534 2101 0 2222154 0 846210
1786260111.526175 2226766 1710749 3534 2101 0 2222154 0 846210
1786260112.526106 2226766 1710749 3534 2101 0 2222154 0 846210
1786260113.526502 2226766 1710749 3534 2101 0 2222154 0 846210
1786260114.526091 2226766 1710749 3534 2101 0 2222154 0 846210
1786260115.526258 2226766 1710749 3534 2101 0 2222154 0 846210
1786260116.526163 2226766 1710749 3534 2101 0 2222154 0 846210
1786260117.526182 2226766 1710749 3534 2101 0 2222154 0 846210
1786260118.526168 2226766 1710749 3534 2101 0 2222154 0 846210
1786260119.526191 2226766 1710749 3534 2101 0 2222154 0 846210
1786260120.526153 2226766 1710749 3534 2101 0 2222154 0 846210
1786260121.526165 2226766 1710749 3534 2101 0 2222154 0 846210
1786260122.526593 2226766 1710749 3534 2101 0 2222154 0 846210
1786260123.526002 2226766 1710749 3534 2101 0 2222154 0 846210
1786260124.526316 2226766 1710749 3534 2101 0 2222154 0 846210
1786260125.526228 2226766 1710749 3534 2101 0 2222154 0 846210
1786260126.526200 2226766 1710749 3534 2101 0 2222154 0 846210
1786260127.526001 2226766 1710749 3534 2101 0 2222154 0 846210
1786260128.525973 2226766 1710749 3534 2101 0 2222154 0 846210
1786260129.526333 2226766 1710749 3534 2101 0 2222154 0 846210
1786260130.526231 2226766 1710749 3534 2101 0 2222154 0 846210
1786260131.526307 2226766 1710749 3534 2101 0 2222154 0 846210
1786260132.526149 2226766 1711660 3534 2101 0 2222154 0 846210
1786260133.526231 2226766 1711660 3534 2101 0 2222154 0 846210
1786260134.526097 2226766 1711660 3534 2101 0 2222154 0 846210
1786260135.526361 2226766 1711660 3534 2101 0 2222154 0 846210
1786260136.526235 2226766 1711660 3534 2101 0 2222154 0 846210
1786260137.526021 2226766 1711660 3534 2101 0 2222154 0 846210
1786260138.526234 2226766 1711660 3534 2101 0 2222154 0 846210
1786260139.526355 2226766 1711660 3534 2101 0 2222154 0 846210
1786260140.526188 2226766 1711660 3534 2101 0 2222154 0 846210
1786260141.526200 2226766 1711660 3534 2101 0 2222154 0 846210
1786260142.526099 2226766 1712565 3534 2101 0 2222154 0 846210
1786260143.527157 2226766 1712565 3534 2101 0 2222154 0 846210
1786260144.526085 2226766 1712565 3534 2101 0 2222154 0 846210
1786260145.526156 2226766 1712565 3534 2101 0 2222154 0 846210
1786260146.526228 2226766 1712565 3534 2101 0 2222154 0 846210
1786260147.526170 2226766 1712565 3534 2101 0 2222154 0 846210
1786260148.526144 2226766 1712565 3534 2101 0 2222154 0 846210
1786260149.526053 2226766 1712565 3534 2101 0 2222154 0 846210
1786260150.526168 2226766 1712565 3534 2101 0 2222154 0 846210
1786260151.529080 2226766 1712565 3534 2101 0 2222154 0 846210
1786260152.526052 2226766 1712565 3534 2101 0 2222154 0 846210
1786260153.526145 2226766 1712565 3534 2101 0 2222154 0 846210
1786260154.526164 2226766 1712565 3534 2101 0 2222154 0 846210
1786260155.526285 2226766 1712565 3534 2101 0 2222154 0 846210
1786260156.526090 2226766 1712565 3534 2101 0 2222154 0 846210
1786260157.526066 2226766 1712565 3534 2101 0 2222154 0 846210
1786260158.526258 2226766 1712565 3534 2101 0 2222154 0 846210
1786260159.526230 2226766 1712565 3534 2101 0 2222154 0 846210
1786260160.525865 2226766 1712565 3534 2101 0 2222154 0 846210
1786260161.526953 2226766 1712565 3534 2101 0 2222154 0 846210
1786260162.526067 2226766 1712565 3534 2101 0 2222154 0 846210
1786260163.526529 2226766 1713476 3534 2101 0 2222154 0 846210
1786260164.526069 2226766 1713476 3534 2101 0 2222154 0 846210
1786260165.526130 2226766 1713476 3534 2101 0 2222154 0 846210
1786260166.526139 2226766 1713476 3534 2101 0 2222154 0 846210
1786260167.526297 2226766 1713476 3534 2101 0 2222154 0 846210
1786260168.526165 2226766 1713476 3534 2101 0 2222154 0 846210
1786260169.526462 2226766 1713476 3534 2101 0 2222154 0 846210
1786260170.526113 2226766 1713476 3534 2101 0 2222154 0 846210
1786260171.526552 2226766 1713476 3534 2101 0 2222154 0 846210
1786260172.526543 2226766 1713476 3534 2101 0 2222154 0 846210
1786260173.526130 2226766 1714379 3534 2101 0 2222154 0 846210
1786260174.526124 2226766 1714379 3534 2101 0 2222154 0 846210
1786260175.526251 2226766 1714379 3534 2101 0 2222154 0 846210
1786260176.526128 2226766 1714379 3534 2101 0 2222154 0 846210
1786260177.526104 2226766 1714379 3534 2101 0 2222154 0 846210
1786260178.526137 2226766 1714379 3534 2101 0 2222154 0 846210
1786260179.526050 2226766 1714379 3534 2101 0 2222154 0 846210
1786260180.526085 2226766 1714379 3534 2101 0 2222154 0 846210
1786260181.526046 2226766 1714379 3534 2101 0 2222154 0 846210
1786260182.526048 2226766 1714379 3534 2101 0 2222154 0 846210
1786260183.526173 2226766 1714379 3534 2101 0 2222154 0 846210
1786260184.526083 2226766 1714379 3534 2101 0 2222154 0 846210
1786260185.525800 2226766 1714379 3534 2101 0 2222154 0 846210
1786260186.526223 2226766 1714379 3534 2101 0 2222154 0 846210
1786260187.526551 2226766 1714379 3534 2101 0 2222154 0 846210
1786260188.526134 2226766 1714379 3534 2101 0 2222154 0 846210
1786260189.526015 2226766 1714379 3534 2101 0 2222154 0 846210
1786260190.526123 2226766 1714379 3534 2101 0 2222154 0 846210
1786260191.526164 2226766 1714379 3534 2101 0 2222154 0 846210
1786260192.526130 2226766 1714379 3534 2101 0 2222154 0 846210
1786260193.526106 2226766 1714763 3534 2101 0 2222154 0 846210
1786260194.526008 2226766 1714763 3534 2101 0 2222154 0 846210
1786260195.526008 2226766 1714763 3534 2101 0 2222154 0 846210
1786260196.526157 2226766 1714763 3534 2101 0 2222154 0 846210
1786260197.526291 2226766 1714763 3534 2101 0 2222154 0 846210
1786260198.526140 2226766 1714763 3534 2101 0 2222154 0 846210
1786260199.526289 2226766 1714763 3534 2101 0 2222154 0 846210
1786260200.526213 2226766 1714763 3534 2101 0 2222154 0 846210
1786260201.526102 2226766 1714763 3534 2101 0 2222154 0 846210
1786260202.526157 2226766 1714763 3534 2101 0 2222154 0 846210
1786260203.526831 2226766 1714763 3534 2101 0 2222154 0 846210
1786260204.526336 2226766 1715131 3534 2101 0 2222154 0 846210
1786260205.526075 2226766 1715131 3534 2101 0 2222154 0 846210
1786260206.528625 2226766 1715131 3534 2101 0 2222154 0 846210
1786260207.526265 2226766 1715131 3534 2101 0 2222154 0 846210
1786260208.526182 2226766 1715131 3534 2101 0 2222154 0 846210
1786260209.526396 2226766 1715131 3534 2101 0 2222154 0 846210
1786260210.526093 2226766 1715131 3534 2101 0 2222154 0 846210
1786260211.526205 2226766 1715131 3534 2101 0 2222154 0 846210
1786260212.526067 2226766 1715131 3534 2101 0 2222154 0 846210
1786260213.526132 2226766 1715131 3534 2101 0 2222154 0 846210
1786260214.526028 2226766 1715131 3534 2101 0 2222154 0 846210
1786260215.526378 2226766 1715131 3534 2101 0 2222154 0 846210
1786260216.526091 2226766 1715131 3534 2101 0 2222154 0 846210
1786260217.525981 2226766 1715131 3534 2101 0 2222154 0 846210
1786260218.526101 2226766 1715131 3534 2101 0 2222154 0 846210
1786260219.526120 2226766 1715131 3534 2101 0 2222154 0 846210
1786260220.526156 2226766 1715131 3534 2101 0 2222154 0 846210
1786260221.526440 2226766 1715131 3534 2101 0 2222154 0 846210
1786260222.526127 2226766 1715131 3534 2101 0 2222154 0 846210
1786260223.526171 2226766 1715131 3534 2101 0 2222154 0 846210
1786260224.526048 2226766 1715483 3534 2101 0 2222154 0 846210
1786260225.526105 2226766 1715483 3534 2101 0 2222154 0 846210
1786260226.526048 2226766 1715483 3534 2101 0 2222154 0 846210
1786260227.526044 2226766 1715483 3534 2101 0 2222154 0 846210
1786260228.526039 2226766 1715483 3534 2101 0 2222154 0 846210
1786260229.526220 2226766 1715483 3534 2101 0 2222154 0 846210
1786260230.526061 2226766 1715483 3534 2101 0 2222154 0 846210
1786260231.526142 2226766 1715483 3534 2101 0 2222154 0 846210
1786260232.526082 2226766 1715483 3534 2101 0 2222154 0 846210
1786260233.526101 2226766 1715483 3534 2101 0 2222154 0 846210
1786260234.526094 2226766 1715819 3534 2101 0 2222154 0 846210
1786260235.526095 2226766 1715819 3534 2101 0 2222154 0 846210
1786260236.526190 2226766 1715819 3534 2101 0 2222154 0 846210
1786260237.526127 2226766 1715819 3534 2101 0 2222154 0 846210
1786260238.525988 2226766 1715819 3534 2101 0 2222154 0 846210
1786260239.526133 2226766 1715819 3534 2101 0 2222154 0 846210
1786260240.526141 2226766 1715819 3534 2101 0 2222154 0 846210
1786260241.526103 2226766 1715819 3534 2101 0 2222154 0 846210
1786260242.526070 2226766 1715819 3534 2101 0 2222154 0 846210
1786260243.526200 2226766 1715819 3534 2101 0 2222154 0 846210
1786260244.526142 2226766 1715819 3534 2101 0 2222154 0 846210
1786260245.526000 2226766 1715819 3534 2101 0 2222154 0 846210
1786260246.526096 2226766 1715819 3534 2101 0 2222154 0 846210
1786260247.525910 2226766 1715819 3534 2101 0 2222154 0 846210
1786260248.526077 2226766 1715819 3534 2101 0 2222154 0 846210
1786260249.526069 2226766 1715819 3534 2101 0 2222154 0 846210
1786260250.526109 2226766 1715819 3534 2101 0 2222154 0 846210
1786260251.526155 2226766 1715819 3534 2101 0 2222154 0 846210
1786260252.526087 2226766 1715819 3534 2101 0 2222154 0 846210
1786260253.528905 2226766 1715819 3534 2101 0 2222154 0 846210
1786260254.526057 2226766 1715819 3534 2101 0 2222154 0 846210
1786260255.526064 2226766 1715819 3534 2101 0 2222154 0 846210
1786260256.526062 2226766 1715819 3534 2101 0 2222154 0 846210
1786260257.526014 2226766 1715819 3534 2101 0 2222154 0 846210
1786260258.526046 2226766 1715819 3534 2101 0 2222154 0 846210
1786260259.526172 2226766 1715819 3534 2101 0 2222154 0 846210
1786260260.526086 2226766 1715819 3534 2101 0 2222154 0 846210
1786260261.526184 2226766 1715819 3534 2101 0 2222154 0 846210
1786260262.526196 2226766 1715819 3534 2101 0 2222154 0 846210
1786260263.526175 2226766 1715819 3534 2101 0 2222154 0 846210
1786260264.526082 2226766 1715819 3534 2101 0 2222154 0 846210
1786260265.526089 2226766 1715819 3534 2101 0 2222154 0 846210
1786260266.526098 2226766 1715819 3534 2101 0 2222154 0 846210
1786260267.526265 2226766 1715819 3534 2101 0 2222154 0 846210
1786260268.526115 2226766 1715819 3534 2101 0 2222154 0 846210
1786260269.525867 2226766 1715819 3534 2101 0 2222154 0 846210
1786260270.526103 2226766 1715819 3534 2101 0 2222154 0 846210
1786260271.526202 2226766 1715819 3534 2101 0 2222154 0 846210
1786260272.526273 2226766 1715819 3534 2101 0 2222154 0 846210
1786260273.526094 2226766 1715819 3534 2101 0 2222154 0 846210
1786260274.526107 2226766 1715819 3534 2101 0 2222154 0 846210
1786260275.526289 2226766 1715819 3534 2101 0 2222154 0 846210
1786260276.526085 2226766 1715819 3534 2101 0 2222154 0 846210
1786260277.526046 2226766 1715819 3534 2101 0 2222154 0 846210
1786260278.526075 2226766 1715819 3534 2101 0 2222154 0 846210
1786260279.526108 2226766 1715819 3534 2101 0 2222154 0 846210
1786260280.526107 2226766 1715819 3534 2101 0 2222154 0 846210
1786260281.526125 2226766 1715819 3534 2101 0 2222154 0 846210
1786260282.526053 2226766 1715819 3534 2101 0 2222154 0 846210
1786260283.526323 2226766 1715819 3534 2101 0 2222154 0 846210
1786260284.526259 2226766 1715819 3534 2101 0 2222154 0 846210
1786260285.526070 2226766 1715819 3534 2101 0 2222154 0 846210
1786260286.526195 2226766 1715819 3534 2101 0 2222154 0 846210
1786260287.526248 2226766 1715819 3534 2101 0 2222154 0 846210
1786260288.526394 2226766 1715819 3534 2101 0 2222154 0 846210
1786260289.526106 2226766 1715819 3534 2101 0 2222154 0 846210
1786260290.526097 2226766 1715819 3534 2101 0 2222154 0 846210
1786260291.526124 2226766 1715819 3534 2101 0 2222154 0 846210
1786260292.526085 2226766 1715819 3534 2101 0 2222154 0 846210
1786260293.526197 2226766 1715819 3534 2101 0 2222154 0 846210
1786260294.526061 2226766 1715819 3534 2101 0 2222154 0 846210
1786260295.526164 2226766 1715819 3534 2101 0 2222154 0 846210
1786260296.526064 2226766 1715819 3534 2101 0 2222154 0 846210
1786260297.526075 2226766 1715819 3534 2101 0 2222154 0 846210
1786260298.526092 2226766 1715819 3534 2101 0 2222154 0 846210
1786260299.526152 2226766 1715819 3534 2101 0 2222154 0 846210
1786260300.526327 2226766 1715819 3534 2101 0 2222154 0 846210
1786260301.527365 2226766 1715819 3534 2101 0 2222154 0 846210
1786260302.526128 2226766 1715819 3534 2101 0 2222154 0 846210
1786260303.526071 2226766 1715819 3534 2101 0 2222154 0 846210
1786260304.526146 2226766 1715819 3534 2101 0 2222154 0 846210
1786260305.526167 2226766 1715819 3534 2101 0 2222154 0 846210
1786260306.526350 2226766 1715819 3534 2101 0 2222154 0 846210
1786260307.526057 2226766 1715819 3534 2101 0 2222154 0 846210
1786260308.526113 2226766 1715819 3534 2101 0 2222154 0 846210
1786260309.526092 2226766 1715819 3534 2101 0 2222154 0 846210
1786260310.526147 2226766 1715819 3534 2101 0 2222154 0 846210
1786260311.526187 2226766 1715819 3534 2101 0 2222154 0 846210
1786260312.526187 2226766 1715819 3534 2101 0 2222154 0 846210
1786260313.526218 2226766 1715819 3534 2101 0 2222154 0 846210
1786260314.526119 2226766 1715819 3534 2101 0 2222154 0 846210
1786260315.526135 2226766 1715819 3534 2101 0 2222154 0 846210
1786260316.526116 2226766 1715819 3534 2101 0 2222154 0 846210
1786260317.526222 2226766 1715819 3534 2101 0 2222154 0 846210
1786260318.526154 2226766 1715819 3534 2101 0 2222154 0 846210
1786260319.526133 2226766 1715819 3534 2101 0 2222154 0 846210
1786260320.526163 2226766 1715819 3534 2101 0 2222154 0 846210
1786260321.526268 2226766 1715819 3534 2101 0 2222154 0 846210
1786260322.527046 2226766 1715819 3534 2101 0 2222154 0 846210
1786260323.526152 2226766 1715819 3534 2101 0 2222154 0 846210
1786260324.526149 2226766 1715819 3534 2101 0 2222154 0 846210
1786260325.526210 2226766 1715819 3534 2101 0 2222154 0 846210
1786260326.526195 2226766 1715819 3534 2101 0 2222154 0 846210
1786260327.526125 2226766 1715819 3534 2101 0 2222154 0 846210
1786260328.526388 2226766 1715819 3534 2101 0 2222154 0 846210
1786260329.526146 2226766 1715819 3534 2101 0 2222154 0 846210
1786260330.526143 2226766 1715819 3534 2101 0 2222154 0 846210
1786260331.526511 2226766 1715819 3534 2101 0 2222154 0 846210
1786260332.526091 2226766 1715819 3534 2101 0 2222154 0 846210
1786260333.526188 2226766 1715819 3534 2101 0 2222154 0 846210
1786260334.526131 2226766 1715819 3534 2101 0 2222154 0 846210
1786260335.526086 2226766 1715819 3534 2101 0 2222154 0 846210
1786260336.526155 2226766 1715819 3534 2101 0 2222154 0 846210
1786260337.526095 2226766 1715819 3534 2101 0 2222154 0 846210
1786260338.525920 2226766 1715819 3534 2101 0 2222154 0 846210
1786260339.526013 2226766 1715819 3534 2101 0 2222154 0 846210
1786260340.526112 2226766 1715819 3534 2101 0 2222154 0 846210
1786260341.526170 2226766 1715819 3534 2101 0 2222154 0 846210
1786260342.526107 2226766 1715819 3534 2101 0 2222154 0 846210
1786260343.526091 2226766 1715819 3534 2101 0 2222154 0 846210
1786260344.526183 2226766 1715819 3534 2101 0 2222154 0 846210
1786260345.526082 2226766 1715819 3534 2101 0 2222154 0 846210
1786260346.526205 2226766 1715819 3534 2101 0 2222154 0 846210
1786260347.526093 2226766 1715819 3534 2101 0 2222154 0 846210
1786260348.526046 2226766 1715819 3534 2101 0 2222154 0 846210
1786260349.526175 2226766 1715819 3534 2101 0 2222154 0 846210
1786260350.526192 2226766 1715819 3534 2101 0 2222154 0 846210
1786260351.526266 2226766 1715819 3534 2101 0 2222154 0 846210
1786260352.525994 2226766 1715819 3534 2101 0 2222154 0 846210
1786260353.526119 2226766 1715819 3534 2101 0 2222154 0 846210
1786260354.526057 2226766 1715819 3534 2101 0 2222154 0 846210
1786260355.526202 2226766 1715819 3534 2101 0 2222154 0 846210
1786260356.525911 2226766 1715819 3534 2101 0 2222154 0 846210
1786260357.526159 2226766 1715819 3534 2101 0 2222154 0 846210
1786260358.526186 2226766 1715819 3534 2101 0 2222154 0 846210
1786260359.526113 2226766 1715819 3534 2101 0 2222154 0 846210
1786260360.526114 2226766 1715819 3534 2101 0 2222154 0 846210
1786260361.526205 2226766 1715819 3534 2101 0 2222154 0 846210
1786260362.526106 2226766 1715819 3534 2101 0 2222154 0 846210
1786260363.526096 2226766 1715819 3534 2101 0 2222154 0 846210
1786260364.526077 2226766 1715819 3534 2101 0 2222154 0 846210
1786260365.526151 2226766 1715819 3534 2101 0 2222154 0 846210
1786260366.526093 2226766 1715819 3534 2101 0 2222154 0 846210
1786260367.526113 2226766 1715819 3534 2101 0 2222154 0 846210
1786260368.526096 2226766 1715819 3534 2101 0 2222154 0 846210
1786260369.526096 2226766 1715819 3534 2101 0 2222154 0 846210
1786260370.526094 2226766 1715819 3534 2101 0 2222154 0 846210
1786260371.526186 2226766 1715819 3534 2101 0 2222154 0 846210
1786260372.526103 2226766 1715819 3534 2101 0 2222154 0 846210
1786260373.526127 2226766 1715819 3534 2101 0 2222154 0 846210
1786260374.526207 2226766 1715819 3534 2101 0 2222154 0 846210
1786260375.526210 2226766 1715819 3534 2101 0 2222154 0 846210
1786260376.526138 2226766 1715819 3534 2101 0 2222154 0 846210
1786260377.526108 2226766 1715819 3534 2101 0 2222154 0 846210
1786260378.526135 2226766 1715819 3534 2101 0 2222154 0 846210
1786260379.526148 2226766 1715819 3534 2101 0 2222154 0 846210
1786260380.526086 2226766 1715819 3534 2101 0 2222154 0 846210
1786260381.526110 2226766 1715819 3534 2101 0 2222154 0 846210
1786260382.526243 2226766 1715819 3534 2101 0 2222154 0 846210
1786260383.526143 2226766 1715819 3534 2101 0 2222154 0 846210
1786260384.526183 2226766 1715819 3534 2101 0 2222154 0 846210
1786260385.526144 2226766 1715819 3534 2101 0 2222154 0 846210
1786260386.526059 2226766 1715819 3534 2101 0 2222154 0 846210
1786260387.526217 2226766 1715819 3534 2101 0 2222154 0 846210
1786260388.526212 2226766 1715819 3534 2101 0 2222154 0 846210
1786260389.526150 2226766 1715819 3534 2101 0 2222154 0 846210
1786260390.526096 2226766 1715819 3534 2101 0 2222154 0 846210
1786260391.526051 2226766 1715819 3534 2101 0 2222154 0 846210
1786260392.526138 2226766 1715819 3534 2101 0 2222154 0 846210
1786260393.526089 2226766 1715819 3534 2101 0 2222154 0 846210
1786260394.526049 2226766 1715819 3534 2101 0 2222154 0 846210
1786260395.526133 2226766 1715819 3534 2101 0 2222154 0 846210
1786260396.526102 2226766 1715819 3534 2101 0 2222154 0 846210
1786260397.526128 2226766 1715819 3534 2101 0 2222154 0 846210
1786260398.526146 2226766 1715819 3534 2101 0 2222154 0 846210
