# start_epoch=1786259323.642682  page_size=4096  cachestat=ok  fields=size,resident,shared,text,lib,data,dt,pagecache
1786259324.644014 439355 25212 3064 2101 0 434762 0 19056
1786259325.644594 452802 32185 3264 2101 0 448202 0 31306
1786259326.646491 453570 38089 3264 2101 0 448970 0 59313
1786259327.645133 453570 35009 3264 2101 0 448970 0 43555
1786259328.646016 453570 32945 3333 2101 0 448970 0 55822
1786259329.647882 454217 33739 3356 2101 0 449610 0 86095
1786259330.648098 454217 33846 3356 2101 0 449610 0 86095
1786259331.648814 454217 32108 3356 2101 0 449610 0 98347
1786259332.648882 454217 34736 3356 2101 0 449610 0 98821
1786259333.648868 454217 35802 3356 2101 0 449610 0 91769
1786259334.648857 454217 35316 3356 2101 0 449610 0 104019
1786259335.649114 454217 35316 3356 2101 0 449610 0 104019
1786259336.650743 454985 37165 3356 2101 0 450378 0 134292
1786259337.663001 454985 37693 3356 2101 0 450378 0 154108
1786259338.651330 454985 37349 3356 2101 0 450378 0 146542
1786259339.664482 454985 37701 3356 2101 0 450378 0 171478
1786259340.651904 454985 35742 3356 2101 0 450378 0 158794
1786259341.651606 454985 37571 3356 2101 0 450378 0 150817
1786259342.651436 454985 37571 3356 2101 0 450378 0 150817
1786259343.654334 454985 37859 3356 2101 0 450378 0 199114
1786259344.655788 454985 39789 3356 2101 0 450378 0 229170
1786259345.652618 455881 38977 3356 2101 0 451274 0 173624
1786259346.653406 455881 36923 3356 2101 0 451274 0 185874
1786259347.655167 455881 38459 3356 2101 0 451274 0 213537
1786259348.654042 455881 37353 3356 2101 0 451274 0 198125
1786259349.656871 455881 37337 3356 2101 0 451274 0 246420
1786259350.658496 455881 37817 3356 2101 0 451274 0 266492
1786259351.657434 455881 38648 3356 2101 0 451274 0 258674
1786259352.658280 455881 40871 3356 2101 0 451274 0 267899
1786259353.658198 456905 39978 3356 2101 0 452298 0 254711
1786259354.656064 456905 39458 3356 2101 0 452298 0 244331
1786259355.659364 456905 30634 3356 2101 0 452298 0 292625
1786259356.661252 456905 41609 3356 2101 0 452298 0 322897
1786259357.661823 456905 36117 3356 2101 0 452298 0 309261
1786259358.660656 456905 42298 3356 2101 0 452298 0 317128
1786259359.660372 456905 42229 3356 2101 0 452298 0 308617
1786259360.661800 456905 42218 3356 2101 0 452298 0 324396
1786259361.661586 456905 41705 3356 2101 0 452298 0 335894
1786259362.661918 456905 39485 3356 2101 0 452298 0 336004
1786259363.663783 458185 39690 3356 2101 0 453578 0 348147
1786259364.664262 458185 38767 3356 2101 0 453578 0 351682
1786259365.666327 458185 38830 3356 2101 0 453578 0 367422
1786259366.665167 458185 38001 3356 2101 0 453578 0 349946
1786259367.665784 458185 37236 3356 2101 0 453578 0 362198
1786259368.668094 458185 37301 3356 2101 0 453578 0 396778
1786259369.667559 458185 33516 3356 2101 0 453578 0 389471
1786259370.666431 458185 39284 3356 2101 0 453578 0 390968
1786259371.667145 458185 36537 3356 2101 0 453578 0 381586
1786259372.667844 458185 33837 3356 2101 0 453578 0 392431
1786259373.660886 458185 34077 3356 2101 0 453578 0 372749
1786259374.669681 459081 36560 3356 2101 0 454474 0 421045
1786259375.670971 459081 42284 3356 2101 0 454474 0 451319
1786259376.670784 459081 40710 3356 2101 0 454474 0 453113
1786259377.667925 459081 38758 3356 2101 0 454474 0 445549
1786259378.669028 459081 41796 3356 2101 0 454474 0 454122
1786259379.670588 459081 42480 3356 2101 0 454474 0 435122
1786259380.671289 459081 38053 3356 2101 0 454474 0 445876
1786259381.673115 459081 38915 3356 2101 0 454474 0 470079
1786259382.673086 459081 36219 3356 2101 0 454474 0 472575
1786259383.674660 459081 40398 3356 2101 0 454474 0 501351
1786259384.673149 459081 33534 3356 2101 0 454474 0 482945
1786259385.673062 459081 39164 3356 2101 0 454474 0 476476
1786259386.672751 459081 39221 3356 2101 0 454474 0 473484
1786259387.673653 459081 34829 3356 2101 0 454474 0 485734
1786259388.675325 459081 39461 3356 2101 0 454474 0 507941
1786259389.672743 459081 39718 3356 2101 0 454474 0 489688
1786259390.675945 460617 37502 3356 2101 0 456010 0 522543
1786259391.675690 460617 36381 3356 2101 0 456010 0 522544
1786259392.675142 460617 31906 3356 2101 0 456010 0 523024
1786259393.676005 460617 37811 3356 2101 0 456010 0 525723
1786259394.680457 460617 38043 3356 2101 0 456010 0 547331
1786259395.676357 460617 38324 3356 2101 0 456010 0 533050
1786259396.676961 460617 38893 3356 2101 0 456010 0 543186
1786259397.680206 460617 39911 3356 2101 0 456010 0 583514
1786259398.679264 460617 41022 3356 2101 0 456010 0 571342
1786259399.679798 460617 40858 3356 2101 0 456010 0 583593
1786259400.681340 460617 41208 3356 2101 0 456010 0 608017
1786259401.679257 460617 41039 3356 2101 0 456010 0 572036
1786259402.679462 460617 39437 3356 2101 0 456010 0 584288
1786259403.680960 460617 39261 3356 2101 0 456010 0 602858
1786259404.679491 460617 38525 3356 2101 0 456010 0 600922
1786259405.681712 460617 41336 3356 2101 0 456010 0 620871
1786259406.678980 460617 41336 3356 2101 0 456010 0 601074
1786259407.682491 460617 36710 3356 2101 0 456010 0 633123
1786259408.692512 460617 42992 3356 2101 0 456010 0 781869
1786259409.682436 462409 42567 3356 2101 0 457802 0 622993
1786259410.683016 462409 37514 3356 2101 0 457802 0 631533
1786259411.685424 462409 39256 3356 2101 0 457802 0 650209
1786259412.683607 462409 38623 3356 2101 0 457802 0 636644
1786259413.686903 462409 39089 3356 2101 0 457802 0 695661
1786259414.683962 462409 36338 3356 2101 0 457802 0 645921
1786259415.685122 462409 43160 3356 2101 0 457802 0 671628
1786259416.685481 462409 40366 3356 2101 0 457802 0 671629
1786259417.686005 462409 33010 3356 2101 0 457802 0 683880
1786259418.688252 462409 43622 3356 2101 0 457802 0 713681
1786259419.687010 462409 41632 3356 2101 0 457802 0 696131
1786259420.685919 462409 38894 3356 2101 0 457802 0 685692
1786259421.687351 462409 42029 3356 2101 0 457802 0 707607
1786259422.686439 462409 39969 3356 2101 0 457802 0 694411
1786259423.686849 462409 40732 3356 2101 0 457802 0 700833
1786259424.688445 462409 38863 3356 2101 0 457802 0 719881
1786259425.688393 462409 41595 3356 2101 0 457802 0 726181
1786259426.687503 462409 41191 3356 2101 0 457802 0 743357
1786259427.684860 462409 37350 3356 2101 0 457802 0 703791
1786259428.691121 462409 41536 3356 2101 0 457802 0 763626
1786259429.686525 462409 41522 3356 2101 0 457802 0 709513
1786259430.688911 462409 39255 3356 2101 0 457802 0 737428
1786259431.690464 462409 38640 3356 2101 0 457802 0 750508
1786259432.688023 462409 39366 3356 2101 0 457802 0 727279
1786259433.691470 462409 42947 3356 2101 0 457802 0 770584
1786259434.689796 462409 38898 3356 2101 0 457802 0 752577
1786259435.691533 462409 32737 3356 2101 0 457802 0 776545
1786259436.689300 462409 38293 3356 2101 0 457802 0 772392
1786259437.691902 462409 38998 3356 2101 0 457802 0 788798
1786259438.691559 462409 41566 3356 2101 0 457802 0 806207
1786259439.691243 462409 39841 3356 2101 0 457802 0 777299
1786259440.689935 462409 38851 3356 2101 0 457802 0 759956
1786259441.691483 462409 38877 3356 2101 0 457802 0 785178
1786259442.692292 462409 41979 3356 2101 0 457802 0 793043
1786259443.693874 462409 41770 3356 2101 0 457802 0 810469
1786259444.692715 462409 39803 3356 2101 0 457802 0 795627
1786259445.697347 462409 43885 3356 2101 0 457802 0 878143
1786259446.694328 462409 44640 3356 2101 0 457802 0 822236
1786259447.695011 462409 40772 3356 2101 0 457802 0 834488
1786259448.696552 462409 40404 3356 2101 0 457802 0 856864
1786259449.696351 462409 38089 3356 2101 0 457802 0 846740
1786259450.695410 462409 45082 3356 2101 0 457802 0 835171
1786259451.691959 462409 40264 3356 2101 0 457802 0 810561
1786259452.695082 462409 37777 3356 2101 0 457802 0 840837
1786259453.696894 462409 41975 3356 2101 0 457802 0 865518
1786259454.694916 462409 42680 3356 2101 0 457802 0 844226
1786259455.697260 462409 44373 3356 2101 0 457802 0 870122
1786259456.697149 462409 38407 3356 2101 0 457802 0 870124
1786259457.697966 462409 42271 3356 2101 0 457802 0 882376
1786259458.697665 462409 42404 3356 2101 0 457802 0 888517
1786259459.698593 462409 38283 3356 2101 0 457802 0 894629
1786259460.697693 462409 42306 3356 2101 0 457802 0 880164
1786259461.699590 462409 42787 3356 2101 0 457802 0 899467
1786259462.698237 464457 41317 3356 2101 0 459850 0 886638
1786259463.703770 464457 44175 3356 2101 0 459850 0 973349
1786259464.698624 464457 43740 3356 2101 0 459850 0 892321
1786259465.698965 464457 41987 3356 2101 0 459850 0 899167
1786259466.700320 464457 43156 3356 2101 0 459850 0 924359
1786259467.700248 464457 43112 3356 2101 0 459850 0 921039
1786259468.701356 464457 42032 3356 2101 0 459850 0 933291
1786259469.702226 464457 41781 3356 2101 0 459850 0 953107
1786259470.701657 464457 43888 3356 2101 0 459850 0 945542
1786259471.699917 464457 46565 3356 2101 0 459850 0 975816
1786259472.703022 464457 42399 3356 2101 0 459850 0 977098
1786259473.695740 470601 47679 3356 2101 0 465994 0 943580
1786259474.702241 470601 44079 3356 2101 0 465994 0 952148
1786259475.703602 470601 44085 3356 2101 0 465994 0 966494
1786259476.696444 470601 46650 3356 2101 0 465994 0 952334
1786259477.697881 470601 45010 3356 2101 0 465994 0 964585
1786259478.700212 470601 47058 3356 2101 0 465994 0 984179
1786259479.697261 470601 49138 3356 2101 0 465994 0 970727
1786259480.698410 470601 43193 3356 2101 0 465994 0 992716
1786259481.704492 470601 46174 3356 2101 0 465994 0 1016510
1786259482.700418 470601 45002 3356 2101 0 465994 0 1004969
1786259483.702370 470601 47318 3356 2101 0 465994 0 1012216
1786259484.701390 470601 46135 3356 2101 0 465994 0 1017220
1786259485.702586 470601 45905 3356 2101 0 465994 0 1029471
1786259486.702482 470601 45908 3356 2101 0 465994 0 1029472
1786259487.701872 470601 49216 3356 2101 0 465994 0 1012795
1786259488.700417 470601 44530 3356 2101 0 465994 0 1006945
1786259489.701017 470601 46045 3356 2101 0 465994 0 1006800
1786259490.700827 470601 45557 3356 2101 0 465994 0 1013737
1786259491.699643 470601 43477 3356 2101 0 465994 0 1020491
1786259492.704943 470601 43562 3356 2101 0 465994 0 1024221
1786259493.699821 470601 45554 3356 2101 0 465994 0 1021786
1786259494.702543 470601 47141 3356 2101 0 465994 0 1049794
1786259495.701380 470601 44632 3356 2101 0 465994 0 1044987
1786259496.702047 470601 46814 3356 2101 0 465994 0 1057237
1786259497.704498 470601 47604 3356 2101 0 465994 0 1083453
1786259498.702673 470601 43830 3356 2101 0 465994 0 1069489
1786259499.704217 470601 49377 3356 2101 0 465994 0 1081740
1786259500.707093 470601 49442 3356 2101 0 465994 0 1088495
1786259501.703059 470601 45067 3356 2101 0 465994 0 1071340
1786259502.699544 470601 49232 3356 2101 0 465994 0 972220
1786259503.706022 470601 43957 3356 2101 0 465994 0 1073482
1786259504.703175 470601 46111 3356 2101 0 465994 0 1085733
1786259505.713682 470601 48385 3356 2101 0 465994 0 1108243
1786259506.710491 470601 45447 3356 2101 0 465994 0 1083797
1786259507.708292 470601 46478 3356 2101 0 465994 0 1050707
1786259508.709588 470601 46384 3356 2101 0 465994 0 1111472
1786259509.704264 470601 48035 3356 2101 0 465994 0 1095445
1786259510.707598 470601 49498 3356 2101 0 465994 0 1142881
1786259511.705835 470601 46507 3356 2101 0 465994 0 1126358
1786259512.706512 470601 47431 3356 2101 0 465994 0 1138609
1786259513.715426 471625 47646 3356 2101 0 467018 0 1158681
1786259514.714779 471625 47996 3356 2101 0 467018 0 1150861
1786259515.715763 471625 50689 3356 2101 0 467018 0 1163113
1786259516.713374 471625 47080 3356 2101 0 467018 0 1131351
1786259517.713853 471625 38711 3356 2101 0 467018 0 1138077
1786259518.715221 471625 46927 3356 2101 0 467018 0 1154299
1786259519.714302 471625 48055 3356 2101 0 467018 0 1144175
1786259520.719420 471625 50107 3356 2101 0 467018 0 1214126
1786259521.714479 471625 46069 3356 2101 0 467018 0 1145585
1786259522.714823 471625 48276 3356 2101 0 467018 0 1147125
1786259523.714266 471625 48063 3356 2101 0 467018 0 1147126
1786259524.714894 471625 45438 3356 2101 0 467018 0 1150029
1786259525.714104 471625 44956 3356 2101 0 467018 0 1174563
1786259526.715290 471625 44771 3356 2101 0 467018 0 1174166
1786259527.702511 475722 40136 3356 2101 0 471114 0 1167721
1786259528.699382 475722 40652 3356 2101 0 471114 0 1167722
1786259529.699990 475722 40648 3356 2101 0 471114 0 1167723
1786259530.699297 475722 40649 3356 2101 0 471114 0 1167724
1786259531.699119 475722 40859 3356 2101 0 471114 0 1163664
1786259532.697868 475722 41549 3356 2101 0 471114 0 1136249
1786259533.697341 475722 41640 3356 2101 0 471114 0 1126717
1786259534.697084 475722 41215 3356 2101 0 471114 0 1121985
1786259535.694846 475722 41215 3356 2101 0 471114 0 1071813
1786259536.697114 475722 41183 3356 2101 0 471114 0 1114013
1786259537.696504 475722 41118 3356 2101 0 471114 0 1106623
1786259538.695487 475722 41442 3356 2101 0 471114 0 1087065
1786259539.695921 475722 41442 3356 2101 0 471114 0 1097274
1786259540.695498 475722 41442 3356 2101 0 471114 0 1088395
1786259541.695022 475722 41335 3356 2101 0 471114 0 1080961
1786259542.695086 475722 41335 3356 2101 0 471114 0 1080962
1786259543.694642 475722 41246 3356 2101 0 471114 0 1073590
1786259544.694453 475722 41262 3356 2101 0 471114 0 1067033
1786259545.694418 475722 41390 3356 2101 0 471114 0 1063211
1786259546.694263 475722 41390 3356 2101 0 471114 0 1063212
1786259547.693921 475722 41393 3356 2101 0 471114 0 1056670
1786259548.694620 475722 41458 3356 2101 0 471114 0 1068423
1786259549.694711 475722 41458 3356 2101 0 471114 0 1068424
1786259550.695369 475722 40610 3356 2101 0 471114 0 1049133
1786259551.694059 475722 40610 3356 2101 0 471114 0 1049134
1786259552.699828 475722 40511 3356 2101 0 471114 0 1166769
1786259553.699260 475722 40651 3356 2101 0 471114 0 1166769
1786259554.699203 475722 40774 3356 2101 0 471114 0 1166769
1786259555.699134 475722 40747 3356 2101 0 471114 0 1166770
1786259556.699077 475722 41065 3356 2101 0 471114 0 1166771
1786259557.699260 475722 41065 3356 2101 0 471114 0 1166771
1786259558.699160 475722 41576 3356 2101 0 471114 0 1166772
1786259559.699007 475722 41576 3356 2101 0 471114 0 1166772
1786259560.692246 478282 42947 3356 2101 0 473674 0 1022799
1786259561.692054 478282 42947 3356 2101 0 473674 0 1022800
1786259562.692048 478282 41995 3356 2101 0 473674 0 1022801
1786259563.692494 478282 41914 3356 2101 0 473674 0 1022802
1786259564.692315 478282 41914 3356 2101 0 473674 0 1022803
1786259565.692389 478282 41914 3356 2101 0 473674 0 1022804
1786259566.692036 478282 41914 3356 2101 0 473674 0 1022805
1786259567.692053 478282 41226 3356 2101 0 473674 0 1022806
1786259568.691919 478282 40799 3356 2101 0 473674 0 1022808
1786259569.692014 478282 41291 3356 2101 0 473674 0 1022809
1786259570.690968 478282 42564 3356 2101 0 473674 0 1003101
1786259571.691398 478282 42565 3356 2101 0 473674 0 1003102
1786259572.691486 478282 42566 3356 2101 0 473674 0 1003103
1786259573.690956 478282 42566 3356 2101 0 473674 0 1003104
1786259574.691192 478282 42404 3356 2101 0 473674 0 1003105
1786259575.691420 478282 42404 3356 2101 0 473674 0 1003106
1786259576.689773 478282 41875 3356 2101 0 473674 0 977469
1786259577.690637 478282 41964 3356 2101 0 473674 0 995495
1786259578.691800 478282 41644 3356 2101 0 473674 0 995496
1786259579.690779 478282 41482 3356 2101 0 473674 0 995497
1786259580.691210 478282 41206 3356 2101 0 473674 0 995498
1786259581.690983 478282 41278 3356 2101 0 473674 0 995499
1786259582.691160 478282 41278 3356 2101 0 473674 0 995500
1786259583.690708 478282 41278 3356 2101 0 473674 0 995501
1786259584.690935 478282 40738 3356 2101 0 473674 0 995502
1786259585.691015 478282 41404 3356 2101 0 473674 0 995503
1786259586.693473 478282 41438 3356 2101 0 473674 0 995505
1786259587.690546 522834 97719 3395 2101 0 518218 0 976540
1786259588.690612 629330 194731 3395 2101 0 624714 0 976540
1786259589.690169 707666 292344 3395 2101 0 703050 0 976540
1786259590.690379 817234 388395 3395 2101 0 812618 0 976540
1786259591.690214 968274 484094 3395 2101 0 963658 0 976540
1786259592.690104 1070674 576129 3395 2101 0 1066058 0 976540
1786259593.691061 1070674 672118 3395 2101 0 1066058 0 976540
1786259594.690117 1190482 767419 3395 2101 0 1185866 0 976540
1786259595.690630 1327698 862058 3395 2101 0 1323082 0 976540
1786259596.691919 1494098 955492 3395 2101 0 1489482 0 976540
1786259597.690631 1494098 1050844 3395 2101 0 1489482 0 976540
1786259598.693063 1505363 1096657 3395 2101 0 1500746 0 976540
1786259599.690560 1505363 1096977 3395 2101 0 1500746 0 976540
1786259600.690531 1505363 1096977 3395 2101 0 1500746 0 976540
1786259601.690176 1505363 1096977 3395 2101 0 1500746 0 976540
1786259602.690483 1505363 1096977 3395 2101 0 1500746 0 976540
1786259603.690079 1505363 1096977 3395 2101 0 1500746 0 976540
1786259604.689994 1505363 1096977 3395 2101 0 1500746 0 976540
1786259605.690457 1505363 1096977 3395 2101 0 1500746 0 976540
1786259606.692943 1509460 1096967 3395 2101 0 1504842 0 976540
1786259607.690004 1509460 1096967 3395 2101 0 1504842 0 976540
1786259608.690129 1509460 1096967 3395 2101 0 1504842 0 976540
1786259609.690152 1509460 1096967 3395 2101 0 1504842 0 976540
1786259610.690452 1509460 1096967 3395 2101 0 1504842 0 976540
1786259611.690528 1509460 1096967 3395 2101 0 1504842 0 976540
1786259612.690419 1509460 1096967 3395 2101 0 1504842 0 976540
1786259613.689893 1513550 1096961 3388 2101 0 1508938 0 976540
1786259614.690409 1513550 1096961 3388 2101 0 1508938 0 976540
1786259615.690510 1513550 1096961 3388 2101 0 1508938 0 976540
1786259616.690029 1513550 1096961 3388 2101 0 1508938 0 976540
1786259617.690609 1513550 1096961 3388 2101 0 1508938 0 976540
1786259618.690452 1513550 1096961 3388 2101 0 1508938 0 976540
1786259619.690133 1513550 1096961 3388 2101 0 1508938 0 976540
1786259620.690375 1513550 1097265 3388 2101 0 1508938 0 976540
1786259621.689970 1513550 1097265 3388 2101 0 1508938 0 976540
1786259622.690544 1513550 1097265 3388 2101 0 1508938 0 976540
1786259623.690364 1513550 1097265 3388 2101 0 1508938 0 976540
1786259624.690385 1513550 1097265 3388 2101 0 1508938 0 976540
1786259625.690338 1513550 1097265 3388 2101 0 1508938 0 976540
1786259626.690479 1513550 1097265 3388 2101 0 1508938 0 976540
1786259627.690460 1513550 1097265 3388 2101 0 1508938 0 976540
1786259628.690106 1513550 1097265 3388 2101 0 1508938 0 976540
1786259629.689899 1513550 1097265 3388 2101 0 1508938 0 976540
1786259630.690316 1513550 1097553 3388 2101 0 1508938 0 976540
1786259631.690487 1513550 1097553 3388 2101 0 1508938 0 976540
1786259632.690203 1513550 1097553 3388 2101 0 1508938 0 976540
1786259633.689983 1513550 1097553 3388 2101 0 1508938 0 976540
1786259634.690717 1513550 1097553 3388 2101 0 1508938 0 976540
1786259635.690044 1513550 1097553 3388 2101 0 1508938 0 976540
1786259636.690391 1513550 1097553 3388 2101 0 1508938 0 976540
1786259637.690331 1513550 1097553 3388 2101 0 1508938 0 976540
1786259638.690389 1513550 1097553 3388 2101 0 1508938 0 976540
1786259639.689957 1513550 1097553 3388 2101 0 1508938 0 976540
1786259640.690519 1513550 1097553 3388 2101 0 1508938 0 976540
1786259641.690003 1513550 1097553 3388 2101 0 1508938 0 976540
1786259642.689788 1513550 1097553 3388 2101 0 1508938 0 976540
1786259643.690124 1513550 1097553 3388 2101 0 1508938 0 976540
1786259644.690051 1513550 1097553 3388 2101 0 1508938 0 976540
1786259645.690339 1513550 1097553 3388 2101 0 1508938 0 976540
1786259646.689825 1513550 1097553 3388 2101 0 1508938 0 976540
1786259647.690354 1513550 1097553 3388 2101 0 1508938 0 976540
1786259648.690252 1513550 1097553 3388 2101 0 1508938 0 976540
1786259649.690422 1513550 1097553 3388 2101 0 1508938 0 976540
1786259650.690242 1513550 1097825 3388 2101 0 1508938 0 976540
1786259651.689863 1513550 1097825 3388 2101 0 1508938 0 976540
1786259652.690026 1513550 1097825 3388 2101 0 1508938 0 976540
1786259653.689769 1513550 1097825 3388 2101 0 1508938 0 976540
1786259654.690130 1513550 1097825 3388 2101 0 1508938 0 976540
1786259655.690313 1513550 1097825 3388 2101 0 1508938 0 976540
1786259656.690012 1513550 1097825 3388 2101 0 1508938 0 976540
1786259657.690040 1513550 1097825 3388 2101 0 1508938 0 976540
1786259658.690290 1513550 1097825 3388 2101 0 1508938 0 976540
1786259659.690538 1513550 1097825 3388 2101 0 1508938 0 976540
1786259660.690343 1513550 1097825 3388 2101 0 1508938 0 976540
1786259661.689830 1513550 1098081 3388 2101 0 1508938 0 976540
1786259662.689886 1513550 1098081 3388 2101 0 1508938 0 976540
1786259663.690308 1513550 1098081 3388 2101 0 1508938 0 976540
1786259664.689750 1513550 1098081 3388 2101 0 1508938 0 976540
1786259665.690472 1513550 1098081 3388 2101 0 1508938 0 976540
1786259666.690361 1513550 1098081 3388 2101 0 1508938 0 976540
1786259667.689694 1513550 1098081 3388 2101 0 1508938 0 976540
1786259668.690433 1513550 1098081 3388 2101 0 1508938 0 976540
1786259669.690080 1513550 1098081 3388 2101 0 1508938 0 976540
1786259670.689924 1513550 1098081 3388 2101 0 1508938 0 976540
1786259671.690367 1513550 1098081 3388 2101 0 1508938 0 976540
1786259672.690427 1513550 1098081 3388 2101 0 1508938 0 976540
1786259673.690331 1513550 1098081 3388 2101 0 1508938 0 976540
1786259674.690309 1513550 1098081 3388 2101 0 1508938 0 976540
1786259675.689774 1513550 1098081 3388 2101 0 1508938 0 976540
1786259676.690279 1513550 1098081 3388 2101 0 1508938 0 976540
1786259677.694129 1513550 1098081 3388 2101 0 1508938 0 976540
1786259678.690286 1513550 1098081 3388 2101 0 1508938 0 976540
1786259679.690327 1513550 1098081 3388 2101 0 1508938 0 976540
1786259680.690150 1513550 1098081 3388 2101 0 1508938 0 976540
1786259681.690115 1513550 1098321 3388 2101 0 1508938 0 976540
1786259682.689921 1513550 1098321 3388 2101 0 1508938 0 976540
1786259683.690206 1513550 1098321 3388 2101 0 1508938 0 976540
1786259684.690279 1513550 1098321 3388 2101 0 1508938 0 976540
1786259685.689613 1513550 1098321 3388 2101 0 1508938 0 976540
1786259686.690175 1513550 1098321 3388 2101 0 1508938 0 976540
1786259687.690201 1513550 1098321 3388 2101 0 1508938 0 976540
1786259688.689945 1513550 1098321 3388 2101 0 1508938 0 976540
1786259689.689990 1513550 1098321 3388 2101 0 1508938 0 976540
1786259690.690255 1513550 1098321 3388 2101 0 1508938 0 976540
1786259691.689808 1513550 1098545 3388 2101 0 1508938 0 976540
1786259692.689934 1513550 1098545 3388 2101 0 1508938 0 976540
1786259693.689931 1513550 1098545 3388 2101 0 1508938 0 976540
1786259694.690123 1513550 1098545 3388 2101 0 1508938 0 976540
1786259695.690293 1513550 1098545 3388 2101 0 1508938 0 976540
1786259696.689840 1513550 1098545 3388 2101 0 1508938 0 976540
1786259697.689969 1513550 1098545 3388 2101 0 1508938 0 976540
1786259698.690285 1513550 1098545 3388 2101 0 1508938 0 976540
1786259699.689739 1513550 1098545 3388 2101 0 1508938 0 976540
1786259700.690207 1513550 1098545 3388 2101 0 1508938 0 976540
1786259701.689890 1513550 1098545 3388 2101 0 1508938 0 976540
1786259702.689940 1513550 1098545 3388 2101 0 1508938 0 976540
1786259703.689829 1513550 1098545 3388 2101 0 1508938 0 976540
1786259704.690232 1513550 1098545 3388 2101 0 1508938 0 976540
1786259705.690365 1513550 1098545 3388 2101 0 1508938 0 976540
1786259706.689899 1513550 1098545 3388 2101 0 1508938 0 976540
1786259707.689869 1513550 1098545 3388 2101 0 1508938 0 976540
1786259708.690078 1513550 1098545 3388 2101 0 1508938 0 976540
1786259709.690230 1513550 1098545 3388 2101 0 1508938 0 976540
1786259710.690308 1513550 1098545 3388 2101 0 1508938 0 976540
1786259711.690288 1513550 1098545 3388 2101 0 1508938 0 976540
1786259712.690307 1513550 1098753 3388 2101 0 1508938 0 976540
1786259713.690067 1513550 1098753 3388 2101 0 1508938 0 976540
1786259714.689847 1513550 1098753 3388 2101 0 1508938 0 976540
1786259715.690305 1513550 1098753 3388 2101 0 1508938 0 976540
1786259716.690241 1513550 1098753 3388 2101 0 1508938 0 976540
1786259717.690105 1513550 1098753 3388 2101 0 1508938 0 976540
1786259718.689875 1513550 1098753 3388 2101 0 1508938 0 976540
1786259719.689865 1513550 1098753 3388 2101 0 1508938 0 976540
1786259720.690372 1513550 1098753 3388 2101 0 1508938 0 976540
1786259721.690505 1513550 1098753 3388 2101 0 1508938 0 976540
1786259722.690270 1513550 1098945 3388 2101 0 1508938 0 976540
1786259723.689933 1513550 1098945 3388 2101 0 1508938 0 976540
1786259724.690365 1513550 1098945 3388 2101 0 1508938 0 976540
1786259725.689835 1513550 1098945 3388 2101 0 1508938 0 976540
1786259726.690243 1513550 1098945 3388 2101 0 1508938 0 976540
1786259727.690272 1513550 1098945 3388 2101 0 1508938 0 976540
1786259728.690185 1513550 1098945 3388 2101 0 1508938 0 976540
1786259729.689933 1513550 1098945 3388 2101 0 1508938 0 976540
1786259730.690273 1513550 1098945 3388 2101 0 1508938 0 976540
1786259731.690070 1513550 1098945 3388 2101 0 1508938 0 976540
1786259732.690227 1513550 1098945 3388 2101 0 1508938 0 976540
1786259733.690265 1513550 1098945 3388 2101 0 1508938 0 976540
1786259734.690192 1513550 1098945 3388 2101 0 1508938 0 976540
1786259735.689837 1513550 1098945 3388 2101 0 1508938 0 976540
1786259736.689844 1513550 1098945 3388 2101 0 1508938 0 976540
1786259737.690113 1513550 1098945 3388 2101 0 1508938 0 976540
1786259738.689776 1513550 1098945 3388 2101 0 1508938 0 976540
1786259739.689750 1513550 1098945 3388 2101 0 1508938 0 976540
1786259740.690327 1513550 1098945 3388 2101 0 1508938 0 976540
1786259741.689878 1513550 1098945 3388 2101 0 1508938 0 976540
1786259742.689726 1513550 1098945 3388 2101 0 1508938 0 976540
1786259743.689837 1513550 1099121 3388 2101 0 1508938 0 976540
1786259744.689973 1513550 1099121 3388 2101 0 1508938 0 976540
1786259745.689961 1513550 1099121 3388 2101 0 1508938 0 976540
1786259746.689803 1513550 1099121 3388 2101 0 1508938 0 976540
1786259747.689795 1513550 1099121 3388 2101 0 1508938 0 976540
1786259748.690205 1513550 1099121 3388 2101 0 1508938 0 976540
1786259749.690312 1513550 1099121 3388 2101 0 1508938 0 976540
1786259750.689798 1513550 1099121 3388 2101 0 1508938 0 976540
1786259751.690435 1513550 1099121 3388 2101 0 1508938 0 976540
1786259752.689831 1513550 1099121 3388 2101 0 1508938 0 976540
1786259753.690042 1513550 1099281 3388 2101 0 1508938 0 976540
1786259754.689689 1513550 1099281 3388 2101 0 1508938 0 976540
1786259755.690275 1513550 1099281 3388 2101 0 1508938 0 976540
1786259756.690254 1513550 1099281 3388 2101 0 1508938 0 976540
1786259757.690257 1513550 1099281 3388 2101 0 1508938 0 976540
1786259758.690273 1513550 1099281 3388 2101 0 1508938 0 976540
1786259759.690256 1513550 1099281 3388 2101 0 1508938 0 976540
1786259760.689979 1513550 1099281 3388 2101 0 1508938 0 976540
1786259761.690203 1513550 1099281 3388 2101 0 1508938 0 976540
1786259762.690157 1513550 1099281 3388 2101 0 1508938 0 976540
1786259763.689964 1513550 1099281 3388 2101 0 1508938 0 976540
1786259764.690080 1513550 1099281 3388 2101 0 1508938 0 976540
1786259765.690406 1513550 1099281 3388 2101 0 1508938 0 976540
1786259766.690564 1513550 1099281 3388 2101 0 1508938 0 976540
1786259767.690651 1513550 1099281 3388 2101 0 1508938 0 976540
1786259768.690765 1513550 1099281 3388 2101 0 1508938 0 976540
1786259769.690620 1513550 1099281 3388 2101 0 1508938 0 976540
1786259770.690432 1513550 1099281 3388 2101 0 1508938 0 976540
1786259771.690335 1513550 1099281 3388 2101 0 1508938 0 976540
1786259772.690067 1513550 1099281 3388 2101 0 1508938 0 976540
1786259773.689690 1513550 1099425 3388 2101 0 1508938 0 976540
1786259774.689771 1513550 1099425 3388 2101 0 1508938 0 976540
1786259775.690221 1513550 1099425 3388 2101 0 1508938 0 976540
1786259776.690171 1513550 1099425 3388 2101 0 1508938 0 976540
1786259777.690297 1513550 1099425 3388 2101 0 1508938 0 976540
1786259778.690171 1513550 1099425 3388 2101 0 1508938 0 976540
1786259779.690232 1513550 1099425 3388 2101 0 1508938 0 976540
1786259780.689613 1513550 1099425 3388 2101 0 1508938 0 976540
1786259781.690231 1513550 1099425 3388 2101 0 1508938 0 976540
1786259782.690030 1513550 1099425 3388 2101 0 1508938 0 976540
1786259783.689826 1513550 1099425 3388 2101 0 1508938 0 976540
1786259784.690272 1513550 1099553 3388 2101 0 1508938 0 976540
1786259785.690363 1513550 1099553 3388 2101 0 1508938 0 976540
1786259786.690282 1513550 1099553 3388 2101 0 1508938 0 976540
1786259787.690276 1513550 1099553 3388 2101 0 1508938 0 976540
1786259788.690291 1513550 1099553 3388 2101 0 1508938 0 976540
1786259789.690069 1513550 1099553 3388 2101 0 1508938 0 976540
1786259790.689876 1513550 1099553 3388 2101 0 1508938 0 976540
1786259791.690282 1513550 1099553 3388 2101 0 1508938 0 976540
1786259792.690412 1513550 1099553 3388 2101 0 1508938 0 976540
1786259793.690376 1513550 1099553 3388 2101 0 1508938 0 976540
1786259794.690264 1513550 1099553 3388 2101 0 1508938 0 976540
1786259795.689823 1513550 1099553 3388 2101 0 1508938 0 976540
1786259796.689936 1513550 1099553 3388 2101 0 1508938 0 976540
1786259797.689839 1513550 1099553 3388 2101 0 1508938 0 976540
1786259798.689747 1513550 1099553 3388 2101 0 1508938 0 976540
1786259799.690421 1513550 1099553 3388 2101 0 1508938 0 976540
1786259800.690227 1513550 1099553 3388 2101 0 1508938 0 976540
1786259801.689979 1513550 1099553 3388 2101 0 1508938 0 976540
1786259802.689969 1513550 1099553 3388 2101 0 1508938 0 976540
1786259803.689858 1513550 1099553 3388 2101 0 1508938 0 976540
1786259804.690340 1513550 1099667 3388 2101 0 1508938 0 976540
1786259805.689835 1513550 1099667 3388 2101 0 1508938 0 976540
1786259806.689908 1513550 1099667 3388 2101 0 1508938 0 976540
1786259807.689804 1513550 1099667 3388 2101 0 1508938 0 976540
1786259808.689844 1513550 1099667 3388 2101 0 1508938 0 976540
1786259809.689959 1513550 1099667 3388 2101 0 1508938 0 976540
1786259810.689926 1513550 1099667 3388 2101 0 1508938 0 976540
1786259811.689900 1513550 1099667 3388 2101 0 1508938 0 976540
1786259812.689976 1513550 1099667 3388 2101 0 1508938 0 976540
1786259813.690093 1513550 1099667 3388 2101 0 1508938 0 976540
1786259814.690131 1513550 1099777 3388 2101 0 1508938 0 976540
1786259815.690207 1513550 1099777 3388 2101 0 1508938 0 976540
1786259816.690535 1513550 1099777 3388 2101 0 1508938 0 976540
1786259817.690350 1513550 1099777 3388 2101 0 1508938 0 976540
1786259818.692164 1513550 1099777 3388 2101 0 1508938 0 976540
1786259819.690417 1513550 1099777 3388 2101 0 1508938 0 976540
1786259820.690336 1513550 1099777 3388 2101 0 1508938 0 976540
1786259821.690311 1513550 1099777 3388 2101 0 1508938 0 976540
1786259822.690288 1513550 1099777 3388 2101 0 1508938 0 976540
1786259823.690460 1513550 1099777 3388 2101 0 1508938 0 976540
1786259824.691417 1513550 1099777 3388 2101 0 1508938 0 976540
1786259825.690187 1513550 1099777 3388 2101 0 1508938 0 976540
1786259826.690372 1513550 1099777 3388 2101 0 1508938 0 976540
1786259827.690317 1513550 1099777 3388 2101 0 1508938 0 976540
1786259828.690231 1513550 1099777 3388 2101 0 1508938 0 976540
1786259829.690373 1513550 1099777 3388 2101 0 1508938 0 976540
1786259830.691051 1513550 1099777 3388 2101 0 1508938 0 976540
1786259831.690183 1513550 1099777 3388 2101 0 1508938 0 976540
1786259832.689868 1513550 1099777 3388 2101 0 1508938 0 976540
1786259833.690050 1513550 1099777 3388 2101 0 1508938 0 976540
1786259834.690007 1513550 1099777 3388 2101 0 1508938 0 976540
1786259835.689980 1513550 1099898 3388 2101 0 1508938 0 976540
1786259836.690653 1513550 1099898 3388 2101 0 1508938 0 976540
1786259837.690596 1513550 1099898 3388 2101 0 1508938 0 976540
1786259838.689825 1513550 1099898 3388 2101 0 1508938 0 976540
1786259839.689876 1513550 1099898 3388 2101 0 1508938 0 976540
1786259840.690333 1513550 1099898 3388 2101 0 1508938 0 976540
1786259841.690251 1513550 1099898 3388 2101 0 1508938 0 976540
1786259842.690309 1513550 1099898 3388 2101 0 1508938 0 976540
1786259843.690174 1513550 1099898 3388 2101 0 1508938 0 976540
1786259844.690011 1513550 1099898 3388 2101 0 1508938 0 976540
1786259845.689930 1513550 1100012 3388 2101 0 1508938 0 976540
1786259846.690342 1513550 1100012 3388 2101 0 1508938 0 976540
1786259847.690404 1513550 1100012 3388 2101 0 1508938 0 976540
1786259848.690457 1513550 1100012 3388 2101 0 1508938 0 976540
1786259849.689806 1513550 1100012 3388 2101 0 1508938 0 976540
1786259850.690207 1513550 1100012 3388 2101 0 1508938 0 976540
1786259851.690180 1513550 1100012 3388 2101 0 1508938 0 976540
1786259852.689972 1513550 1100012 3388 2101 0 1508938 0 976540
1786259853.690059 1513550 1100012 3388 2101 0 1508938 0 976540
1786259854.690173 1513550 1100012 3388 2101 0 1508938 0 976540
1786259855.689911 1513550 1100012 3388 2101 0 1508938 0 976540
1786259856.689969 1513550 1100012 3388 2101 0 1508938 0 976540
1786259857.690218 1513550 1100012 3388 2101 0 1508938 0 976540
1786259858.690286 1513550 1100012 3388 2101 0 1508938 0 976540
1786259859.690341 1513550 1100012 3388 2101 0 1508938 0 976540
1786259860.690345 1513550 1100012 3388 2101 0 1508938 0 976540
1786259861.690310 1513550 1100012 3388 2101 0 1508938 0 976540
1786259862.689853 1513550 1100012 3388 2101 0 1508938 0 976540
1786259863.690443 1513550 1100012 3388 2101 0 1508938 0 976540
1786259864.689689 1513550 1100012 3388 2101 0 1508938 0 976540
1786259865.690411 1513550 1100012 3388 2101 0 1508938 0 976540
1786259866.690367 1513550 1100126 3388 2101 0 1508938 0 976540
1786259867.690344 1513550 1100126 3388 2101 0 1508938 0 976540
1786259868.690467 1513550 1100126 3388 2101 0 1508938 0 976540
1786259869.690319 1513550 1100126 3388 2101 0 1508938 0 976540
1786259870.690438 1513550 1100126 3388 2101 0 1508938 0 976540
1786259871.690397 1513550 1100126 3388 2101 0 1508938 0 976540
1786259872.690354 1513550 1100126 3388 2101 0 1508938 0 976540
1786259873.690277 1513550 1100126 3388 2101 0 1508938 0 976540
1786259874.690388 1513550 1100126 3388 2101 0 1508938 0 976540
1786259875.689866 1513550 1100126 3388 2101 0 1508938 0 976540
1786259876.690343 1513550 1100243 3388 2101 0 1508938 0 976540
1786259877.689952 1513550 1100243 3388 2101 0 1508938 0 976540
1786259878.690168 1513550 1100243 3388 2101 0 1508938 0 976540
1786259879.690141 1513550 1100243 3388 2101 0 1508938 0 976540
1786259880.690273 1513550 1100243 3388 2101 0 1508938 0 976540
1786259881.690398 1513550 1100243 3388 2101 0 1508938 0 976540
1786259882.690412 1513550 1100243 3388 2101 0 1508938 0 976540
1786259883.690448 1513550 1100243 3388 2101 0 1508938 0 976540
1786259884.691098 1513550 1100243 3388 2101 0 1508938 0 976540
1786259885.689873 1513550 1100243 3388 2101 0 1508938 0 976540
1786259886.690081 1513550 1100243 3388 2101 0 1508938 0 976540
1786259887.690040 1513550 1100243 3388 2101 0 1508938 0 976540
1786259888.689864 1513550 1100243 3388 2101 0 1508938 0 976540
1786259889.695994 1513550 1100243 3388 2101 0 1508938 0 976540
1786259890.690306 1513550 1100243 3388 2101 0 1508938 0 976540
1786259891.690400 1513550 1100243 3388 2101 0 1508938 0 976540
1786259892.689945 1513550 1100243 3388 2101 0 1508938 0 976540
1786259893.690096 1513550 1100243 3388 2101 0 1508938 0 976540
1786259894.690104 1513550 1100243 3388 2101 0 1508938 0 976540
1786259895.690241 1513550 1100243 3388 2101 0 1508938 0 976540
1786259896.689870 1513550 1100367 3388 2101 0 1508938 0 976540
1786259897.690023 1513550 1100367 3388 2101 0 1508938 0 976540
1786259898.689968 1513550 1100367 3388 2101 0 1508938 0 976540
1786259899.690386 1513550 1100367 3388 2101 0 1508938 0 976540
1786259900.689803 1513550 1100367 3388 2101 0 1508938 0 976540
1786259901.690187 1513550 1100367 3388 2101 0 1508938 0 976540
1786259902.689846 1513550 1100367 3388 2101 0 1508938 0 976540
1786259903.689813 1513550 1100367 3388 2101 0 1508938 0 976540
1786259904.690478 1513550 1100367 3388 2101 0 1508938 0 976540
1786259905.690410 1513550 1100367 3388 2101 0 1508938 0 976540
1786259906.690474 1513550 1100367 3388 2101 0 1508938 0 976540
1786259907.690042 1513550 1100367 3388 2101 0 1508938 0 976540
1786259908.690101 1513550 1100367 3388 2101 0 1508938 0 976540
1786259909.689896 1513550 1100367 3388 2101 0 1508938 0 976540
1786259910.690255 1513550 1100367 3388 2101 0 1508938 0 976540
1786259911.689998 1513550 1100367 3388 2101 0 1508938 0 976540
1786259912.690057 1513550 1100367 3388 2101 0 1508938 0 976540
1786259913.690258 1513550 1100367 3388 2101 0 1508938 0 976540
1786259914.690023 1513550 1100367 3388 2101 0 1508938 0 976540
1786259915.689953 1513550 1100367 3388 2101 0 1508938 0 976540
1786259916.690405 1513550 1100367 3388 2101 0 1508938 0 976540
1786259917.690421 1513550 1100367 3388 2101 0 1508938 0 976540
1786259918.690221 1513550 1100367 3388 2101 0 1508938 0 976540
1786259919.690491 1513550 1100367 3388 2101 0 1508938 0 976540
1786259920.690450 1513550 1100367 3388 2101 0 1508938 0 976540
1786259921.690394 1513550 1100367 3388 2101 0 1508938 0 976540
1786259922.690351 1513550 1100367 3388 2101 0 1508938 0 976540
1786259923.690346 1513550 1100367 3388 2101 0 1508938 0 976540
1786259924.690278 1513550 1100367 3388 2101 0 1508938 0 976540
1786259925.690533 1513550 1100367 3388 2101 0 1508938 0 976540
1786259926.690456 1513550 1100367 3388 2101 0 1508938 0 976540
1786259927.690355 1513550 1100863 3388 2101 0 1508938 0 976540
1786259928.693502 1514190 1100914 3388 2101 0 1509578 0 976540
1786259929.690374 1514190 1100914 3388 2101 0 1509578 0 976540
1786259930.692833 1514190 1100914 3388 2101 0 1509578 0 976557
1786259931.690322 1514190 1100914 3388 2101 0 1509578 0 976557
1786259932.690194 1514190 1100914 3388 2101 0 1509578 0 976557
1786259933.690187 1514190 1100914 3388 2101 0 1509578 0 976557
1786259934.690196 1514190 1100914 3388 2101 0 1509578 0 976557
1786259935.690545 1514190 1100914 3388 2101 0 1509578 0 976557
1786259936.690346 1514190 1100914 3388 2101 0 1509578 0 976557
1786259937.690207 1514190 1101394 3388 2101 0 1509578 0 976557
1786259938.690350 1514190 1101394 3388 2101 0 1509578 0 976557
1786259939.689842 1514190 1101394 3388 2101 0 1509578 0 976557
1786259940.689860 1514190 1101394 3388 2101 0 1509578 0 976557
