# start_epoch=1786261840.041327  page_size=4096  cachestat=ok  fields=size,resident,shared,text,lib,data,dt,pagecache
1786261841.041575 172398 27148 7733 99 0 158392 0 1
1786261842.041492 172398 27148 7733 99 0 158392 0 1
1786261843.047422 2818282 52152 32264 99 0 162488 0 41338
1786261844.050212 2838572 54236 33303 99 0 174264 0 45514
1786261845.052517 2884769 95056 72889 99 0 175160 0 83017
1786261846.051540 2886432 88416 65288 99 0 176696 0 88584
1786261847.050653 2895718 89137 66499 99 0 177336 0 93852
1786261848.053292 2905210 89561 66397 99 0 178232 0 100491
1786261849.053522 2913800 88808 65643 99 0 178232 0 105102
1786261850.053222 2930208 89586 66421 99 0 178232 0 110494
1786261851.054824 2960968 116062 92897 99 0 178232 0 146526
1786261852.054091 2949432 104057 82352 99 0 178232 0 153867
1786261853.054264 2958070 104409 82026 99 0 178232 0 155758
1786261854.056365 4025094 108163 85772 99 0 178232 0 161829
1786261855.056338 2956950 92396 69952 99 0 178232 0 165307
1786261856.057795 2965578 90784 68328 99 0 178232 0 168568
1786261857.055432 2974227 88462 66842 99 0 178232 0 170889
1786261858.059055 2982881 87288 65660 99 0 178232 0 174481
1786261859.063602 2991483 87729 64976 99 0 178232 0 180890
1786261860.057869 3018455 114540 91741 99 0 178232 0 216365
1786261861.058214 3018439 105414 82603 99 0 178232 0 221846
1786261862.058043 3027065 104956 82143 99 0 178232 0 222653
1786261863.147470 3017375 93584 70771 99 0 178232 0 229260
1786261864.060853 3025994 92213 69400 99 0 178232 0 232104
1786261865.061808 3034625 90644 67831 99 0 178232 0 234867
1786261866.062291 3043268 89398 66585 99 0 178232 0 237916
1786261867.065938 3051828 88166 65401 99 0 178232 0 242117
1786261868.059348 3078803 109690 86916 99 0 178232 0 257364
1786261869.060262 3087399 109069 86995 99 0 178232 0 275545
1786261870.064289 3087372 103438 82484 99 0 178232 0 287596
1786261871.065807 4154404 110008 87928 99 0 178232 0 292018
1786261872.148235 3086260 92143 70605 99 0 178232 0 297164
1786261873.148331 3094881 90854 69301 99 0 178232 0 300576
1786261874.148582 3103517 89642 68015 99 0 178232 0 304301
1786261875.147754 3112141 88391 66763 99 0 178232 0 307677
1786261876.153020 3120790 86979 65339 99 0 178232 0 310528
1786261877.064638 3147780 113449 91807 99 0 178232 0 345103
1786261878.151544 3147730 104463 82897 99 0 178232 0 351687
1786261879.148812 3156318 104072 82504 99 0 178232 0 352843
1786261880.157278 3146620 92560 70988 99 0 178232 0 358852
1786261881.151227 3155219 91259 69637 99 0 178232 0 361293
1786261882.153082 3163882 89717 68074 99 0 178232 0 364536
1786261883.153218 3172518 88260 66617 99 0 178232 0 367144
1786261884.155908 3188963 94742 73099 99 0 178232 0 370642
1786261885.147254 3199497 104961 83318 99 0 178232 0 396697
1786261886.149289 3208101 104453 82810 99 0 178232 0 404806
1786261887.156367 3198406 91994 71116 99 0 178232 0 410250
1786261888.154373 3207052 90523 69644 99 0 178232 0 412911
1786261889.154231 3215683 88657 67820 99 0 178232 0 414696
1786261890.157287 3224302 86928 66087 99 0 178232 0 417439
1786261891.153601 3242601 104565 83709 99 0 178232 0 412393
1786261892.149705 3251200 104081 83223 99 0 178232 0 455760
1786261893.157613 3241488 92631 71763 99 0 178232 0 436824
1786261894.157222 3250122 90952 70083 99 0 178232 0 457442
1786261895.157086 3258702 89011 68146 99 0 178232 0 459375
1786261896.151730 3267323 86821 65954 99 0 178232 0 458369
1786261897.151806 3294281 113149 92281 99 0 178232 0 492027
1786261898.153363 3294297 103935 83064 99 0 178232 0 497447
1786261899.151869 4361341 110501 89627 99 0 178232 0 499081
1786261900.160266 3293200 91363 70488 99 0 178232 0 502822
1786261901.162086 3301816 89629 68753 99 0 178232 0 504881
1786261902.152405 3310398 86760 66579 99 0 178232 0 502793
1786261903.152194 3348882 118435 98251 99 0 178232 0 516559
1786261904.153557 3337345 104588 83277 99 0 178232 0 540237
1786261905.247496 3327653 92949 71638 99 0 178232 0 523114
1786261906.160787 3336345 91406 70073 99 0 178232 0 544104
1786261907.161583 3344961 89265 67931 99 0 178232 0 544687
1786261908.248327 3353595 86592 66612 99 0 178232 0 546671
1786261909.157835 3392120 112761 92781 99 0 178232 0 559652
1786261910.157926 3380569 103577 83559 99 0 178232 0 584929
1786261911.253218 3370860 92226 71610 99 0 178232 0 565610
1786261912.248941 3379491 90055 69278 99 0 178232 0 584214
1786261913.248762 3389134 87627 67654 99 0 179256 0 585918
1786261914.161377 3407477 104319 84373 99 0 179256 0 577105
1786261915.161568 3416103 104786 83711 99 0 179256 0 612533
1786261916.161481 3424736 104443 83368 99 0 179256 0 621692
1786261917.250831 3415027 91601 71275 99 0 179256 0 625770
1786261918.251895 3423629 89609 69000 99 0 179256 0 626113
1786261919.252823 3432257 88047 66569 99 0 179256 0 626573
1786261920.163446 3470784 115945 94466 99 0 179256 0 637845
1786261921.162373 3459264 105098 83616 99 0 179256 0 655088
1786261922.248095 3449557 93909 72427 99 0 179256 0 655464
1786261923.253631 3458159 91703 70219 99 0 179256 0 664593
1786261924.253650 3466728 89326 67840 99 0 179256 0 664059
1786261925.258811 3493714 96343 74851 99 0 179256 0 664627
1786261926.164511 3493697 105408 83916 99 0 179256 0 691529
1786261927.247331 4550248 101250 79803 99 0 179256 0 689074
1786261928.255379 3492663 92506 71057 99 0 179256 0 702224
1786261929.249473 3501250 90051 68600 99 0 179256 0 700133
1786261930.255564 3509863 87797 66344 99 0 179256 0 699902
1786261931.164811 3528221 105337 83884 99 0 179256 0 732414
1786261932.255561 3518506 93756 72341 99 0 179256 0 724236
1786261933.258515 3527145 91542 70124 99 0 179256 0 733635
1786261934.260710 3535764 89715 68297 99 0 179256 0 734822
1786261935.257824 3554063 106383 84964 99 0 179256 0 724687
1786261936.162647 3562676 105458 84038 99 0 179256 0 766475
1786261937.256382 4619205 99202 77780 99 0 179256 0 756790
1786261938.260377 3561630 92166 70741 99 0 179256 0 769406
1786261939.261466 3570284 88687 67766 99 0 179256 0 767526
1786261940.261303 3588598 105465 84569 99 0 179256 0 758217
1786261941.162715 3597203 104829 83894 99 0 179256 0 800921
1786261942.263719 3587488 92653 71714 99 0 179256 0 792556
1786261943.347432 3596131 91117 70174 99 0 179256 0 803154
1786261944.348663 3604782 89270 68309 99 0 179256 0 803474
1786261945.255516 3643237 122140 101179 99 0 179256 0 802098
1786261946.249988 3631688 105389 84254 99 0 179256 0 828179
1786261947.268555 3621973 92573 72301 99 0 179256 0 816066
1786261948.262322 3630586 90480 69463 99 0 179256 0 833415
1786261949.252351 3639173 88136 67117 99 0 179256 0 830442
1786261950.256177 3657531 106180 84440 99 0 179256 0 863399
1786261951.255016 4724573 112278 90537 99 0 179256 0 862830
1786261952.347126 3656432 91700 69945 99 0 179256 0 861041
1786261953.351882 3665109 89198 67427 99 0 179256 0 860109
1786261954.255001 3692067 114856 93083 99 0 179256 0 878706
1786261955.254830 3692066 105889 84104 99 0 179256 0 888150
1786261956.352578 3682359 92971 71697 99 0 179256 0 876240
1786261957.352462 3690978 90397 69540 99 0 179256 0 895012
1786261958.354426 3699585 88182 67258 99 0 179256 0 892534
1786261959.259138 3717928 105045 84431 99 0 179256 0 922124
1786261960.354390 3708213 92531 72586 99 0 179256 0 913077
1786261961.351678 3716862 90281 69803 99 0 179256 0 920730
1786261962.354762 3725498 88931 67583 99 0 179256 0 920639
1786261963.251507 3743812 106139 84789 99 0 179256 0 949469
1786261964.263753 4810860 107865 86499 99 0 179256 0 948602
1786261965.350370 3742713 92578 71211 99 0 179256 0 951710
1786261966.355432 3751359 89201 68210 99 0 179256 0 950924
1786261967.358924 3789843 120752 99756 99 0 179256 0 942419
1786261968.258740 3778323 104839 84518 99 0 179256 0 982765
1786261969.358185 3768614 93561 72547 99 0 179256 0 963842
1786261970.354670 3777198 91306 70015 99 0 179256 0 981673
1786261971.359593 3785814 88951 67654 99 0 179256 0 981792
1786261972.260530 3805196 107160 84846 99 0 180280 0 1010179
1786261973.350871 4872262 113080 90867 99 0 180280 0 1012415
1786261974.358583 3804126 92981 71564 99 0 180280 0 1013666
1786261975.357218 3812731 90698 69017 99 0 180280 0 1012031
1786261976.363596 3831059 106835 85139 99 0 180280 0 1002049
1786261977.260944 3839702 106331 84624 99 0 180280 0 1043422
1786261978.355506 3829990 94235 72509 99 0 180280 0 1023722
1786261979.447433 3838626 92216 69809 99 0 180280 0 1042306
1786261980.447748 3847245 88780 67463 99 0 180280 0 1040859
1786261981.262655 3865544 106107 84785 99 0 180280 0 1068064
1786261982.346923 3855829 95296 73374 99 0 180280 0 1049236
1786261983.360563 3864431 92935 70746 99 0 180280 0 1071136
1786261984.356944 3872976 90327 68135 99 0 180280 0 1069004
1786261985.357004 3899899 115727 93532 99 0 180280 0 1069019
1786261986.347173 4958331 110201 88961 99 0 180280 0 1101441
1786261987.362829 3890192 93609 71594 99 0 180280 0 1100108
1786261988.360715 3898839 90099 68985 99 0 180280 0 1098115
1786261989.451868 3937366 125630 102419 99 0 180280 0 1098375
1786261990.263994 3925816 108438 84706 99 0 180280 0 1120775
1786261991.450412 3916112 96233 72501 99 0 180280 0 1110496
1786261992.361549 3924714 93624 69873 99 0 180280 0 1126752
1786261993.455709 3943057 110192 85924 99 0 180280 0 1114971
1786261994.353206 3951700 107958 84952 99 0 180280 0 1147805
1786261995.461672 3941991 95419 72007 99 0 180280 0 1153285
1786261996.450265 3950642 92530 68415 99 0 180280 0 1147763
1786261997.451907 3977588 114838 90699 99 0 180280 0 1146649
1786261998.447197 5025485 102020 79008 99 0 180280 0 1170704
1786261999.362889 3967828 95910 72099 99 0 180280 0 1158788
1786262000.454507 3976427 92529 69119 99 0 180280 0 1176316
1786262001.351891 3994785 109365 85955 99 0 180280 0 1201533
1786262002.354870 5061853 116802 92839 99 0 180280 0 1201832
1786262003.456457 3993717 95364 71968 99 0 180280 0 1196105
1786262004.351953 4002338 90255 68846 99 0 180280 0 1196255
1786262005.263774 4020666 107888 85461 99 0 180280 0 1217291
1786262006.362005 4010951 96556 73692 99 0 180280 0 1205017
1786262007.456885 4019597 93424 70575 99 0 180280 0 1225812
1786262008.451066 4037940 109194 86340 99 0 180280 0 1209190
1786262009.352402 4046559 108682 85107 99 0 180280 0 1242330
1786262010.454528 4036850 95644 71798 99 0 180280 0 1235346
1786262011.455232 4045434 92928 68563 99 0 180280 0 1242962
1786262012.448844 4063762 109826 85449 99 0 180280 0 1240983
1786262013.367221 4054050 98193 73816 99 0 180280 0 1253087
1786262014.258524 4075417 101497 77211 99 0 182328 0 1265419
1786262015.258636 4065713 84093 58931 99 0 182328 0 1256606
1786262016.269866 4056004 66622 40627 99 0 182328 0 1218283
1786262017.148398 4040638 36353 11721 99 0 182328 0 1221282
1786262018.148436 4040638 36353 11721 99 0 182328 0 1221282
1786262019.149392 4040638 36353 11721 99 0 182328 0 1221282
1786262020.147986 4040638 36353 11721 99 0 182328 0 1221282
1786262021.150241 4040638 36353 11721 99 0 182328 0 1221282
1786262022.148652 4040638 36353 11721 99 0 182328 0 1221282
1786262023.146937 4040638 36353 11721 99 0 182328 0 1221282
1786262024.147792 4040638 36353 11721 99 0 182328 0 1221282
1786262025.147923 4040638 36353 11721 99 0 182328 0 1221282
1786262026.148176 4040638 36353 11721 99 0 182328 0 1221282
1786262027.148093 4040638 36353 11721 99 0 182328 0 1221282
1786262028.099035 4040638 36353 11721 99 0 182328 0 1221282
1786262029.148356 4040638 36353 11721 99 0 182328 0 1221282
1786262030.166214 4040616 34879 10955 99 0 182328 0 1221260
1786262031.149603 4040616 34901 10955 99 0 182328 0 1221264
1786262032.147665 4040616 34901 10955 99 0 182328 0 1221264
1786262033.148160 4040616 34901 10955 99 0 182328 0 1221264
1786262034.147839 4040616 34901 10955 99 0 182328 0 1221264
1786262035.149481 4040616 34901 10955 99 0 182328 0 1221264
1786262036.150425 4040616 34901 10955 99 0 182328 0 1221264
1786262037.150092 4040616 34901 10955 99 0 182328 0 1221264
1786262038.148707 4040616 34901 10955 99 0 182328 0 1221264
1786262039.150942 4040616 34901 10955 99 0 182328 0 1221264
1786262040.149790 4040616 34901 10955 99 0 182328 0 1221264
1786262041.148805 4040616 34901 10955 99 0 182328 0 1221264
1786262042.148400 4040616 34901 10955 99 0 182328 0 1221264
1786262043.170575 4040616 34901 10955 99 0 182328 0 1221264
1786262044.148355 4040594 34184 10212 99 0 182328 0 1221247
1786262045.099554 4040594 34184 10212 99 0 182328 0 1221247
1786262046.099063 4040594 34184 10212 99 0 182328 0 1221247
1786262047.147721 4040594 34184 10212 99 0 182328 0 1221247
1786262048.098962 4040594 34184 10212 99 0 182328 0 1221247
1786262049.147073 4040594 34184 10212 99 0 182328 0 1221247
1786262050.148171 4040594 34184 10212 99 0 182328 0 1221247
1786262051.149703 4040594 34184 10212 99 0 182328 0 1221247
1786262052.148201 4040594 34184 10212 99 0 182328 0 1221247
1786262053.147158 4040594 34184 10212 99 0 182328 0 1221247
1786262054.147587 4040594 34184 10212 99 0 182328 0 1221247
1786262055.148365 4040594 34184 10212 99 0 182328 0 1221247
1786262056.148544 4040594 34184 10212 99 0 182328 0 1221247
1786262057.181241 4075060 33356 9641 99 0 182328 0 1221226
1786262058.147944 4040572 33301 9549 99 0 182328 0 1221231
1786262059.148274 4040572 33301 9549 99 0 182328 0 1221231
1786262060.148260 4040572 33301 9549 99 0 182328 0 1221231
1786262061.147948 4040572 33301 9549 99 0 182328 0 1221231
1786262062.149910 4040572 33301 9549 99 0 182328 0 1221231
1786262063.147457 4040572 33301 9549 99 0 182328 0 1221231
1786262064.149413 4040572 33301 9549 99 0 182328 0 1221231
1786262065.099497 4040572 33301 9549 99 0 182328 0 1221231
1786262066.149343 4040572 33301 9549 99 0 182328 0 1221231
1786262067.148361 4040572 33301 9549 99 0 182328 0 1221231
1786262068.150263 4040572 33301 9549 99 0 182328 0 1221231
1786262069.148204 4040572 33301 9549 99 0 182328 0 1221231
1786262070.157989 4040572 33301 9549 99 0 182328 0 1196406
1786262071.147986 4040572 33292 9540 99 0 182328 0 1221234
1786262072.148211 4040572 33292 9540 99 0 182328 0 1221234
1786262073.147681 4040572 33292 9540 99 0 182328 0 1221234
1786262074.147648 4040572 33292 9540 99 0 182328 0 1221234
1786262075.148152 4040572 33292 9540 99 0 182328 0 1221234
1786262076.148062 4040572 33292 9540 99 0 182328 0 1221234
1786262077.148018 4040572 33292 9540 99 0 182328 0 1221234
1786262078.150214 4040572 33292 9540 99 0 182328 0 1221234
1786262079.148728 4040572 33292 9540 99 0 182328 0 1221234
1786262080.148844 4040572 33292 9540 99 0 182328 0 1221234
1786262081.146983 4040572 33292 9540 99 0 182328 0 1221234
1786262082.148351 4040572 33292 9540 99 0 182328 0 1221234
1786262083.147194 4040572 33292 9540 99 0 182328 0 1221234
1786262084.162463 4040572 32496 9517 99 0 182328 0 1221234
1786262085.148052 4040572 32496 9517 99 0 182328 0 1221236
1786262086.149217 4040572 32496 9517 99 0 182328 0 1221236
1786262087.150839 4040572 32496 9517 99 0 182328 0 1221236
1786262088.146963 4040572 32496 9517 99 0 182328 0 1221236
1786262089.150194 4040572 32496 9517 99 0 182328 0 1221236
1786262090.147937 4040572 32496 9517 99 0 182328 0 1221236
1786262091.148352 4040572 32496 9517 99 0 182328 0 1221236
1786262092.148045 4040572 32496 9517 99 0 182328 0 1221236
1786262093.149180 4040572 32496 9517 99 0 182328 0 1221236
1786262094.147220 4040572 32496 9517 99 0 182328 0 1221236
1786262095.149220 4040572 32496 9517 99 0 182328 0 1221236
1786262096.148985 4040572 32496 9517 99 0 182328 0 1221236
1786262097.255012 4040572 32496 9517 99 0 182328 0 1198956
1786262098.255472 4042620 32489 9507 99 0 184376 0 1221238
1786262099.254220 4042620 32489 9507 99 0 184376 0 1221238
1786262100.254276 4042620 32489 9507 99 0 184376 0 1221238
1786262101.257684 4042620 32489 9507 99 0 184376 0 1221238
1786262102.253357 4042620 32489 9507 99 0 184376 0 1221238
1786262103.252352 4042620 32489 9507 99 0 184376 0 1221238
1786262104.250516 4042620 32489 9507 99 0 184376 0 1221238
1786262105.251492 4042620 32489 9507 99 0 184376 0 1221238
1786262106.254351 4044669 32489 9507 99 0 186424 0 1221238
1786262107.256830 4044669 32489 9507 99 0 186424 0 1221238
1786262108.256258 4044669 32489 9507 99 0 186424 0 1221238
1786262109.255196 4044669 32489 9507 99 0 186424 0 1221238
1786262110.255792 4044669 32489 9507 99 0 186424 0 1221238
1786262111.257171 4044669 32489 9507 99 0 186424 0 1221238
1786262112.253227 4044669 32489 9507 99 0 186424 0 1221238
1786262113.253927 4046718 32449 9507 99 0 188472 0 1221238
1786262114.253301 4046718 32449 9507 99 0 188472 0 1221238
1786262115.254378 4046718 32449 9507 99 0 188472 0 1221238
1786262116.257254 4046718 32449 9507 99 0 188472 0 1221238
1786262117.253184 4046718 32449 9507 99 0 188472 0 1221238
1786262118.255444 4046718 32449 9507 99 0 188472 0 1221238
1786262119.252270 4046718 32449 9507 99 0 188472 0 1221238
1786262120.252545 4046718 32449 9507 99 0 188472 0 1221238
1786262121.257279 4048767 32452 9507 99 0 190520 0 1221238
1786262122.253503 4048767 32452 9507 99 0 190520 0 1221238
1786262123.252334 4048767 32452 9507 99 0 190520 0 1221238
1786262124.252174 4048767 32452 9507 99 0 190520 0 1221238
1786262125.254190 4048767 32452 9507 99 0 190520 0 1221238
1786262126.249234 4048767 32452 9507 99 0 190520 0 1221238
1786262127.256211 4048767 32452 9507 99 0 190520 0 1221238
1786262128.255143 4048767 32452 9507 99 0 190520 0 1221238
1786262129.254220 4048767 32452 9507 99 0 190520 0 1221238
1786262130.256399 4048767 32452 9507 99 0 190520 0 1221238
1786262131.253485 4048767 32452 9507 99 0 190520 0 1221238
1786262132.257220 4048767 32452 9507 99 0 190520 0 1221238
1786262133.250204 4048767 32452 9507 99 0 190520 0 1221238
1786262134.254365 4048767 32452 9507 99 0 190520 0 1221238
1786262135.253222 4048767 32452 9507 99 0 190520 0 1221238
1786262136.253454 4048767 32452 9507 99 0 190520 0 1221238
1786262137.253437 4048767 32452 9507 99 0 190520 0 1221238
1786262138.252547 4048767 32452 9507 99 0 190520 0 1221238
1786262139.257900 4048767 32452 9507 99 0 190520 0 1221238
1786262140.252023 4048767 32452 9507 99 0 190520 0 1221238
1786262141.257044 4048767 32452 9507 99 0 190520 0 1221238
1786262142.252427 4048767 32452 9507 99 0 190520 0 1221238
1786262143.252549 4048767 32452 9507 99 0 190520 0 1221238
1786262144.255421 4048767 32452 9507 99 0 190520 0 1221238
1786262145.256216 4048767 32452 9507 99 0 190520 0 1221238
1786262146.255576 4048767 32452 9507 99 0 190520 0 1221238
1786262147.266606 4048767 32452 9507 99 0 190520 0 1221238
1786262148.253059 4048767 32452 9507 99 0 190520 0 1221238
1786262149.252417 4048767 32452 9507 99 0 190520 0 1221238
1786262150.253235 4048767 32452 9507 99 0 190520 0 1221238
1786262151.253295 4048767 32452 9507 99 0 190520 0 1221238
1786262152.256263 4048767 32452 9507 99 0 190520 0 1221238
1786262153.254260 4048767 32452 9507 99 0 190520 0 1221238
1786262154.257246 4048767 32452 9507 99 0 190520 0 1221238
1786262155.252257 4048767 32452 9507 99 0 190520 0 1221238
1786262156.177583 4048767 32452 9507 99 0 190520 0 1221238
