# start_epoch=1786261286.358330  page_size=4096  cachestat=ok  fields=size,resident,shared,text,lib,data,dt,pagecache
1786261287.358578 172398 27186 7765 99 0 158392 0 1
1786261288.358529 172398 27186 7765 99 0 158392 0 1
1786261289.359972 2817605 49183 29454 99 0 161848 0 28373
1786261290.392840 2835930 65967 46232 99 0 161848 0 41171
1786261291.393304 2831327 54522 34772 99 0 163896 0 48706
1786261292.390750 2831327 61721 41971 99 0 163896 0 56138
1786261293.393551 2842860 51499 31749 99 0 163896 0 55752
1786261294.391926 2861160 68219 48564 99 0 163896 0 76648
1786261295.395016 2879396 91906 72251 99 0 163896 0 84974
1786261296.395492 2872723 72574 53069 99 0 163896 0 90662
1786261297.392638 2872723 78869 59358 99 0 163896 0 88565
1786261298.393656 2890959 97429 77918 99 0 163896 0 104951
1786261299.393588 2890959 103438 83925 99 0 163896 0 103385
1786261300.393474 2895597 66928 47412 99 0 163896 0 99595
1786261301.393993 2913897 89371 69855 99 0 163896 0 129595
1786261302.366039 2948467 103881 84365 99 0 163896 0 154342
1786261303.396209 2931967 106509 86982 99 0 163896 0 150612
1786261304.400357 2950203 120237 100710 99 0 163896 0 164598
1786261305.399704 2950203 122936 103404 99 0 163896 0 161487
1786261306.397787 2950203 126658 107126 99 0 163896 0 174594
1786261307.398139 2968439 142179 122647 99 0 163896 0 180209
1786261308.398516 2968439 147168 127634 99 0 163896 0 186663
1786261309.398967 2968439 151495 131961 99 0 163896 0 192085
1786261310.500814 3011669 86886 67354 99 0 163896 0 201298
1786261311.501511 2993124 102397 82878 99 0 163896 0 197502
1786261312.399119 2976012 104858 85339 99 0 163896 0 192910
1786261313.399282 2976012 107433 87914 99 0 163896 0 206283
1786261314.490385 2994248 121795 102270 99 0 163896 0 203887
1786261315.490259 2994248 123719 104194 99 0 163896 0 216385
1786261316.403195 2994248 125767 106242 99 0 163896 0 220228
1786261317.402733 3012548 140123 120597 99 0 163896 0 221232
1786261318.416920 2985475 70421 50936 99 0 163896 0 199681
1786261319.403246 3029807 89010 69524 99 0 163896 0 244895
1786261320.489787 3019434 103633 84157 99 0 163896 0 230130
1786261321.489402 3019434 106179 86703 99 0 163896 0 243574
1786261322.490207 3037734 119856 100375 99 0 163896 0 240314
1786261323.491218 3037734 122706 103225 99 0 163896 0 253628
1786261324.489960 3037734 124839 105358 99 0 163896 0 265611
1786261325.491749 3056034 140334 120851 99 0 163896 0 263502
1786261326.491625 3056034 145598 126115 99 0 163896 0 270200
1786261327.422835 3028757 71428 51963 99 0 163896 0 245589
1786261328.375382 3151402 101606 82251 99 0 163896 0 352265
1786261329.590172 3091233 105001 85745 99 0 163896 0 301762
1786261330.597474 3149324 108643 89387 99 0 163896 0 370559
1786261331.501597 3196237 111619 92363 99 0 163896 0 427443
1786261332.501157 3214473 129292 110030 99 0 163896 0 426448
1786261333.500432 3214473 135338 116076 99 0 163896 0 432060
1786261334.591910 3214473 141825 122561 99 0 163896 0 438008
1786261335.589967 3232709 159699 140434 99 0 163896 0 444386
1786261336.500496 3232709 162018 142753 99 0 163896 0 448407
1786261337.499251 3251009 176171 156906 99 0 163896 0 458240
1786261338.692195 3192482 109617 90389 99 0 163896 0 379704
1786261339.499895 3076642 95354 76126 99 0 163896 0 298206
1786261340.591470 4166247 103111 83878 99 0 163896 0 325859
1786261341.590218 3154242 117304 98071 99 0 163896 0 366147
1786261342.499804 3202719 121280 102068 99 0 163896 0 423234
1786261343.497616 3249070 135567 116354 99 0 163896 0 454753
1786261344.496751 3287988 144102 124889 99 0 163896 0 503366
1786261345.698573 3239359 147126 127920 99 0 163896 0 411684
1786261346.597604 4129465 91093 71886 99 0 163896 0 277478
1786261347.511205 3192868 96374 77302 99 0 163896 0 404533
1786261348.690928 3210337 101893 82814 99 0 163896 0 426495
1786261349.491353 3248500 104984 85914 99 0 163896 0 469114
1786261350.697338 3281297 94736 75660 99 0 163896 0 482962
1786261351.602046 3191446 79453 60377 99 0 163896 0 387807
1786261352.406574 3061986 79269 60194 99 0 163896 0 281011
1786261353.491888 3156625 96199 77124 99 0 163896 0 365417
1786261354.490132 3156625 100749 81674 99 0 163896 0 372241
1786261355.605998 3175457 121875 102796 99 0 163896 0 357122
1786261356.591675 3178870 79782 60701 99 0 163896 0 395349
1786261357.500445 3203587 89594 70507 99 0 163896 0 419085
1786261358.502598 3257203 110102 91019 99 0 163896 0 459971
1786261359.792552 3240908 118673 99581 99 0 163896 0 415472
1786261360.595604 3085912 75125 56033 99 0 163896 0 309070
1786261361.494664 3104148 89187 70095 99 0 163896 0 321528
1786261362.600426 3166167 94503 75402 99 0 163896 0 380524
1786261363.590340 3166167 97686 78585 99 0 163896 0 384230
1786261364.600578 3141522 72348 53212 99 0 163896 0 350741
1786261365.594265 3102809 75810 56674 99 0 163896 0 323218
1786261366.597362 3128507 90841 71704 99 0 163896 0 335213
1786261367.500152 3121045 96052 76909 99 0 163896 0 332366
1786261368.608999 3219144 104128 84985 99 0 163896 0 443893
1786261369.497594 4339555 118255 99122 99 0 163896 0 481676
1786261370.590008 3195782 74664 55523 99 0 163896 0 392907
1786261371.605600 3178737 79438 60291 99 0 163896 0 392734
1786261372.506686 3242877 84972 65825 99 0 163896 0 469127
1786261373.590279 3261177 101080 81941 99 0 163896 0 466954
1786261374.500073 3301978 105739 86171 99 0 163896 0 520822
1786261375.502587 3320278 126974 107417 99 0 163896 0 531271
1786261376.900685 3313132 103809 84315 99 0 163896 0 494404
1786261377.703648 3252852 78827 59333 99 0 163896 0 476813
1786261378.694920 3252852 82432 62938 99 0 163896 0 478503
1786261379.595452 3271088 99849 80349 99 0 163896 0 483833
1786261380.705344 3359399 106967 87467 99 0 163896 0 577463
1786261381.602285 3333075 111341 91871 99 0 163896 0 550686
1786261382.600291 3172322 70959 51488 99 0 163896 0 372682
1786261383.601969 3167287 72745 53274 99 0 163896 0 384104
1786261384.689843 3208372 75799 56328 99 0 163896 0 436412
1786261385.703299 3226608 90200 70686 99 0 163896 0 432691
1786261386.520829 3275794 93211 73730 99 0 163896 0 462249
1786261387.696123 3228351 108044 88667 99 0 163896 0 435158
1786261388.604777 3228351 114005 94628 99 0 163896 0 448046
1786261389.693424 3320110 121119 101740 99 0 163896 0 544518
1786261390.689804 3338410 139578 120194 99 0 163896 0 552959
1786261391.803858 3382058 109534 90150 99 0 163896 0 609432
1786261392.689559 3426868 114995 95609 99 0 163896 0 630128
1786261393.904615 3437210 131192 111837 99 0 163896 0 605425
1786261394.801170 3323454 132920 113565 99 0 163896 0 534349
1786261395.500239 3234360 79434 59761 99 0 163896 0 452852
1786261396.594181 3252596 94618 74945 99 0 163896 0 458711
1786261397.504460 3252596 97225 77552 99 0 163896 0 470857
1786261398.591835 3389215 117193 97520 99 0 163896 0 597351
1786261399.792166 3307942 121558 101881 99 0 163896 0 486285
1786261400.701077 3233375 122916 103239 99 0 163896 0 414960
1786261401.589413 3265085 93234 73557 99 0 163896 0 481571
1786261402.790201 3317091 98932 79249 99 0 163896 0 539421
1786261403.595614 3317091 105438 85755 99 0 163896 0 534751
1786261404.500090 3335391 124420 104743 99 0 163896 0 542526
1786261405.790640 3376050 130407 110357 99 0 163896 0 620041
1786261406.815470 3375832 107788 87738 99 0 163896 0 565107
1786261407.700974 3390680 82984 62934 99 0 163896 0 615267
1786261408.708578 3474731 97844 77861 99 0 163896 0 683655
1786261409.597308 3526291 102357 82374 99 0 163896 0 739828
1786261410.603973 4394862 110018 90034 99 0 163896 0 517512
1786261411.590225 3285771 74314 54365 99 0 163896 0 495273
1786261412.698537 3285771 77977 58028 99 0 163896 0 507984
1786261413.793915 3360889 83431 63478 99 0 163896 0 587630
1786261414.505632 3379189 100533 80610 99 0 163896 0 588043
1786261415.599693 3379189 107788 87785 99 0 163896 0 597104
1786261416.898312 3482340 126435 106434 99 0 163896 0 660759
1786261417.790483 3368785 121219 101218 99 0 163896 0 545030
1786261418.603020 3255671 99148 79153 99 0 163896 0 475179
1786261419.503690 3241531 96307 76310 99 0 163896 0 449291
1786261420.496165 3241531 99415 79418 99 0 163896 0 462430
1786261421.506867 3395880 120393 100396 99 0 163896 0 607787
1786261422.796742 3353566 124791 104787 99 0 163896 0 509553
1786261423.706985 3292503 126431 106427 99 0 163896 0 514989
1786261424.708121 3335283 91935 71930 99 0 163896 0 564959
1786261425.795672 3400492 98406 78394 99 0 163896 0 620829
1786261426.699858 3425575 104680 84677 99 0 163896 0 642314
1786261427.690813 3443868 121610 101606 99 0 163896 0 647822
1786261428.896375 3547742 128762 108750 99 0 163896 0 759398
1786261429.796614 3444648 131028 111016 99 0 163896 0 636121
1786261430.800721 3432934 146587 126575 99 0 163896 0 648779
1786261431.798825 3550159 151164 131150 99 0 163896 0 729960
1786261432.789250 3457232 101215 81194 99 0 163896 0 657583
1786261433.802282 3434503 115571 95548 99 0 163896 0 645509
1786261434.599767 3608183 125063 105038 99 0 163896 0 815615
1786261435.894888 3510489 127851 107823 99 0 163896 0 705187
1786261436.705968 3432414 128569 108541 99 0 163896 0 623702
1786261437.912659 3451773 135274 115283 99 0 163896 0 610961
1786261438.696413 3408830 96109 76132 99 0 163896 0 617929
1786261439.593897 3408830 101787 81810 99 0 163896 0 630941
1786261440.593171 3511770 121483 101500 99 0 163896 0 724121
1786261441.890747 3455643 123795 103812 99 0 163896 0 639642
1786261442.696392 3322956 125376 105393 99 0 163896 0 544855
1786261443.793311 4440204 122000 102016 99 0 163896 0 604076
1786261444.801394 3455737 100679 80688 99 0 163896 0 667890
1786261445.801030 3455737 105793 85802 99 0 163896 0 672612
1786261446.593952 3455737 109764 89773 99 0 163896 0 672356
1786261447.792913 3450497 128320 108373 99 0 163896 0 658345
1786261448.795080 3433149 75999 56052 99 0 163896 0 628967
1786261449.792646 3397723 81658 61711 99 0 163896 0 627006
1786261450.797545 3416016 99264 79310 99 0 163896 0 622761
1786261451.793443 3583761 109836 89882 99 0 163896 0 805374
1786261452.700058 3599900 114201 94244 99 0 163896 0 817262
1786261453.792168 3623481 128543 108616 99 0 163896 0 818180
1786261454.695933 3473554 129359 109432 99 0 163896 0 672493
1786261455.603716 3337441 95020 75093 99 0 163896 0 531258
1786261456.689371 3328290 87909 67967 99 0 163896 0 530102
1786261457.810253 3519240 77100 57176 99 0 163896 0 734545
1786261458.802901 3519240 81383 61459 99 0 163896 0 745708
1786261459.710832 3537476 97222 77291 99 0 163896 0 740847
1786261460.595201 3537476 101736 81817 99 0 163896 0 752180
1786261461.693462 3643777 119611 99692 99 0 163896 0 849002
1786261463.103594 3755600 124817 104891 99 0 163896 0 944046
1786261464.389816 3560806 123935 104009 99 0 163896 0 681932
1786261465.603415 3461501 93205 73320 99 0 163896 0 670513
1786261466.897546 3461501 100996 81117 99 0 163896 0 676689
1786261467.806287 3461501 107685 87805 99 0 163896 0 680829
1786261468.593002 3461501 113225 93358 99 0 163896 0 679995
1786261469.802929 3457946 129766 109911 99 0 163896 0 638782
1786261470.808647 3566088 135448 115593 99 0 163896 0 749716
1786261471.907194 3571494 86478 66616 99 0 163896 0 794701
1786261472.906264 3681034 106357 86495 99 0 163896 0 892529
1786261473.889831 3681034 111178 91316 99 0 163896 0 905241
1786261474.602300 3681034 113643 93780 99 0 163896 0 898312
1786261476.015492 3780982 133193 113326 99 0 163896 0 924405
1786261476.807989 3586381 134143 114276 99 0 163896 0 729824
1786261477.805150 3415881 79167 59300 99 0 163896 0 623951
1786261478.798369 3385408 83340 63466 99 0 163896 0 610671
1786261479.700598 3510245 100334 80458 99 0 163896 0 720646
1786261480.711397 3510245 103233 83356 99 0 163896 0 724276
1786261481.705896 3510245 109979 90112 99 0 163896 0 728291
1786261482.799239 3499468 127633 107754 99 0 163896 0 741940
1786261483.990470 3548914 77243 57381 99 0 163896 0 763345
1786261484.796870 3548914 83607 63740 99 0 163896 0 765876
1786261485.989977 3616817 87291 67424 99 0 163896 0 836474
1786261486.890361 3635142 102061 82192 99 0 163896 0 850430
1786261487.696841 3737547 108801 88944 99 0 163896 0 947659
1786261488.691225 3754920 113916 94069 99 0 163896 0 943136
1786261490.095410 3619905 92314 72546 99 0 163896 0 775932
1786261490.894239 3501801 76163 56404 99 0 163896 0 718371
1786261491.590286 3420577 78876 59149 99 0 163896 0 636566
1786261492.595234 3525971 95916 76187 99 0 163896 0 731593
1786261493.601310 3525971 99841 80109 99 0 163896 0 746945
1786261494.704589 3544207 117566 97829 99 0 163896 0 752743
1786261495.894179 3522211 120982 101243 99 0 163896 0 729831
1786261496.795114 3516448 126579 106840 99 0 163896 0 742022
1786261497.692645 3570533 96753 77032 99 0 163896 0 778793
1786261498.995252 3570533 101175 81452 99 0 163896 0 785159
1786261499.799921 3657964 105887 86164 99 0 163896 0 876212
1786261500.789481 3657964 111850 92136 99 0 163896 0 878964
1786261502.103516 3739998 128934 109215 99 0 163896 0 921183
1786261503.005895 3632822 130471 110752 99 0 163896 0 794514
1786261503.895068 3539148 132876 113157 99 0 163896 0 758595
1786261505.089825 4683471 137676 117950 99 0 163896 0 823505
1786261505.698364 3619704 99691 79984 99 0 163896 0 818926
1786261506.603814 3611936 102924 83217 99 0 163896 0 830084
1786261507.605987 3630251 121992 102285 99 0 163896 0 836061
1786261509.003678 3584603 127188 107509 99 0 163896 0 790456
1786261509.795737 3580744 105311 85630 99 0 163896 0 775179
1786261510.796953 3540737 85377 65694 99 0 163896 0 763907
1786261511.801561 3559019 101403 81713 99 0 163896 0 770564
1786261512.601921 3559019 105549 85859 99 0 163896 0 779468
1786261513.801070 3630280 110388 90697 99 0 163896 0 855237
1786261515.003985 3743996 125167 105467 99 0 163896 0 867652
1786261515.990961 3665950 127977 108317 99 0 163896 0 835019
1786261516.904760 3583171 103259 83599 99 0 163896 0 783373
1786261517.893304 3590242 79931 60270 99 0 163896 0 804928
1786261518.601286 3608490 93402 73753 99 0 163896 0 815077
1786261519.600592 3608490 100016 80367 99 0 163896 0 821800
1786261520.601646 3494018 102345 82852 99 0 163896 0 697790
1786261521.896026 3574718 87208 67697 99 0 163896 0 768769
1786261522.891435 3549453 78304 58793 99 0 163896 0 773181
1786261523.902512 4625837 98501 78988 99 0 163896 0 777900
1786261524.800385 3567720 97325 77805 99 0 163896 0 764687
1786261525.901639 3659111 101604 82084 99 0 163896 0 883785
1786261527.005649 3610641 115286 95784 99 0 163896 0 791679
1786261527.592578 3487879 118387 98870 99 0 163896 0 699759
1786261528.892210 3487879 122772 103255 99 0 163896 0 712962
1786261529.805094 3506179 140436 120913 99 0 163896 0 709932
1786261530.801093 3506179 146453 126930 99 0 163896 0 723101
1786261531.915640 3667363 125710 106186 99 0 163896 0 860746
1786261532.711361 3658328 122696 103183 99 0 163896 0 863953
1786261533.605561 3520587 125480 105967 99 0 163896 0 710849
1786261534.710632 3536549 141928 122387 99 0 163896 0 740157
1786261535.900945 3536549 148077 128536 99 0 163896 0 753669
1786261537.206510 3699770 119997 100456 99 0 163896 0 910254
1786261538.089354 3684149 118171 98623 99 0 163896 0 890005
1786261539.005753 3757947 125880 106332 99 0 163896 0 977379
1786261539.994241 3757947 129706 110158 99 0 163896 0 980500
1786261541.103528 3888964 145577 126043 99 0 163896 0 1106679
1786261542.101929 3888964 149533 129997 99 0 163896 0 1100607
1786261542.993617 3888964 153178 133642 99 0 163896 0 1111210
1786261544.406015 3912057 156477 136945 99 0 163896 0 1105995
1786261545.896530 3735760 94570 75036 99 0 163896 0 924680
1786261546.695728 3625654 96478 76944 99 0 163896 0 850258
1786261547.894847 3669773 100408 80865 99 0 163896 0 888837
1786261549.000673 3761676 116418 96874 99 0 163896 0 976119
1786261549.608061 3761676 125603 106066 99 0 163896 0 975765
1786261551.013434 3758145 131494 111953 99 0 163896 0 946549
1786261551.998600 3742103 102335 82794 99 0 163896 0 931629
1786261552.797621 3645408 99794 80320 99 0 163896 0 808039
1786261553.904462 3672715 102406 82928 99 0 163896 0 886139
1786261554.802691 3672715 105704 86226 99 0 163896 0 897807
1786261555.605622 3672715 109574 90105 99 0 163896 0 890949
1786261556.600882 3662314 125558 106096 99 0 163896 0 839518
1786261557.900886 3695817 128435 108945 99 0 163896 0 906625
1786261559.105583 3784155 105118 85626 99 0 163896 0 970304
1786261559.907316 3716385 94451 74959 99 0 163896 0 917226
1786261560.712576 3694135 101155 81655 99 0 163896 0 907419
1786261562.004800 3694135 107389 87889 99 0 163896 0 912644
1786261562.796329 3803521 114663 95161 99 0 163896 0 1039050
1786261564.390646 3926198 133590 114089 99 0 163896 0 1032131
1786261565.804577 3546086 78008 58517 99 0 163896 0 768262
1786261566.711014 3546086 82522 63026 99 0 163896 0 769323
1786261567.603904 3564401 97253 77764 99 0 163896 0 772347
1786261568.598294 3564401 101514 82025 99 0 163896 0 787504
1786261569.899301 3820548 119324 99834 99 0 163896 0 1030527
1786261570.696848 3736159 123827 104354 99 0 163896 0 909890
1786261572.107037 3787582 140771 121280 99 0 163896 0 998814
1786261572.997069 3812615 144663 125169 99 0 163896 0 1032783
1786261574.193242 3812615 150704 131205 99 0 163896 0 1037681
1786261575.100997 3812615 157158 137659 99 0 163896 0 1032921
1786261575.891738 3830866 171359 151859 99 0 163896 0 1028438
1786261576.897379 3963908 145500 125999 99 0 163896 0 1150882
1786261577.697153 3892933 131667 112178 99 0 163896 0 1111453
1786261578.697369 3911211 150065 130576 99 0 163896 0 1119891
1786261580.296747 3955798 155615 136108 99 0 163896 0 1061728
1786261581.099000 3835161 157226 137719 99 0 163896 0 1028036
1786261581.991409 3728589 159202 139695 99 0 163896 0 904436
1786261582.700317 3653025 164649 145132 99 0 163896 0 853236
1786261583.691970 3626139 96108 76599 99 0 163896 0 836562
1786261584.614898 3626139 99208 79699 99 0 163896 0 847615
1786261585.712637 3702223 116802 97291 99 0 163896 0 912115
1786261586.598907 3632072 123139 103637 99 0 163896 0 841306
1786261587.807362 3650372 140473 120942 99 0 163896 0 856721
1786261588.897190 3810060 145788 126257 99 0 163896 0 1021191
1786261589.989582 3802955 151727 132189 99 0 163896 0 1004079
1786261591.094523 3860102 108553 89019 99 0 163896 0 1077444
1786261591.996260 3878377 124362 104828 99 0 163896 0 1088053
1786261592.889436 3878377 126928 107393 99 0 163896 0 1089366
1786261593.706442 3878377 130651 111127 99 0 163896 0 1097283
1786261594.796158 4096054 150215 130691 99 0 163896 0 1307246
1786261595.792692 4096054 156186 136662 99 0 163896 0 1313666
1786261597.698163 4099318 172462 152929 99 0 163896 0 1238131
1786261599.194304 3678438 147575 128042 99 0 163896 0 873853
1786261599.905961 3646824 109833 90299 99 0 163896 0 860340
1786261600.906405 3645589 115861 96321 99 0 163896 0 863330
1786261601.904844 3645589 119355 99812 99 0 163896 0 865304
1786261602.799267 3645589 123079 103535 99 0 163896 0 868322
1786261603.894236 3765177 139220 119685 99 0 163896 0 977639
1786261604.889507 3765177 140970 121435 99 0 163896 0 979514
1786261605.823941 3765177 143301 123766 99 0 163896 0 909798
1786261607.002986 3791517 159104 139548 99 0 163896 0 930725
1786261608.005080 3721272 162899 143343 99 0 163896 0 941192
1786261609.000606 3802322 142186 122625 99 0 163896 0 975644
1786261610.093213 3762406 106991 87430 99 0 163896 0 1014449
1786261611.093687 3864740 123957 104186 99 0 163896 0 1076104
1786261611.998948 3864740 127908 108137 99 0 163896 0 1087109
1786261613.201076 3966094 131873 112102 99 0 163896 0 1189966
1786261613.904456 3966094 134844 115073 99 0 163896 0 1208818
1786261614.896764 4032885 151742 132033 99 0 163896 0 1242902
1786261615.812503 4032885 157032 137323 99 0 163896 0 1255090
1786261616.697157 3997568 171949 152300 99 0 163896 0 1177371
1786261617.920342 3741311 172543 152886 99 0 163896 0 953492
1786261618.794422 3828345 174937 155311 99 0 163896 0 1050181
1786261619.997869 3929027 189583 169980 99 0 163896 0 1116470
1786261621.104406 3832971 110817 91214 99 0 163896 0 1054399
1786261621.895581 3934441 115653 96089 99 0 163896 0 1150472
1786261623.003230 5010763 138221 118657 99 0 163896 0 1163284
1786261623.993094 3952677 139855 120291 99 0 163896 0 1167971
1786261625.297717 4144107 147460 127896 99 0 163896 0 1364183
1786261626.304076 4144107 153098 133533 99 0 163896 0 1367956
1786261628.292452 4237559 175670 156108 99 0 163896 0 1376463
1786261629.398368 4136885 178855 159293 99 0 163896 0 1327327
1786261631.013805 3975604 198538 178565 99 0 163896 0 1147049
1786261632.204146 3840490 164902 144972 99 0 163896 0 1012681
1786261632.908736 3733108 140406 120532 99 0 163896 0 918569
1786261633.803656 3690909 135373 115499 99 0 163896 0 899378
1786261634.614283 3690909 139296 119422 99 0 163896 0 903544
1786261635.697460 3690909 141767 121893 99 0 163896 0 906906
1786261636.802287 3709145 157438 137564 99 0 163896 0 919181
1786261637.692124 3782276 165175 145301 99 0 163896 0 997284
1786261639.610497 4118456 166898 147008 99 0 163896 0 1222416
1786261641.105720 4021601 121788 101898 99 0 163896 0 1236771
1786261642.102884 4021601 127022 106996 99 0 163896 0 1227816
1786261642.911899 4108230 144696 124709 99 0 163896 0 1326806
1786261644.396922 4247855 149326 129338 99 0 163896 0 1462048
1786261646.095785 4340628 170718 150729 99 0 163896 0 1554551
1786261647.092973 4340628 174208 154219 99 0 163896 0 1557135
1786261648.499443 4371165 178176 158196 99 0 163896 0 1533174
1786261650.304568 4180651 194738 174758 99 0 163896 0 1377444
1786261651.296055 4085033 195631 175646 99 0 163896 0 1265163
1786261652.392552 4073602 197869 177884 99 0 163896 0 1211214
1786261654.101181 3842832 122738 102752 99 0 163896 0 1051788
1786261654.702092 4835442 142650 122664 99 0 163896 0 954477
1786261655.696932 3834830 144040 124064 99 0 163896 0 1046033
1786261657.112800 3785792 149210 129242 99 0 163896 0 985277
1786261658.003585 3812180 164144 144162 99 0 163896 0 1014313
1786261659.193589 3824111 166548 146566 99 0 163896 0 948540
1786261660.104131 3801935 95432 75450 99 0 163896 0 1030017
1786261661.097834 3861458 110640 90652 99 0 163896 0 1065269
1786261661.894246 3861458 115328 95340 99 0 163896 0 1077327
1786261662.802265 3861458 120861 100884 99 0 163896 0 993005
1786261663.894785 3779234 134891 114903 99 0 163896 0 970327
1786261665.096884 3748795 141007 121019 99 0 163896 0 954560
1786261666.194711 3813484 145869 125933 99 0 163896 0 1027759
1786261667.101733 3813484 150914 130978 99 0 163896 0 1031065
1786261667.894095 4975988 123539 103602 99 0 163896 0 1120705
1786261669.099248 3913866 127065 107127 99 0 163896 0 1137996
1786261669.889978 4048665 131246 111327 99 0 163896 0 1265743
1786261670.899802 3935538 145044 125140 99 0 163896 0 1094009
1786261672.109283 3795699 147597 127660 99 0 163896 0 993318
1786261672.990389 3783410 148924 128987 99 0 163896 0 1002102
1786261673.896946 3783410 151063 131126 99 0 163896 0 1013076
1786261675.208539 3872687 157537 137591 99 0 163896 0 1002727
1786261676.092565 3766728 114442 94501 99 0 163896 0 981053
1786261677.107089 3865361 119707 99766 99 0 163896 0 1083506
1786261677.896728 3865361 124107 104166 99 0 163896 0 1093709
1786261679.001193 3897634 140507 120565 99 0 163896 0 1112755
1786261679.896971 4026527 146690 126748 99 0 163896 0 1244965
1786261681.194089 4003597 151417 131472 99 0 163896 0 1168403
1786261681.905402 3883736 155256 135311 99 0 163896 0 1080655
1786261682.789869 3871606 171781 151829 99 0 163896 0 1073057
1786261683.905398 3871606 177162 157208 99 0 163896 0 1085738
1786261684.890025 3871606 180098 160144 99 0 163896 0 1096666
1786261686.010303 3922113 181875 161997 99 0 163896 0 1091325
1786261686.791697 4005296 124517 104646 99 0 163896 0 1205640
1786261688.014493 4013624 127287 107403 99 0 163896 0 1229471
1786261689.099933 4013624 133256 113372 99 0 163896 0 1233721
1786261690.203155 4059870 140233 120342 99 0 163896 0 1267340
1786261691.505253 4253390 122578 102697 99 0 163896 0 1432480
1786261693.094431 3963088 110892 91009 99 0 163896 0 1177913
1786261693.808206 3963088 115907 96036 99 0 163896 0 1186082
1786261694.696048 3976362 132594 112730 99 0 163896 0 1185821
1786261695.812298 4006219 149656 129792 99 0 163896 0 1183499
1786261696.792438 3885951 151463 131634 99 0 163896 0 1081773
1786261698.092619 3991421 156832 136991 99 0 163896 0 1214799
1786261699.401498 4085030 133887 114044 99 0 163896 0 1274844
1786261700.793090 4058402 128889 109083 99 0 163896 0 1265352
1786261701.793642 4058402 131881 112075 99 0 163896 0 1275632
1786261702.600259 4058402 134939 115131 99 0 163896 0 1266581
1786261704.006679 4301919 138663 119309 99 0 163896 0 1442446
1786261704.803072 4024670 137030 117676 99 0 163896 0 1135556
1786261705.603597 3864922 61497 42143 99 0 163896 0 1070682
1786261706.521846 3864922 70679 51325 99 0 163896 0 1067395
1786261707.415841 3911975 70979 51625 99 0 163896 0 1111288
1786261708.424435 3912432 71006 51684 99 0 163896 0 1111750
1786261709.412577 3912432 71006 51684 99 0 163896 0 1111750
1786261710.417156 3956960 71294 51972 99 0 163896 0 1156279
1786261711.415660 3737392 32973 13707 99 0 163896 0 936714
1786261712.414772 3737392 32973 13707 99 0 163896 0 936714
1786261713.413436 3737392 32973 13707 99 0 163896 0 936714
1786261714.415339 3737392 32973 13707 99 0 163896 0 936714
1786261715.403254 3737392 32973 13707 99 0 163896 0 936714
1786261716.408048 3599623 32292 13026 99 0 163896 0 798950
1786261717.408128 3645311 32605 13338 99 0 163896 0 844638
1786261718.398859 3645311 32605 13338 99 0 163896 0 844638
1786261719.423852 3719621 33013 13745 99 0 163896 0 918949
1786261720.419526 3719621 33013 13745 99 0 163896 0 918950
1786261721.511716 3749164 33309 14039 99 0 163896 0 946093
1786261722.415747 3746762 33275 14005 99 0 163896 0 946095
1786261723.415186 3746762 33275 14005 99 0 163896 0 946095
1786261724.414895 3746762 33275 14005 99 0 163896 0 946095
1786261725.419112 3746762 33275 14005 99 0 163896 0 946095
1786261726.403831 3746762 33275 14005 99 0 163896 0 946095
1786261727.403600 3746762 33275 14005 99 0 163896 0 946095
1786261728.416220 3576882 32351 13146 99 0 163896 0 776221
1786261729.395638 3576882 32351 13146 99 0 163896 0 776221
1786261730.395598 3576882 32351 13146 99 0 163896 0 776221
1786261731.395596 3576882 32351 13146 99 0 163896 0 776221
1786261732.395616 3576874 32234 13026 99 0 163896 0 776214
1786261733.395676 3576874 32234 13026 99 0 163896 0 776214
1786261734.395639 3576874 32234 13026 99 0 163896 0 776214
1786261735.395928 3576874 32234 13026 99 0 163896 0 776214
1786261736.399749 3576867 32131 12923 99 0 163896 0 776209
1786261737.396067 3576867 32131 12923 99 0 163896 0 776209
1786261738.395442 3576867 32131 12923 99 0 163896 0 776209
1786261739.395481 3576867 32131 12923 99 0 163896 0 776209
1786261740.397769 3576861 32077 12869 99 0 163896 0 776204
1786261741.395664 3576861 32077 12869 99 0 163896 0 776204
1786261742.396035 3576861 32077 12869 99 0 163896 0 776204
1786261743.395524 3576861 32077 12869 99 0 163896 0 776204
1786261744.395558 3576856 31961 12752 99 0 163896 0 776201
1786261745.395885 3576856 31961 12752 99 0 163896 0 776201
1786261746.395908 3576856 31961 12752 99 0 163896 0 776201
1786261747.395308 3576856 31961 12752 99 0 163896 0 776201
1786261748.395498 3576849 31883 12674 99 0 163896 0 776196
1786261749.395415 3576849 31883 12674 99 0 163896 0 776196
1786261750.395854 3576849 31883 12674 99 0 163896 0 776196
1786261751.395825 3576849 31883 12674 99 0 163896 0 776196
1786261752.400515 3576841 31801 12592 99 0 163896 0 776190
1786261753.395367 3576841 31801 12592 99 0 163896 0 776190
1786261754.395213 3576841 31801 12592 99 0 163896 0 776190
1786261755.395866 3576841 31801 12592 99 0 163896 0 776190
1786261756.499480 3578883 31732 12521 99 0 165944 0 776186
1786261757.497352 3578883 31732 12521 99 0 165944 0 776186
1786261758.498658 3578883 31732 12521 99 0 165944 0 776186
1786261759.499569 3578883 31732 12521 99 0 165944 0 776186
1786261760.499526 3578883 31732 12521 99 0 165944 0 776186
1786261761.497748 3578883 31732 12521 99 0 165944 0 776186
1786261762.499605 3578883 31732 12521 99 0 165944 0 776186
1786261763.499701 3578883 31732 12521 99 0 165944 0 776186
1786261764.498566 3578883 31732 12521 99 0 165944 0 776186
1786261765.496521 3580932 31736 12521 99 0 167992 0 776186
1786261766.499527 3580932 31736 12521 99 0 167992 0 776186
1786261767.500575 3580932 31736 12521 99 0 167992 0 776186
1786261768.498615 3580932 31736 12521 99 0 167992 0 776186
1786261769.499392 3580932 31736 12521 99 0 167992 0 776186
1786261770.500614 3580932 31736 12521 99 0 167992 0 776186
1786261771.499679 3580932 31736 12521 99 0 167992 0 776186
1786261772.498683 3580932 31736 12521 99 0 167992 0 776186
1786261773.498578 3580932 31736 12521 99 0 167992 0 776186
1786261774.501782 3582981 31653 12521 99 0 170040 0 776186
1786261775.497698 3582981 31653 12521 99 0 170040 0 776186
1786261776.498673 3582981 31653 12521 99 0 170040 0 776186
1786261777.500749 3582981 31653 12521 99 0 170040 0 776186
1786261778.499569 3582981 31653 12521 99 0 170040 0 776186
1786261779.501944 3582981 31653 12521 99 0 170040 0 776186
1786261780.498671 3582981 31653 12521 99 0 170040 0 776186
1786261781.498890 3582981 31653 12521 99 0 170040 0 776186
1786261782.501848 3585030 31657 12521 99 0 172088 0 776186
1786261783.497665 3585030 31657 12521 99 0 172088 0 776186
1786261784.499734 3585030 31657 12521 99 0 172088 0 776186
1786261785.498841 3585030 31657 12521 99 0 172088 0 776186
1786261786.499721 3585030 31657 12521 99 0 172088 0 776186
1786261787.497865 3585030 31657 12521 99 0 172088 0 776186
1786261788.497728 3585030 31657 12521 99 0 172088 0 776186
1786261789.499628 3585030 31657 12521 99 0 172088 0 776186
1786261790.498647 3585030 31657 12521 99 0 172088 0 776186
1786261791.499629 3585030 31657 12521 99 0 172088 0 776186
1786261792.498608 3585030 31657 12521 99 0 172088 0 776186
1786261793.497602 3585030 31657 12521 99 0 172088 0 776186
1786261794.499578 3585030 31657 12521 99 0 172088 0 776186
1786261795.498652 3585030 31657 12521 99 0 172088 0 776186
1786261796.497699 3585030 31657 12521 99 0 172088 0 776186
1786261797.499589 3585030 31657 12521 99 0 172088 0 776186
1786261798.498622 3585030 31657 12521 99 0 172088 0 776186
1786261799.499533 3585030 31657 12521 99 0 172088 0 776186
1786261800.497554 3585030 31657 12521 99 0 172088 0 776186
1786261801.498649 3585030 31657 12521 99 0 172088 0 776186
1786261802.497527 3585030 31657 12521 99 0 172088 0 776186
1786261803.499531 3585030 31657 12521 99 0 172088 0 776186
1786261804.500636 3585030 31657 12521 99 0 172088 0 776186
1786261805.498650 3585030 31657 12521 99 0 172088 0 776186
1786261806.499632 3585030 31657 12521 99 0 172088 0 776186
1786261807.499700 3585030 31657 12521 99 0 172088 0 776186
1786261808.498576 3585030 31657 12521 99 0 172088 0 776186
1786261809.497614 3585030 31657 12521 99 0 172088 0 776186
1786261810.499651 3585030 31657 12521 99 0 172088 0 776186
1786261811.497538 3585030 31657 12521 99 0 172088 0 776186
1786261812.500543 3585030 31657 12521 99 0 172088 0 776186
1786261813.498917 3585030 31657 12521 99 0 172088 0 776186
1786261814.498621 3585030 31657 12521 99 0 172088 0 776186
1786261815.498610 3585030 31657 12521 99 0 172088 0 776186
1786261816.497610 3585030 31657 12521 99 0 172088 0 776186
1786261817.498479 3585030 31657 12521 99 0 172088 0 776186
1786261818.499513 3585030 31657 12521 99 0 172088 0 776186
1786261819.499555 3585030 31657 12521 99 0 172088 0 776186
1786261820.499535 3585030 31657 12521 99 0 172088 0 776186
1786261821.498582 3585030 31657 12521 99 0 172088 0 776186
1786261822.498584 3585030 31657 12521 99 0 172088 0 776186
1786261823.499486 3585030 31657 12521 99 0 172088 0 776186
1786261824.497481 3585030 31657 12521 99 0 172088 0 776186
1786261825.498563 3585030 31657 12521 99 0 172088 0 776186
1786261826.498042 3585030 31657 12521 99 0 172088 0 776186
1786261827.500631 3585030 31657 12521 99 0 172088 0 776186
1786261828.501815 3585030 31657 12521 99 0 172088 0 776186
1786261829.499595 3585030 31657 12521 99 0 172088 0 776186
1786261830.497962 3585030 31657 12521 99 0 172088 0 776186
1786261831.497547 3585030 31657 12521 99 0 172088 0 776186
1786261832.498488 3585030 31657 12521 99 0 172088 0 776186
1786261833.504864 3585030 31657 12521 99 0 172088 0 776186
1786261834.499656 3585030 31657 12521 99 0 172088 0 776186
1786261835.499759 3585030 31657 12521 99 0 172088 0 776186
1786261836.502016 3585030 31657 12521 99 0 172088 0 776186
1786261837.500067 3585030 31657 12521 99 0 172088 0 776186
1786261838.395275 3585030 31654 12521 99 0 172088 0 776186
1786261839.395155 3585030 31654 12521 99 0 172088 0 776186
