# start_epoch=1786258039.457791  page_size=4096  cachestat=ok  fields=size,resident,shared,text,lib,data,dt,pagecache
1786258040.460922 70924 45879 2724 1589 0 66943 0 46678
1786258041.464359 70924 40167 2724 1589 0 66943 0 99715
1786258042.466522 71820 34621 2724 1589 0 67839 0 135049
1786258043.468794 71820 38609 2788 1589 0 67839 0 170368
1786258044.471067 72844 35211 2788 1589 0 68863 0 205666
1786258045.473242 72844 41440 2788 1589 0 68863 0 241075
1786258046.475238 72844 40122 2788 1589 0 68863 0 276443
1786258047.477749 74124 44239 2788 1589 0 70143 0 312066
1786258048.479958 74124 43934 2788 1589 0 70143 0 347178
1786258049.482210 74124 46777 2788 1589 0 70143 0 382547
1786258050.483408 75660 47926 2788 1589 0 71679 0 399393
1786258051.483316 75660 49898 2788 1589 0 71679 0 446199
1786258052.488763 75660 44038 2788 1589 0 71679 0 488153
1786258053.491056 75660 40711 2788 1589 0 71679 0 523777
1786258054.493360 75660 42440 2788 1589 0 71679 0 559145
1786258055.495319 77452 41083 2788 1589 0 73471 0 594513
1786258056.497797 77452 44791 2788 1589 0 73471 0 629764
1786258057.499905 77452 45949 2788 1589 0 73471 0 664481
1786258058.502099 77452 44717 2788 1589 0 73471 0 699849
1786258059.504423 77452 47374 2788 1589 0 73471 0 735217
1786258060.505406 79500 50638 2788 1589 0 75519 0 755820
1786258061.507719 79500 52174 2788 1589 0 75519 0 804943
1786258062.510258 79500 48015 2788 1589 0 75519 0 841592
1786258063.513370 79500 47750 2788 1589 0 75519 0 876704
1786258064.503721 84237 35337 2788 1589 0 80255 0 890346
1786258065.500788 85005 36090 2788 1589 0 81023 0 890347
1786258066.501052 85005 36090 2788 1589 0 81023 0 890347
1786258067.501009 85005 36090 2788 1589 0 81023 0 890348
1786258068.501592 85005 36090 2788 1589 0 81023 0 890348
1786258069.500779 85005 36090 2788 1589 0 81023 0 890349
1786258070.500968 85005 36090 2788 1589 0 81023 0 890350
1786258071.501371 85005 35922 2788 1589 0 81023 0 890351
1786258072.500813 85005 35922 2788 1589 0 81023 0 890351
1786258073.500328 86925 23995 2788 1589 0 82943 0 884103
1786258074.500600 88205 23909 2788 1589 0 84223 0 884104
1786258075.500603 88205 24056 2788 1589 0 84223 0 884104
1786258076.500325 88205 23967 2788 1589 0 84223 0 884105
1786258077.500460 88205 23967 2788 1589 0 84223 0 884105
1786258078.500003 88205 23967 2788 1589 0 84223 0 884106
1786258079.500430 88205 23967 2788 1589 0 84223 0 884107
1786258080.500423 88205 23967 2788 1589 0 84223 0 884107
1786258081.504243 88205 24814 2788 1589 0 84223 0 963643
1786258082.500067 89741 24662 2788 1589 0 85759 0 877885
1786258083.500615 89741 25406 2788 1589 0 85759 0 877885
1786258084.499809 89741 25408 2788 1589 0 85759 0 877886
1786258085.499872 89741 25430 2788 1589 0 85759 0 877886
1786258086.499646 89741 25215 2788 1589 0 85759 0 877887
1786258087.501156 89741 25387 2788 1589 0 85759 0 877888
1786258088.500737 89741 25194 2788 1589 0 85759 0 877889
1786258089.499944 89741 25194 2788 1589 0 85759 0 877889
1786258090.500468 91533 26642 2788 1589 0 87551 0 871665
1786258091.499861 91533 27154 2788 1589 0 87551 0 871665
1786258092.499984 91533 27213 2788 1589 0 87551 0 871666
1786258093.499654 91533 26943 2788 1589 0 87551 0 871667
1786258094.499385 91533 27282 2788 1589 0 87551 0 871667
1786258095.500030 91533 27282 2788 1589 0 87551 0 871668
1786258096.500168 91533 27210 2788 1589 0 87551 0 871669
1786258097.500241 91533 27217 2788 1589 0 87551 0 871669
1786258098.500157 91533 27336 2788 1589 0 87551 0 871670
1786258099.499279 93581 25009 2788 1589 0 89599 0 865446
1786258100.501375 97678 31043 2820 1589 0 93695 0 846191
1786258101.498825 185742 128650 2820 1589 0 181759 0 846191
1786258102.498854 274318 228490 2820 1589 0 270335 0 846191
1786258103.498875 367502 328330 2820 1589 0 363519 0 846191
1786258104.498755 493966 429194 2820 1589 0 489983 0 846191
1786258105.498918 579982 528010 2820 1589 0 575999 0 846191
1786258106.498878 680334 627338 2820 1589 0 676351 0 846191
1786258107.498932 800142 727690 2820 1589 0 796159 0 846191
1786258108.498838 937358 828042 2820 1589 0 933375 0 846191
1786258109.498793 1101198 927882 2820 1589 0 1097215 0 846191
1786258110.498786 1101198 1027210 2820 1589 0 1097215 0 846191
1786258111.498875 1304974 1126026 2820 1589 0 1300991 0 846191
1786258112.506884 1304974 1224842 2820 1589 0 1300991 0 846191
1786258113.498888 1545102 1325706 2820 1589 0 1541119 0 846191
1786258114.498907 1545102 1426058 2820 1589 0 1541119 0 846191
1786258115.512346 1807246 1510043 2993 1589 0 1803263 0 846191
1786258116.498993 1817486 1592357 2993 1589 0 1813503 0 846191
1786258117.502480 1817486 1676486 2993 1589 0 1813503 0 846191
1786258118.500960 1821583 1687600 2993 1589 0 1817599 0 846191
1786258119.498432 1821583 1687600 2993 1589 0 1817599 0 846191
1786258120.498784 1821583 1687600 2993 1589 0 1817599 0 846191
1786258121.498286 1821583 1687600 2993 1589 0 1817599 0 846191
1786258122.498235 1821583 1687600 2993 1589 0 1817599 0 846191
1786258123.498778 1821583 1687600 2993 1589 0 1817599 0 846191
1786258124.498284 1821583 1687600 2993 1589 0 1817599 0 846191
1786258125.498179 1821583 1687600 2993 1589 0 1817599 0 846191
1786258126.498776 1821583 1687600 2993 1589 0 1817599 0 846191
1786258127.498465 1821583 1687600 2993 1589 0 1817599 0 846191
1786258128.498528 1825680 1687605 2993 1589 0 1821695 0 846191
1786258129.498343 1825680 1687605 2993 1589 0 1821695 0 846191
1786258130.498869 1825680 1687605 2993 1589 0 1821695 0 846191
1786258131.498142 1825680 1687605 2993 1589 0 1821695 0 846191
1786258132.498267 1825680 1687605 2993 1589 0 1821695 0 846191
1786258133.498017 1825680 1687605 2993 1589 0 1821695 0 846191
1786258134.498756 1825680 1687605 2993 1589 0 1821695 0 846191
1786258135.498850 1825680 1687605 2993 1589 0 1821695 0 846191
1786258136.498795 1825680 1687605 2993 1589 0 1821695 0 846191
1786258137.498378 1825680 1687605 2993 1589 0 1821695 0 846191
1786258138.499380 1829777 1687605 2993 1589 0 1825791 0 846191
1786258139.499465 1829777 1687605 2993 1589 0 1825791 0 846191
1786258140.498236 1829777 1687605 2993 1589 0 1825791 0 846191
1786258141.498492 1829777 1687605 2993 1589 0 1825791 0 846191
1786258142.498776 1829777 1687605 2993 1589 0 1825791 0 846191
1786258143.498846 1829777 1688088 2993 1589 0 1825791 0 846191
1786258144.498132 1829777 1688088 2993 1589 0 1825791 0 846191
1786258145.498808 1829777 1688088 2993 1589 0 1825791 0 846191
1786258146.498608 1829777 1688088 2993 1589 0 1825791 0 846191
1786258147.498007 1829777 1688088 2993 1589 0 1825791 0 846191
1786258148.498747 1829777 1688088 2993 1589 0 1825791 0 846191
1786258149.498667 1829777 1688088 2993 1589 0 1825791 0 846191
1786258150.498265 1829777 1688088 2993 1589 0 1825791 0 846191
1786258151.498215 1829777 1688088 2993 1589 0 1825791 0 846191
1786258152.498733 1829777 1688088 2993 1589 0 1825791 0 846191
1786258153.498731 1829777 1688088 2993 1589 0 1825791 0 846191
1786258154.498765 1829777 1688353 2993 1589 0 1825791 0 846191
1786258155.498848 1829777 1688353 2993 1589 0 1825791 0 846191
1786258156.498811 1829777 1688353 2993 1589 0 1825791 0 846191
1786258157.498957 1829777 1688353 2993 1589 0 1825791 0 846191
1786258158.498008 1829777 1688353 2993 1589 0 1825791 0 846191
1786258159.498770 1829777 1688353 2993 1589 0 1825791 0 846191
1786258160.498712 1829777 1688353 2993 1589 0 1825791 0 846191
1786258161.498240 1829777 1688353 2993 1589 0 1825791 0 846191
1786258162.498745 1829777 1688353 2993 1589 0 1825791 0 846191
1786258163.497418 1829777 1688353 2993 1589 0 1825791 0 846191
1786258164.498793 1829777 1688353 2993 1589 0 1825791 0 846191
1786258165.498757 1829777 1688353 2993 1589 0 1825791 0 846191
1786258166.498753 1829777 1688353 2993 1589 0 1825791 0 846191
1786258167.498663 1829777 1688353 2993 1589 0 1825791 0 846191
1786258168.497392 1829777 1688353 2993 1589 0 1825791 0 846191
1786258169.498769 1829777 1688353 2993 1589 0 1825791 0 846191
1786258170.497804 1829777 1688353 2993 1589 0 1825791 0 846191
1786258171.498938 1829777 1688353 2993 1589 0 1825791 0 846191
1786258172.498680 1829777 1688353 2993 1589 0 1825791 0 846191
1786258173.498294 1829777 1688353 2993 1589 0 1825791 0 846191
1786258174.498228 1829777 1688353 2993 1589 0 1825791 0 846191
1786258175.498757 1829777 1688353 2993 1589 0 1825791 0 846191
1786258176.498151 1829777 1688353 2993 1589 0 1825791 0 846191
1786258177.498656 1829777 1688353 2993 1589 0 1825791 0 846191
1786258178.498766 1829777 1688353 2993 1589 0 1825791 0 846191
1786258179.498762 1829777 1688353 2993 1589 0 1825791 0 846191
1786258180.498769 1829777 1688353 2993 1589 0 1825791 0 846191
1786258181.498590 1829777 1688353 2993 1589 0 1825791 0 846191
1786258182.498743 1829777 1688353 2993 1589 0 1825791 0 846191
1786258183.498778 1829777 1688353 2993 1589 0 1825791 0 846191
1786258184.498481 1829777 1688353 2993 1589 0 1825791 0 846191
1786258185.498725 1829777 1688353 2993 1589 0 1825791 0 846191
1786258186.498592 1829777 1688353 2993 1589 0 1825791 0 846191
1786258187.498329 1829777 1688353 2993 1589 0 1825791 0 846191
1786258188.498767 1829777 1688353 2993 1589 0 1825791 0 846191
1786258189.498611 1829777 1688353 2993 1589 0 1825791 0 846191
1786258190.498566 1829777 1688353 2993 1589 0 1825791 0 846191
1786258191.498753 1829777 1688353 2993 1589 0 1825791 0 846191
1786258192.498409 1829777 1688353 2993 1589 0 1825791 0 846191
1786258193.498317 1829777 1688353 2993 1589 0 1825791 0 846191
1786258194.498625 1829777 1688353 2993 1589 0 1825791 0 846191
1786258195.498124 1829777 1688353 2993 1589 0 1825791 0 846191
1786258196.498061 1829777 1688353 2993 1589 0 1825791 0 846191
1786258197.498313 1829777 1688353 2993 1589 0 1825791 0 846191
1786258198.498084 1829777 1688353 2993 1589 0 1825791 0 846191
1786258199.498314 1829777 1688353 2993 1589 0 1825791 0 846191
1786258200.498626 1829777 1688353 2993 1589 0 1825791 0 846191
1786258201.498740 1829777 1688353 2993 1589 0 1825791 0 846191
1786258202.498531 1829777 1688353 2993 1589 0 1825791 0 846191
1786258203.498759 1829777 1688353 2993 1589 0 1825791 0 846191
1786258204.498299 1829777 1688353 2993 1589 0 1825791 0 846191
1786258205.497668 1829777 1688353 2993 1589 0 1825791 0 846191
1786258206.498616 1829777 1688353 2993 1589 0 1825791 0 846191
1786258207.498360 1829777 1688353 2993 1589 0 1825791 0 846191
1786258208.498066 1829777 1688353 2993 1589 0 1825791 0 846191
1786258209.498108 1829777 1688353 2993 1589 0 1825791 0 846191
1786258210.498560 1829777 1688353 2993 1589 0 1825791 0 846191
1786258211.498665 1829777 1688353 2993 1589 0 1825791 0 846191
1786258212.498575 1829777 1688353 2993 1589 0 1825791 0 846191
1786258213.498727 1829777 1688353 2993 1589 0 1825791 0 846191
1786258214.498754 1829777 1688353 2993 1589 0 1825791 0 846191
1786258215.498691 1829777 1688353 2993 1589 0 1825791 0 846191
1786258216.498610 1829777 1688353 2993 1589 0 1825791 0 846191
1786258217.498732 1829777 1688353 2993 1589 0 1825791 0 846191
1786258218.498756 1829777 1688353 2993 1589 0 1825791 0 846191
1786258219.498782 1829777 1688353 2993 1589 0 1825791 0 846191
1786258220.498373 1829777 1688353 2993 1589 0 1825791 0 846191
1786258221.498524 1829777 1688353 2993 1589 0 1825791 0 846191
1786258222.498286 1829777 1688353 2993 1589 0 1825791 0 846191
1786258223.498446 1829777 1688353 2993 1589 0 1825791 0 846191
1786258224.498643 1829777 1688353 2993 1589 0 1825791 0 846191
1786258225.498679 1829777 1688353 2993 1589 0 1825791 0 846191
1786258226.498374 1829777 1688353 2993 1589 0 1825791 0 846191
1786258227.498595 1829777 1688353 2993 1589 0 1825791 0 846191
1786258228.498280 1829777 1688353 2993 1589 0 1825791 0 846191
1786258229.498688 1829777 1688353 2993 1589 0 1825791 0 846191
1786258230.498661 1829777 1688353 2993 1589 0 1825791 0 846191
1786258231.498725 1829777 1688353 2993 1589 0 1825791 0 846191
1786258232.498752 1829777 1688353 2993 1589 0 1825791 0 846191
1786258233.498625 1829777 1688353 2993 1589 0 1825791 0 846191
1786258234.498596 1829777 1688353 2993 1589 0 1825791 0 846191
1786258235.498814 1829777 1688353 2993 1589 0 1825791 0 846191
1786258236.498714 1829777 1688353 2993 1589 0 1825791 0 846191
1786258237.498676 1829777 1688353 2993 1589 0 1825791 0 846191
1786258238.498652 1829777 1688353 2993 1589 0 1825791 0 846191
1786258239.499486 1829777 1688353 2993 1589 0 1825791 0 846191
1786258240.498588 1829777 1688353 2993 1589 0 1825791 0 846191
1786258241.498751 1829777 1688353 2993 1589 0 1825791 0 846191
1786258242.498543 1829777 1688353 2993 1589 0 1825791 0 846191
1786258243.498551 1829777 1688353 2993 1589 0 1825791 0 846191
1786258244.498178 1829777 1688353 2993 1589 0 1825791 0 846191
1786258245.498750 1829777 1688353 2993 1589 0 1825791 0 846191
1786258246.498684 1829777 1688353 2993 1589 0 1825791 0 846191
1786258247.498361 1829777 1688353 2993 1589 0 1825791 0 846191
1786258248.497859 1829777 1688353 2993 1589 0 1825791 0 846191
1786258249.498765 1829777 1688353 2993 1589 0 1825791 0 846191
1786258250.498381 1829777 1688353 2993 1589 0 1825791 0 846191
1786258251.499676 1829777 1688353 2993 1589 0 1825791 0 846191
1786258252.499551 1829777 1688353 2993 1589 0 1825791 0 846191
1786258253.498460 1829777 1688353 2993 1589 0 1825791 0 846191
1786258254.498757 1829777 1688353 2993 1589 0 1825791 0 846191
1786258255.498831 1829777 1688353 2993 1589 0 1825791 0 846191
1786258256.498123 1829777 1688353 2993 1589 0 1825791 0 846191
1786258257.498742 1829777 1688353 2993 1589 0 1825791 0 846191
1786258258.498300 1829777 1688353 2993 1589 0 1825791 0 846191
1786258259.498692 1829777 1688353 2993 1589 0 1825791 0 846191
1786258260.498302 1829777 1688353 2993 1589 0 1825791 0 846191
1786258261.498568 1829777 1688353 2993 1589 0 1825791 0 846191
1786258262.498736 1829777 1688353 2993 1589 0 1825791 0 846191
1786258263.498779 1829777 1688353 2993 1589 0 1825791 0 846191
1786258264.498875 1829777 1688353 2993 1589 0 1825791 0 846191
1786258265.498619 1829777 1688353 2993 1589 0 1825791 0 846191
1786258266.497965 1829777 1688353 2993 1589 0 1825791 0 846191
1786258267.497886 1829777 1688353 2993 1589 0 1825791 0 846191
1786258268.498746 1829777 1688353 2993 1589 0 1825791 0 846191
1786258269.498793 1829777 1688353 2993 1589 0 1825791 0 846191
1786258270.498530 1829777 1688353 2993 1589 0 1825791 0 846191
1786258271.498609 1829777 1688353 2993 1589 0 1825791 0 846191
1786258272.498762 1829777 1688353 2993 1589 0 1825791 0 846191
1786258273.498028 1829777 1688353 2993 1589 0 1825791 0 846191
1786258274.498340 1829777 1688353 2993 1589 0 1825791 0 846191
1786258275.498718 1829777 1688353 2993 1589 0 1825791 0 846191
1786258276.498556 1829777 1688353 2993 1589 0 1825791 0 846191
1786258277.498709 1829777 1688353 2993 1589 0 1825791 0 846191
1786258278.498771 1829777 1688353 2993 1589 0 1825791 0 846191
1786258279.498452 1829777 1688353 2993 1589 0 1825791 0 846191
1786258280.498284 1829777 1688353 2993 1589 0 1825791 0 846191
1786258281.498769 1829777 1688353 2993 1589 0 1825791 0 846191
1786258282.498269 1829777 1688353 2993 1589 0 1825791 0 846191
1786258283.498772 1829777 1688353 2993 1589 0 1825791 0 846191
1786258284.498545 1829777 1688353 2993 1589 0 1825791 0 846191
1786258285.498609 1829777 1688353 2993 1589 0 1825791 0 846191
1786258286.498171 1829777 1688353 2993 1589 0 1825791 0 846191
1786258287.498409 1829777 1688353 2993 1589 0 1825791 0 846191
1786258288.498190 1829777 1688353 2993 1589 0 1825791 0 846191
1786258289.498103 1829777 1688353 2993 1589 0 1825791 0 846191
1786258290.498804 1829777 1688353 2993 1589 0 1825791 0 846191
1786258291.498804 1829777 1688353 2993 1589 0 1825791 0 846191
1786258292.498775 1829777 1688353 2993 1589 0 1825791 0 846191
1786258293.498403 1829777 1688353 2993 1589 0 1825791 0 846191
1786258294.498618 1829777 1688353 2993 1589 0 1825791 0 846191
1786258295.498453 1829777 1688353 2993 1589 0 1825791 0 846191
1786258296.498677 1829777 1688353 2993 1589 0 1825791 0 846191
1786258297.498555 1829777 1688353 2993 1589 0 1825791 0 846191
1786258298.498770 1829777 1688353 2993 1589 0 1825791 0 846191
1786258299.498728 1829777 1688353 2993 1589 0 1825791 0 846191
1786258300.498771 1829777 1688353 2993 1589 0 1825791 0 846191
1786258301.498587 1829777 1688353 2993 1589 0 1825791 0 846191
1786258302.498637 1829777 1688353 2993 1589 0 1825791 0 846191
1786258303.498286 1829777 1688353 2993 1589 0 1825791 0 846191
1786258304.498142 1829777 1688353 2993 1589 0 1825791 0 846191
1786258305.498610 1829777 1688353 2993 1589 0 1825791 0 846191
1786258306.498447 1829777 1688353 2993 1589 0 1825791 0 846191
1786258307.498518 1829777 1688353 2993 1589 0 1825791 0 846191
1786258308.498681 1829777 1688353 2993 1589 0 1825791 0 846191
1786258309.498414 1829777 1688353 2993 1589 0 1825791 0 846191
1786258310.498697 1829777 1688353 2993 1589 0 1825791 0 846191
1786258311.498524 1829777 1688353 2993 1589 0 1825791 0 846191
1786258312.498647 1829777 1688353 2993 1589 0 1825791 0 846191
1786258313.498737 1829777 1688353 2993 1589 0 1825791 0 846191
1786258314.498569 1829777 1688353 2993 1589 0 1825791 0 846191
1786258315.498287 1829777 1688353 2993 1589 0 1825791 0 846191
1786258316.498586 1829777 1688353 2993 1589 0 1825791 0 846191
1786258317.498556 1829777 1688353 2993 1589 0 1825791 0 846191
1786258318.498369 1829777 1688353 2993 1589 0 1825791 0 846191
1786258319.498598 1829777 1688353 2993 1589 0 1825791 0 846191
1786258320.498487 1829777 1688353 2993 1589 0 1825791 0 846191
1786258321.498389 1829777 1688353 2993 1589 0 1825791 0 846191
1786258322.498694 1829777 1688353 2993 1589 0 1825791 0 846191
1786258323.498181 1829777 1688353 2993 1589 0 1825791 0 846191
1786258324.498261 1829777 1688353 2993 1589 0 1825791 0 846191
1786258325.498040 1829777 1688353 2993 1589 0 1825791 0 846191
1786258326.498623 1829777 1688353 2993 1589 0 1825791 0 846191
1786258327.498908 1829777 1688353 2993 1589 0 1825791 0 846191
1786258328.498692 1829777 1688353 2993 1589 0 1825791 0 846191
1786258329.498780 1829777 1688353 2993 1589 0 1825791 0 846191
1786258330.498361 1829777 1688353 2993 1589 0 1825791 0 846191
1786258331.498388 1829777 1688353 2993 1589 0 1825791 0 846191
1786258332.498713 1829777 1688353 2993 1589 0 1825791 0 846191
1786258333.498157 1829777 1688353 2993 1589 0 1825791 0 846191
1786258334.498746 1829777 1688353 2993 1589 0 1825791 0 846191
1786258335.498711 1829777 1688353 2993 1589 0 1825791 0 846191
1786258336.498577 1829777 1688353 2993 1589 0 1825791 0 846191
1786258337.498586 1829777 1688353 2993 1589 0 1825791 0 846191
1786258338.498577 1829777 1688353 2993 1589 0 1825791 0 846191
1786258339.498187 1829777 1688353 2993 1589 0 1825791 0 846191
1786258340.498190 1829777 1688353 2993 1589 0 1825791 0 846191
1786258341.498499 1829777 1688353 2993 1589 0 1825791 0 846191
1786258342.498776 1829777 1688353 2993 1589 0 1825791 0 846191
1786258343.498254 1829777 1688353 2993 1589 0 1825791 0 846191
1786258344.498735 1829777 1688353 2993 1589 0 1825791 0 846191
1786258345.498522 1829777 1688353 2993 1589 0 1825791 0 846191
1786258346.498676 1829777 1688353 2993 1589 0 1825791 0 846191
1786258347.498449 1829777 1688353 2993 1589 0 1825791 0 846191
1786258348.498481 1829777 1688353 2993 1589 0 1825791 0 846191
1786258349.498770 1829777 1688353 2993 1589 0 1825791 0 846191
1786258350.498519 1829777 1688353 2993 1589 0 1825791 0 846191
1786258351.498775 1829777 1688353 2993 1589 0 1825791 0 846191
1786258352.498496 1829777 1688353 2993 1589 0 1825791 0 846191
1786258353.500637 1829777 1688353 2993 1589 0 1825791 0 846191
1786258354.498200 1829777 1688353 2993 1589 0 1825791 0 846191
1786258355.498337 1829777 1688353 2993 1589 0 1825791 0 846191
1786258356.498300 1829777 1688353 2993 1589 0 1825791 0 846191
1786258357.499692 1829777 1688353 2993 1589 0 1825791 0 846191
1786258358.498917 1829777 1688353 2993 1589 0 1825791 0 846191
1786258359.498358 1829777 1688353 2993 1589 0 1825791 0 846191
1786258360.498734 1829777 1688353 2993 1589 0 1825791 0 846191
1786258361.498483 1829777 1688353 2993 1589 0 1825791 0 846191
1786258362.498370 1829777 1688353 2993 1589 0 1825791 0 846191
1786258363.498369 1829777 1688353 2993 1589 0 1825791 0 846191
1786258364.499594 1829777 1688353 2993 1589 0 1825791 0 846191
1786258365.498617 1829777 1688353 2993 1589 0 1825791 0 846191
1786258366.498349 1829777 1688353 2993 1589 0 1825791 0 846191
1786258367.498862 1829777 1688353 2993 1589 0 1825791 0 846191
1786258368.498909 1829777 1688353 2993 1589 0 1825791 0 846191
1786258369.498839 1829777 1688353 2993 1589 0 1825791 0 846191
1786258370.498375 1829777 1688353 2993 1589 0 1825791 0 846191
1786258371.498163 1829777 1688353 2993 1589 0 1825791 0 846191
1786258372.498878 1829777 1688353 2993 1589 0 1825791 0 846191
1786258373.498675 1829777 1688353 2993 1589 0 1825791 0 846191
1786258374.501541 1829777 1688353 2993 1589 0 1825791 0 846191
1786258375.498528 1829777 1688353 2993 1589 0 1825791 0 846191
1786258376.498236 1829777 1688353 2993 1589 0 1825791 0 846191
1786258377.498794 1829777 1688353 2993 1589 0 1825791 0 846191
1786258378.498909 1829777 1688353 2993 1589 0 1825791 0 846191
1786258379.498827 1829777 1688353 2993 1589 0 1825791 0 846191
1786258380.498227 1829777 1688353 2993 1589 0 1825791 0 846191
1786258381.498855 1829777 1688353 2993 1589 0 1825791 0 846191
1786258382.498810 1829777 1688353 2993 1589 0 1825791 0 846191
1786258383.498901 1829777 1688353 2993 1589 0 1825791 0 846191
1786258384.498796 1829777 1688353 2993 1589 0 1825791 0 846191
1786258385.498668 1829777 1688353 2993 1589 0 1825791 0 846191
1786258386.498808 1829777 1688353 2993 1589 0 1825791 0 846191
1786258387.498360 1829777 1688353 2993 1589 0 1825791 0 846191
1786258388.498598 1829777 1688353 2993 1589 0 1825791 0 846191
1786258389.498282 1829777 1688353 2993 1589 0 1825791 0 846191
1786258390.498758 1829777 1688353 2993 1589 0 1825791 0 846191
1786258391.498497 1829777 1688353 2993 1589 0 1825791 0 846191
1786258392.498912 1829777 1688353 2993 1589 0 1825791 0 846191
1786258393.498952 1829777 1688353 2993 1589 0 1825791 0 846191
1786258394.499054 1829777 1688353 2993 1589 0 1825791 0 846191
1786258395.498788 1829777 1688353 2993 1589 0 1825791 0 846191
1786258396.498529 1829777 1688353 2993 1589 0 1825791 0 846191
1786258397.498637 1829777 1688353 2993 1589 0 1825791 0 846191
1786258398.498675 1829777 1688353 2993 1589 0 1825791 0 846191
1786258399.498539 1829777 1688353 2993 1589 0 1825791 0 846191
1786258400.498584 1829777 1688353 2993 1589 0 1825791 0 846191
1786258401.498517 1829777 1688353 2993 1589 0 1825791 0 846191
1786258402.498274 1829777 1688353 2993 1589 0 1825791 0 846191
1786258403.498446 1829777 1688353 2993 1589 0 1825791 0 846191
1786258404.498669 1829777 1688353 2993 1589 0 1825791 0 846191
1786258405.498905 1829777 1688353 2993 1589 0 1825791 0 846191
1786258406.498891 1829777 1688353 2993 1589 0 1825791 0 846191
1786258407.498792 1829777 1688353 2993 1589 0 1825791 0 846191
1786258408.498606 1829777 1688353 2993 1589 0 1825791 0 846191
1786258409.498804 1829777 1688353 2993 1589 0 1825791 0 846191
1786258410.498872 1829777 1688353 2993 1589 0 1825791 0 846191
1786258411.498786 1829777 1688353 2993 1589 0 1825791 0 846191
1786258412.498649 1829777 1688353 2993 1589 0 1825791 0 846191
1786258413.498787 1829777 1688353 2993 1589 0 1825791 0 846191
1786258414.498323 1829777 1688353 2993 1589 0 1825791 0 846191
1786258415.498839 1829777 1688353 2993 1589 0 1825791 0 846191
1786258416.498853 1829777 1688353 2993 1589 0 1825791 0 846191
1786258417.498349 1829777 1688353 2993 1589 0 1825791 0 846191
1786258418.498670 1829777 1688353 2993 1589 0 1825791 0 846191
1786258419.498849 1829777 1688353 2993 1589 0 1825791 0 846191
1786258420.498167 1829777 1688353 2993 1589 0 1825791 0 846191
1786258421.501145 1829777 1688353 2993 1589 0 1825791 0 846191
1786258422.498642 1829777 1688353 2993 1589 0 1825791 0 846191
1786258423.498775 1829777 1688353 2993 1589 0 1825791 0 846191
1786258424.498883 1829777 1688353 2993 1589 0 1825791 0 846191
1786258425.498212 1829777 1688353 2993 1589 0 1825791 0 846191
1786258426.498619 1829777 1688353 2993 1589 0 1825791 0 846191
1786258427.498424 1829777 1688353 2993 1589 0 1825791 0 846191
1786258428.498281 1829777 1688353 2993 1589 0 1825791 0 846191
1786258429.499116 1829777 1688353 2993 1589 0 1825791 0 846191
1786258430.498411 1829777 1688353 2993 1589 0 1825791 0 846191
1786258431.498813 1829777 1688353 2993 1589 0 1825791 0 846191
1786258432.498974 1829777 1688353 2993 1589 0 1825791 0 846191
1786258433.498754 1829777 1688353 2993 1589 0 1825791 0 846191
1786258434.498852 1829777 1688353 2993 1589 0 1825791 0 846191
1786258435.498493 1829777 1688353 2993 1589 0 1825791 0 846191
1786258436.498386 1829777 1688353 2993 1589 0 1825791 0 846191
1786258437.502615 1829777 1688353 2993 1589 0 1825791 0 846191
1786258438.498434 1829777 1688353 2993 1589 0 1825791 0 846191
1786258439.498470 1829777 1688353 2993 1589 0 1825791 0 846191
1786258440.498744 1829777 1688353 2993 1589 0 1825791 0 846191
1786258441.498943 1829777 1688353 2993 1589 0 1825791 0 846191
1786258442.498830 1829777 1688353 2993 1589 0 1825791 0 846191
1786258443.498628 1829777 1688353 2993 1589 0 1825791 0 846191
1786258444.498908 1829777 1688353 2993 1589 0 1825791 0 846191
1786258445.498678 1829777 1688353 2993 1589 0 1825791 0 846191
1786258446.498924 1829777 1688353 2993 1589 0 1825791 0 846191
1786258447.498591 1829777 1688353 2993 1589 0 1825791 0 846191
1786258448.498421 1829777 1688353 2993 1589 0 1825791 0 846191
1786258449.498315 1829777 1688353 2993 1589 0 1825791 0 846191
1786258450.498366 1829777 1688353 2993 1589 0 1825791 0 846191
1786258451.498880 1829777 1688353 2993 1589 0 1825791 0 846191
1786258452.499047 1829777 1688353 2993 1589 0 1825791 0 846191
1786258453.498981 1829777 1688353 2993 1589 0 1825791 0 846191
1786258454.498913 1829777 1688353 2993 1589 0 1825791 0 846191
1786258455.498673 1829777 1688353 2993 1589 0 1825791 0 846191
1786258456.499056 1829777 1688353 2993 1589 0 1825791 0 846191
1786258457.498900 1829777 1688353 2993 1589 0 1825791 0 846191
1786258458.498661 1829777 1688353 2993 1589 0 1825791 0 846191
1786258459.498936 1829777 1688353 2993 1589 0 1825791 0 846191
1786258460.498550 1829777 1688353 2993 1589 0 1825791 0 846191
1786258461.498336 1829777 1688353 2993 1589 0 1825791 0 846191
1786258462.498888 1829777 1688353 2993 1589 0 1825791 0 846191
1786258463.498931 1829777 1688353 2993 1589 0 1825791 0 846191
1786258464.498339 1829777 1688353 2993 1589 0 1825791 0 846191
1786258465.498947 1829777 1688353 2993 1589 0 1825791 0 846191
1786258466.499042 1829777 1688353 2993 1589 0 1825791 0 846191
1786258467.498774 1829777 1688353 2993 1589 0 1825791 0 846191
1786258468.498239 1829777 1688353 2993 1589 0 1825791 0 846191
1786258469.498438 1829777 1688353 2993 1589 0 1825791 0 846191
1786258470.498420 1829777 1688353 2993 1589 0 1825791 0 846191
1786258471.498577 1829777 1688353 2993 1589 0 1825791 0 846191
1786258472.498581 1829777 1688353 2993 1589 0 1825791 0 846191
1786258473.498368 1829777 1688353 2993 1589 0 1825791 0 846191
1786258474.499917 1829777 1688353 2993 1589 0 1825791 0 846191
