# start_epoch=1786257463.914960  page_size=4096  cachestat=ok  fields=size,resident,shared,text,lib,data,dt,pagecache
1786257464.916399 48524 26702 2616 1589 0 44543 0 19053
1786257465.917044 58380 29913 2745 1589 0 54399 0 31304
1786257466.917786 59148 32737 2745 1589 0 55167 0 43554
1786257467.917897 59148 30753 2809 1589 0 55167 0 55822
1786257468.920567 59788 32555 2809 1589 0 55807 0 86095
1786257469.922226 59788 35880 2809 1589 0 55807 0 112820
1786257470.920956 60556 31773 2809 1589 0 56575 0 98567
1786257471.919671 60556 30630 2809 1589 0 56575 0 91769
1786257472.921092 60556 31658 2809 1589 0 56575 0 104019
1786257473.923604 60556 33277 2809 1589 0 56575 0 134292
1786257474.932094 60556 37318 2809 1589 0 56575 0 162552
1786257475.924317 60556 33762 2809 1589 0 56575 0 146545
1786257476.924220 60556 31963 2809 1589 0 56575 0 138566
1786257477.924713 60556 32956 2809 1589 0 56575 0 150816
1786257478.925743 60556 32956 2809 1589 0 56575 0 170887
1786257479.927553 60556 32414 2809 1589 0 56575 0 199112
1786257480.942848 61452 36414 2809 1589 0 57471 0 225324
1786257481.926146 61452 35958 2809 1589 0 57471 0 173614
1786257482.924424 61452 31189 2809 1589 0 57471 0 185865
1786257483.924713 61452 38142 2809 1589 0 57471 0 198114
1786257484.928905 61452 38166 2809 1589 0 57471 0 217161
1786257485.930507 61452 32647 2809 1589 0 57471 0 246410
1786257486.931256 67596 40882 2809 1589 0 63615 0 258659
1786257487.932124 67596 34149 2809 1589 0 63615 0 282087
1786257488.934275 67596 38195 2809 1589 0 63615 0 277583
1786257489.930848 67596 40268 2809 1589 0 63615 0 271216
1786257490.931466 67596 31821 2809 1589 0 63615 0 292623
1786257491.932162 67596 36559 2809 1589 0 63615 0 304874
1786257492.932922 68620 32995 2809 1589 0 64639 0 317123
1786257493.932559 68620 40817 2809 1589 0 64639 0 308598
1786257494.936661 68620 39353 2809 1589 0 64639 0 374513
1786257495.935399 68620 35816 2809 1589 0 64639 0 341212
1786257496.935606 68620 35896 2809 1589 0 64639 0 348121
1786257497.935248 68620 32667 2809 1589 0 64639 0 360371
1786257498.936169 68620 37122 2809 1589 0 64639 0 372622
1786257499.936007 68620 38733 2809 1589 0 64639 0 364143
1786257500.937254 68620 40807 2809 1589 0 64639 0 393683
1786257501.939950 68620 37337 2809 1589 0 64639 0 413292
1786257502.937411 68620 35186 2809 1589 0 64639 0 404706
1786257503.938234 68620 37140 2809 1589 0 64639 0 416956
1786257504.936487 68620 37358 2809 1589 0 64639 0 389012
1786257505.938157 68620 37529 2809 1589 0 64639 0 405735
1786257506.939107 68620 39174 2809 1589 0 64639 0 416464
1786257507.944623 68620 39564 2809 1589 0 64639 0 438319
1786257508.938841 68620 36996 2809 1589 0 64639 0 426659
1786257509.940946 68620 30407 2809 1589 0 64639 0 454817
1786257510.941093 69516 36126 2809 1589 0 65535 0 467069
1786257511.942573 69516 40347 2809 1589 0 65535 0 480804
1786257512.950438 70796 36834 2809 1589 0 66815 0 499903
1786257513.944411 70796 33407 2809 1589 0 66815 0 469748
1786257514.944872 70796 36309 2809 1589 0 66815 0 479399
1786257515.949193 70796 37426 2809 1589 0 66815 0 548109
1786257516.942637 70796 34268 2809 1589 0 66815 0 490227
1786257517.944126 70796 30481 2809 1589 0 66815 0 518451
1786257518.945733 70796 35441 2809 1589 0 66815 0 530700
1786257519.942811 70796 37047 2809 1589 0 66815 0 482178
1786257520.946565 70796 38425 2809 1589 0 66815 0 546137
1786257521.945138 70796 37265 2809 1589 0 66815 0 530002
1786257522.945569 70796 38621 2809 1589 0 66815 0 540398
1786257523.946168 70796 36049 2809 1589 0 66815 0 552647
1786257524.947973 70796 39044 2809 1589 0 66815 0 578706
1786257525.950209 72332 42688 2809 1589 0 68351 0 608502
1786257526.950459 72332 40399 2809 1589 0 68351 0 617866
1786257527.952065 72332 41091 2809 1589 0 68351 0 625072
1786257528.949391 72332 40082 2809 1589 0 68351 0 615461
1786257529.949066 72332 43224 2809 1589 0 68351 0 603317
1786257530.949630 72332 43615 2809 1589 0 68351 0 615567
1786257531.952841 72332 37205 2809 1589 0 68351 0 631957
1786257532.951624 72332 40941 2809 1589 0 68351 0 637735
1786257533.951692 72332 38998 2809 1589 0 68351 0 649985
1786257534.952581 72332 39360 2809 1589 0 68351 0 662236
1786257535.953865 72332 38148 2809 1589 0 68351 0 674487
1786257536.953947 72332 41534 2809 1589 0 68351 0 681099
1786257537.954468 73356 39735 2809 1589 0 69375 0 678893
1786257538.956177 73356 43374 2809 1589 0 69375 0 711238
1786257539.956674 73356 44010 2809 1589 0 69375 0 714289
1786257540.956599 73356 40491 2809 1589 0 69375 0 719661
1786257541.958485 73356 41301 2809 1589 0 69375 0 723638
1786257542.956473 73356 38611 2809 1589 0 69375 0 729192
1786257543.956556 73356 44412 2809 1589 0 69375 0 741442
1786257544.957848 73356 40429 2809 1589 0 69375 0 753692
1786257545.958454 73356 44632 2809 1589 0 69375 0 763067
1786257546.959069 73356 39731 2809 1589 0 69375 0 778197
1786257547.960630 73356 44388 2809 1589 0 69375 0 790450
1786257548.961285 73356 44465 2809 1589 0 69375 0 819734
1786257549.965243 73356 40097 2809 1589 0 69375 0 827123
1786257550.963736 73356 37538 2809 1589 0 69375 0 785551
1786257551.959396 73356 39086 2809 1589 0 69375 0 796012
1786257552.960539 73356 39071 2809 1589 0 69375 0 802570
1786257553.962041 73356 33148 2809 1589 0 69375 0 814821
1786257554.963098 73356 41223 2809 1589 0 69375 0 821269
1786257555.963003 73356 39155 2809 1589 0 69375 0 848263
1786257556.965241 73356 42595 2809 1589 0 69375 0 875756
1786257557.967301 73356 41970 2809 1589 0 69375 0 883254
1786257558.968796 73356 41099 2809 1589 0 69375 0 893860
1786257559.964635 73356 35841 2809 1589 0 69375 0 885017
1786257560.965868 73356 42902 2809 1589 0 69375 0 897268
1786257561.966228 73356 45319 2809 1589 0 69375 0 909519
1786257562.966677 73356 45049 2809 1589 0 69375 0 921769
1786257563.967942 73356 45288 2809 1589 0 69375 0 934021
1786257564.964502 73356 43328 2809 1589 0 69375 0 940262
1786257565.968298 73356 43624 2809 1589 0 69375 0 934945
1786257566.971303 73356 44543 2809 1589 0 69375 0 938014
1786257567.973267 73356 43723 2809 1589 0 69375 0 941613
1786257568.966898 73356 45818 2809 1589 0 69375 0 930666
1786257569.968283 73356 46179 2809 1589 0 69375 0 957055
1786257570.969767 73356 42394 2809 1589 0 69375 0 969306
1786257571.970007 73356 45679 2809 1589 0 69375 0 981557
1786257572.972362 73356 45816 2809 1589 0 69375 0 1009561
1786257573.983527 73356 45926 2809 1589 0 69375 0 1015671
1786257574.977613 75148 46055 2809 1589 0 71167 0 1006061
1786257575.978095 75148 41425 2809 1589 0 71167 0 1018312
1786257576.977645 75148 40020 2809 1589 0 71167 0 1022273
1786257577.980577 75148 41845 2809 1589 0 71167 0 1056519
1786257578.977865 75148 39867 2809 1589 0 71167 0 1042814
1786257579.967877 75148 39891 2809 1589 0 71167 0 1030268
1786257580.975982 75148 42787 2809 1589 0 71167 0 1017678
1786257581.974877 75148 40731 2809 1589 0 71167 0 1003752
1786257582.971724 75148 42034 2809 1589 0 71167 0 1011067
1786257583.972916 75148 42155 2809 1589 0 71167 0 1018198
1786257584.973825 75148 45747 2809 1589 0 71167 0 1024586
1786257585.974576 75148 42635 2809 1589 0 71167 0 1050031
1786257586.978677 75148 37586 2809 1589 0 71167 0 1034504
1786257587.973410 75148 40760 2809 1589 0 71167 0 1050504
1786257588.975078 75148 41853 2809 1589 0 71167 0 1062754
1786257589.976472 75148 41214 2809 1589 0 71167 0 1075004
1786257590.976935 75148 44844 2809 1589 0 71167 0 1105276
1786257591.978805 75148 40814 2809 1589 0 71167 0 1110140
1786257592.976487 75148 43042 2809 1589 0 71167 0 1099507
1786257593.977674 75148 42782 2809 1589 0 71167 0 1111756
1786257594.978823 75148 43514 2809 1589 0 71167 0 1124006
1786257595.980454 75148 43436 2809 1589 0 71167 0 1150475
1786257596.972598 75148 38404 2809 1589 0 71167 0 1136258
1786257597.973124 75148 38963 2809 1589 0 71167 0 1136259
1786257598.986232 75148 39627 2809 1589 0 71167 0 1299408
1786257599.976721 75148 45874 2809 1589 0 71167 0 1102655
1786257600.978425 75148 45879 2809 1589 0 71167 0 1126696
1786257601.988063 75148 41441 2809 1589 0 71167 0 1150504
1786257602.983859 75148 45126 2809 1589 0 71167 0 1106581
1786257603.983985 75148 43232 2809 1589 0 71167 0 1110430
1786257604.985587 75148 43313 2809 1589 0 71167 0 1134852
1786257605.984410 75148 43056 2809 1589 0 71167 0 1115043
1786257606.984848 75148 43048 2809 1589 0 71167 0 1118722
1786257607.987142 75148 43554 2809 1589 0 71167 0 1156651
1786257608.987359 75148 44746 2809 1589 0 71167 0 1160034
1786257609.986396 75148 42465 2809 1589 0 71167 0 1152469
1786257610.987222 75148 44405 2809 1589 0 71167 0 1164721
1786257611.989157 75148 44271 2809 1589 0 71167 0 1192469
1786257612.988260 75148 41999 2809 1589 0 71167 0 1176972
1786257613.987844 75148 42525 2809 1589 0 71167 0 1185074
1786257614.990427 75148 42962 2809 1589 0 71167 0 1218764
1786257615.989096 75148 43482 2809 1589 0 71167 0 1201475
1786257616.976967 75148 41455 2809 1589 0 71167 0 1213726
1786257617.987835 75148 42584 2809 1589 0 71167 0 1170622
1786257618.987972 75148 41783 2809 1589 0 71167 0 1177484
1786257619.982782 75148 44925 2809 1589 0 71167 0 1184366
1786257620.988064 75148 39501 2809 1589 0 71167 0 1196112
1786257621.981215 77196 42595 2809 1589 0 73215 0 1182406
1786257622.981564 77196 43650 2809 1589 0 73215 0 1186200
1786257623.982375 77196 44041 2809 1589 0 73215 0 1198453
1786257624.985463 77196 43950 2809 1589 0 73215 0 1225388
1786257625.982462 77196 45540 2809 1589 0 73215 0 1217057
1786257626.973665 81293 37138 2809 1589 0 77311 0 1210613
1786257627.973093 81293 37138 2809 1589 0 77311 0 1210614
1786257628.973079 81293 36871 2809 1589 0 77311 0 1210615
1786257629.973055 81293 37155 2809 1589 0 77311 0 1210616
1786257630.971912 81293 37156 2809 1589 0 77311 0 1176990
1786257631.973733 81293 37156 2809 1589 0 77311 0 1210618
1786257632.971442 81293 36860 2809 1589 0 77311 0 1174573
1786257633.972873 81293 37185 2809 1589 0 77311 0 1210620
1786257634.974917 81293 38192 2809 1589 0 77311 0 1186414
1786257635.971941 81293 38192 2809 1589 0 77311 0 1186415
1786257636.972227 81293 38141 2809 1589 0 77311 0 1179997
1786257637.972261 81293 38152 2809 1589 0 77311 0 1186417
1786257638.971971 81293 37811 2809 1589 0 77311 0 1186418
1786257639.972049 81293 37811 2809 1589 0 77311 0 1186420
1786257640.971999 81293 37809 2809 1589 0 77311 0 1186421
1786257641.970557 81293 37814 2809 1589 0 77311 0 1153926
1786257642.969310 81293 37921 2809 1589 0 77311 0 1131257
1786257643.971393 81293 38787 2809 1589 0 77311 0 1160227
1786257644.971889 81293 38788 2809 1589 0 77311 0 1183850
1786257645.971855 81293 38788 2809 1589 0 77311 0 1183851
1786257646.971694 81293 38790 2809 1589 0 77311 0 1183852
1786257647.971778 81293 38494 2809 1589 0 77311 0 1183853
1786257648.971664 81293 38494 2809 1589 0 77311 0 1183854
1786257649.972065 81293 38494 2809 1589 0 77311 0 1183855
1786257650.971900 81293 37809 2809 1589 0 77311 0 1183856
1786257651.974243 81293 37765 2809 1589 0 77311 0 1183857
1786257652.971917 81293 37765 2809 1589 0 77311 0 1183858
1786257653.972034 81293 37571 2809 1589 0 77311 0 1183858
1786257654.967263 81293 39071 2809 1589 0 77311 0 1086355
1786257655.967137 81293 39071 2809 1589 0 77311 0 1086356
1786257656.967114 81293 38921 2809 1589 0 77311 0 1086357
1786257657.967676 81293 38924 2809 1589 0 77311 0 1086357
1786257658.967271 81293 38324 2809 1589 0 77311 0 1086359
1786257659.967175 81293 38324 2809 1589 0 77311 0 1086360
1786257660.967071 81293 38324 2809 1589 0 77311 0 1086360
1786257661.967115 81293 37230 2809 1589 0 77311 0 1086361
1786257662.967065 81293 37200 2809 1589 0 77311 0 1086362
1786257663.966988 81293 37133 2809 1589 0 77311 0 1086363
1786257664.968947 81293 38235 2809 1589 0 77311 0 1033049
1786257665.964353 81293 29828 2809 1589 0 77311 0 1027454
1786257666.964252 81293 29828 2809 1589 0 77311 0 1027455
1786257667.964295 81293 29828 2809 1589 0 77311 0 1027455
1786257668.964343 81293 29232 2809 1589 0 77311 0 1027456
1786257669.963046 81293 29164 2809 1589 0 77311 0 1001069
1786257670.963175 81293 29103 2809 1589 0 77311 0 1001070
1786257671.963494 81293 29039 2809 1589 0 77311 0 1001071
1786257672.963511 81293 29039 2809 1589 0 77311 0 1001072
1786257673.963519 81293 28637 2809 1589 0 77311 0 1001073
1786257674.963470 81293 28637 2809 1589 0 77311 0 1001074
1786257675.963514 81293 28637 2809 1589 0 77311 0 1001075
1786257676.962920 81293 28637 2809 1589 0 77311 0 1001076
1786257677.963002 81293 28637 2809 1589 0 77311 0 1001077
1786257678.963441 81293 28587 2809 1589 0 77311 0 1001078
1786257679.963589 81293 28491 2809 1589 0 77311 0 1001079
1786257680.962382 86414 38641 2825 1589 0 82431 0 976429
1786257681.967009 203662 147763 2825 1589 0 199679 0 976429
1786257682.962309 308622 258355 2825 1589 0 304639 0 976429
1786257683.962306 418190 371507 2825 1589 0 414207 0 976429
1786257684.961759 571278 485683 2825 1589 0 567295 0 976429
1786257685.961754 673678 597299 2825 1589 0 669695 0 976429
1786257686.962440 793486 709939 2825 1589 0 789503 0 976429
1786257687.962314 930702 823091 2825 1589 0 926719 0 976429
1786257688.962481 1094542 935731 2825 1589 0 1090559 0 976429
1786257689.962323 1101710 1046835 2825 1589 0 1097727 0 976429
1786257690.962317 1302415 1071899 2825 1589 0 1298431 0 976429
1786257691.968443 1302415 1071899 2825 1589 0 1298431 0 976429
1786257692.962010 1302415 1071899 2825 1589 0 1298431 0 976429
1786257693.962284 1302415 1071899 2825 1589 0 1298431 0 976429
1786257694.962228 1302415 1071899 2825 1589 0 1298431 0 976429
1786257695.963043 1302415 1071899 2825 1589 0 1298431 0 976429
1786257696.963500 1306512 1071897 2825 1589 0 1302527 0 976429
1786257697.961773 1306512 1071897 2825 1589 0 1302527 0 976429
1786257698.962328 1306512 1071897 2825 1589 0 1302527 0 976429
1786257699.962361 1306512 1071897 2825 1589 0 1302527 0 976429
1786257700.962481 1306512 1071897 2825 1589 0 1302527 0 976429
1786257701.962328 1306512 1071897 2825 1589 0 1302527 0 976429
1786257702.961878 1306512 1071897 2825 1589 0 1302527 0 976429
1786257703.961668 1310609 1071898 2825 1589 0 1306623 0 976429
1786257704.962358 1310609 1071898 2825 1589 0 1306623 0 976429
1786257705.962222 1310609 1071898 2825 1589 0 1306623 0 976429
1786257706.962303 1310609 1071898 2825 1589 0 1306623 0 976429
1786257707.962225 1310609 1071898 2825 1589 0 1306623 0 976429
1786257708.962297 1310609 1071898 2825 1589 0 1306623 0 976429
1786257709.962342 1310609 1071898 2825 1589 0 1306623 0 976429
1786257710.962228 1310609 1071898 2825 1589 0 1306623 0 976429
1786257711.962230 1310609 1071898 2825 1589 0 1306623 0 976429
1786257712.962242 1310609 1071898 2825 1589 0 1306623 0 976429
1786257713.962157 1310609 1071898 2825 1589 0 1306623 0 976429
1786257714.962327 1310609 1071898 2825 1589 0 1306623 0 976429
1786257715.962199 1310609 1071898 2825 1589 0 1306623 0 976429
1786257716.962378 1310609 1071898 2825 1589 0 1306623 0 976429
1786257717.962264 1310609 1071898 2825 1589 0 1306623 0 976429
1786257718.962238 1310609 1071898 2825 1589 0 1306623 0 976429
1786257719.962280 1310609 1071898 2825 1589 0 1306623 0 976429
1786257720.962343 1310609 1071898 2825 1589 0 1306623 0 976429
1786257721.961742 1310609 1071898 2825 1589 0 1306623 0 976429
1786257722.962260 1310609 1071898 2825 1589 0 1306623 0 976429
1786257723.962281 1310609 1071898 2825 1589 0 1306623 0 976429
1786257724.962224 1310609 1071898 2825 1589 0 1306623 0 976429
1786257725.961726 1310609 1071898 2825 1589 0 1306623 0 976429
1786257726.962208 1310609 1071898 2825 1589 0 1306623 0 976429
1786257727.962377 1310609 1071898 2825 1589 0 1306623 0 976429
1786257728.962409 1310609 1071898 2825 1589 0 1306623 0 976429
1786257729.962307 1310609 1071898 2825 1589 0 1306623 0 976429
1786257730.962251 1310609 1071898 2825 1589 0 1306623 0 976429
1786257731.962206 1310609 1071898 2825 1589 0 1306623 0 976429
1786257732.962196 1310609 1071898 2825 1589 0 1306623 0 976429
1786257733.962288 1310609 1071898 2825 1589 0 1306623 0 976429
1786257734.962266 1310609 1071898 2825 1589 0 1306623 0 976429
1786257735.963498 1310609 1071898 2825 1589 0 1306623 0 976429
1786257736.962248 1310609 1071898 2825 1589 0 1306623 0 976429
1786257737.962258 1310609 1071898 2825 1589 0 1306623 0 976429
1786257738.961642 1310609 1071898 2825 1589 0 1306623 0 976429
1786257739.962057 1310609 1071898 2825 1589 0 1306623 0 976429
1786257740.961681 1310609 1071898 2825 1589 0 1306623 0 976429
1786257741.961617 1310609 1071898 2825 1589 0 1306623 0 976429
1786257742.962232 1310609 1071898 2825 1589 0 1306623 0 976429
1786257743.961924 1310609 1071898 2825 1589 0 1306623 0 976429
1786257744.961747 1310609 1071912 2825 1589 0 1306623 0 976429
1786257745.962196 1310609 1071912 2825 1589 0 1306623 0 976429
1786257746.962223 1310609 1071912 2825 1589 0 1306623 0 976429
1786257747.962177 1310609 1071912 2825 1589 0 1306623 0 976429
1786257748.962354 1310609 1071912 2825 1589 0 1306623 0 976429
1786257749.962228 1310609 1071912 2825 1589 0 1306623 0 976429
1786257750.962244 1310609 1071912 2825 1589 0 1306623 0 976429
1786257751.962232 1310609 1071912 2825 1589 0 1306623 0 976429
1786257752.962172 1310609 1071912 2825 1589 0 1306623 0 976429
1786257753.962299 1310609 1071912 2825 1589 0 1306623 0 976429
1786257754.962279 1310609 1071912 2825 1589 0 1306623 0 976429
1786257755.962232 1310609 1071912 2825 1589 0 1306623 0 976429
1786257756.962349 1310609 1071912 2825 1589 0 1306623 0 976429
1786257757.962365 1310609 1071912 2825 1589 0 1306623 0 976429
1786257758.962235 1310609 1071912 2825 1589 0 1306623 0 976429
1786257759.962408 1310609 1071912 2825 1589 0 1306623 0 976429
1786257760.962305 1310609 1071912 2825 1589 0 1306623 0 976429
1786257761.962228 1310609 1071912 2825 1589 0 1306623 0 976429
1786257762.962198 1310609 1071912 2825 1589 0 1306623 0 976429
1786257763.961615 1310609 1071912 2825 1589 0 1306623 0 976429
1786257764.961599 1310609 1071912 2825 1589 0 1306623 0 976429
1786257765.962191 1310609 1071912 2825 1589 0 1306623 0 976429
1786257766.962257 1310609 1071912 2825 1589 0 1306623 0 976429
1786257767.961608 1310609 1071912 2825 1589 0 1306623 0 976429
1786257768.962252 1310609 1071912 2825 1589 0 1306623 0 976429
1786257769.962177 1310609 1071912 2825 1589 0 1306623 0 976429
1786257770.961620 1310609 1071912 2825 1589 0 1306623 0 976429
1786257771.961814 1310609 1071912 2825 1589 0 1306623 0 976429
1786257772.962396 1310609 1071912 2825 1589 0 1306623 0 976429
1786257773.962153 1310609 1071912 2825 1589 0 1306623 0 976429
1786257774.962228 1310609 1071912 2825 1589 0 1306623 0 976429
1786257775.962333 1310609 1071912 2825 1589 0 1306623 0 976429
1786257776.962211 1310609 1071912 2825 1589 0 1306623 0 976429
1786257777.962241 1310609 1071912 2825 1589 0 1306623 0 976429
1786257778.962200 1310609 1071912 2825 1589 0 1306623 0 976429
1786257779.961612 1310609 1071912 2825 1589 0 1306623 0 976429
1786257780.961631 1310609 1071912 2825 1589 0 1306623 0 976429
1786257781.961710 1310609 1071912 2825 1589 0 1306623 0 976429
1786257782.961580 1310609 1071912 2825 1589 0 1306623 0 976429
1786257783.963487 1310609 1071912 2825 1589 0 1306623 0 976429
1786257784.962871 1310609 1071912 2825 1589 0 1306623 0 976429
1786257785.962281 1310609 1071912 2825 1589 0 1306623 0 976429
1786257786.962218 1310609 1071912 2825 1589 0 1306623 0 976429
1786257787.962385 1310609 1071912 2825 1589 0 1306623 0 976429
1786257788.962208 1310609 1071912 2825 1589 0 1306623 0 976429
1786257789.961629 1310609 1071912 2825 1589 0 1306623 0 976429
1786257790.962454 1310609 1071912 2825 1589 0 1306623 0 976429
1786257791.962464 1310609 1071912 2825 1589 0 1306623 0 976429
1786257792.962472 1310609 1071912 2825 1589 0 1306623 0 976429
1786257793.962470 1310609 1071912 2825 1589 0 1306623 0 976429
1786257794.962345 1310609 1071912 2825 1589 0 1306623 0 976429
1786257795.962098 1310609 1071912 2825 1589 0 1306623 0 976429
1786257796.962476 1310609 1071912 2825 1589 0 1306623 0 976429
1786257797.961781 1310609 1071912 2825 1589 0 1306623 0 976429
1786257798.962592 1310609 1071912 2825 1589 0 1306623 0 976429
1786257799.962417 1310609 1071912 2825 1589 0 1306623 0 976429
1786257800.962426 1310609 1071912 2825 1589 0 1306623 0 976429
1786257801.961894 1310609 1071912 2825 1589 0 1306623 0 976429
1786257802.962436 1310609 1071912 2825 1589 0 1306623 0 976429
1786257803.963781 1310609 1071912 2825 1589 0 1306623 0 976429
1786257804.962421 1310609 1071912 2825 1589 0 1306623 0 976429
1786257805.961803 1310609 1071912 2825 1589 0 1306623 0 976429
1786257806.962397 1310609 1071912 2825 1589 0 1306623 0 976429
1786257807.962433 1310609 1071912 2825 1589 0 1306623 0 976429
1786257808.962508 1310609 1071912 2825 1589 0 1306623 0 976429
1786257809.961919 1310609 1071912 2825 1589 0 1306623 0 976429
1786257810.962432 1310609 1071912 2825 1589 0 1306623 0 976429
1786257811.962246 1310609 1071912 2825 1589 0 1306623 0 976429
1786257812.962276 1310609 1071912 2825 1589 0 1306623 0 976429
1786257813.962279 1310609 1071912 2825 1589 0 1306623 0 976429
1786257814.962085 1310609 1071912 2825 1589 0 1306623 0 976429
1786257815.962266 1310609 1071912 2825 1589 0 1306623 0 976429
1786257816.962330 1310609 1071912 2825 1589 0 1306623 0 976429
1786257817.962351 1310609 1071912 2825 1589 0 1306623 0 976429
1786257818.963082 1310609 1071912 2825 1589 0 1306623 0 976429
1786257819.961729 1310609 1071912 2825 1589 0 1306623 0 976429
1786257820.962309 1310609 1071912 2825 1589 0 1306623 0 976429
1786257821.962331 1310609 1071912 2825 1589 0 1306623 0 976429
1786257822.962354 1310609 1071912 2825 1589 0 1306623 0 976429
1786257823.962359 1310609 1071912 2825 1589 0 1306623 0 976429
1786257824.962002 1310609 1071912 2825 1589 0 1306623 0 976429
1786257825.962271 1310609 1071912 2825 1589 0 1306623 0 976429
1786257826.962324 1310609 1071912 2825 1589 0 1306623 0 976429
1786257827.962373 1310609 1071912 2825 1589 0 1306623 0 976429
1786257828.961686 1310609 1071912 2825 1589 0 1306623 0 976429
1786257829.962272 1310609 1071912 2825 1589 0 1306623 0 976429
1786257830.962429 1310609 1071912 2825 1589 0 1306623 0 976429
1786257831.962279 1310609 1071912 2825 1589 0 1306623 0 976429
1786257832.962330 1310609 1071912 2825 1589 0 1306623 0 976429
1786257833.962223 1310609 1071912 2825 1589 0 1306623 0 976429
1786257834.962376 1310609 1071912 2825 1589 0 1306623 0 976429
1786257835.962407 1310609 1071912 2825 1589 0 1306623 0 976429
1786257836.961721 1310609 1071912 2825 1589 0 1306623 0 976429
1786257837.962228 1310609 1071912 2825 1589 0 1306623 0 976429
1786257838.962302 1310609 1071912 2825 1589 0 1306623 0 976429
1786257839.961597 1310609 1071912 2825 1589 0 1306623 0 976429
1786257840.961876 1310609 1071912 2825 1589 0 1306623 0 976429
1786257841.962179 1310609 1071912 2825 1589 0 1306623 0 976429
1786257842.962285 1310609 1071912 2825 1589 0 1306623 0 976429
1786257843.962247 1310609 1071912 2825 1589 0 1306623 0 976429
1786257844.962231 1310609 1071912 2825 1589 0 1306623 0 976429
1786257845.962192 1310609 1071912 2825 1589 0 1306623 0 976429
1786257846.961991 1310609 1071912 2825 1589 0 1306623 0 976429
1786257847.961622 1310609 1071912 2825 1589 0 1306623 0 976429
1786257848.962281 1310609 1071912 2825 1589 0 1306623 0 976429
1786257849.961658 1310609 1071912 2825 1589 0 1306623 0 976429
1786257850.962360 1310609 1071912 2825 1589 0 1306623 0 976429
1786257851.962262 1310609 1071912 2825 1589 0 1306623 0 976429
1786257852.961989 1310609 1071912 2825 1589 0 1306623 0 976429
1786257853.962216 1310609 1071912 2825 1589 0 1306623 0 976429
1786257854.962215 1310609 1071912 2825 1589 0 1306623 0 976429
1786257855.962163 1310609 1071912 2825 1589 0 1306623 0 976429
1786257856.962209 1310609 1071912 2825 1589 0 1306623 0 976429
1786257857.962208 1310609 1071912 2825 1589 0 1306623 0 976429
1786257858.962073 1310609 1071912 2825 1589 0 1306623 0 976429
1786257859.961609 1310609 1071912 2825 1589 0 1306623 0 976429
1786257860.961575 1310609 1071912 2825 1589 0 1306623 0 976429
1786257861.962244 1310609 1071912 2825 1589 0 1306623 0 976429
1786257862.962261 1310609 1071912 2825 1589 0 1306623 0 976429
1786257863.962242 1310609 1071912 2825 1589 0 1306623 0 976429
1786257864.961632 1310609 1071912 2825 1589 0 1306623 0 976429
1786257865.961579 1310609 1071912 2825 1589 0 1306623 0 976429
1786257866.962140 1310609 1071912 2825 1589 0 1306623 0 976429
1786257867.962136 1310609 1071912 2825 1589 0 1306623 0 976429
1786257868.962277 1310609 1071912 2825 1589 0 1306623 0 976429
1786257869.962248 1310609 1071912 2825 1589 0 1306623 0 976429
1786257870.962198 1310609 1071912 2825 1589 0 1306623 0 976429
1786257871.962235 1310609 1071912 2825 1589 0 1306623 0 976429
1786257872.962239 1310609 1071912 2825 1589 0 1306623 0 976429
1786257873.961682 1310609 1071912 2825 1589 0 1306623 0 976429
1786257874.961677 1310609 1071912 2825 1589 0 1306623 0 976429
1786257875.962052 1310609 1071912 2825 1589 0 1306623 0 976429
1786257876.962591 1310609 1071912 2825 1589 0 1306623 0 976429
1786257877.961867 1310609 1071912 2825 1589 0 1306623 0 976429
1786257878.962287 1310609 1071912 2825 1589 0 1306623 0 976429
1786257879.961754 1310609 1071912 2825 1589 0 1306623 0 976429
1786257880.962176 1310609 1071912 2825 1589 0 1306623 0 976429
1786257881.961573 1310609 1071912 2825 1589 0 1306623 0 976429
1786257882.963949 1310609 1071912 2825 1589 0 1306623 0 976429
1786257883.962207 1310609 1071912 2825 1589 0 1306623 0 976429
1786257884.962308 1310609 1071912 2825 1589 0 1306623 0 976429
1786257885.962181 1310609 1071912 2825 1589 0 1306623 0 976429
1786257886.962267 1310609 1071912 2825 1589 0 1306623 0 976429
1786257887.962177 1310609 1071912 2825 1589 0 1306623 0 976429
1786257888.962425 1310609 1071912 2825 1589 0 1306623 0 976429
1786257889.961746 1310609 1071912 2825 1589 0 1306623 0 976429
1786257890.962188 1310609 1071912 2825 1589 0 1306623 0 976429
1786257891.961828 1310609 1071912 2825 1589 0 1306623 0 976429
1786257892.962334 1310609 1071912 2825 1589 0 1306623 0 976429
1786257893.965136 1310609 1071912 2825 1589 0 1306623 0 976429
1786257894.961884 1310609 1071912 2825 1589 0 1306623 0 976429
1786257895.962313 1310609 1071912 2825 1589 0 1306623 0 976429
1786257896.961641 1310609 1071912 2825 1589 0 1306623 0 976429
1786257897.962160 1310609 1071912 2825 1589 0 1306623 0 976429
1786257898.961657 1310609 1071912 2825 1589 0 1306623 0 976429
1786257899.961863 1310609 1071912 2825 1589 0 1306623 0 976429
1786257900.962365 1310609 1071912 2825 1589 0 1306623 0 976429
1786257901.961915 1310609 1071912 2825 1589 0 1306623 0 976429
1786257902.962172 1310609 1071912 2825 1589 0 1306623 0 976429
1786257903.962395 1310609 1071912 2825 1589 0 1306623 0 976429
1786257904.962179 1310609 1071912 2825 1589 0 1306623 0 976429
1786257905.962023 1310609 1071912 2825 1589 0 1306623 0 976429
1786257906.962466 1310609 1071912 2825 1589 0 1306623 0 976429
1786257907.961913 1310609 1071912 2825 1589 0 1306623 0 976429
1786257908.962300 1310609 1071912 2825 1589 0 1306623 0 976429
1786257909.962388 1310609 1071912 2825 1589 0 1306623 0 976429
1786257910.962463 1310609 1071912 2825 1589 0 1306623 0 976429
1786257911.962075 1310609 1071912 2825 1589 0 1306623 0 976429
1786257912.962372 1310609 1071912 2825 1589 0 1306623 0 976429
1786257913.962403 1310609 1071912 2825 1589 0 1306623 0 976429
1786257914.961799 1310609 1071912 2825 1589 0 1306623 0 976429
1786257915.962424 1310609 1071912 2825 1589 0 1306623 0 976429
1786257916.962390 1310609 1071912 2825 1589 0 1306623 0 976429
1786257917.962517 1310609 1071912 2825 1589 0 1306623 0 976429
1786257918.962260 1310609 1071912 2825 1589 0 1306623 0 976429
1786257919.962359 1310609 1071912 2825 1589 0 1306623 0 976429
1786257920.961790 1310609 1071912 2825 1589 0 1306623 0 976429
1786257921.962332 1310609 1071912 2825 1589 0 1306623 0 976429
1786257922.962484 1310609 1071912 2825 1589 0 1306623 0 976429
1786257923.962326 1310609 1071912 2825 1589 0 1306623 0 976429
1786257924.962435 1310609 1071912 2825 1589 0 1306623 0 976429
1786257925.962346 1310609 1071912 2825 1589 0 1306623 0 976429
1786257926.961791 1310609 1071912 2825 1589 0 1306623 0 976429
1786257927.961840 1310609 1071912 2825 1589 0 1306623 0 976429
1786257928.962040 1310609 1071912 2825 1589 0 1306623 0 976429
1786257929.962453 1310609 1071912 2825 1589 0 1306623 0 976429
1786257930.962283 1310609 1071912 2825 1589 0 1306623 0 976429
1786257931.962033 1310609 1071912 2825 1589 0 1306623 0 976429
1786257932.962379 1310609 1071912 2825 1589 0 1306623 0 976429
1786257933.961678 1310609 1071912 2825 1589 0 1306623 0 976429
1786257934.962572 1310609 1071912 2825 1589 0 1306623 0 976429
1786257935.961674 1310609 1071912 2825 1589 0 1306623 0 976429
1786257936.962443 1310609 1071912 2825 1589 0 1306623 0 976429
1786257937.962128 1310609 1071912 2825 1589 0 1306623 0 976429
1786257938.962278 1310609 1071912 2825 1589 0 1306623 0 976429
1786257939.961782 1310609 1071912 2825 1589 0 1306623 0 976429
1786257940.962252 1310609 1071912 2825 1589 0 1306623 0 976429
1786257941.962371 1310609 1071912 2825 1589 0 1306623 0 976429
1786257942.962336 1310609 1071912 2825 1589 0 1306623 0 976429
1786257943.961877 1310609 1071912 2825 1589 0 1306623 0 976429
1786257944.962314 1310609 1071912 2825 1589 0 1306623 0 976429
1786257945.961801 1310609 1071912 2825 1589 0 1306623 0 976429
1786257946.962364 1310609 1071912 2825 1589 0 1306623 0 976429
1786257947.962167 1310609 1071912 2825 1589 0 1306623 0 976429
1786257948.962488 1310609 1071912 2825 1589 0 1306623 0 976429
1786257949.962417 1310609 1071912 2825 1589 0 1306623 0 976429
1786257950.962368 1310609 1071912 2825 1589 0 1306623 0 976429
1786257951.962386 1310609 1071912 2825 1589 0 1306623 0 976429
1786257952.962333 1310609 1071912 2825 1589 0 1306623 0 976429
1786257953.962444 1310609 1071912 2825 1589 0 1306623 0 976429
1786257954.962424 1310609 1071912 2825 1589 0 1306623 0 976429
1786257955.961812 1310609 1071912 2825 1589 0 1306623 0 976429
1786257956.962534 1310609 1071912 2825 1589 0 1306623 0 976429
1786257957.961966 1310609 1071912 2825 1589 0 1306623 0 976429
1786257958.961761 1310609 1071912 2825 1589 0 1306623 0 976429
1786257959.962177 1310609 1071912 2825 1589 0 1306623 0 976429
1786257960.962282 1310609 1071912 2825 1589 0 1306623 0 976429
1786257961.962309 1310609 1071912 2825 1589 0 1306623 0 976429
1786257962.962319 1310609 1071912 2825 1589 0 1306623 0 976429
1786257963.962293 1310609 1071912 2825 1589 0 1306623 0 976429
1786257964.962461 1310609 1071912 2825 1589 0 1306623 0 976429
1786257965.962209 1310609 1071912 2825 1589 0 1306623 0 976429
1786257966.969081 1310609 1071912 2825 1589 0 1306623 0 976429
1786257967.961791 1310609 1071912 2825 1589 0 1306623 0 976429
1786257968.962316 1310609 1071912 2825 1589 0 1306623 0 976429
1786257969.962095 1310609 1071912 2825 1589 0 1306623 0 976429
1786257970.962084 1310609 1071912 2825 1589 0 1306623 0 976429
1786257971.962310 1310609 1071912 2825 1589 0 1306623 0 976429
1786257972.962321 1310609 1071912 2825 1589 0 1306623 0 976429
1786257973.962273 1310609 1071912 2825 1589 0 1306623 0 976429
1786257974.962372 1310609 1071912 2825 1589 0 1306623 0 976429
1786257975.961692 1310609 1071912 2825 1589 0 1306623 0 976429
1786257976.962292 1310609 1071912 2825 1589 0 1306623 0 976429
1786257977.962309 1310609 1071912 2825 1589 0 1306623 0 976429
1786257978.962130 1310609 1071912 2825 1589 0 1306623 0 976429
1786257979.962299 1310609 1071912 2825 1589 0 1306623 0 976429
1786257980.962309 1310609 1071912 2825 1589 0 1306623 0 976429
1786257981.962179 1310609 1071912 2825 1589 0 1306623 0 976429
1786257982.962256 1310609 1071912 2825 1589 0 1306623 0 976429
1786257983.962073 1310609 1071912 2825 1589 0 1306623 0 976429
1786257984.962332 1310609 1071912 2825 1589 0 1306623 0 976429
1786257985.961907 1310609 1071912 2825 1589 0 1306623 0 976429
1786257986.961959 1310609 1071912 2825 1589 0 1306623 0 976429
1786257987.961925 1310609 1071912 2825 1589 0 1306623 0 976429
1786257988.961742 1310609 1071912 2825 1589 0 1306623 0 976429
1786257989.961763 1310609 1071912 2825 1589 0 1306623 0 976429
1786257990.961885 1310609 1071912 2825 1589 0 1306623 0 976429
1786257991.961620 1310609 1071912 2825 1589 0 1306623 0 976429
1786257992.961723 1310609 1071912 2825 1589 0 1306623 0 976429
1786257993.961817 1310609 1071912 2825 1589 0 1306623 0 976429
1786257994.962406 1310609 1071912 2825 1589 0 1306623 0 976429
1786257995.961835 1310609 1071912 2825 1589 0 1306623 0 976429
1786257996.962281 1310609 1071912 2825 1589 0 1306623 0 976429
1786257997.962296 1310609 1071912 2825 1589 0 1306623 0 976429
1786257998.961563 1310609 1071912 2825 1589 0 1306623 0 976429
1786257999.961882 1310609 1071912 2825 1589 0 1306623 0 976429
1786258000.961528 1310609 1071912 2825 1589 0 1306623 0 976429
1786258001.962043 1310609 1071912 2825 1589 0 1306623 0 976429
1786258002.961592 1310609 1071912 2825 1589 0 1306623 0 976429
1786258003.962199 1310609 1071912 2825 1589 0 1306623 0 976429
1786258004.962208 1310609 1071912 2825 1589 0 1306623 0 976429
1786258005.961907 1310609 1071912 2825 1589 0 1306623 0 976429
1786258006.962328 1310609 1071912 2825 1589 0 1306623 0 976429
1786258007.962245 1310609 1071912 2825 1589 0 1306623 0 976429
1786258008.962232 1310609 1071912 2825 1589 0 1306623 0 976429
1786258009.961779 1310609 1071912 2825 1589 0 1306623 0 976429
1786258010.962230 1310609 1071912 2825 1589 0 1306623 0 976429
1786258011.961955 1310609 1071912 2825 1589 0 1306623 0 976429
1786258012.961635 1310609 1071912 2825 1589 0 1306623 0 976429
1786258013.961796 1310609 1071912 2825 1589 0 1306623 0 976429
1786258014.962071 1310609 1071912 2825 1589 0 1306623 0 976429
1786258015.961585 1310609 1071912 2825 1589 0 1306623 0 976429
1786258016.962449 1310609 1071912 2825 1589 0 1306623 0 976429
1786258017.961952 1310609 1071912 2825 1589 0 1306623 0 976429
1786258018.962240 1310609 1071912 2825 1589 0 1306623 0 976429
1786258019.961680 1310609 1071912 2825 1589 0 1306623 0 976429
1786258020.962236 1310609 1071912 2825 1589 0 1306623 0 976429
1786258021.962266 1310609 1071912 2825 1589 0 1306623 0 976429
1786258022.961668 1310609 1071912 2825 1589 0 1306623 0 976429
1786258023.962232 1310609 1071912 2825 1589 0 1306623 0 976429
1786258024.962251 1310609 1071912 2825 1589 0 1306623 0 976429
1786258025.962226 1310609 1071912 2825 1589 0 1306623 0 976429
1786258026.961577 1310609 1071912 2825 1589 0 1306623 0 976429
1786258027.962267 1310609 1071912 2825 1589 0 1306623 0 976429
1786258028.962140 1310609 1071912 2825 1589 0 1306623 0 976429
1786258029.962295 1310609 1071912 2825 1589 0 1306623 0 976429
1786258030.962330 1310609 1071912 2825 1589 0 1306623 0 976429
1786258031.962384 1310609 1071912 2825 1589 0 1306623 0 976429
1786258032.961781 1310609 1071912 2825 1589 0 1306623 0 976429
1786258033.962328 1310609 1071912 2825 1589 0 1306623 0 976429
1786258034.962279 1310609 1071912 2825 1589 0 1306623 0 976429
1786258035.962241 1310609 1071912 2825 1589 0 1306623 0 976429
1786258036.962229 1310609 1071912 2825 1589 0 1306623 0 976429
1786258037.961933 1310609 1071912 2825 1589 0 1306623 0 976429
