# start_epoch=1787065496.153077  page_size=4096  cachestat=ok  fields=size,resident,shared,text,lib,data,dt,pagecache
1787065497.158194 70156 44963 2768 1589 0 66175 0 79572
1787065498.160788 72332 38726 2769 1589 0 68351 0 121022
1787065499.162283 72332 41366 2769 1589 0 68351 0 150531
1787065500.164566 72332 47584 2817 1589 0 68351 0 187331
1787065501.165715 74124 39533 2817 1589 0 70143 0 207823
1787065502.167214 74124 49729 2817 1589 0 70143 0 231134
1787065503.175075 74124 46569 2817 1589 0 70143 0 274250
1787065504.175134 74124 47130 2817 1589 0 70143 0 310930
1787065505.175028 74124 44829 2817 1589 0 70143 0 307033
1787065506.174001 74124 43941 2817 1589 0 70143 0 346593
1787065507.176551 75148 50292 2817 1589 0 71167 0 389168
1787065508.181105 75148 43129 2817 1589 0 71167 0 408982
1787065509.184120 75148 33895 2817 1589 0 71167 0 443114
1787065510.181984 75148 50367 2817 1589 0 71167 0 467094
1787065511.182217 75148 38117 2817 1589 0 71167 0 479171
1787065512.183886 76428 48967 2817 1589 0 72447 0 500029
1787065513.185576 76428 38709 2817 1589 0 72447 0 519404
1787065514.186337 76428 46685 2817 1589 0 72447 0 538521
1787065515.187124 76428 39315 2817 1589 0 72447 0 548047
1787065516.188101 76428 47256 2817 1589 0 72447 0 560387
1787065517.189009 77964 51273 2817 1589 0 73983 0 573321
1787065518.189625 77964 49702 2817 1589 0 73983 0 587907
1787065519.192165 77964 43081 2817 1589 0 73983 0 628121
1787065520.193720 77964 47995 2817 1589 0 73983 0 643536
1787065521.192284 77964 51520 2817 1589 0 73983 0 641548
1787065522.194394 77964 50926 2817 1589 0 73983 0 662918
1787065523.196857 77964 52074 2817 1589 0 73983 0 700585
1787065524.196469 79756 49970 2817 1589 0 75775 0 713942
1787065525.199742 79756 53152 2817 1589 0 75775 0 747072
1787065526.201141 79756 48972 2817 1589 0 75775 0 767469
1787065527.199586 79756 53339 2817 1589 0 75775 0 773549
1787065528.202860 79756 47438 2817 1589 0 75775 0 800405
1787065529.201946 79756 37500 2817 1589 0 75775 0 816645
1787065530.203691 79756 51958 2817 1589 0 75775 0 829541
1787065531.206340 79756 52190 2817 1589 0 75775 0 878587
1787065532.207196 81804 36204 2817 1589 0 77823 0 894438
1787065533.212144 81804 50452 2817 1589 0 77823 0 946246
1787065534.211404 81804 55171 2817 1589 0 77823 0 975241
1787065535.195244 85901 39404 2817 1589 0 81919 0 933779
1787065536.196204 85901 39731 2817 1589 0 81919 0 947401
1787065537.195487 85901 39731 2817 1589 0 81919 0 947402
1787065538.195726 88461 40204 2817 1589 0 84479 0 947403
1787065539.195534 88461 40376 2817 1589 0 84479 0 947403
1787065540.195247 88461 40376 2817 1589 0 84479 0 943789
1787065541.192015 88461 40959 2817 1589 0 84479 0 864349
1787065542.192843 88461 41131 2817 1589 0 84479 0 864350
1787065543.192073 88461 41131 2817 1589 0 84479 0 864350
1787065544.191973 88461 40915 2817 1589 0 84479 0 864351
1787065545.191699 88461 40993 2817 1589 0 84479 0 864351
1787065546.191960 88461 40993 2817 1589 0 84479 0 862013
1787065547.191820 88461 40580 2817 1589 0 84479 0 864353
1787065548.191944 88461 40609 2817 1589 0 84479 0 864353
1787065549.191898 88461 41075 2817 1589 0 84479 0 864354
1787065550.195344 88461 42113 2817 1589 0 84479 0 864342
1787065551.192033 88461 42113 2817 1589 0 84479 0 864342
1787065552.191931 88461 40569 2817 1589 0 84479 0 864343
1787065553.191826 88461 41624 2817 1589 0 84479 0 864343
1787065554.192252 88461 41495 2817 1589 0 84479 0 864344
1787065555.192025 88461 41577 2817 1589 0 84479 0 864345
1787065556.192022 88461 41577 2817 1589 0 84479 0 864345
1787065557.191771 88461 41349 2817 1589 0 84479 0 864346
1787065558.191618 88461 40932 2817 1589 0 84479 0 864346
1787065559.191719 88461 41902 2817 1589 0 84479 0 864334
1787065560.192084 91533 42414 2817 1589 0 87551 0 864335
1787065561.191720 91533 42414 2817 1589 0 87551 0 864335
1787065562.191816 91533 42414 2817 1589 0 87551 0 864336
1787065563.191773 91533 42162 2817 1589 0 87551 0 864336
1787065564.190960 91533 42162 2817 1589 0 87551 0 847347
1787065565.191585 91533 42162 2817 1589 0 87551 0 864338
1787065566.191627 91533 42162 2817 1589 0 87551 0 864338
1787065567.191661 91533 41697 2817 1589 0 87551 0 864339
1787065568.191815 91533 41771 2817 1589 0 87551 0 864339
1787065569.191951 91533 42454 2817 1589 0 87551 0 864329
1787065570.191603 91533 42454 2817 1589 0 87551 0 864330
1787065571.192368 91533 42454 2817 1589 0 87551 0 864330
1787065572.191531 91533 42228 2817 1589 0 87551 0 864331
1787065573.191566 91533 42236 2817 1589 0 87551 0 864331
1787065574.190801 159630 119764 2833 1589 0 155647 0 846300
1787065575.191572 272270 228308 2833 1589 0 268287 0 846300
1787065576.190935 422798 334804 2833 1589 0 418815 0 846300
1787065577.190918 491918 441812 2833 1589 0 487935 0 846300
1787065578.190752 676238 547284 2833 1589 0 672255 0 846300
1787065579.190887 798094 653780 2833 1589 0 794111 0 846300
1787065580.190764 798094 762324 2833 1589 0 794111 0 846300
1787065581.190724 935310 869844 2833 1589 0 931327 0 846300
1787065582.190673 1099150 977364 2833 1589 0 1095167 0 846300
1787065583.190716 1302926 1084884 2833 1589 0 1298943 0 846300
1787065584.191178 1302926 1190868 2833 1589 0 1298943 0 846300
1787065585.191033 1543054 1299412 2833 1589 0 1539071 0 846300
1787065586.191007 1543054 1394189 2833 1589 0 1539071 0 846300
1787065587.190956 1543054 1483909 2833 1589 0 1539071 0 846300
1787065588.190851 1815438 1574855 3010 1589 0 1811455 0 846300
1787065589.190856 1815438 1664293 3010 1589 0 1811455 0 846300
1787065590.190665 1819535 1688640 3010 1589 0 1815551 0 846300
1787065591.190901 1819535 1688640 3010 1589 0 1815551 0 846300
1787065592.190705 1819535 1688640 3010 1589 0 1815551 0 846300
1787065593.190881 1819535 1688640 3010 1589 0 1815551 0 846300
1787065594.190827 1819535 1688640 3010 1589 0 1815551 0 846300
1787065595.190798 1819535 1688640 3010 1589 0 1815551 0 846300
1787065596.190825 1819535 1688640 3010 1589 0 1815551 0 846300
1787065597.190812 1819535 1688640 3010 1589 0 1815551 0 846300
1787065598.190869 1819535 1688640 3010 1589 0 1815551 0 846300
1787065599.190854 1823632 1688644 3010 1589 0 1819647 0 846300
1787065600.190753 1823632 1688644 3010 1589 0 1819647 0 846300
1787065601.190966 1823632 1688644 3010 1589 0 1819647 0 846300
1787065602.190949 1823632 1688644 3010 1589 0 1819647 0 846300
1787065603.190955 1823632 1688644 3010 1589 0 1819647 0 846300
1787065604.190850 1823632 1688644 3010 1589 0 1819647 0 846300
1787065605.190746 1823632 1688644 3010 1589 0 1819647 0 846300
1787065606.190671 1823632 1688644 3010 1589 0 1819647 0 846300
1787065607.190721 1823632 1688644 3010 1589 0 1819647 0 846300
1787065608.190487 1823632 1688644 3010 1589 0 1819647 0 846300
1787065609.192968 1827729 1688644 3010 1589 0 1823743 0 846300
1787065610.190822 1827729 1688644 3010 1589 0 1823743 0 846300
1787065611.191188 1827729 1688644 3010 1589 0 1823743 0 846300
1787065612.190874 1827729 1688644 3010 1589 0 1823743 0 846300
1787065613.190823 1827729 1688644 3010 1589 0 1823743 0 846300
1787065614.190889 1827729 1688644 3010 1589 0 1823743 0 846300
1787065615.190930 1827729 1688644 3010 1589 0 1823743 0 846300
1787065616.190808 1827729 1688644 3010 1589 0 1823743 0 846300
1787065617.191036 1827729 1688644 3010 1589 0 1823743 0 846300
1787065618.190913 1827729 1688644 3010 1589 0 1823743 0 846300
1787065619.190673 1827729 1688644 3010 1589 0 1823743 0 846300
1787065620.191096 1827729 1688644 3010 1589 0 1823743 0 846300
1787065621.190924 1827729 1688644 3010 1589 0 1823743 0 846300
1787065622.191153 1827729 1688644 3010 1589 0 1823743 0 846300
1787065623.190966 1827729 1688644 3010 1589 0 1823743 0 846300
1787065624.190829 1827729 1688644 3010 1589 0 1823743 0 846300
1787065625.190984 1827729 1688644 3010 1589 0 1823743 0 846300
1787065626.190939 1827729 1688644 3010 1589 0 1823743 0 846300
1787065627.191056 1827729 1688644 3010 1589 0 1823743 0 846300
1787065628.190939 1827729 1688644 3010 1589 0 1823743 0 846300
1787065629.190960 1827729 1688644 3010 1589 0 1823743 0 846300
1787065630.190786 1827729 1688644 3010 1589 0 1823743 0 846300
1787065631.190815 1827729 1688644 3010 1589 0 1823743 0 846300
1787065632.190616 1827729 1688644 3010 1589 0 1823743 0 846300
1787065633.190739 1827729 1688644 3010 1589 0 1823743 0 846300
1787065634.190842 1827729 1688644 3010 1589 0 1823743 0 846300
1787065635.191105 1827729 1688644 3010 1589 0 1823743 0 846300
1787065636.191188 1827729 1688644 3010 1589 0 1823743 0 846300
1787065637.191063 1827729 1688644 3010 1589 0 1823743 0 846300
1787065638.191996 1827729 1688644 3010 1589 0 1823743 0 846300
1787065639.191197 1827729 1688644 3010 1589 0 1823743 0 846300
1787065640.191087 1827729 1688644 3010 1589 0 1823743 0 846300
1787065641.191040 1827729 1688644 3010 1589 0 1823743 0 846300
1787065642.191294 1827729 1688644 3010 1589 0 1823743 0 846300
1787065643.191131 1827729 1688644 3010 1589 0 1823743 0 846300
1787065644.191042 1827729 1688644 3010 1589 0 1823743 0 846300
1787065645.191098 1827729 1688644 3010 1589 0 1823743 0 846300
1787065646.191177 1827729 1688644 3010 1589 0 1823743 0 846300
1787065647.191139 1827729 1688644 3010 1589 0 1823743 0 846300
1787065648.191248 1827729 1688644 3010 1589 0 1823743 0 846300
1787065649.190975 1827729 1688644 3010 1589 0 1823743 0 846300
1787065650.191122 1827729 1688644 3010 1589 0 1823743 0 846300
1787065651.191069 1827729 1688644 3010 1589 0 1823743 0 846300
1787065652.191205 1827729 1688644 3010 1589 0 1823743 0 846300
1787065653.191137 1827729 1688644 3010 1589 0 1823743 0 846300
1787065654.191022 1827729 1688644 3010 1589 0 1823743 0 846300
1787065655.190983 1827729 1688644 3010 1589 0 1823743 0 846300
1787065656.190966 1827729 1688644 3010 1589 0 1823743 0 846300
1787065657.190956 1827729 1688644 3010 1589 0 1823743 0 846300
1787065658.191077 1827729 1688644 3010 1589 0 1823743 0 846300
1787065659.190905 1827729 1688644 3010 1589 0 1823743 0 846300
1787065660.191070 1827729 1688644 3010 1589 0 1823743 0 846300
1787065661.192923 1827729 1688644 3010 1589 0 1823743 0 846300
1787065662.191045 1827729 1688644 3010 1589 0 1823743 0 846300
1787065663.191147 1827729 1688644 3010 1589 0 1823743 0 846300
1787065664.190981 1827729 1688644 3010 1589 0 1823743 0 846300
1787065665.191139 1827729 1688644 3010 1589 0 1823743 0 846300
1787065666.191155 1827729 1688644 3010 1589 0 1823743 0 846300
1787065667.191204 1827729 1688644 3010 1589 0 1823743 0 846300
1787065668.191034 1827729 1688651 3010 1589 0 1823743 0 846300
1787065669.191061 1827729 1688651 3010 1589 0 1823743 0 846300
1787065670.190822 1827729 1688651 3010 1589 0 1823743 0 846300
1787065671.190990 1827729 1688651 3010 1589 0 1823743 0 846300
1787065672.191123 1827729 1688651 3010 1589 0 1823743 0 846300
1787065673.190824 1827729 1688651 3010 1589 0 1823743 0 846300
1787065674.191141 1827729 1688651 3010 1589 0 1823743 0 846300
1787065675.191012 1827729 1688651 3010 1589 0 1823743 0 846300
1787065676.190994 1827729 1688651 3010 1589 0 1823743 0 846300
1787065677.191011 1827729 1688651 3010 1589 0 1823743 0 846300
1787065678.190722 1827729 1689226 3010 1589 0 1823743 0 846300
1787065679.191015 1827729 1689226 3010 1589 0 1823743 0 846300
1787065680.190886 1827729 1689226 3010 1589 0 1823743 0 846300
1787065681.190931 1827729 1689226 3010 1589 0 1823743 0 846300
1787065682.190941 1827729 1689226 3010 1589 0 1823743 0 846300
1787065683.191000 1827729 1689226 3010 1589 0 1823743 0 846300
1787065684.191119 1827729 1689226 3010 1589 0 1823743 0 846300
1787065685.190921 1827729 1689226 3010 1589 0 1823743 0 846300
1787065686.190965 1827729 1689226 3010 1589 0 1823743 0 846300
1787065687.190974 1827729 1689226 3010 1589 0 1823743 0 846300
1787065688.190954 1827729 1689264 3010 1589 0 1823743 0 846300
1787065689.190854 1827729 1689264 3010 1589 0 1823743 0 846300
1787065690.191185 1827729 1689264 3010 1589 0 1823743 0 846300
1787065691.190874 1827729 1689264 3010 1589 0 1823743 0 846300
1787065692.191052 1827729 1689264 3010 1589 0 1823743 0 846300
1787065693.191023 1827729 1689264 3010 1589 0 1823743 0 846300
1787065694.190990 1827729 1689264 3010 1589 0 1823743 0 846300
1787065695.190900 1827729 1689264 3010 1589 0 1823743 0 846300
1787065696.191022 1827729 1689264 3010 1589 0 1823743 0 846300
1787065697.190765 1827729 1689264 3010 1589 0 1823743 0 846300
1787065698.190682 1827729 1689264 3010 1589 0 1823743 0 846300
1787065699.190785 1827729 1689264 3010 1589 0 1823743 0 846300
1787065700.191086 1827729 1689264 3010 1589 0 1823743 0 846300
1787065701.190708 1827729 1689264 3010 1589 0 1823743 0 846300
1787065702.190886 1827729 1689264 3010 1589 0 1823743 0 846300
1787065703.190949 1827729 1689264 3010 1589 0 1823743 0 846300
1787065704.190748 1827729 1689264 3010 1589 0 1823743 0 846300
1787065705.190962 1827729 1689264 3010 1589 0 1823743 0 846300
1787065706.190902 1827729 1689264 3010 1589 0 1823743 0 846300
1787065707.191236 1827729 1689264 3010 1589 0 1823743 0 846300
1787065708.190887 1827729 1689264 3010 1589 0 1823743 0 846300
1787065709.190814 1827729 1689264 3010 1589 0 1823743 0 846300
1787065710.190982 1827729 1689264 3010 1589 0 1823743 0 846300
1787065711.191060 1827729 1689264 3010 1589 0 1823743 0 846300
1787065712.191082 1827729 1689264 3010 1589 0 1823743 0 846300
1787065713.190927 1827729 1689264 3010 1589 0 1823743 0 846300
1787065714.190914 1827729 1689264 3010 1589 0 1823743 0 846300
1787065715.190971 1827729 1689264 3010 1589 0 1823743 0 846300
1787065716.190950 1827729 1689264 3010 1589 0 1823743 0 846300
1787065717.190683 1827729 1689264 3010 1589 0 1823743 0 846300
1787065718.190881 1827729 1689264 3010 1589 0 1823743 0 846300
1787065719.191016 1827729 1689264 3010 1589 0 1823743 0 846300
1787065720.191031 1827729 1689264 3010 1589 0 1823743 0 846300
1787065721.190955 1827729 1689264 3010 1589 0 1823743 0 846300
1787065722.190894 1827729 1689264 3010 1589 0 1823743 0 846300
1787065723.190905 1827729 1689264 3010 1589 0 1823743 0 846300
1787065724.190890 1827729 1689264 3010 1589 0 1823743 0 846300
1787065725.190775 1827729 1689264 3010 1589 0 1823743 0 846300
1787065726.190948 1827729 1689264 3010 1589 0 1823743 0 846300
1787065727.190763 1827729 1689264 3010 1589 0 1823743 0 846300
1787065728.190693 1827729 1689264 3010 1589 0 1823743 0 846300
1787065729.190798 1827729 1689264 3010 1589 0 1823743 0 846300
1787065730.190692 1827729 1689264 3010 1589 0 1823743 0 846300
1787065731.190696 1827729 1689264 3010 1589 0 1823743 0 846300
1787065732.190852 1827729 1689264 3010 1589 0 1823743 0 846300
1787065733.190659 1827729 1689264 3010 1589 0 1823743 0 846300
1787065734.190819 1827729 1689264 3010 1589 0 1823743 0 846300
1787065735.190797 1827729 1689264 3010 1589 0 1823743 0 846300
1787065736.191028 1827729 1689264 3010 1589 0 1823743 0 846300
1787065737.190683 1827729 1689264 3010 1589 0 1823743 0 846300
1787065738.190688 1827729 1689264 3010 1589 0 1823743 0 846300
1787065739.190741 1827729 1689264 3010 1589 0 1823743 0 846300
1787065740.190693 1827729 1689264 3010 1589 0 1823743 0 846300
1787065741.191074 1827729 1689264 3010 1589 0 1823743 0 846300
1787065742.190787 1827729 1689264 3010 1589 0 1823743 0 846300
1787065743.190745 1827729 1689264 3010 1589 0 1823743 0 846300
1787065744.190691 1827729 1689264 3010 1589 0 1823743 0 846300
1787065745.190866 1827729 1689264 3010 1589 0 1823743 0 846300
1787065746.190874 1827729 1689264 3010 1589 0 1823743 0 846300
1787065747.190883 1827729 1689264 3010 1589 0 1823743 0 846300
1787065748.191016 1827729 1689264 3010 1589 0 1823743 0 846300
1787065749.190985 1827729 1689264 3010 1589 0 1823743 0 846300
1787065750.190805 1827729 1689264 3010 1589 0 1823743 0 846300
1787065751.192002 1827729 1689264 3010 1589 0 1823743 0 846300
1787065752.190599 1827729 1689264 3010 1589 0 1823743 0 846300
1787065753.190985 1827729 1689264 3010 1589 0 1823743 0 846300
1787065754.190782 1827729 1689264 3010 1589 0 1823743 0 846300
1787065755.190592 1827729 1689264 3010 1589 0 1823743 0 846300
1787065756.190760 1827729 1689264 3010 1589 0 1823743 0 846300
1787065757.190762 1827729 1689264 3010 1589 0 1823743 0 846300
1787065758.190821 1827729 1689264 3010 1589 0 1823743 0 846300
1787065759.190910 1827729 1689264 3010 1589 0 1823743 0 846300
1787065760.190877 1827729 1689264 3010 1589 0 1823743 0 846300
1787065761.190956 1827729 1689264 3010 1589 0 1823743 0 846300
1787065762.190822 1827729 1689264 3010 1589 0 1823743 0 846300
1787065763.190599 1827729 1689264 3010 1589 0 1823743 0 846300
1787065764.190626 1827729 1689264 3010 1589 0 1823743 0 846300
1787065765.190876 1827729 1689264 3010 1589 0 1823743 0 846300
1787065766.190823 1827729 1689264 3010 1589 0 1823743 0 846300
1787065767.190699 1827729 1689264 3010 1589 0 1823743 0 846300
1787065768.192385 1827729 1689264 3010 1589 0 1823743 0 846300
1787065769.190987 1827729 1689264 3010 1589 0 1823743 0 846300
1787065770.190948 1827729 1689264 3010 1589 0 1823743 0 846300
1787065771.190830 1827729 1689264 3010 1589 0 1823743 0 846300
1787065772.190941 1827729 1689264 3010 1589 0 1823743 0 846300
1787065773.190987 1827729 1689264 3010 1589 0 1823743 0 846300
1787065774.190912 1827729 1689264 3010 1589 0 1823743 0 846300
1787065775.190962 1827729 1689264 3010 1589 0 1823743 0 846300
1787065776.190817 1827729 1689264 3010 1589 0 1823743 0 846300
1787065777.190771 1827729 1689264 3010 1589 0 1823743 0 846300
1787065778.190880 1827729 1689264 3010 1589 0 1823743 0 846300
1787065779.190773 1827729 1689264 3010 1589 0 1823743 0 846300
1787065780.190864 1827729 1689264 3010 1589 0 1823743 0 846300
1787065781.191065 1827729 1689264 3010 1589 0 1823743 0 846300
1787065782.191018 1827729 1689264 3010 1589 0 1823743 0 846300
1787065783.190921 1827729 1689264 3010 1589 0 1823743 0 846300
1787065784.191052 1827729 1689264 3010 1589 0 1823743 0 846300
1787065785.191065 1827729 1689264 3010 1589 0 1823743 0 846300
1787065786.190739 1827729 1689264 3010 1589 0 1823743 0 846300
1787065787.190942 1827729 1689264 3010 1589 0 1823743 0 846300
1787065788.190757 1827729 1689264 3010 1589 0 1823743 0 846300
1787065789.191236 1827729 1689264 3010 1589 0 1823743 0 846300
1787065790.191037 1827729 1689264 3010 1589 0 1823743 0 846300
1787065791.190792 1827729 1689264 3010 1589 0 1823743 0 846300
1787065792.191081 1827729 1689264 3010 1589 0 1823743 0 846300
1787065793.190690 1827729 1689264 3010 1589 0 1823743 0 846300
1787065794.190755 1827729 1689264 3010 1589 0 1823743 0 846300
1787065795.190716 1827729 1689264 3010 1589 0 1823743 0 846300
1787065796.190733 1827729 1689264 3010 1589 0 1823743 0 846300
1787065797.190923 1827729 1689264 3010 1589 0 1823743 0 846300
1787065798.191272 1827729 1689264 3010 1589 0 1823743 0 846300
1787065799.191135 1827729 1689264 3010 1589 0 1823743 0 846300
1787065800.190688 1827729 1689264 3010 1589 0 1823743 0 846300
1787065801.190849 1827729 1689264 3010 1589 0 1823743 0 846300
1787065802.191472 1827729 1689264 3010 1589 0 1823743 0 846300
1787065803.190932 1827729 1689264 3010 1589 0 1823743 0 846300
1787065804.190861 1827729 1689264 3010 1589 0 1823743 0 846300
1787065805.190878 1827729 1689264 3010 1589 0 1823743 0 846300
1787065806.191358 1827729 1689264 3010 1589 0 1823743 0 846300
1787065807.191199 1827729 1689264 3010 1589 0 1823743 0 846300
1787065808.190932 1827729 1689264 3010 1589 0 1823743 0 846300
1787065809.190920 1827729 1689264 3010 1589 0 1823743 0 846300
1787065810.190823 1827729 1689264 3010 1589 0 1823743 0 846300
1787065811.190846 1827729 1689264 3010 1589 0 1823743 0 846300
1787065812.191016 1827729 1689264 3010 1589 0 1823743 0 846300
1787065813.190975 1827729 1689264 3010 1589 0 1823743 0 846300
1787065814.190860 1827729 1689264 3010 1589 0 1823743 0 846300
1787065815.190957 1827729 1689264 3010 1589 0 1823743 0 846300
1787065816.191033 1827729 1689264 3010 1589 0 1823743 0 846300
1787065817.190818 1827729 1689264 3010 1589 0 1823743 0 846300
1787065818.190753 1827729 1689264 3010 1589 0 1823743 0 846300
1787065819.190909 1827729 1689264 3010 1589 0 1823743 0 846300
1787065820.190677 1827729 1689264 3010 1589 0 1823743 0 846300
1787065821.190677 1827729 1689264 3010 1589 0 1823743 0 846300
1787065822.190786 1827729 1689264 3010 1589 0 1823743 0 846300
1787065823.190796 1827729 1689264 3010 1589 0 1823743 0 846300
1787065824.190907 1827729 1689264 3010 1589 0 1823743 0 846300
1787065825.190882 1827729 1689264 3010 1589 0 1823743 0 846300
1787065826.190868 1827729 1689264 3010 1589 0 1823743 0 846300
1787065827.190900 1827729 1689264 3010 1589 0 1823743 0 846300
1787065828.191053 1827729 1689264 3010 1589 0 1823743 0 846300
1787065829.190946 1827729 1689264 3010 1589 0 1823743 0 846300
1787065830.191062 1827729 1689264 3010 1589 0 1823743 0 846300
1787065831.190979 1827729 1689264 3010 1589 0 1823743 0 846300
1787065832.190855 1827729 1689264 3010 1589 0 1823743 0 846300
1787065833.190669 1827729 1689264 3010 1589 0 1823743 0 846300
1787065834.190874 1827729 1689264 3010 1589 0 1823743 0 846300
1787065835.190729 1827729 1689264 3010 1589 0 1823743 0 846300
1787065836.190772 1827729 1689264 3010 1589 0 1823743 0 846300
1787065837.190650 1827729 1689264 3010 1589 0 1823743 0 846300
1787065838.190806 1827729 1689264 3010 1589 0 1823743 0 846300
1787065839.191169 1827729 1689264 3010 1589 0 1823743 0 846300
1787065840.190910 1827729 1689264 3010 1589 0 1823743 0 846300
1787065841.191812 1827729 1689264 3010 1589 0 1823743 0 846300
1787065842.190719 1827729 1689264 3010 1589 0 1823743 0 846300
1787065843.190751 1827729 1689264 3010 1589 0 1823743 0 846300
1787065844.191137 1827729 1689264 3010 1589 0 1823743 0 846300
1787065845.190855 1827729 1689264 3010 1589 0 1823743 0 846300
1787065846.190708 1827729 1689264 3010 1589 0 1823743 0 846300
1787065847.190773 1827729 1689264 3010 1589 0 1823743 0 846300
1787065848.190883 1827729 1689264 3010 1589 0 1823743 0 846300
1787065849.190845 1827729 1689264 3010 1589 0 1823743 0 846300
1787065850.190873 1827729 1689264 3010 1589 0 1823743 0 846300
1787065851.190886 1827729 1689264 3010 1589 0 1823743 0 846300
1787065852.190864 1827729 1689264 3010 1589 0 1823743 0 846300
1787065853.190757 1827729 1689264 3010 1589 0 1823743 0 846300
1787065854.190727 1827729 1689264 3010 1589 0 1823743 0 846300
1787065855.191038 1827729 1689264 3010 1589 0 1823743 0 846300
1787065856.190852 1827729 1689264 3010 1589 0 1823743 0 846300
1787065857.191871 1827729 1689264 3010 1589 0 1823743 0 846300
1787065858.190911 1827729 1689264 3010 1589 0 1823743 0 846300
1787065859.190654 1827729 1689264 3010 1589 0 1823743 0 846300
1787065860.190958 1827729 1689264 3010 1589 0 1823743 0 846300
1787065861.190893 1827729 1689264 3010 1589 0 1823743 0 846300
1787065862.190737 1827729 1689264 3010 1589 0 1823743 0 846300
1787065863.190808 1827729 1689264 3010 1589 0 1823743 0 846300
1787065864.191177 1827729 1689264 3010 1589 0 1823743 0 846300
1787065865.191059 1827729 1689264 3010 1589 0 1823743 0 846300
1787065866.190870 1827729 1689264 3010 1589 0 1823743 0 846300
1787065867.192911 1827729 1689264 3010 1589 0 1823743 0 846300
1787065868.190802 1827729 1689264 3010 1589 0 1823743 0 846300
1787065869.190722 1827729 1689264 3010 1589 0 1823743 0 846300
1787065870.191004 1827729 1689264 3010 1589 0 1823743 0 846300
1787065871.190896 1827729 1689264 3010 1589 0 1823743 0 846300
1787065872.190855 1827729 1689264 3010 1589 0 1823743 0 846300
1787065873.191043 1827729 1689264 3010 1589 0 1823743 0 846300
1787065874.191291 1827729 1689264 3010 1589 0 1823743 0 846300
1787065875.190924 1827729 1689264 3010 1589 0 1823743 0 846300
1787065876.190986 1827729 1689264 3010 1589 0 1823743 0 846300
1787065877.192369 1827729 1689264 3010 1589 0 1823743 0 846300
1787065878.190727 1827729 1689264 3010 1589 0 1823743 0 846300
1787065879.190740 1827729 1689264 3010 1589 0 1823743 0 846300
1787065880.190928 1827729 1689264 3010 1589 0 1823743 0 846300
1787065881.190869 1827729 1689264 3010 1589 0 1823743 0 846300
1787065882.190672 1827729 1689264 3010 1589 0 1823743 0 846300
1787065883.190771 1827729 1689264 3010 1589 0 1823743 0 846300
1787065884.190887 1827729 1689264 3010 1589 0 1823743 0 846300
1787065885.190972 1827729 1689264 3010 1589 0 1823743 0 846300
1787065886.190851 1827729 1689264 3010 1589 0 1823743 0 846300
1787065887.192869 1827729 1689264 3010 1589 0 1823743 0 846300
1787065888.190897 1827729 1689264 3010 1589 0 1823743 0 846300
1787065889.191012 1827729 1689264 3010 1589 0 1823743 0 846300
1787065890.190788 1827729 1689264 3010 1589 0 1823743 0 846300
1787065891.191036 1827729 1689264 3010 1589 0 1823743 0 846300
1787065892.191091 1827729 1689264 3010 1589 0 1823743 0 846300
1787065893.190760 1827729 1689264 3010 1589 0 1823743 0 846300
1787065894.190946 1827729 1689264 3010 1589 0 1823743 0 846300
1787065895.190846 1827729 1689264 3010 1589 0 1823743 0 846300
1787065896.190911 1827729 1689264 3010 1589 0 1823743 0 846300
1787065897.191568 1827729 1689264 3010 1589 0 1823743 0 846300
1787065898.190957 1827729 1689264 3010 1589 0 1823743 0 846300
1787065899.191485 1827729 1689264 3010 1589 0 1823743 0 846300
1787065900.190830 1827729 1689264 3010 1589 0 1823743 0 846300
1787065901.190659 1827729 1689264 3010 1589 0 1823743 0 846300
1787065902.190710 1827729 1689264 3010 1589 0 1823743 0 846300
1787065903.190963 1827729 1689264 3010 1589 0 1823743 0 846300
1787065904.191018 1827729 1689264 3010 1589 0 1823743 0 846300
1787065905.191082 1827729 1689264 3010 1589 0 1823743 0 846300
1787065906.190826 1827729 1689264 3010 1589 0 1823743 0 846300
1787065907.190987 1827729 1689264 3010 1589 0 1823743 0 846300
1787065908.190766 1827729 1689264 3010 1589 0 1823743 0 846300
1787065909.190814 1827729 1689264 3010 1589 0 1823743 0 846300
1787065910.190804 1827729 1689264 3010 1589 0 1823743 0 846300
1787065911.190811 1827729 1689264 3010 1589 0 1823743 0 846300
1787065912.190691 1827729 1689264 3010 1589 0 1823743 0 846300
1787065913.191067 1827729 1689264 3010 1589 0 1823743 0 846300
1787065914.190944 1827729 1689264 3010 1589 0 1823743 0 846300
1787065915.190839 1827729 1689264 3010 1589 0 1823743 0 846300
1787065916.190852 1827729 1689264 3010 1589 0 1823743 0 846300
1787065917.190866 1827729 1689264 3010 1589 0 1823743 0 846300
1787065918.190884 1827729 1689264 3010 1589 0 1823743 0 846300
1787065919.190722 1827729 1689264 3010 1589 0 1823743 0 846300
1787065920.190955 1827729 1689264 3010 1589 0 1823743 0 846300
1787065921.190804 1827729 1689264 3010 1589 0 1823743 0 846300
1787065922.191066 1827729 1689264 3010 1589 0 1823743 0 846300
1787065923.191042 1827729 1689264 3010 1589 0 1823743 0 846300
1787065924.191114 1827729 1689264 3010 1589 0 1823743 0 846300
1787065925.191117 1827729 1689264 3010 1589 0 1823743 0 846300
1787065926.191018 1827729 1689264 3010 1589 0 1823743 0 846300
1787065927.190873 1827729 1689264 3010 1589 0 1823743 0 846300
1787065928.190693 1827729 1689264 3010 1589 0 1823743 0 846300
1787065929.190696 1827729 1689264 3010 1589 0 1823743 0 846300
1787065930.190993 1827729 1689264 3010 1589 0 1823743 0 846300
1787065931.191798 1827729 1689264 3010 1589 0 1823743 0 846300
1787065932.190742 1827729 1689264 3010 1589 0 1823743 0 846300
1787065933.191336 1827729 1689264 3010 1589 0 1823743 0 846300
1787065934.190855 1827729 1689264 3010 1589 0 1823743 0 846300
1787065935.190936 1827729 1689264 3010 1589 0 1823743 0 846300
1787065936.190810 1827729 1689264 3010 1589 0 1823743 0 846300
1787065937.190900 1827729 1689264 3010 1589 0 1823743 0 846300
1787065938.190764 1827729 1689264 3010 1589 0 1823743 0 846300
1787065939.191032 1827729 1689264 3010 1589 0 1823743 0 846300
1787065940.191011 1827729 1689264 3010 1589 0 1823743 0 846300
1787065941.190968 1827729 1689264 3010 1589 0 1823743 0 846300
1787065942.190922 1827729 1689264 3010 1589 0 1823743 0 846300
1787065943.190840 1827729 1689264 3010 1589 0 1823743 0 846300
1787065944.190899 1827729 1689264 3010 1589 0 1823743 0 846300
1787065945.190747 1827729 1689264 3010 1589 0 1823743 0 846300
1787065946.190956 1827729 1689264 3010 1589 0 1823743 0 846300
1787065947.190991 1827729 1689264 3010 1589 0 1823743 0 846300
1787065948.190820 1827729 1689264 3010 1589 0 1823743 0 846300
1787065949.190997 1827729 1689264 3010 1589 0 1823743 0 846300
1787065950.192732 1827729 1689264 3010 1589 0 1823743 0 846300
1787065951.190816 1827729 1689264 3010 1589 0 1823743 0 846300
1787065952.190884 1827729 1689264 3010 1589 0 1823743 0 846300
1787065953.190693 1827729 1689264 3010 1589 0 1823743 0 846300
1787065954.191051 1827729 1689264 3010 1589 0 1823743 0 846300
1787065955.190997 1827729 1689264 3010 1589 0 1823743 0 846300
1787065956.191106 1827729 1689264 3010 1589 0 1823743 0 846300
1787065957.191142 1827729 1689264 3010 1589 0 1823743 0 846300
1787065958.190860 1827729 1689264 3010 1589 0 1823743 0 846300
1787065959.190798 1827729 1689264 3010 1589 0 1823743 0 846300
1787065960.190724 1827729 1689264 3010 1589 0 1823743 0 846300
1787065961.190741 1827729 1689264 3010 1589 0 1823743 0 846300
1787065962.190681 1827729 1689264 3010 1589 0 1823743 0 846300
1787065963.191063 1827729 1689264 3010 1589 0 1823743 0 846300
1787065964.190932 1827729 1689264 3010 1589 0 1823743 0 846300
1787065965.190890 1827729 1689264 3010 1589 0 1823743 0 846300
1787065966.190826 1827729 1689264 3010 1589 0 1823743 0 846300
1787065967.190862 1827729 1689264 3010 1589 0 1823743 0 846300
1787065968.190907 1827729 1689264 3010 1589 0 1823743 0 846300
1787065969.190820 1827729 1689264 3010 1589 0 1823743 0 846300
1787065970.190919 1827729 1689264 3010 1589 0 1823743 0 846300
1787065971.191011 1827729 1689264 3010 1589 0 1823743 0 846300
