# start_epoch=1786702572.407250  page_size=4096  cachestat=ok  fields=size,resident,shared,text,lib,data,dt,pagecache
1786702573.407532 172397 27147 7732 99 0 158392 0 1
1786702574.407449 172397 27147 7732 99 0 158392 0 1
1786702575.410501 2817604 48874 29170 99 0 161848 0 27896
1786702576.410940 2835935 64924 45214 99 0 161848 0 39929
1786702577.413309 2831333 54102 34377 99 0 163896 0 47553
1786702578.411928 2831333 61040 41315 99 0 163896 0 54480
1786702579.411987 2842944 50423 30697 99 0 163896 0 53638
1786702580.414685 2861220 67386 47660 99 0 163896 0 67318
1786702581.412839 2872831 68963 49215 99 0 163896 0 82566
1786702582.412571 2909383 101645 81897 99 0 163896 0 109698
1786702583.417192 2909264 104569 84821 99 0 163896 0 117571
1786702584.417837 2909264 107123 87375 99 0 163896 0 131062
1786702585.417453 2927555 121746 101998 99 0 163896 0 145521
1786702586.417141 2927555 123932 104184 99 0 163896 0 142118
1786702587.418785 2927555 127058 107310 99 0 163896 0 155713
1786702588.417493 2945846 142219 122471 99 0 163896 0 153711
1786702589.419858 2945846 144662 124914 99 0 163896 0 166698
1786702590.420484 2933499 71609 51964 99 0 163896 0 150250
1786702591.419757 2936224 86548 66903 99 0 163896 0 148949
1786702592.419603 2936224 89304 69659 99 0 163896 0 161988
1786702593.419625 2954515 106845 87195 99 0 163896 0 160393
1786702594.419106 2954515 115607 95957 99 0 163896 0 176713
1786702595.418591 2954515 122597 102946 99 0 163896 0 175097
1786702596.418728 2972791 136328 116675 99 0 163896 0 179811
1786702597.439091 2988560 69924 50335 99 0 163896 0 193316
1786702598.518301 2989529 86247 66649 99 0 163896 0 189067
1786702599.420978 2969165 90273 70675 99 0 163896 0 190015
1786702600.419264 2969165 92427 72824 99 0 163896 0 194040
1786702601.417671 2987441 106528 86933 99 0 163896 0 193067
1786702602.421874 2987441 109475 89880 99 0 163896 0 200907
1786702603.419954 2985292 64804 45234 99 0 163896 0 185469
1786702604.616191 3080116 83634 64081 99 0 163896 0 274385
1786702605.421927 3001968 86015 66462 99 0 163896 0 214942
1786702606.423271 3001968 89406 69853 99 0 163896 0 229900
1786702607.511076 3020259 106979 87427 99 0 163896 0 228825
1786702608.421907 3020259 114728 95176 99 0 163896 0 235755
1786702609.510946 3020259 121382 101828 99 0 163896 0 241984
1786702610.423890 3038550 138917 119363 99 0 163896 0 251844
1786702611.428826 3017945 71507 51959 99 0 163896 0 234852
1786702612.711317 3136180 101625 82074 99 0 163896 0 313612
1786702613.512379 3052028 105766 86215 99 0 163896 0 265324
1786702614.512731 3052028 109956 90405 99 0 163896 0 279601
1786702615.513264 3070319 126199 106647 99 0 163896 0 277778
1786702616.513000 3070319 131828 112476 99 0 163896 0 291994
1786702617.512935 3070319 138466 119112 99 0 163896 0 290507
1786702618.513720 3088610 155700 136345 99 0 163896 0 305779
1786702619.512307 3088610 157955 138598 99 0 163896 0 302026
1786702620.425788 3088610 160385 141028 99 0 163896 0 309277
1786702621.427507 3102332 86549 67218 99 0 163896 0 311216
1786702622.430028 3174070 102785 83481 99 0 163896 0 377005
1786702623.621431 3110779 104766 85461 99 0 163896 0 322294
1786702624.634465 3167934 108017 88802 99 0 163896 0 389579
1786702625.519757 4305210 126567 107350 99 0 163896 0 459440
1786702626.612572 3278369 125742 106521 99 0 163896 0 486512
1786702627.612928 3278369 127548 108327 99 0 163896 0 498314
1786702628.611803 3278369 129504 110283 99 0 163896 0 509744
1786702629.610762 3296645 143631 124407 99 0 163896 0 506353
1786702630.518901 3296645 145793 126569 99 0 163896 0 513845
1786702631.915585 3250892 94816 75600 99 0 163896 0 432283
1786702632.624495 3133527 90939 71722 99 0 163896 0 318342
1786702633.527768 3146054 94343 75131 99 0 163896 0 368192
1786702634.428337 3146054 96767 77577 99 0 163896 0 361816
1786702635.432076 3164345 111004 91813 99 0 163896 0 373325
1786702636.716479 3223874 118953 99790 99 0 163896 0 382703
1786702637.526498 3119543 74450 55288 99 0 163896 0 336123
1786702638.620781 3119543 75532 56370 99 0 163896 0 346283
1786702639.520279 3270852 93978 74827 99 0 163896 0 476566
1786702640.519834 3270852 100375 81224 99 0 163896 0 483678
1786702641.516344 3285361 118007 98846 99 0 163896 0 470167
1786702642.617688 3159217 73349 54188 99 0 163896 0 358309
1786702643.526929 3077277 73875 54714 99 0 163896 0 300608
1786702644.529125 3177115 88529 69373 99 0 163896 0 385771
1786702645.527770 3177115 91801 72645 99 0 163896 0 389236
1786702646.516959 3177115 99093 79937 99 0 163896 0 395382
1786702647.614850 3241303 116805 97642 99 0 163896 0 447605
1786702648.710141 3178819 75750 56587 99 0 163896 0 395437
1786702649.611908 3178819 79492 60329 99 0 163896 0 406857
1786702650.627018 3269872 96092 76921 99 0 163896 0 476026
1786702651.522792 3269872 100261 81097 99 0 163896 0 481767
1786702652.521164 3269872 107382 88218 99 0 163896 0 487264
1786702653.519415 3231970 122520 103347 99 0 163896 0 476511
1786702654.711812 3219157 77751 58578 99 0 163896 0 436326
1786702655.614942 3219157 84483 65304 99 0 163896 0 440819
1786702656.719724 3284446 89808 70629 99 0 163896 0 502303
1786702657.617193 3302722 105687 86506 99 0 163896 0 523136
1786702658.517170 3343307 110027 90854 99 0 163896 0 556342
1786702659.718525 3262656 115672 96493 99 0 163896 0 423554
1786702660.629391 3123397 72688 53509 99 0 163896 0 335259
1786702661.534492 3221127 78615 59437 99 0 163896 0 437082
1786702662.616405 3239418 92206 73028 99 0 163896 0 439885
1786702663.525698 3294661 97977 78799 99 0 163896 0 511831
1786702664.524627 3379725 119733 100554 99 0 163896 0 590840
1786702665.709989 3249980 120366 101391 99 0 163896 0 420767
1786702666.617770 3135273 75865 56890 99 0 163896 0 357084
1786702667.711263 4273302 99423 80441 99 0 163896 0 422660
1786702668.623530 3215176 98241 79257 99 0 163896 0 427384
1786702669.518912 3215176 101368 82391 99 0 163896 0 432759
1786702670.618329 3223056 115083 96090 99 0 163896 0 411694
1786702671.833528 3259009 76292 57269 99 0 163896 0 474724
1786702672.711284 3259009 81904 62881 99 0 163896 0 486519
1786702673.710528 3325581 88130 69098 99 0 163896 0 548107
1786702674.733323 3372904 104136 85104 99 0 163896 0 590606
1786702675.711476 3413047 107867 88833 99 0 163896 0 623953
1786702676.526061 3413047 113128 94102 99 0 163896 0 606854
1786702677.917389 3369195 119886 100852 99 0 163896 0 572131
1786702678.818245 3286087 78028 58994 99 0 163896 0 504055
1786702679.726932 3286087 84778 65739 99 0 163896 0 508633
1786702680.715926 3286087 88722 69683 99 0 163896 0 511291
1786702681.718431 3365759 106060 86791 99 0 163896 0 577593
1786702682.523735 3365759 113587 94362 99 0 163896 0 582159
1786702683.721760 3419393 123050 103868 99 0 163896 0 576661
1786702684.626173 3219199 92049 72896 99 0 163896 0 407303
1786702685.512024 3180498 76948 57799 99 0 163896 0 396427
1786702686.516995 3198774 92747 73594 99 0 163896 0 404616
1786702687.527338 3279043 97930 78777 99 0 163896 0 497549
1786702688.526099 3344571 116863 97710 99 0 163896 0 551745
1786702689.721211 3349297 121893 102742 99 0 163896 0 530422
1786702690.619847 3241784 122005 102854 99 0 163896 0 460088
1786702691.712211 3240586 76721 57307 99 0 163896 0 469371
1786702692.624282 3258892 93408 73988 99 0 163896 0 465399
1786702693.632062 3302887 99852 80432 99 0 163896 0 521991
1786702694.622781 3302887 105802 86382 99 0 163896 0 525689
1786702695.725164 3323663 123260 103877 99 0 163896 0 513105
1786702696.833069 3370465 127442 108059 99 0 163896 0 585629
1786702697.525867 3370465 132666 113283 99 0 163896 0 595827
1786702698.719520 3516973 139740 120351 99 0 163896 0 716884
1786702699.823269 3516658 104594 85204 99 0 163896 0 732602
1786702700.823604 3516658 110716 91324 99 0 163896 0 735446
1786702701.621037 3587420 114149 94514 99 0 163896 0 792066
1786702703.121657 3485348 127016 107445 99 0 163896 0 653525
1786702703.814601 3342874 111670 92099 99 0 163896 0 559197
1786702704.813843 3282861 79552 59975 99 0 163896 0 494916
1786702705.628943 3336500 82903 63326 99 0 163896 0 554983
1786702706.615203 3354754 98130 78557 99 0 163896 0 564699
1786702707.611180 3354754 100976 81403 99 0 163896 0 567819
1786702708.712866 3365701 115921 96339 99 0 163896 0 569481
1786702709.713669 3365701 120082 100500 99 0 163896 0 581238
1786702710.621239 3365701 121825 102243 99 0 163896 0 591932
1786702711.620164 3396294 80635 61054 99 0 163896 0 613287
1786702712.610971 3414548 99673 79649 99 0 163896 0 630805
1786702713.612256 3432802 118006 97982 99 0 163896 0 639934
1786702714.910018 3423947 122994 102971 99 0 163896 0 600443
1786702715.824002 3363271 96204 76181 99 0 163896 0 567460
1786702716.721030 3397447 83386 63363 99 0 163896 0 621970
1786702717.722181 3415701 101240 81212 99 0 163896 0 626545
1786702718.812102 3415701 105837 85809 99 0 163896 0 629859
1786702719.618007 3504699 112073 92043 99 0 163896 0 720632
1786702720.711126 3485523 126629 106604 99 0 163896 0 645109
1786702721.632775 3394726 128888 108860 99 0 163896 0 609558
1786702722.727449 3394726 132799 112698 99 0 163896 0 621162
1786702724.222044 3516848 116921 96938 99 0 163896 0 662385
1786702724.719096 3429818 104011 84028 99 0 163896 0 645061
1786702725.821097 3504674 111963 92066 99 0 163896 0 725172
1786702726.712962 3574328 126984 107084 99 0 163896 0 779566
1786702728.220668 3574452 131116 111235 99 0 163896 0 728890
1786702728.824529 3443416 116258 96377 99 0 163896 0 620242
1786702729.519792 3297408 77979 58100 99 0 163896 0 486814
1786702730.518583 3287042 91553 71673 99 0 163896 0 491523
1786702731.526526 3361906 97500 77619 99 0 163896 0 573099
1786702732.530426 3361906 106312 86431 99 0 163896 0 581135
1786702733.728546 3430917 121681 101776 99 0 163896 0 643114
1786702735.126787 3516830 124696 104791 99 0 163896 0 691841
1786702735.713773 3461478 99502 79597 99 0 163896 0 678663
1786702736.718874 3435898 93249 73345 99 0 163896 0 644354
1786702737.620619 3435898 99604 79700 99 0 163896 0 651151
1786702738.812373 3588833 118454 98550 99 0 163896 0 800258
1786702739.817772 3435631 118824 98919 99 0 163896 0 632801
1786702740.831857 3472557 123025 103120 99 0 163896 0 695549
1786702741.724603 3490833 138379 118474 99 0 163896 0 707271
1786702743.013692 3490833 144525 124614 99 0 163896 0 651709
1786702744.015604 3490166 104595 84684 99 0 163896 0 687538
1786702744.625008 3470438 108297 88384 99 0 163896 0 683644
1786702746.023169 3467971 122667 102754 99 0 163896 0 598300
1786702746.914641 3360358 126106 106193 99 0 163896 0 572631
1786702747.915429 3404306 130097 110178 99 0 163896 0 619173
1786702748.634903 3404306 136710 116791 99 0 163896 0 621123
1786702749.632009 3404306 142660 122741 99 0 163896 0 632680
1786702750.633825 3422582 157695 137774 99 0 163896 0 627702
1786702751.621708 3549668 163546 143648 99 0 163896 0 762126
1786702752.813995 3594762 127237 107337 99 0 163896 0 758033
1786702753.711029 3402809 73966 54066 99 0 163896 0 611814
1786702754.728616 3402809 77009 57109 99 0 163896 0 622727
1786702755.715066 3402809 79796 59908 99 0 163896 0 616347
1786702756.524057 3421085 94902 75014 99 0 163896 0 629648
1786702757.926631 3619744 104484 84596 99 0 163896 0 816612
1786702758.618321 3578817 122219 102331 99 0 163896 0 784570
1786702759.910599 3499066 125064 105222 99 0 163896 0 684359
1786702760.812532 3416111 79712 59870 99 0 163896 0 621061
1786702761.728784 3416924 95819 75977 99 0 163896 0 625930
1786702762.823023 3416924 101535 81687 99 0 163896 0 628772
1786702763.811890 3416924 105318 85470 99 0 163896 0 639955
1786702764.813104 3562712 110555 90707 99 0 163896 0 788658
1786702765.914791 3651119 127461 107616 99 0 163896 0 853855
1786702766.922295 3560777 129340 109494 99 0 163896 0 750320
1786702767.917597 3456602 78938 59092 99 0 163896 0 660733
1786702768.815398 3402524 92898 73048 99 0 163896 0 612608
1786702769.616281 3402524 97654 77798 99 0 163896 0 615334
1786702770.721396 3505008 103416 83560 99 0 163896 0 731264
1786702771.726594 3523293 120993 101182 99 0 163896 0 726274
1786702772.826540 3534775 127703 107884 99 0 163896 0 730343
1786702773.723432 3411373 131485 111666 99 0 163896 0 628518
1786702774.825679 3486567 139010 119191 99 0 163896 0 718072
1786702775.912131 3539960 101505 81681 99 0 163896 0 748743
1786702776.820938 3539960 104589 84765 99 0 163896 0 759280
1786702777.625236 3539960 108698 88874 99 0 163896 0 754319
1786702778.811519 4676942 117287 97514 99 0 163896 0 784931
1786702779.813265 3465645 126485 106703 99 0 163896 0 629430
1786702780.718857 3419467 128835 109053 99 0 163896 0 639213
1786702781.814161 3479092 132590 112805 99 0 163896 0 700849
1786702783.222367 3479092 136284 116499 99 0 163896 0 703134
1786702783.911807 4613888 109057 89270 99 0 163896 0 764576
1786702784.623591 3637176 110136 90363 99 0 163896 0 850726
1786702785.828990 3582715 124562 104792 99 0 163896 0 745331
1786702786.920317 3607904 118986 99216 99 0 163896 0 777976
1786702787.914018 3578996 119219 99449 99 0 163896 0 771232
1786702788.825950 3533367 76489 56719 99 0 163896 0 754228
1786702789.912864 3533367 80649 60873 99 0 163896 0 757333
1786702790.619008 3551657 98700 78933 99 0 163896 0 760600
1786702791.525274 3479726 102678 82921 99 0 163896 0 696113
1786702792.812894 3546889 119424 99653 99 0 163896 0 759397
1786702793.916994 3546889 123062 103291 99 0 163896 0 762987
1786702795.013660 3678753 128109 108338 99 0 163896 0 864594
1786702795.910869 3610107 98307 78542 99 0 163896 0 826417
1786702796.811329 3627271 101376 81626 99 0 163896 0 838882
1786702797.610877 3626389 103717 83966 99 0 163896 0 842269
1786702799.221685 3728601 120528 100771 99 0 163896 0 926376
1786702800.125690 3644164 123293 103536 99 0 163896 0 843778
1786702800.722282 3628329 138902 119144 99 0 163896 0 842286
1786702801.725948 3628329 144530 124768 99 0 163896 0 846180
1786702802.916177 3677871 105759 85997 99 0 163896 0 898568
1786702803.715994 3798278 125337 105593 99 0 163896 0 1001146
1786702804.714379 3798278 131329 111585 99 0 163896 0 1014472
1786702806.112617 3816003 138341 118595 99 0 163896 0 1019988
1786702807.112738 3752744 151508 131762 99 0 163896 0 961333
1786702808.013878 3645750 138383 118637 99 0 163896 0 806210
1786702808.727850 3546771 97647 77901 99 0 163896 0 762493
1786702809.631375 3546771 100028 80285 99 0 163896 0 763874
1786702810.616919 3565059 114242 94498 99 0 163896 0 775348
1786702811.624042 3666978 124326 104582 99 0 163896 0 878960
1786702812.928165 3686410 119755 100005 99 0 163896 0 862107
1786702813.824322 3607068 91252 71501 99 0 163896 0 808026
1786702814.722724 3599203 95050 75299 99 0 163896 0 817535
1786702815.925541 3623428 98525 78774 99 0 163896 0 835937
1786702816.912058 3524965 99928 80171 99 0 163896 0 724816
1786702817.911685 4570555 108820 89063 99 0 163896 0 724625
1786702818.816721 3574611 119752 100006 99 0 163896 0 788408
1786702819.824916 3574611 123230 103484 99 0 163896 0 799698
1786702821.225885 3739276 131110 111364 99 0 163896 0 930910
1786702821.921466 3671144 98092 78340 99 0 163896 0 890110
1786702822.827850 3663049 102292 82540 99 0 163896 0 883513
1786702823.626329 3681329 119009 99266 99 0 163896 0 890974
1786702824.715101 3845140 127483 107750 99 0 163896 0 1012731
1786702826.122313 3732027 129397 109698 99 0 163896 0 895266
1786702827.122054 3644377 142941 123242 99 0 163896 0 832306
1786702827.926944 3577518 120122 100423 99 0 163896 0 778383
1786702828.830422 3514512 97465 77766 99 0 163896 0 734128
1786702829.810741 3514512 101379 81674 99 0 163896 0 736930
1786702830.632648 3532752 116392 96686 99 0 163896 0 740681
1786702831.610417 3563979 120059 100354 99 0 163896 0 763719
1786702832.920448 3732623 135587 115876 99 0 163896 0 940604
1786702834.121442 3821906 140899 121188 99 0 163896 0 976846
1786702834.930774 3685201 99527 79810 99 0 163896 0 897715
1786702835.919457 3678453 103048 83331 99 0 163896 0 898325
1786702836.625946 3678453 106750 87045 99 0 163896 0 899144
1786702837.914063 3802013 126413 106707 99 0 163896 0 983416
1786702838.725322 3714641 128839 109122 99 0 163896 0 914341
1786702839.724840 3744953 124649 104932 99 0 163896 0 942218
1786702840.817542 3614426 81850 62129 99 0 163896 0 808100
1786702841.914294 3688822 96797 77075 99 0 163896 0 903936
1786702842.718040 3688822 100617 80893 99 0 163896 0 905178
1786702843.728736 3688822 106087 86395 99 0 163896 0 908586
1786702844.718326 4765224 130527 110834 99 0 163896 0 912019
1786702845.930941 3649874 127832 108135 99 0 163896 0 828050
1786702846.827631 3674630 133477 113780 99 0 163896 0 896009
1786702847.810471 4751032 150094 130397 99 0 163896 0 908197
1786702849.221681 3789031 154262 134559 99 0 163896 0 964260
1786702849.915700 3716519 103632 83929 99 0 163896 0 935780
1786702850.912752 3803731 107797 88094 99 0 163896 0 1023429
1786702851.720361 3822007 124861 105167 99 0 163896 0 1030639
1786702852.917548 3782952 128789 109093 99 0 163896 0 977972
1786702854.016169 3694567 131029 111333 99 0 163896 0 882894
1786702854.930235 3569439 132603 112907 99 0 163896 0 792803
1786702855.822947 3600680 94028 74334 99 0 163896 0 813218
1786702856.732723 3600680 98405 78711 99 0 163896 0 815388
1786702857.621604 3600680 104280 84595 99 0 163896 0 821848
1786702858.634997 3744904 123369 103683 99 0 163896 0 954253
1786702859.616695 3673907 127136 107464 99 0 163896 0 886231
1786702861.011037 3692183 143524 123836 99 0 163896 0 900683
1786702861.911753 3700555 145392 125704 99 0 163896 0 898032
1786702862.811159 3682110 149276 129588 99 0 163896 0 907970
1786702864.015194 3682110 154313 134619 99 0 163896 0 902320
1786702865.113507 3860516 119331 99636 99 0 163896 0 1072966
1786702866.012397 3860516 124969 105272 99 0 163896 0 1076293
1786702866.819608 3860516 130409 110712 99 0 163896 0 1079880
1786702867.914762 3961882 136807 117108 99 0 163896 0 1184994
1786702868.722868 3980173 154475 134788 99 0 163896 0 1185155
1786702870.013048 3980173 163399 143712 99 0 163896 0 1168248
1786702871.232943 5001894 180151 160458 99 0 163896 0 1102358
1786702872.031333 3827397 181645 161952 99 0 163896 0 979854
1786702872.827340 3662974 166550 146859 99 0 163896 0 877760
1786702873.717554 3531668 99032 79425 99 0 163896 0 737870
1786702874.709960 3542471 112218 92611 99 0 163896 0 749977
1786702875.616834 3647241 115828 96223 99 0 163896 0 857968
1786702876.716105 3647241 122407 102802 99 0 163896 0 870509
1786702877.731718 3792540 141607 122011 99 0 163896 0 955795
1786702878.923343 3741145 145231 125620 99 0 163896 0 973650
1786702879.821725 3788396 160554 140943 99 0 163896 0 1027711
1786702880.918155 3889912 165930 146319 99 0 163896 0 1112016
1786702882.523777 3979212 152229 132610 99 0 163896 0 1187819
1786702883.821554 3837761 125147 105528 99 0 163896 0 1051588
1786702885.026427 4998640 136590 116969 99 0 163896 0 1147987
1786702885.833433 3951287 143899 124278 99 0 163896 0 1167845
1786702886.829076 3951287 146746 127138 99 0 163896 0 1163798
1786702888.310761 3991222 149143 129516 99 0 163896 0 1169942
1786702889.119994 3917893 149766 130139 99 0 163896 0 1098886
1786702890.024854 3832849 110482 90855 99 0 163896 0 1030385
1786702891.117914 3715757 93391 73788 99 0 163896 0 903821
1786702891.918757 3683263 98013 78405 99 0 163896 0 900015
1786702893.112373 3683263 105080 85472 99 0 163896 0 903282
1786702893.728234 3683263 111953 92360 99 0 163896 0 900547
1786702894.921803 3613013 126755 107169 99 0 163896 0 822561
1786702896.130215 3841514 117956 98370 99 0 163896 0 1024134
1786702896.923170 3801482 81541 61955 99 0 163896 0 1022243
1786702897.838012 3801482 86659 67067 99 0 163896 0 1024473
1786702898.923243 3819758 103818 84221 99 0 163896 0 1037112
1786702899.915844 3819758 108354 88755 99 0 163896 0 1030800
1786702900.711475 3867194 112112 92515 99 0 163896 0 1083780
1786702902.618195 4071226 129309 109735 99 0 163896 0 1194056
1786702904.113335 3854514 83572 63994 99 0 163896 0 1075898
1786702905.116316 3872790 99047 79468 99 0 163896 0 1080318
1786702906.111455 3872790 105662 86081 99 0 163896 0 1084021
1786702906.812953 3872790 111673 92092 99 0 163896 0 1095581
1786702907.717370 3891066 130037 110470 99 0 163896 0 1097589
1786702908.710790 3779029 134098 114544 99 0 163896 0 977017
1786702909.935795 3734842 77669 58103 99 0 163896 0 945880
1786702910.826119 3728588 93085 73518 99 0 163896 0 941324
1786702911.918588 3728588 96364 76796 99 0 163896 0 943234
1786702912.916177 3786221 101576 82003 99 0 163896 0 1003912
1786702913.828924 3786221 104112 84539 99 0 163896 0 1009285
1786702915.025868 3768321 117942 98362 99 0 163896 0 964305
1786702915.924496 3834271 103664 84081 99 0 163896 0 1026071
1786702917.013577 3787682 79796 60213 99 0 163896 0 1011972
1786702917.910981 3805958 97763 78177 99 0 163896 0 1016937
1786702918.824181 3805958 104063 84473 99 0 163896 0 1020492
1786702919.918771 3805958 109187 89597 99 0 163896 0 1031858
1786702920.736324 3805958 113386 93810 99 0 163896 0 1024734
1786702921.626966 3824249 130511 110935 99 0 163896 0 1029169
1786702923.114454 3910011 134359 114779 99 0 163896 0 1099360
1786702924.115929 3901943 137237 117657 99 0 163896 0 1104416
1786702925.112315 3902041 152404 132824 99 0 163896 0 1088739
1786702926.123243 3891618 155830 136250 99 0 163896 0 1102627
1786702927.112865 3802572 102678 83118 99 0 163896 0 1026770
1786702927.818522 3787427 106626 87061 99 0 163896 0 1013353
1786702928.817231 3805703 123469 103900 99 0 163896 0 1018863
1786702929.727364 3930925 129213 109642 99 0 163896 0 1130037
1786702931.112602 3887012 131644 112073 99 0 163896 0 1051504
1786702932.127050 3777262 145320 125749 99 0 163896 0 982974
1786702933.010959 3726625 147736 128165 99 0 163896 0 924665
1786702933.717147 3702513 154494 134923 99 0 163896 0 916732
1786702935.133173 3791234 134143 114566 99 0 163896 0 995863
1786702935.923722 3781897 123554 103977 99 0 163896 0 999690
1786702936.922377 3781897 126859 107280 99 0 163896 0 993722
1786702937.619231 3763678 128943 109370 99 0 163896 0 978533
1786702939.022283 3859771 143167 123708 99 0 163896 0 1069699
1786702939.913235 3859771 145625 126166 99 0 163896 0 1070942
1786702941.117694 3909460 140796 121333 99 0 163896 0 1049589
1786702941.932176 3850390 125614 106151 99 0 163896 0 1051254
1786702942.810974 3823921 103588 84139 99 0 163896 0 1030650
1786702943.811332 3842197 121111 101660 99 0 163896 0 1053172
1786702944.727958 3842197 127124 107673 99 0 163896 0 1035748
1786702945.912161 3669393 139404 119958 99 0 163896 0 871211
1786702946.923593 3769417 146214 126768 99 0 163896 0 983485
1786702947.923122 3769417 151451 132005 99 0 163896 0 994073
1786702948.815256 3769417 156204 136752 99 0 163896 0 988656
1786702950.023405 4047148 173032 153579 99 0 163896 0 1211595
1786702951.124779 3995863 127006 107551 99 0 163896 0 1211624
1786702952.213750 3995863 131825 112370 99 0 163896 0 1214134
1786702953.126918 3995863 137264 117807 99 0 163896 0 1216599
1786702954.123590 3995863 143085 123628 99 0 163896 0 1219551
1786702954.810065 4014139 160102 140658 99 0 163896 0 1223836
1786702956.616695 4220379 170275 150882 99 0 163896 0 1368215
1786702958.223532 3947126 185758 166059 99 0 163896 0 1141405
1786702959.024953 3834797 189083 169384 99 0 163896 0 987608
1786702959.926146 3688392 145012 125333 99 0 163896 0 897804
1786702960.633148 3627587 102583 82953 99 0 163896 0 844909
1786702961.713250 3750718 117504 97873 99 0 163896 0 961720
1786702962.724340 3827197 119843 100264 99 0 163896 0 996265
1786702963.914938 3799448 135204 115622 99 0 163896 0 1005698
1786702965.029226 3872375 140358 120776 99 0 163896 0 1090001
1786702966.029915 3872375 143440 123858 99 0 163896 0 1100197
1786702967.319565 3915565 147404 127818 99 0 163896 0 1071498
1786702967.934218 3850952 151084 131498 99 0 163896 0 1052707
1786702969.126199 3939204 124043 104454 99 0 163896 0 1153837
1786702969.814877 4088995 128352 108782 99 0 163896 0 1297672
1786702970.926041 4088995 132585 113015 99 0 163896 0 1309069
1786702971.819458 4149768 148943 129372 99 0 163896 0 1356706
1786702972.817545 4149768 154793 135222 99 0 163896 0 1370896
1786702974.724270 4184586 170911 151335 99 0 163896 0 1269777
1786702976.418827 3932187 133292 113716 99 0 163896 0 1114802
1786702978.112740 3821175 112516 92932 99 0 163896 0 1026383
1786702979.021140 3821175 117449 97453 99 0 163896 0 1037784
1786702980.025871 3821175 122281 102285 99 0 163896 0 1049515
1786702981.013180 3839466 137952 117956 99 0 163896 0 1052031
1786702982.010818 3839466 142833 122835 99 0 163896 0 1046480
1786702982.818423 3971451 147109 127111 99 0 163896 0 1186433
1786702983.837832 4037498 161748 141755 99 0 163896 0 1130579
1786702984.913756 3928440 164691 144694 99 0 163896 0 1140787
1786702985.917632 3928440 167838 147841 99 0 163896 0 1151537
1786702987.019994 3994105 172563 152566 99 0 163896 0 1220981
1786702987.920793 3943672 187721 167720 99 0 163896 0 1143792
1786702989.128990 4021560 174390 154274 99 0 163896 0 1183672
1786702990.117005 3968592 125330 105214 99 0 163896 0 1192603
1786702991.111209 3968592 130086 109969 99 0 163896 0 1187175
1786702992.224372 4059611 146395 126278 99 0 163896 0 1271006
1786702993.117876 4174472 153138 133021 99 0 163896 0 1389097
1786702994.115801 4261260 159981 139864 99 0 163896 0 1479158
1786702995.021326 4292772 165106 144989 99 0 163896 0 1521034
1786702996.523802 4320302 178336 158269 99 0 163896 0 1477282
1786702998.131292 4047790 180207 160140 99 0 163896 0 1248750
1786702999.318975 3940511 172716 152649 99 0 163896 0 1127685
1786703000.213026 3816331 113943 93871 99 0 163896 0 1007625
1786703000.819188 3905942 108892 88854 99 0 163896 0 1096416
1786703001.516433 3822275 112792 92792 99 0 163896 0 1021585
1786703002.813187 3845527 115983 96005 99 0 165944 0 1051776
1786703003.737228 3845527 120502 100517 99 0 165944 0 1044041
1786703004.836493 3845527 125030 105045 99 0 165944 0 1054075
1786703005.925039 3987073 130089 110123 99 0 165944 0 1168209
1786703006.628685 3858256 92043 72077 99 0 165944 0 1060054
1786703007.456506 3911952 91981 72022 99 0 165944 0 1109222
1786703008.521305 3917747 92096 72137 99 0 165944 0 1115019
1786703009.522268 3945423 92099 72140 99 0 165944 0 1142695
1786703010.522104 3945423 92099 72140 99 0 165944 0 1142695
1786703011.521255 3945423 92099 72140 99 0 165944 0 1142695
1786703012.458194 3945423 92099 72140 99 0 165944 0 1142695
1786703013.537393 3859798 34090 14131 99 0 165944 0 1051059
1786703014.458307 3850398 34088 14129 99 0 165944 0 1047675
1786703015.457096 3850398 34088 14129 99 0 165944 0 1047675
1786703016.511166 3779456 33852 13892 99 0 165944 0 976735
1786703017.514060 3779456 33852 13892 99 0 165944 0 976735
1786703018.510774 3779456 33852 13892 99 0 165944 0 976735
1786703019.640382 3940203 34781 14879 99 0 165944 0 1095376
1786703020.512020 3788831 33937 14035 99 0 165944 0 986112
1786703021.510057 3788831 33937 14035 99 0 165944 0 986112
1786703022.526842 3838241 34276 14373 99 0 165944 0 1035523
1786703023.512585 3799955 34134 14231 99 0 165944 0 997239
1786703024.451167 3799955 34134 14231 99 0 165944 0 997239
1786703025.454326 3870110 34554 14651 99 0 165944 0 1067395
1786703026.454457 3870110 34554 14651 99 0 165944 0 1067395
1786703027.454383 3870110 34554 14651 99 0 165944 0 1067395
1786703028.445041 3584741 32861 12987 99 0 165944 0 782031
1786703029.452697 3584741 32861 12987 99 0 165944 0 782031
1786703030.444713 3584741 32861 12987 99 0 165944 0 782031
1786703031.441807 3584741 32861 12987 99 0 165944 0 782031
1786703032.441864 3584741 32861 12987 99 0 165944 0 782031
1786703033.441546 3578899 32816 12937 99 0 165944 0 776191
1786703034.441835 3578899 32816 12937 99 0 165944 0 776191
1786703035.441784 3578899 32816 12937 99 0 165944 0 776191
1786703036.444894 3578899 32816 12937 99 0 165944 0 776192
1786703037.441585 3578891 32696 12817 99 0 165944 0 776185
1786703038.441822 3578891 32696 12817 99 0 165944 0 776185
1786703039.441694 3578891 32696 12817 99 0 165944 0 776185
1786703040.441622 3578891 32696 12817 99 0 165944 0 776185
1786703041.441662 3578885 32658 12779 99 0 165944 0 776180
1786703042.441566 3578885 32658 12779 99 0 165944 0 776180
1786703043.444719 3578885 32658 12779 99 0 165944 0 776180
1786703044.441942 3578885 32658 12779 99 0 165944 0 776180
1786703045.441748 3578877 32539 12659 99 0 165944 0 776174
1786703046.441755 3578877 32539 12659 99 0 165944 0 776174
1786703047.442025 3578877 32539 12659 99 0 165944 0 776174
1786703048.441902 3578877 32539 12659 99 0 165944 0 776174
1786703049.443650 3578872 32486 12606 99 0 165944 0 776170
1786703050.441697 3578872 32486 12606 99 0 165944 0 776170
1786703051.441746 3578872 32486 12606 99 0 165944 0 776170
1786703052.441983 3578872 32486 12606 99 0 165944 0 776170
1786703053.441781 3578866 32449 12568 99 0 165944 0 776166
1786703054.441546 3578866 32449 12568 99 0 165944 0 776166
1786703055.441687 3578866 32449 12568 99 0 165944 0 776166
1786703056.441608 3578866 32449 12568 99 0 165944 0 776166
1786703057.445216 3578860 32397 12514 99 0 165944 0 776161
1786703058.444688 3578860 32397 12514 99 0 165944 0 776161
1786703059.445184 3578860 32397 12514 99 0 165944 0 776161
1786703060.444536 3578860 32397 12514 99 0 165944 0 776161
1786703061.441490 3578860 32397 12514 99 0 165944 0 776161
1786703062.519707 3578853 31835 12411 99 0 165944 0 776157
1786703063.515714 3578853 31835 12411 99 0 165944 0 776157
1786703064.519758 3578853 31835 12411 99 0 165944 0 776157
1786703065.519308 3578853 31835 12411 99 0 165944 0 776157
1786703066.516552 3578853 31835 12411 99 0 165944 0 776157
1786703067.516842 3578853 31835 12411 99 0 165944 0 776157
1786703068.515654 3578853 31835 12411 99 0 165944 0 776157
1786703069.519577 3578853 31835 12411 99 0 165944 0 776157
1786703070.516658 3578853 31835 12411 99 0 165944 0 776157
1786703071.518700 3578853 31835 12411 99 0 165944 0 776157
1786703072.519646 3580902 31711 12411 99 0 167992 0 776157
1786703073.515318 3580902 31711 12411 99 0 167992 0 776157
1786703074.516631 3580902 31711 12411 99 0 167992 0 776157
1786703075.519741 3580902 31711 12411 99 0 167992 0 776157
1786703076.517575 3580902 31711 12411 99 0 167992 0 776157
1786703077.516623 3580902 31711 12411 99 0 167992 0 776157
1786703078.519416 3580902 31711 12411 99 0 167992 0 776157
1786703079.520693 3580902 31711 12411 99 0 167992 0 776157
1786703080.520086 3580902 31711 12411 99 0 167992 0 776157
1786703081.519654 3582951 31717 12411 99 0 170040 0 776157
1786703082.516575 3582951 31717 12411 99 0 170040 0 776157
1786703083.516259 3582951 31717 12411 99 0 170040 0 776157
1786703084.519869 3582951 31717 12411 99 0 170040 0 776157
1786703085.519879 3582951 31717 12411 99 0 170040 0 776157
1786703086.516584 3582951 31717 12411 99 0 170040 0 776157
1786703087.515434 3582951 31717 12411 99 0 170040 0 776157
1786703088.515527 3582951 31717 12411 99 0 170040 0 776157
1786703089.515500 3582951 31717 12411 99 0 170040 0 776157
1786703090.516612 3582951 31717 12411 99 0 170040 0 776157
1786703091.516857 3585000 31721 12411 99 0 172088 0 776157
1786703092.515272 3585000 31721 12411 99 0 172088 0 776157
1786703093.521695 3585000 31721 12411 99 0 172088 0 776157
1786703094.516780 3585000 31721 12411 99 0 172088 0 776157
1786703095.515306 3585000 31721 12411 99 0 172088 0 776157
1786703096.520415 3585000 31721 12411 99 0 172088 0 776157
1786703097.515554 3585000 31721 12411 99 0 172088 0 776157
1786703098.515264 3585000 31721 12411 99 0 172088 0 776157
1786703099.521574 3585000 31721 12411 99 0 172088 0 776157
1786703100.516666 3585000 31721 12411 99 0 172088 0 776157
1786703101.519995 3585000 31721 12411 99 0 172088 0 776157
1786703102.519661 3585000 31721 12411 99 0 172088 0 776157
1786703103.515382 3585000 31721 12411 99 0 172088 0 776157
1786703104.515509 3585000 31721 12411 99 0 172088 0 776157
1786703105.515827 3585000 31721 12411 99 0 172088 0 776157
1786703106.516871 3585000 31721 12411 99 0 172088 0 776157
1786703107.519870 3585000 31721 12411 99 0 172088 0 776157
1786703108.520679 3585000 31721 12411 99 0 172088 0 776157
1786703109.516885 3585000 31721 12411 99 0 172088 0 776157
1786703110.515835 3585000 31721 12411 99 0 172088 0 776157
1786703111.518004 3585000 31721 12411 99 0 172088 0 776157
1786703112.517707 3585000 31721 12411 99 0 172088 0 776157
1786703113.515630 3585000 31721 12411 99 0 172088 0 776157
1786703114.516944 3585000 31721 12411 99 0 172088 0 776157
1786703115.515798 3585000 31721 12411 99 0 172088 0 776157
1786703116.515101 3585000 31721 12411 99 0 172088 0 776157
1786703117.517725 3585000 31721 12411 99 0 172088 0 776157
1786703118.515734 3585000 31721 12411 99 0 172088 0 776157
1786703119.520123 3585000 31721 12411 99 0 172088 0 776157
1786703120.515546 3585000 31721 12411 99 0 172088 0 776157
1786703121.519678 3585000 31721 12411 99 0 172088 0 776157
1786703122.516538 3585000 31721 12411 99 0 172088 0 776157
1786703123.519758 3585000 31721 12411 99 0 172088 0 776157
1786703124.515623 3585000 31721 12411 99 0 172088 0 776157
1786703125.519817 3585000 31721 12411 99 0 172088 0 776157
1786703126.515686 3585000 31721 12411 99 0 172088 0 776157
1786703127.515673 3585000 31721 12411 99 0 172088 0 776157
1786703128.516845 3585000 31721 12411 99 0 172088 0 776157
1786703129.517374 3585000 31721 12411 99 0 172088 0 776157
1786703130.518959 3585000 31721 12411 99 0 172088 0 776157
1786703131.515550 3585000 31721 12411 99 0 172088 0 776157
1786703132.515660 3585000 31721 12411 99 0 172088 0 776157
1786703133.519647 3585000 31721 12411 99 0 172088 0 776157
1786703134.519739 3585000 31721 12411 99 0 172088 0 776157
1786703135.515623 3585000 31721 12411 99 0 172088 0 776157
1786703136.516764 3585000 31721 12411 99 0 172088 0 776157
1786703137.517624 3585000 31721 12411 99 0 172088 0 776157
1786703138.516606 3585000 31721 12411 99 0 172088 0 776157
1786703139.516543 3585000 31721 12411 99 0 172088 0 776157
1786703140.519473 3585000 31721 12411 99 0 172088 0 776157
1786703141.516681 3585000 31721 12411 99 0 172088 0 776157
1786703142.519738 3585000 31721 12411 99 0 172088 0 776157
1786703143.516646 3585000 31721 12411 99 0 172088 0 776157
1786703144.441138 3585000 31718 12411 99 0 172088 0 776157
1786703145.441321 3585000 31718 12411 99 0 172088 0 776157
