# start_epoch=1789452748.477135  page_size=4096  cachestat=ok  fields=size,resident,shared,text,lib,data,dt,pagecache
1789452749.477442 262578 27942 7955 99 0 248506 0 1
1789452750.477381 262578 27942 7955 99 0 248506 0 1
1789452751.481544 2105139 66467 46313 99 0 254010 0 91778
1789452752.489689 3045063 194827 171782 99 0 261178 0 208818
1789452753.500430 3074764 238609 212634 99 0 290874 0 389083
1789452754.514460 3144338 213708 188999 99 0 290874 0 302591
1789452755.506264 3147410 240309 209562 99 0 293946 0 376178
1789452756.504406 3293843 360724 333154 99 0 293946 0 458587
1789452757.505260 3388363 354430 326893 99 0 293946 0 475517
1789452758.512224 3388363 397899 370362 99 0 293946 0 592806
1789452759.516229 3433175 344937 318071 99 0 293946 0 562283
1789452760.515420 3433175 366255 338719 99 0 293946 0 635191
1789452761.513596 3502782 335770 308988 99 0 293946 0 609465
1789452762.523565 3502782 377057 349161 99 0 293946 0 780914
1789452763.562535 3718877 474813 448034 99 0 293946 0 704212
1789452764.523907 3597239 409839 382374 99 0 293946 0 808832
1789452765.529611 3743687 534405 508111 99 0 293946 0 905817
1789452766.514440 3758718 439431 414433 99 0 298042 0 842896
1789452767.514315 3758718 439431 414433 99 0 298042 0 843403
1789452768.514437 3758718 439431 414433 99 0 298042 0 844861
1789452769.514652 3758718 439431 414433 99 0 298042 0 846876
1789452770.514676 3758718 439431 414433 99 0 298042 0 849143
1789452771.515447 3758718 441740 414433 99 0 298042 0 851527
1789452772.515002 3758718 441740 414433 99 0 298042 0 854934
1789452773.515056 3777699 452936 427677 99 0 298042 0 855244
1789452774.504831 3545989 65696 40348 99 0 298042 0 620986
1789452775.505477 3545989 105335 77937 99 0 298042 0 638304
1789452776.505935 3545989 133681 108331 99 0 298042 0 639997
1789452777.505426 3545989 161289 136769 99 0 298042 0 617262
1789452778.505453 3545989 201332 174945 99 0 298042 0 635415
1789452779.506748 3545989 233532 207513 99 0 298042 0 660259
1789452780.504732 3545989 259924 233885 99 0 298042 0 614487
1789452781.505378 3545989 297435 272038 99 0 298042 0 632604
1789452782.506415 3545989 332068 306670 99 0 298042 0 654457
1789452783.505357 3545989 355693 331439 99 0 298042 0 610467
1789452784.505300 3545989 394490 368416 99 0 298042 0 628876
1789452785.505796 3545989 431893 405821 99 0 298042 0 644366
1789452786.504705 3545981 35521 9445 99 0 298042 0 611053
1789452787.507968 3545981 33290 9054 99 0 298042 0 610467
1789452788.504164 3550078 33288 9054 99 0 302138 0 610467
1789452789.504382 3550078 33288 9054 99 0 302138 0 610467
1789452790.504917 3554175 33293 9054 99 0 306234 0 610467
1789452791.504444 3554175 33293 9054 99 0 306234 0 610467
1789452792.504362 3558272 33267 9054 99 0 310330 0 610467
1789452793.504526 3558272 33267 9054 99 0 310330 0 610467
1789452794.504337 3558272 33267 9054 99 0 310330 0 610467
1789452795.504289 3558272 33267 9054 99 0 310330 0 610467
1789452796.504125 3558272 33267 9054 99 0 310330 0 610467
1789452797.504749 3558272 33267 9054 99 0 310330 0 610467
1789452798.504314 3558272 33267 9054 99 0 310330 0 610467
1789452799.504405 3558272 33178 9054 99 0 310330 0 610467
1789452800.504352 3558272 33178 9054 99 0 310330 0 610467
