# start_epoch=1786124283.242168  page_size=4096  cachestat=ok  fields=size,resident,shared,text,lib,data,dt,pagecache
1786124284.245429 466889 37917 3296 2101 0 462282 0 46683
1786124285.248682 467785 42140 3296 2101 0 463178 0 100264
1786124286.250955 467785 42405 3296 2101 0 463178 0 136336
1786124287.253208 467785 40933 3296 2101 0 463178 0 172408
1786124288.255453 468809 43545 3365 2101 0 464202 0 208277
1786124289.257660 468809 47154 3365 2101 0 464202 0 244159
1786124290.258594 468809 42550 3365 2101 0 464202 0 266255
1786124291.262133 470089 44552 3365 2101 0 465482 0 316185
1786124292.264503 470089 44646 3365 2101 0 465482 0 352322
1786124293.266739 470089 45934 3365 2101 0 465482 0 388459
1786124294.268933 470089 49211 3365 2101 0 465482 0 424347
1786124295.268949 471625 52253 3365 2101 0 467018 0 440927
1786124296.266266 477130 34676 3381 2101 0 472522 0 454576
1786124297.264520 477130 34940 3381 2101 0 472522 0 454577
1786124298.264524 477130 34941 3381 2101 0 472522 0 454578
1786124299.267000 477130 34876 3381 2101 0 472522 0 454578
1786124300.264387 477130 34876 3381 2101 0 472522 0 454579
1786124301.264490 477130 34876 3381 2101 0 472522 0 454580
1786124302.264474 477130 34876 3381 2101 0 472522 0 454580
1786124303.264514 477130 34730 3381 2101 0 472522 0 454581
1786124304.264115 479050 35397 3381 2101 0 474442 0 448536
1786124305.263858 480330 35544 3381 2101 0 475722 0 448537
1786124306.263920 480330 35709 3381 2101 0 475722 0 448537
1786124307.264048 480330 35820 3381 2101 0 475722 0 448538
1786124308.264105 480330 35826 3381 2101 0 475722 0 448539
1786124309.263976 480330 36336 3381 2101 0 475722 0 446462
1786124310.264068 480330 36336 3381 2101 0 475722 0 448540
1786124311.264134 480330 36336 3381 2101 0 475722 0 448541
1786124312.263704 481866 35472 3381 2101 0 477258 0 442526
1786124313.263494 481866 36034 3381 2101 0 477258 0 442526
1786124314.262713 519250 93741 3388 2101 0 514634 0 423474
1786124315.262733 625746 183688 3388 2101 0 621130 0 423474
1786124316.262754 702034 273494 3388 2101 0 697418 0 423474
1786124317.262727 811602 362648 3388 2101 0 806986 0 423474
1786124318.262730 882770 452699 3388 2101 0 878154 0 423474
1786124319.262720 968786 540581 3388 2101 0 964170 0 423474
1786124320.262775 1067090 629860 3388 2101 0 1062474 0 423474
1786124321.262736 1186898 717973 3388 2101 0 1182282 0 423474
1786124322.262743 1317970 806988 3388 2101 0 1313354 0 423474
1786124323.262692 1328211 866924 3388 2101 0 1323594 0 423474
1786124324.262710 1328211 866924 3388 2101 0 1323594 0 423474
1786124325.262649 1328211 866924 3388 2101 0 1323594 0 423474
1786124326.262350 1328211 866924 3388 2101 0 1323594 0 423474
1786124327.262689 1328211 866924 3388 2101 0 1323594 0 423474
1786124328.262735 1328211 866924 3388 2101 0 1323594 0 423474
1786124329.265566 1332308 866914 3388 2101 0 1327690 0 423474
1786124330.262790 1332308 867387 3388 2101 0 1327690 0 423474
1786124331.262730 1332308 867387 3388 2101 0 1327690 0 423474
1786124332.262740 1332308 867387 3388 2101 0 1327690 0 423474
1786124333.262733 1332308 867387 3388 2101 0 1327690 0 423474
1786124334.262782 1332308 867387 3388 2101 0 1327690 0 423474
1786124335.262606 1336398 867380 3381 2101 0 1331786 0 423474
1786124336.262764 1336398 867380 3381 2101 0 1331786 0 423474
1786124337.262833 1336398 867380 3381 2101 0 1331786 0 423474
1786124338.262640 1336398 867380 3381 2101 0 1331786 0 423474
1786124339.262814 1336398 867380 3381 2101 0 1331786 0 423474
1786124340.262660 1336398 867380 3381 2101 0 1331786 0 423474
1786124341.267576 1336398 867380 3381 2101 0 1331786 0 423474
1786124342.262772 1336398 867380 3381 2101 0 1331786 0 423474
1786124343.262776 1336398 867380 3381 2101 0 1331786 0 423474
1786124344.262879 1336398 867380 3381 2101 0 1331786 0 423474
1786124345.262751 1336398 867380 3381 2101 0 1331786 0 423474
1786124346.262767 1336398 867380 3381 2101 0 1331786 0 423474
1786124347.262731 1336398 867380 3381 2101 0 1331786 0 423474
1786124348.262721 1336398 867380 3381 2101 0 1331786 0 423474
1786124349.262701 1336398 867380 3381 2101 0 1331786 0 423474
1786124350.262764 1336398 867380 3381 2101 0 1331786 0 423474
1786124351.262755 1336398 867380 3381 2101 0 1331786 0 423474
1786124352.262761 1336398 867380 3381 2101 0 1331786 0 423474
1786124353.262764 1336398 867380 3381 2101 0 1331786 0 423474
1786124354.262633 1336398 867380 3381 2101 0 1331786 0 423474
1786124355.262744 1336398 867380 3381 2101 0 1331786 0 423474
1786124356.262621 1336398 867380 3381 2101 0 1331786 0 423474
1786124357.262755 1336398 867380 3381 2101 0 1331786 0 423474
1786124358.262753 1336398 867380 3381 2101 0 1331786 0 423474
1786124359.262663 1336398 867380 3381 2101 0 1331786 0 423474
1786124360.262739 1336398 867380 3381 2101 0 1331786 0 423474
1786124361.262586 1336398 867380 3381 2101 0 1331786 0 423474
1786124362.262714 1336398 867380 3381 2101 0 1331786 0 423474
1786124363.262768 1336398 867380 3381 2101 0 1331786 0 423474
1786124364.262763 1336398 867380 3381 2101 0 1331786 0 423474
1786124365.262800 1336398 867380 3381 2101 0 1331786 0 423474
1786124366.262749 1336398 867380 3381 2101 0 1331786 0 423474
1786124367.262757 1336398 867380 3381 2101 0 1331786 0 423474
1786124368.262744 1336398 867380 3381 2101 0 1331786 0 423474
1786124369.262751 1336398 867380 3381 2101 0 1331786 0 423474
1786124370.262581 1336398 867380 3381 2101 0 1331786 0 423474
1786124371.262862 1336398 867380 3381 2101 0 1331786 0 423474
1786124372.262721 1336398 867380 3381 2101 0 1331786 0 423474
1786124373.262725 1336398 867380 3381 2101 0 1331786 0 423474
1786124374.262510 1336398 867380 3381 2101 0 1331786 0 423474
1786124375.262751 1336398 867380 3381 2101 0 1331786 0 423474
1786124376.262772 1336398 867380 3381 2101 0 1331786 0 423474
1786124377.262827 1336398 867380 3381 2101 0 1331786 0 423474
1786124378.262575 1336398 867380 3381 2101 0 1331786 0 423474
1786124379.262777 1336398 867380 3381 2101 0 1331786 0 423474
1786124380.262664 1336398 867380 3381 2101 0 1331786 0 423474
1786124381.262737 1336398 867380 3381 2101 0 1331786 0 423474
1786124382.262744 1336398 867380 3381 2101 0 1331786 0 423474
1786124383.262538 1336398 867380 3381 2101 0 1331786 0 423474
1786124384.262772 1336398 867380 3381 2101 0 1331786 0 423474
1786124385.262517 1336398 867380 3381 2101 0 1331786 0 423474
1786124386.262507 1336398 867380 3381 2101 0 1331786 0 423474
1786124387.262739 1336398 867380 3381 2101 0 1331786 0 423474
1786124388.262511 1336398 867380 3381 2101 0 1331786 0 423474
1786124389.262722 1336398 867380 3381 2101 0 1331786 0 423474
1786124390.262722 1336398 867380 3381 2101 0 1331786 0 423474
1786124391.262723 1336398 867380 3381 2101 0 1331786 0 423474
1786124392.262743 1336398 867380 3381 2101 0 1331786 0 423474
1786124393.262786 1336398 867380 3381 2101 0 1331786 0 423474
1786124394.262664 1336398 867380 3381 2101 0 1331786 0 423474
1786124395.262767 1336398 867380 3381 2101 0 1331786 0 423474
1786124396.262688 1336398 867380 3381 2101 0 1331786 0 423474
1786124397.262712 1336398 867380 3381 2101 0 1331786 0 423474
1786124398.262501 1336398 867380 3381 2101 0 1331786 0 423474
1786124399.262780 1336398 867380 3381 2101 0 1331786 0 423474
1786124400.262801 1336398 867380 3381 2101 0 1331786 0 423474
1786124401.262737 1336398 867380 3381 2101 0 1331786 0 423474
1786124402.262765 1336398 868095 3381 2101 0 1331786 0 423474
1786124403.262763 1336398 868095 3381 2101 0 1331786 0 423474
1786124404.262601 1336398 868095 3381 2101 0 1331786 0 423474
1786124405.262760 1336398 868095 3381 2101 0 1331786 0 423474
1786124406.262794 1336398 868095 3381 2101 0 1331786 0 423474
1786124407.262773 1336398 868095 3381 2101 0 1331786 0 423474
1786124408.262769 1336398 868095 3381 2101 0 1331786 0 423474
1786124409.262773 1336398 868095 3381 2101 0 1331786 0 423474
1786124410.262853 1336398 868095 3381 2101 0 1331786 0 423474
1786124411.262799 1336398 868095 3381 2101 0 1331786 0 423474
1786124412.262821 1336398 868095 3381 2101 0 1331786 0 423474
1786124413.262792 1336398 868095 3381 2101 0 1331786 0 423474
1786124414.262811 1336398 868095 3381 2101 0 1331786 0 423474
1786124415.263561 1336398 868095 3381 2101 0 1331786 0 423474
1786124416.262778 1336398 868095 3381 2101 0 1331786 0 423474
1786124417.262818 1336398 868095 3381 2101 0 1331786 0 423474
1786124418.262678 1336398 868095 3381 2101 0 1331786 0 423474
1786124419.262820 1336398 868095 3381 2101 0 1331786 0 423474
1786124420.262803 1336398 868095 3381 2101 0 1331786 0 423474
1786124421.262808 1336398 868095 3381 2101 0 1331786 0 423474
1786124422.262797 1336398 868591 3381 2101 0 1331786 0 423474
1786124423.262583 1336398 868591 3381 2101 0 1331786 0 423474
1786124424.262810 1336398 868591 3381 2101 0 1331786 0 423474
1786124425.262820 1336398 868591 3381 2101 0 1331786 0 423474
1786124426.262734 1336398 868591 3381 2101 0 1331786 0 423474
1786124427.262824 1336398 868591 3381 2101 0 1331786 0 423474
1786124428.262821 1336398 868591 3381 2101 0 1331786 0 423474
1786124429.262761 1336398 868591 3381 2101 0 1331786 0 423474
1786124430.262799 1336398 868591 3381 2101 0 1331786 0 423474
1786124431.262602 1336398 868591 3381 2101 0 1331786 0 423474
1786124432.262777 1336398 868591 3381 2101 0 1331786 0 423474
1786124433.262740 1336398 868591 3381 2101 0 1331786 0 423474
1786124434.262661 1336398 868591 3381 2101 0 1331786 0 423474
1786124435.262833 1336398 868591 3381 2101 0 1331786 0 423474
1786124436.262797 1336398 868591 3381 2101 0 1331786 0 423474
1786124437.262823 1336398 868591 3381 2101 0 1331786 0 423474
1786124438.262818 1336398 868591 3381 2101 0 1331786 0 423474
1786124439.262847 1336398 868591 3381 2101 0 1331786 0 423474
1786124440.262783 1336398 868591 3381 2101 0 1331786 0 423474
1786124441.262800 1336398 868591 3381 2101 0 1331786 0 423474
1786124442.262811 1336398 868591 3381 2101 0 1331786 0 423474
1786124443.262825 1336398 869071 3381 2101 0 1331786 0 423474
1786124444.262825 1336398 869071 3381 2101 0 1331786 0 423474
1786124445.262792 1336398 869071 3381 2101 0 1331786 0 423474
1786124446.262822 1336398 869071 3381 2101 0 1331786 0 423474
1786124447.262836 1336398 869071 3381 2101 0 1331786 0 423474
1786124448.262817 1336398 869071 3381 2101 0 1331786 0 423474
1786124449.262810 1336398 869071 3381 2101 0 1331786 0 423474
1786124450.262680 1336398 869071 3381 2101 0 1331786 0 423474
1786124451.262801 1336398 869071 3381 2101 0 1331786 0 423474
1786124452.262879 1336398 869071 3381 2101 0 1331786 0 423474
1786124453.262808 1336398 869535 3381 2101 0 1331786 0 423474
1786124454.262806 1336398 869535 3381 2101 0 1331786 0 423474
1786124455.262664 1336398 869535 3381 2101 0 1331786 0 423474
1786124456.262838 1336398 869535 3381 2101 0 1331786 0 423474
1786124457.262809 1336398 869535 3381 2101 0 1331786 0 423474
1786124458.262718 1336398 869535 3381 2101 0 1331786 0 423474
1786124459.262784 1336398 869535 3381 2101 0 1331786 0 423474
1786124460.262526 1336398 869535 3381 2101 0 1331786 0 423474
1786124461.262780 1336398 869535 3381 2101 0 1331786 0 423474
1786124462.262787 1336398 869535 3381 2101 0 1331786 0 423474
1786124463.262764 1336398 869535 3381 2101 0 1331786 0 423474
1786124464.262761 1336398 869535 3381 2101 0 1331786 0 423474
1786124465.262821 1336398 869535 3381 2101 0 1331786 0 423474
1786124466.262763 1336398 869535 3381 2101 0 1331786 0 423474
1786124467.262602 1336398 869535 3381 2101 0 1331786 0 423474
1786124468.262716 1336398 869535 3381 2101 0 1331786 0 423474
1786124469.262785 1336398 869535 3381 2101 0 1331786 0 423474
1786124470.262752 1336398 869535 3381 2101 0 1331786 0 423474
1786124471.262674 1336398 869535 3381 2101 0 1331786 0 423474
1786124472.262823 1336398 869535 3381 2101 0 1331786 0 423474
1786124473.262822 1336398 869983 3381 2101 0 1331786 0 423474
1786124474.262660 1336398 869983 3381 2101 0 1331786 0 423474
1786124475.262809 1336398 869983 3381 2101 0 1331786 0 423474
1786124476.262780 1336398 869983 3381 2101 0 1331786 0 423474
1786124477.262795 1336398 869983 3381 2101 0 1331786 0 423474
1786124478.262819 1336398 869983 3381 2101 0 1331786 0 423474
1786124479.262815 1336398 869983 3381 2101 0 1331786 0 423474
1786124480.262817 1336398 869983 3381 2101 0 1331786 0 423474
1786124481.262813 1336398 869983 3381 2101 0 1331786 0 423474
1786124482.262743 1336398 869983 3381 2101 0 1331786 0 423474
1786124483.262799 1336398 869983 3381 2101 0 1331786 0 423474
1786124484.262667 1336398 870415 3381 2101 0 1331786 0 423474
1786124485.262813 1336398 870415 3381 2101 0 1331786 0 423474
1786124486.262825 1336398 870415 3381 2101 0 1331786 0 423474
1786124487.262800 1336398 870415 3381 2101 0 1331786 0 423474
1786124488.262598 1336398 870415 3381 2101 0 1331786 0 423474
1786124489.262785 1336398 870415 3381 2101 0 1331786 0 423474
1786124490.262655 1336398 870415 3381 2101 0 1331786 0 423474
