# start_epoch=1786789855.962104  page_size=4096  cachestat=ok  fields=size,resident,shared,text,lib,data,dt,pagecache
1786789856.962424 262499 28561 8573 99 0 248506 0 1
1786789857.962336 262499 28561 8573 99 0 248506 0 1
1786789858.968865 3005387 128676 106098 99 0 277562 0 111901
1786789859.971710 3025994 122694 97234 99 0 280634 0 157225
1786789860.973076 3133881 199411 173947 99 0 280634 0 230031
1786789861.976435 3114557 154904 129403 99 0 280634 0 235981
1786789862.975860 3209077 203129 177576 99 0 280634 0 290730
1786789863.980313 3166665 156708 131155 99 0 280634 0 295116
1786789864.979714 3220546 182300 156747 99 0 280634 0 305222
1786789865.984217 3218632 159004 133623 99 0 280634 0 356415
1786789866.977340 3253304 146468 121086 99 0 280634 0 341725
1786789867.987399 3270665 158619 134289 99 0 280634 0 409336
1786789868.986804 3305383 147092 122756 99 0 280634 0 400561
1786789869.983808 3359298 180130 156284 99 0 280634 0 465696
1786789870.989515 3357460 148071 123880 99 0 280634 0 457599
1786789871.986818 3411336 180732 156542 99 0 280634 0 525480
1786789872.993522 3409434 151748 128026 99 0 280634 0 525094
1786789873.990841 3480672 186413 162423 99 0 280634 0 572496
1786789874.997047 3461550 154679 130670 99 0 280634 0 587268
1786789875.990013 3556112 220569 196557 99 0 280634 0 600209
1786789877.000785 3513532 156215 133432 99 0 280634 0 651575
1786789878.000297 3548164 146475 121695 99 0 280634 0 639392
1786789878.995341 3602139 181439 156610 99 0 280634 0 707716
1786789880.005085 3600217 147778 122943 99 0 280634 0 697538
1786789881.000971 3654155 181628 156758 99 0 280634 0 758245
1786789882.006921 3652240 150060 125169 99 0 280634 0 756834
1786789882.999966 3706141 181867 156976 99 0 280634 0 824765
1786789884.010677 3704235 154034 129139 99 0 280634 0 824558
1786789885.002870 3775449 199507 174610 99 0 280634 0 880634
1786789886.014876 3756239 156974 132076 99 0 280634 0 888092
1786789887.012191 3810160 182519 157620 99 0 280634 0 860674
1786789888.016607 4889707 159349 135777 99 0 280634 0 928281
1786789889.003651 3842924 143679 122241 99 0 280634 0 934347
1786789890.010106 4964716 176792 152064 99 0 282426 0 1002197
1786789891.021395 3896733 145875 124088 99 0 282426 0 995880
1786789892.009220 3950685 180433 157270 99 0 282426 0 1061834
1786789893.026896 3948793 150097 126840 99 0 282426 0 1060208
1786789894.017893 4002719 180964 157644 99 0 282426 0 1119762
1786789895.030811 4000788 150241 126881 99 0 282426 0 1112836
1786789896.019616 4054725 180994 157633 99 0 282426 0 1171174
1786789897.033870 4052772 151251 127887 99 0 282426 0 1170414
1786789898.018479 4124075 182800 159344 99 0 282426 0 1222109
1786789899.038055 4104814 154153 131176 99 0 282426 0 1233459
1786789900.022105 4176131 200096 175237 99 0 282426 0 1241810
1786789901.037930 4156962 157710 132795 99 0 282426 0 1291385
1786789902.037850 4191680 147517 122599 99 0 282426 0 1285416
1786789903.022329 4190875 123074 98220 99 0 286522 0 1287750
1786789904.020135 4198821 92590 66689 99 0 289594 0 1300693
1786789905.018991 4147841 62473 38542 99 0 289594 0 1228720
1786789906.016713 4147841 98158 72497 99 0 289594 0 1241165
1786789907.017060 4147841 134590 106880 99 0 289594 0 1254234
1786789908.017888 4147841 159663 134615 99 0 289594 0 1253692
1786789909.016412 4147841 185827 160761 99 0 289594 0 1226458
1786789910.016660 4147841 220250 195646 99 0 289594 0 1240109
1786789911.017518 4147841 257241 230189 99 0 289594 0 1253333
1786789912.018371 4147841 283573 258546 99 0 289594 0 1250551
1786789913.015889 4147841 309032 283348 99 0 289594 0 1221027
1786789914.016508 4147841 342907 317205 99 0 289594 0 1236932
1786789915.017981 4147841 380648 351906 99 0 289594 0 1250475
1786789916.018165 4147841 409192 382491 99 0 289594 0 1272531
1786789917.015821 4201960 479766 453065 99 0 289594 0 1222045
1786789918.019516 4147836 38847 12146 99 0 289594 0 1223248
1786789919.016729 4147836 72423 45722 99 0 289594 0 1235179
1786789920.016976 4147836 108960 80211 99 0 289594 0 1248322
1786789921.017902 4147836 136347 109646 99 0 289594 0 1266554
1786789922.015574 4147836 161136 134435 99 0 289594 0 1221272
1786789923.016063 4147836 194259 167558 99 0 289594 0 1232331
1786789924.016848 4147836 228657 201956 99 0 289594 0 1245362
1786789925.017225 4147836 260769 233597 99 0 289594 0 1258889
1786789926.018169 4172662 309278 283227 99 0 289594 0 1275396
1786789927.016092 4147836 315726 289622 99 0 289594 0 1229746
1786789928.016967 4147836 350613 324509 99 0 289594 0 1243427
1786789929.017714 4147836 383676 357572 99 0 289594 0 1256763
1786789930.018282 4172662 433310 407206 99 0 289594 0 1273730
1786789931.016068 4147836 438688 412578 99 0 289594 0 1228390
1786789932.023110 4147828 44107 20709 99 0 289594 0 1236111
1786789933.016612 4147828 80847 54238 99 0 289594 0 1248118
1786789934.017893 4147828 109288 84718 99 0 289594 0 1266347
1786789935.018103 4205919 179977 155388 99 0 289594 0 1275405
1786789936.016131 4147828 165155 140566 99 0 289594 0 1230735
1786789937.016840 4147828 199361 174781 99 0 289594 0 1243512
1786789938.017065 4147828 233282 208702 99 0 289594 0 1255094
1786789939.018162 4172654 282920 258334 99 0 289594 0 1268483
1786789940.016432 4147828 287269 262673 99 0 289594 0 1228253
1786789941.016533 4147828 321828 297230 99 0 289594 0 1241470
1786789942.017132 4147828 358365 331719 99 0 289594 0 1254561
1786789943.018049 4172026 395486 370888 99 0 289594 0 1257855
1786789944.016870 4173939 69550 35109 99 0 315706 0 1250339
1786789945.019433 4229622 93053 63161 99 0 332602 0 1221046
1786789946.055223 4220128 100750 64935 99 0 332602 0 1251938
1786789947.016374 4190835 104107 72648 99 0 332602 0 1240482
1786789948.042253 4223200 144187 106805 99 0 335674 0 1255109
1786789949.017189 4193907 142302 109567 99 0 335674 0 1250343
1786789950.017146 4197491 143240 109567 99 0 339258 0 1256307
1786789951.019624 4197491 173091 134367 99 0 339258 0 1250344
1786789952.021666 4197491 170822 141368 99 0 339258 0 1232620
1786789953.070803 4226784 208242 175270 99 0 339258 0 1254395
1786789954.016827 4197491 211364 180570 99 0 339258 0 1252312
1786789955.018530 4197491 217288 183962 99 0 339258 0 1256265
1786789956.016988 4197491 242629 208757 99 0 339258 0 1250348
1786789957.016013 4197491 239686 211146 99 0 339258 0 1226602
1786789958.070987 4226784 277437 244712 99 0 339258 0 1253359
1786789959.017110 4197491 279868 250792 99 0 339258 0 1246568
1786789960.018465 4226784 307026 274183 99 0 339258 0 1256225
1786789961.016705 4197491 316497 283167 99 0 339258 0 1250352
1786789962.015653 4236278 350412 321604 99 0 339258 0 1221315
1786789963.109469 4226784 347231 314173 99 0 339258 0 1252453
1786789964.016640 4197491 349380 320792 99 0 339258 0 1240681
1786789965.051355 4226784 389840 356790 99 0 339258 0 1255694
1786789966.017449 4197491 386299 357562 99 0 339258 0 1250356
1786789967.017176 4197491 389912 357562 99 0 339258 0 1256338
1786789968.029898 4197491 418636 382357 99 0 339258 0 1250357
1786789969.016391 4197491 418481 390377 99 0 339258 0 1234205
1786789970.049661 4226784 458308 425239 99 0 339258 0 1254404
1786789971.017823 4197491 457302 426183 99 0 339258 0 1243544
1786789972.015978 4228833 466693 439022 99 0 339258 0 1221067
1786789973.005613 3883393 77088 41793 99 0 343098 0 932426
1786789974.002007 3924740 107802 75407 99 0 345658 0 903133
1786789975.046536 3918318 109820 72049 99 0 348730 0 934285
1786789976.002704 3889025 111602 79260 99 0 348730 0 922864
1786789977.025416 3918318 152730 115667 99 0 348730 0 937789
1786789978.003203 3889025 147246 116183 99 0 348730 0 932430
1786789979.003476 3889025 153661 116183 99 0 348730 0 938422
1786789980.017294 3918318 178963 141490 99 0 348730 0 932911
1786789981.002528 3889025 183191 150088 99 0 348730 0 918043
1786789982.033647 3918318 222663 185359 99 0 348730 0 936977
1786789983.003037 3889025 224966 190188 99 0 348730 0 932434
1786789984.006655 3889025 227164 190588 99 0 348730 0 938388
1786789985.003201 3889025 253492 215385 99 0 348730 0 932435
1786789986.002139 3889025 253358 221135 99 0 348730 0 913468
1786789987.023588 3918318 292440 255558 99 0 348730 0 935987
1786789988.003147 3889025 294856 260922 99 0 348730 0 933747
1786789989.003750 3889025 301800 264986 99 0 348730 0 938352
1786789990.003054 3889025 326317 289790 99 0 348730 0 932439
1786789991.002120 3889025 325165 292203 99 0 348730 0 908970
1786789992.027658 3918318 363329 325986 99 0 348730 0 935237
1786789993.003119 3889025 365165 332609 99 0 348730 0 930051
1786789994.003463 3889025 377062 339393 99 0 348730 0 938330
1786789995.003279 3889025 402370 364192 99 0 348730 0 932443
1786789996.002076 3889025 396638 364192 99 0 348730 0 903150
1786789997.022833 3918318 432786 396687 99 0 348730 0 934513
1786789998.002873 3889025 436160 403912 99 0 348730 0 925883
1786789999.034998 3918318 477551 440799 99 0 348730 0 938315
1786790000.003298 3889025 470439 432658 99 0 348730 0 925429
1786790000.996740 3763915 248152 216298 99 0 348730 0 778046
1786790001.992483 3571263 90818 48439 99 0 348730 0 614689
1786790002.989124 3571263 90194 56774 99 0 348730 0 596705
1786790004.036860 3600556 130902 92067 99 0 348730 0 618392
1786790004.989706 3571263 133834 97550 99 0 348730 0 618327
1786790005.991615 3571263 132780 98046 99 0 348730 0 620627
1786790006.989606 3571263 159222 122847 99 0 348730 0 614692
1786790007.991036 3571263 157977 129017 99 0 348730 0 593747
1786790009.009357 3600556 196985 163254 99 0 348730 0 617752
1786790009.989368 3571263 200260 169084 99 0 348730 0 614428
1786790010.991831 3571263 205997 172444 99 0 348730 0 620601
1786790011.989488 3571263 232318 197240 99 0 348730 0 614696
1786790012.991943 3571263 228490 200783 99 0 348730 0 590201
1786790013.999028 3600556 268438 234940 99 0 348730 0 617192
1786790014.989316 3571263 271784 240863 99 0 348730 0 610882
1786790015.989536 3571263 278427 246847 99 0 348730 0 620575
1786790016.989382 3571263 303379 271643 99 0 348730 0 614700
1786790017.991801 3571263 300578 272176 99 0 348730 0 586139
1786790019.034788 3600556 338700 305373 99 0 348730 0 616408
1786790019.989266 3571263 340255 312659 99 0 348730 0 607370
1786790021.000838 3600556 383027 349984 99 0 348730 0 620381
1786790021.989507 3571263 379895 346047 99 0 348730 0 614704
1786790022.993998 3610050 402960 374004 99 0 348730 0 620225
1786790024.009345 3600556 409647 376316 99 0 348730 0 615742
1786790024.992317 3571263 412849 384127 99 0 348730 0 603388
1786790025.998759 3600556 452248 419900 99 0 348730 0 619515
1786790026.989054 3571263 445581 411663 99 0 348730 0 604342
1786790027.978545 3349224 131154 103707 99 0 348730 0 363378
1786790028.975629 3279474 108722 81287 99 0 352826 0 289532
1786790029.975430 3279474 165192 137757 99 0 352826 0 289532
1786790030.975393 3279474 220145 192710 99 0 352826 0 289532
1786790031.975241 3279474 276659 249224 99 0 352826 0 289532
1786790032.975298 3283571 325702 298305 99 0 356922 0 289532
1786790033.975378 3283571 325702 298305 99 0 356922 0 289532
1786790034.975448 3283571 325702 298305 99 0 356922 0 289532
1786790035.975501 3283571 325702 298305 99 0 356922 0 289532
1786790036.975496 3283571 325702 298305 99 0 356922 0 289532
1786790037.975473 3287668 325686 298305 99 0 361018 0 289532
1786790038.976137 3287668 325686 298305 99 0 361018 0 289532
1786790039.975390 3287668 325686 298305 99 0 361018 0 289532
1786790040.975219 3287668 325686 298305 99 0 361018 0 289532
1786790041.975305 3287668 325686 298305 99 0 361018 0 289532
1786790042.975209 3291765 325675 298305 99 0 365114 0 289532
1786790043.975306 3291765 325675 298305 99 0 365114 0 289532
1786790044.975723 3291765 325675 298305 99 0 365114 0 289532
1786790045.975281 3291765 325675 298305 99 0 365114 0 289532
1786790046.975465 3291765 325675 298305 99 0 365114 0 289532
1786790047.975430 3291765 325675 298305 99 0 365114 0 289532
1786790048.975392 3291765 325675 298305 99 0 365114 0 289532
1786790049.975391 3291765 325675 298305 99 0 365114 0 289532
1786790050.975469 3291765 325675 298305 99 0 365114 0 289532
1786790051.975279 3291765 325675 298305 99 0 365114 0 289532
1786790052.975277 3291765 325675 298305 99 0 365114 0 289532
1786790053.975342 3291765 325675 298305 99 0 365114 0 289532
1786790054.975337 3291765 325675 298305 99 0 365114 0 289532
1786790055.975484 3291765 325675 298305 99 0 365114 0 289532
1786790056.975432 3291765 325675 298305 99 0 365114 0 289532
1786790057.975315 3291765 325675 298305 99 0 365114 0 289532
1786790058.975287 3291765 325675 298305 99 0 365114 0 289532
1786790059.975371 3291765 325675 298305 99 0 365114 0 289532
1786790060.975572 3291765 325675 298305 99 0 365114 0 289532
1786790061.975502 3291765 325675 298305 99 0 365114 0 289532
1786790062.975440 3291765 325675 298305 99 0 365114 0 289532
1786790063.975476 3291765 325675 298305 99 0 365114 0 289532
1786790064.975478 3291765 325675 298305 99 0 365114 0 289532
1786790065.975321 3291765 325675 298305 99 0 365114 0 289532
1786790066.975398 3291765 325675 298305 99 0 365114 0 289532
1786790067.975254 3291765 325675 298305 99 0 365114 0 289532
1786790068.975528 3291765 325675 298305 99 0 365114 0 289532
1786790069.975649 3291765 325675 298305 99 0 365114 0 289532
1786790070.975665 3291765 325675 298305 99 0 365114 0 289532
1786790071.975495 3291765 325675 298305 99 0 365114 0 289532
1786790072.975347 3291765 325675 298305 99 0 365114 0 289532
1786790073.975492 3291765 325675 298305 99 0 365114 0 289532
1786790074.975465 3291765 325675 298305 99 0 365114 0 289532
1786790075.975417 3291765 325675 298305 99 0 365114 0 289532
1786790076.975316 3291765 325675 298305 99 0 365114 0 289532
1786790077.975630 3291765 325675 298305 99 0 365114 0 289532
1786790078.975638 3291765 325675 298305 99 0 365114 0 289532
1786790079.975597 3291765 325675 298305 99 0 365114 0 289532
1786790080.975547 3291765 325675 298305 99 0 365114 0 289532
1786790081.975413 3291765 325675 298305 99 0 365114 0 289532
1786790082.975302 3291765 325675 298305 99 0 365114 0 289532
1786790083.975449 3291765 325675 298305 99 0 365114 0 289532
1786790084.975388 3291765 325675 298305 99 0 365114 0 289532
1786790085.975290 3291765 325675 298305 99 0 365114 0 289532
1786790086.975550 3291765 325675 298305 99 0 365114 0 289532
1786790087.975660 3291765 325675 298305 99 0 365114 0 289532
1786790088.975542 3291765 325675 298305 99 0 365114 0 289532
1786790089.975331 3291765 325675 298305 99 0 365114 0 289532
1786790090.975267 3291765 325675 298305 99 0 365114 0 289532
1786790091.975428 3291765 325675 298305 99 0 365114 0 289532
1786790092.975423 3291765 325675 298305 99 0 365114 0 289532
1786790093.975835 3291765 325675 298305 99 0 365114 0 289532
1786790094.975499 3291765 325675 298305 99 0 365114 0 289532
1786790095.975274 3291765 325675 298305 99 0 365114 0 289532
1786790096.975379 3291765 325675 298305 99 0 365114 0 289532
1786790097.975468 3291765 325675 298305 99 0 365114 0 289532
1786790098.975365 3291765 325675 298305 99 0 365114 0 289532
1786790099.975427 3291765 325675 298305 99 0 365114 0 289532
1786790100.975389 3291765 325675 298305 99 0 365114 0 289532
1786790101.975468 3291765 325675 298305 99 0 365114 0 289532
1786790102.975602 3291765 325675 298305 99 0 365114 0 289532
1786790103.975461 3291765 325675 298305 99 0 365114 0 289532
1786790104.975549 3291765 325670 298305 99 0 365114 0 289532
1786790105.975290 3291765 325670 298305 99 0 365114 0 289532
