# start_epoch=1786814350.549944  page_size=4096  cachestat=ok  fields=size,resident,shared,text,lib,data,dt,pagecache
1786814351.551435 46988 27737 2577 1589 0 43007 0 19053
1786814352.552248 57612 29775 2737 1589 0 53631 0 35069
1786814353.552328 57612 32107 2737 1589 0 53631 0 43430
1786814354.554571 57612 32339 2801 1589 0 53631 0 74933
1786814355.555011 58252 32336 2817 1589 0 54271 0 85847
1786814356.554804 58252 31404 2818 1589 0 54271 0 78755
1786814357.555399 58252 30807 2818 1589 0 54271 0 90944
1786814358.556260 58252 34911 2818 1589 0 54271 0 103132
1786814359.560982 59020 31020 2818 1589 0 55039 0 133344
1786814360.558251 59020 35304 2818 1589 0 55039 0 145531
1786814361.571001 59020 36612 2818 1589 0 55039 0 174528
1786814362.559399 59020 33066 2818 1589 0 55039 0 157722
1786814363.558816 59020 35170 2818 1589 0 55039 0 147698
1786814364.565815 59020 30026 2818 1589 0 55039 0 195930
1786814365.564019 59020 35113 2818 1589 0 55039 0 221354
1786814366.563100 59916 33462 2818 1589 0 55935 0 208117
1786814367.558854 59916 30571 2818 1589 0 55935 0 179347
1786814368.559911 59916 35354 2818 1589 0 55935 0 191536
1786814369.564984 59916 31349 2818 1589 0 55935 0 239768
1786814370.564752 59916 37121 2818 1589 0 55935 0 241450
1786814371.566542 59916 33593 2818 1589 0 55935 0 264145
1786814372.561605 59916 35934 2818 1589 0 55935 0 236734
1786814373.567809 60940 33605 2818 1589 0 56959 0 284969
1786814374.569631 60940 38919 2818 1589 0 56959 0 314221
1786814375.570337 60940 36973 2818 1589 0 56959 0 325899
1786814376.569405 60940 35258 2818 1589 0 56959 0 309468
1786814377.569182 60940 33979 2818 1589 0 56959 0 305130
1786814378.570433 60940 31413 2818 1589 0 56959 0 323290
1786814379.571139 60940 31324 2818 1589 0 56959 0 335478
1786814380.572606 60940 32084 2818 1589 0 56959 0 347667
1786814381.571234 60940 35387 2818 1589 0 56959 0 337338
1786814382.572790 60940 37056 2818 1589 0 56959 0 365061
1786814383.573865 60940 32443 2818 1589 0 56959 0 380775
1786814384.573336 60940 36556 2818 1589 0 56959 0 373919
1786814385.574039 60940 32894 2818 1589 0 56959 0 386107
1786814386.573402 60940 31870 2818 1589 0 56959 0 375075
1786814387.573906 60940 32898 2818 1589 0 56959 0 382708
1786814388.575733 60940 35206 2818 1589 0 56959 0 408855
1786814389.577591 60940 37815 2818 1589 0 56959 0 438618
1786814390.578004 60940 36807 2818 1589 0 56959 0 446470
1786814391.578746 62220 34854 2818 1589 0 58239 0 455850
1786814392.576746 62220 33167 2818 1589 0 58239 0 420484
1786814393.576778 62220 35958 2818 1589 0 58239 0 428339
1786814394.578567 62220 33260 2818 1589 0 58239 0 452411
1786814395.579160 62220 35235 2818 1589 0 58239 0 464600
1786814396.580709 62220 37137 2818 1589 0 58239 0 491046
1786814397.581162 62220 35024 2818 1589 0 58239 0 497873
1786814398.579098 62220 36850 2818 1589 0 58239 0 463517
1786814399.579469 62220 33341 2818 1589 0 58239 0 470470
1786814400.580183 62220 29696 2818 1589 0 58239 0 476207
1786814401.581729 63116 33959 2818 1589 0 59135 0 503138
1786814402.582480 63116 35908 2818 1589 0 59135 0 515327
1786814403.583424 63116 39273 2818 1589 0 59135 0 527515
1786814404.591270 63116 36138 2818 1589 0 59135 0 658392
1786814405.582484 63116 36318 2818 1589 0 59135 0 514038
1786814406.582602 63116 34801 2818 1589 0 59135 0 517573
1786814407.583364 63116 37377 2818 1589 0 59135 0 529761
1786814408.582464 63116 34080 2818 1589 0 59135 0 534875
1786814409.586133 63116 38422 2818 1589 0 59135 0 581891
1786814410.586959 63116 39218 2818 1589 0 59135 0 587446
1786814411.586131 63116 33352 2818 1589 0 59135 0 576764
1786814412.585216 64652 34246 2818 1589 0 60671 0 560815
1786814413.585339 64652 33202 2818 1589 0 60671 0 563190
1786814414.586101 64652 36530 2818 1589 0 60671 0 575381
1786814415.587473 64652 34600 2818 1589 0 60671 0 596390
1786814416.589350 64652 38808 2818 1589 0 60671 0 622835
1786814417.588315 64652 38311 2818 1589 0 60671 0 608581
1786814418.589376 64652 36130 2818 1589 0 60671 0 620770
1786814419.588317 64652 38617 2818 1589 0 60671 0 603895
1786814420.588581 64652 33001 2818 1589 0 60671 0 611226
1786814421.590005 64652 38979 2818 1589 0 60671 0 631131
1786814422.594883 64652 39620 2818 1589 0 60671 0 705119
1786814423.589950 64652 33036 2818 1589 0 60671 0 639355
1786814424.583340 68749 29611 2818 1589 0 64767 0 629614
1786814425.580518 68749 29686 2818 1589 0 64767 0 629615
1786814426.580631 68749 29783 2818 1589 0 64767 0 629616
1786814427.580084 68749 30207 2818 1589 0 64767 0 617930
1786814428.580981 68749 30236 2818 1589 0 64767 0 617932
1786814429.580044 68749 30266 2818 1589 0 64767 0 617932
1786814430.579970 68749 30194 2818 1589 0 64767 0 617934
1786814431.580230 68749 30194 2818 1589 0 64767 0 617935
1786814432.579244 68749 30531 2818 1589 0 64767 0 594822
1786814433.579052 68749 31699 2818 1589 0 64767 0 594822
1786814434.578854 68749 31699 2818 1589 0 64767 0 594824
1786814435.578893 68749 31556 2818 1589 0 64767 0 594825
1786814436.579010 68749 31435 2818 1589 0 64767 0 594825
1786814437.579074 68749 31437 2818 1589 0 64767 0 594826
1786814438.578989 68749 31436 2818 1589 0 64767 0 594827
1786814439.579025 68749 31436 2818 1589 0 64767 0 594828
1786814440.578929 68749 31436 2818 1589 0 64767 0 594829
1786814441.588281 68749 32375 2818 1589 0 64767 0 788251
1786814442.575760 68749 32340 2818 1589 0 64767 0 527595
1786814443.575708 68749 32833 2818 1589 0 64767 0 527596
1786814444.575879 68749 32833 2818 1589 0 64767 0 527597
1786814445.574140 73870 42938 2834 1589 0 69887 0 488697
1786814446.573886 198798 159338 2834 1589 0 194815 0 488697
1786814447.573871 352910 274026 2834 1589 0 348927 0 488697
1786814448.573939 482446 387690 2834 1589 0 478463 0 488697
1786814449.574027 564366 501354 2834 1589 0 560383 0 488697
1786814450.576631 670863 540911 2834 1589 0 666879 0 488697
1786814451.573885 670863 540911 2834 1589 0 666879 0 488697
1786814452.573850 670863 540911 2834 1589 0 666879 0 488697
1786814453.574021 674960 540949 2834 1589 0 670975 0 488697
1786814454.573914 674960 540949 2834 1589 0 670975 0 488697
1786814455.574485 674960 540949 2834 1589 0 670975 0 488697
1786814456.573756 679057 540948 2834 1589 0 675071 0 488697
1786814457.573769 679057 540948 2834 1589 0 675071 0 488697
1786814458.573884 679057 540948 2834 1589 0 675071 0 488697
1786814459.573704 679057 540948 2834 1589 0 675071 0 488697
1786814460.573839 679057 540948 2834 1589 0 675071 0 488697
1786814461.573777 679057 540948 2834 1589 0 675071 0 488697
1786814462.573771 679057 540948 2834 1589 0 675071 0 488697
1786814463.573741 679057 540948 2834 1589 0 675071 0 488697
1786814464.573798 679057 540948 2834 1589 0 675071 0 488697
1786814465.574281 679057 540948 2834 1589 0 675071 0 488697
1786814466.573780 679057 540948 2834 1589 0 675071 0 488697
1786814467.573738 679057 540948 2834 1589 0 675071 0 488697
1786814468.573817 679057 540948 2834 1589 0 675071 0 488697
1786814469.573763 679057 540948 2834 1589 0 675071 0 488697
1786814470.573872 679057 540948 2834 1589 0 675071 0 488697
1786814471.573776 679057 540948 2834 1589 0 675071 0 488697
1786814472.573845 679057 540948 2834 1589 0 675071 0 488697
1786814473.573766 679057 540948 2834 1589 0 675071 0 488697
1786814474.573741 679057 540948 2834 1589 0 675071 0 488697
1786814475.574498 679057 540948 2834 1589 0 675071 0 488697
1786814476.573743 679057 540948 2834 1589 0 675071 0 488697
1786814477.573710 679057 540948 2834 1589 0 675071 0 488697
1786814478.573716 679057 540948 2834 1589 0 675071 0 488697
1786814479.573681 679057 540948 2834 1589 0 675071 0 488697
1786814480.573725 679057 540948 2834 1589 0 675071 0 488697
1786814481.573692 679057 540948 2834 1589 0 675071 0 488697
1786814482.573661 679057 540948 2834 1589 0 675071 0 488697
1786814483.573714 679057 540948 2834 1589 0 675071 0 488697
1786814484.573734 679057 540948 2834 1589 0 675071 0 488697
1786814485.574311 679057 540948 2834 1589 0 675071 0 488697
1786814486.573786 679057 540948 2834 1589 0 675071 0 488697
1786814487.573677 679057 540948 2834 1589 0 675071 0 488697
1786814488.573721 679057 540948 2834 1589 0 675071 0 488697
1786814489.573768 679057 540948 2834 1589 0 675071 0 488697
1786814490.573806 679057 540948 2834 1589 0 675071 0 488697
1786814491.573718 679057 540948 2834 1589 0 675071 0 488697
1786814492.573786 679057 540948 2834 1589 0 675071 0 488697
1786814493.573797 679057 540948 2834 1589 0 675071 0 488697
1786814494.573787 679057 540948 2834 1589 0 675071 0 488697
1786814495.574475 679057 540948 2834 1589 0 675071 0 488697
1786814496.573765 679057 540948 2834 1589 0 675071 0 488697
1786814497.573742 679057 540948 2834 1589 0 675071 0 488697
1786814498.574222 679057 540948 2834 1589 0 675071 0 488697
1786814499.573850 679057 540948 2834 1589 0 675071 0 488697
1786814500.573765 679057 540948 2834 1589 0 675071 0 488697
1786814501.573718 679057 540948 2834 1589 0 675071 0 488697
1786814502.573705 679057 540948 2834 1589 0 675071 0 488697
1786814503.573770 679057 540948 2834 1589 0 675071 0 488697
1786814504.573781 679057 540948 2834 1589 0 675071 0 488697
1786814505.574164 679057 540948 2834 1589 0 675071 0 488697
1786814506.573744 679057 540948 2834 1589 0 675071 0 488697
1786814507.573558 679057 540948 2834 1589 0 675071 0 488697
1786814508.575430 679057 540948 2834 1589 0 675071 0 488697
1786814509.574974 679057 540948 2834 1589 0 675071 0 488697
1786814510.573736 679057 540948 2834 1589 0 675071 0 488697
1786814511.573771 679057 540948 2834 1589 0 675071 0 488697
1786814512.578892 679057 540948 2834 1589 0 675071 0 488697
1786814513.573818 679057 540948 2834 1589 0 675071 0 488697
1786814514.573755 679057 540948 2834 1589 0 675071 0 488697
1786814515.573723 679057 540948 2834 1589 0 675071 0 488697
1786814516.573671 679057 540948 2834 1589 0 675071 0 488697
1786814517.573685 679057 540948 2834 1589 0 675071 0 488697
1786814518.573446 679057 540948 2834 1589 0 675071 0 488697
1786814519.573767 679057 540948 2834 1589 0 675071 0 488697
1786814520.573727 679057 540948 2834 1589 0 675071 0 488697
1786814521.573704 679057 540948 2834 1589 0 675071 0 488697
1786814522.573733 679057 540948 2834 1589 0 675071 0 488697
1786814523.573740 679057 540948 2834 1589 0 675071 0 488697
1786814524.573812 679057 540948 2834 1589 0 675071 0 488697
1786814525.573823 679057 540948 2834 1589 0 675071 0 488697
1786814526.573760 679057 540948 2834 1589 0 675071 0 488697
1786814527.573751 679057 540948 2834 1589 0 675071 0 488697
1786814528.573704 679057 540948 2834 1589 0 675071 0 488697
1786814529.573762 679057 540948 2834 1589 0 675071 0 488697
1786814530.573697 679057 540948 2834 1589 0 675071 0 488697
1786814531.573774 679057 540948 2834 1589 0 675071 0 488697
1786814532.573858 679057 540948 2834 1589 0 675071 0 488697
1786814533.574863 679057 540948 2834 1589 0 675071 0 488697
1786814534.573759 679057 540948 2834 1589 0 675071 0 488697
1786814535.573729 679057 540948 2834 1589 0 675071 0 488697
1786814536.573670 679057 540948 2834 1589 0 675071 0 488697
1786814537.573925 679057 540948 2834 1589 0 675071 0 488697
1786814538.574897 679057 540948 2834 1589 0 675071 0 488697
1786814539.573713 679057 540948 2834 1589 0 675071 0 488697
1786814540.573775 679057 540948 2834 1589 0 675071 0 488697
1786814541.578075 679057 540948 2834 1589 0 675071 0 488697
1786814542.575981 679057 540948 2834 1589 0 675071 0 488697
1786814543.573716 679057 540948 2834 1589 0 675071 0 488697
1786814544.573803 679057 540948 2834 1589 0 675071 0 488697
1786814545.573809 679057 540948 2834 1589 0 675071 0 488697
1786814546.575125 679057 540948 2834 1589 0 675071 0 488697
1786814547.573767 679057 540948 2834 1589 0 675071 0 488697
1786814548.573886 679057 540948 2834 1589 0 675071 0 488697
1786814549.573729 679057 540948 2834 1589 0 675071 0 488697
1786814550.573756 679057 540948 2834 1589 0 675071 0 488697
1786814551.573710 679057 540948 2834 1589 0 675071 0 488697
1786814552.573729 679057 540948 2834 1589 0 675071 0 488697
1786814553.573778 679057 540948 2834 1589 0 675071 0 488697
1786814554.573943 679057 540948 2834 1589 0 675071 0 488697
1786814555.573830 679057 540948 2834 1589 0 675071 0 488697
1786814556.573729 679057 540948 2834 1589 0 675071 0 488697
1786814557.573735 679057 540948 2834 1589 0 675071 0 488697
1786814558.573733 679057 540948 2834 1589 0 675071 0 488697
1786814559.573741 679057 540948 2834 1589 0 675071 0 488697
1786814560.573792 679057 540948 2834 1589 0 675071 0 488697
1786814561.573704 679057 540948 2834 1589 0 675071 0 488697
1786814562.573696 679057 540948 2834 1589 0 675071 0 488697
1786814563.573783 679057 540948 2834 1589 0 675071 0 488697
1786814564.573738 679057 540948 2834 1589 0 675071 0 488697
1786814565.573767 679057 540948 2834 1589 0 675071 0 488697
1786814566.573720 679057 540948 2834 1589 0 675071 0 488697
1786814567.573773 679057 540948 2834 1589 0 675071 0 488697
1786814568.573702 679057 540948 2834 1589 0 675071 0 488697
1786814569.573700 679057 540948 2834 1589 0 675071 0 488697
1786814570.573656 679057 540948 2834 1589 0 675071 0 488697
1786814571.573749 679057 540948 2834 1589 0 675071 0 488697
1786814572.573704 679057 540948 2834 1589 0 675071 0 488697
1786814573.573697 679057 540948 2834 1589 0 675071 0 488697
1786814574.573760 679057 540948 2834 1589 0 675071 0 488697
1786814575.573748 679057 540948 2834 1589 0 675071 0 488697
1786814576.573738 679057 540948 2834 1589 0 675071 0 488697
1786814577.573770 679057 540948 2834 1589 0 675071 0 488697
1786814578.573732 679057 540948 2834 1589 0 675071 0 488697
1786814579.573721 679057 540948 2834 1589 0 675071 0 488697
1786814580.573690 679057 540948 2834 1589 0 675071 0 488697
1786814581.576486 679057 540948 2834 1589 0 675071 0 488697
1786814582.573794 679057 540948 2834 1589 0 675071 0 488697
1786814583.574837 679057 540948 2834 1589 0 675071 0 488697
1786814584.573754 679057 540948 2834 1589 0 675071 0 488697
1786814585.573783 679057 540948 2834 1589 0 675071 0 488697
1786814586.573753 679057 540948 2834 1589 0 675071 0 488697
1786814587.573716 679057 540948 2834 1589 0 675071 0 488697
1786814588.573743 679057 540948 2834 1589 0 675071 0 488697
1786814589.573740 679057 540948 2834 1589 0 675071 0 488697
1786814590.573738 679057 540948 2834 1589 0 675071 0 488697
1786814591.573698 679057 540948 2834 1589 0 675071 0 488697
1786814592.573748 679057 540948 2834 1589 0 675071 0 488697
1786814593.573702 679057 540948 2834 1589 0 675071 0 488697
1786814594.573762 679057 540948 2834 1589 0 675071 0 488697
1786814595.573761 679057 540948 2834 1589 0 675071 0 488697
1786814596.573764 679057 540948 2834 1589 0 675071 0 488697
1786814597.573753 679057 540948 2834 1589 0 675071 0 488697
1786814598.573758 679057 540948 2834 1589 0 675071 0 488697
1786814599.573780 679057 540948 2834 1589 0 675071 0 488697
1786814600.573797 679057 540948 2834 1589 0 675071 0 488697
1786814601.573798 679057 540948 2834 1589 0 675071 0 488697
