# start_epoch=1786788552.975910  page_size=4096  cachestat=ok  fields=size,resident,shared,text,lib,data,dt,pagecache
1786788553.976186 262499 27636 7651 99 0 248506 0 1
1786788554.976099 262499 27636 7651 99 0 248506 0 1
1786788555.979697 2932277 71435 51598 99 0 258106 0 61635
1786788556.980097 2955915 95140 75316 99 0 258106 0 90539
1786788557.983323 3002687 74755 54966 99 0 258106 0 122219
1786788558.988904 3038959 115191 95402 99 0 258106 0 179393
1786788559.986426 3112395 183578 163786 99 0 258106 0 218690
1786788561.002356 3145044 175634 155915 99 0 258106 0 248506
1786788561.991065 3158113 195832 176111 99 0 258106 0 270686
1786788562.991576 3116253 82669 63010 99 0 258106 0 249296
1786788563.995900 3194956 186954 167309 99 0 258106 0 325457
1786788564.993282 3186067 152063 132473 99 0 258106 0 313493
1786788566.001754 3222800 195597 176003 99 0 258106 0 340476
1786788566.996922 3200549 122842 103323 99 0 258106 0 333208
1786788567.999881 3247238 160795 141275 99 0 258106 0 391721
1786788569.003242 3296172 224539 205019 99 0 258106 0 440649
1786788569.998404 3283838 179189 159654 99 0 258106 0 402179
1786788570.999556 3283838 182221 162682 99 0 258106 0 409688
1786788571.998517 3228901 83339 63818 99 0 258106 0 368583
1786788573.002392 3298225 171644 152078 99 0 258106 0 438451
1786788574.004812 3335991 221851 202284 99 0 258106 0 472444
1786788575.007512 3374884 240989 221621 99 0 258106 0 519449
1786788576.002648 3362987 179579 160199 99 0 258106 0 480512
1786788576.997417 3362987 188276 168893 99 0 258106 0 485315
1786788578.006130 3340466 101505 82142 99 0 258106 0 494704
1786788579.008487 3383536 143307 123943 99 0 258106 0 529849
1786788580.016039 3417009 210551 191187 99 0 258106 0 569442
1786788581.023659 3480170 255335 235971 99 0 258106 0 612595
1786788582.010428 3479792 221884 201135 99 0 280122 0 597901
1786788583.021288 3503739 260592 239890 99 0 280122 0 614440
1786788584.013859 3522597 293759 273050 99 0 280122 0 631341
1786788585.008933 3416643 134039 113341 99 0 280122 0 540701
1786788586.013136 3492312 223263 202565 99 0 280122 0 599857
1786788587.050392 3489022 180460 158638 99 0 281658 0 601002
1786788588.017212 3536687 256820 233457 99 0 283194 0 649769
1786788589.023313 3619262 309785 286598 99 0 283194 0 743868
1786788590.016608 3556361 237727 215732 99 0 283194 0 668230
1786788591.022780 3556545 214482 191487 99 0 283194 0 661373
1786788592.028311 3577544 256526 231805 99 0 285370 0 688287
1786788593.018200 3587614 289502 264304 99 0 286010 0 693237
1786788594.034106 3713035 330407 304687 99 0 286010 0 843614
1786788595.015905 3588812 169696 143981 99 0 286010 0 680497
1786788596.020591 3653389 247589 224365 99 0 286010 0 741912
1786788597.020328 3622902 228983 204485 99 0 286010 0 734087
1786788598.034159 3655875 290869 265250 99 0 286010 0 773371
1786788599.034692 3686327 332741 307112 99 0 286010 0 788059
1786788600.030073 3768551 296851 271252 99 0 286010 0 892620
1786788601.029609 3821035 346484 322787 99 0 286010 0 864807
1786788602.020792 3657831 216888 193188 99 0 286010 0 750187
1786788603.024026 3708085 254686 230984 99 0 286010 0 797202
1786788604.036717 3684171 239537 215791 99 0 286010 0 805661
1786788605.040473 3733899 291486 267738 99 0 286010 0 812394
1786788606.029183 3721423 318606 294846 99 0 286010 0 845846
1786788607.032889 3828806 313785 290068 99 0 286010 0 930992
1786788608.037024 3901470 406901 383184 99 0 286010 0 1005139
1786788609.025641 3715918 196303 174849 99 0 286010 0 816111
1786788610.029440 3794351 269523 246482 99 0 286010 0 878784
1786788611.043792 3756231 265319 242269 99 0 286010 0 869023
1786788612.029676 3774823 305149 283915 99 0 286010 0 878187
1786788613.030924 3902256 326395 303350 99 0 286010 0 937336
1786788614.029995 3804698 244112 220787 99 0 286010 0 890461
1786788615.030522 3816022 279972 258088 99 0 286010 0 890565
1786788616.044467 3791358 254869 231771 99 0 286010 0 895358
1786788617.034893 3802259 299506 276441 99 0 286010 0 921638
1786788618.033078 3830200 335673 314403 99 0 286010 0 942555
1786788619.032301 3921299 270837 248138 99 0 286010 0 962522
1786788620.029264 3778883 181079 160369 99 0 286010 0 874013
1786788621.032891 3846126 250373 229659 99 0 286010 0 935230
1786788622.052069 3817798 255626 232628 99 0 286010 0 925461
1786788623.051385 3856157 285655 262853 99 0 286010 0 967880
1786788624.068334 3866182 280960 257086 99 0 286010 0 983824
1786788625.031427 3875557 320577 296720 99 0 286010 0 992076
1786788626.043343 3982317 352724 328880 99 0 286010 0 1085350
1786788627.033481 3832699 147411 123567 99 0 286010 0 938540
1786788628.035983 3876151 231923 208079 99 0 286010 0 975589
1786788629.036191 3912775 243451 220491 99 0 286010 0 1009139
1786788630.049472 3945542 310545 287482 99 0 286010 0 1009678
1786788631.044119 3912076 276135 253050 99 0 286010 0 1023506
1786788632.039546 3924760 316929 292972 99 0 286010 0 1036286
1786788633.046747 4035448 339319 315377 99 0 286010 0 1161940
1786788634.036811 3952126 239722 215786 99 0 286010 0 1059732
1786788635.039864 3965930 248266 225568 99 0 286010 0 1053019
1786788636.056176 3936571 224045 201384 99 0 286010 0 1049662
1786788637.063723 3947904 275680 251894 99 0 286010 0 1072690
1786788638.064725 3989523 322130 298342 99 0 286010 0 1107875
1786788639.046825 4044994 278902 255146 99 0 286010 0 1162459
1786788640.038312 3912435 120548 98605 99 0 286010 0 1024351
1786788641.041286 3947201 185807 163863 99 0 286010 0 1074523
1786788642.042483 3981413 212441 190495 99 0 286010 0 1096292
1786788643.060502 3998481 243359 219572 99 0 286010 0 1103207
1786788644.063303 4015194 284657 262852 99 0 286010 0 1118405
1786788645.046897 4049808 338969 315413 99 0 286010 0 1163498
1786788646.047986 4103333 403774 380069 99 0 286010 0 1187703
1786788647.040983 3955749 140143 118711 99 0 286010 0 1061713
1786788648.043581 4002304 200438 179006 99 0 286010 0 1115117
1786788649.045333 4028071 235191 213755 99 0 286010 0 1143436
1786788650.043205 4061200 261646 237761 99 0 286010 0 1156473
1786788651.039589 4041413 264032 240133 99 0 286010 0 1142972
1786788652.046154 4117978 264217 240328 99 0 286010 0 1235775
1786788653.040794 4025732 163155 139260 99 0 286010 0 1143709
1786788654.048589 4068152 243822 219926 99 0 286010 0 1182629
1786788655.065374 4108788 267456 243620 99 0 286010 0 1230639
1786788656.045867 4077822 252685 228824 99 0 286010 0 1176996
1786788657.068392 4112763 305798 281928 99 0 286010 0 1234787
1786788658.046035 4136247 348818 324948 99 0 286010 0 1249598
1786788659.043318 4032602 112995 89455 99 0 286010 0 1114697
1786788660.043659 4034534 131723 108183 99 0 286010 0 1125439
1786788661.044610 4030455 147284 121496 99 0 286010 0 1130965
1786788662.040918 4034414 169426 143634 99 0 286010 0 1144195
1786788663.039528 3988548 105008 79909 99 0 286010 0 1043670
1786788664.039079 3992668 103519 80766 99 0 286010 0 1086970
1786788665.041726 3992398 161806 136742 99 0 286010 0 1089246
1786788666.041177 3992398 276859 252101 99 0 286010 0 1082871
1786788667.052183 4128145 268521 243860 99 0 286010 0 1242526
1786788668.037678 3947675 95776 72577 99 0 286010 0 1056770
1786788669.037831 3930511 149159 125887 99 0 286010 0 1021244
1786788670.039829 3972756 265860 241127 99 0 286010 0 1059060
1786788671.035717 3897903 79350 54282 99 0 286010 0 991629
1786788672.037943 3922487 151865 128880 99 0 286010 0 1009900
1786788673.040709 3967237 217877 192999 99 0 286010 0 1060902
1786788674.039106 3987742 287575 264528 99 0 287802 0 1045014
1786788675.042621 4021950 332735 309234 99 0 287802 0 1091415
1786788676.042988 4037502 399387 374040 99 0 287802 0 1115120
1786788677.041752 4070249 497408 472044 99 0 287802 0 1113247
1786788678.042605 4045696 322288 297330 99 0 287802 0 1143626
1786788679.032165 3837932 156669 131710 99 0 287802 0 943906
1786788680.034753 3867883 221360 197463 99 0 287802 0 970933
1786788681.036823 3897016 286368 260970 99 0 287802 0 996363
1786788682.039763 3897016 355340 332608 99 0 287802 0 994810
1786788683.040553 3947919 423847 398740 99 0 289594 0 1051453
1786788684.039706 3978351 298117 272878 99 0 289594 0 1054781
1786788685.042531 3993171 354823 329809 99 0 289594 0 1090578
1786788686.042267 4012098 420120 394413 99 0 289594 0 1125639
1786788687.026091 3725059 95528 70230 99 0 289594 0 823431
1786788688.014528 3757816 103225 77703 99 0 289594 0 861176
1786788689.020704 3744775 70109 44941 99 0 289594 0 797629
1786788690.011294 3706663 38139 12936 99 0 293690 0 776466
1786788691.010234 3706663 38139 12936 99 0 293690 0 776466
1786788692.010408 3706663 38139 12936 99 0 293690 0 776466
1786788693.010470 3706663 38139 12936 99 0 293690 0 776466
1786788694.010582 3710760 38144 12936 99 0 297786 0 776466
1786788695.010198 3710760 38144 12936 99 0 297786 0 776466
1786788696.010237 3710760 38144 12936 99 0 297786 0 776466
1786788697.010504 3710760 38144 12936 99 0 297786 0 776466
1786788698.010283 3714857 38126 12936 99 0 301882 0 776466
1786788699.010885 3714857 38126 12936 99 0 301882 0 776466
1786788700.010396 3714857 38126 12936 99 0 301882 0 776466
1786788701.010216 3714857 38126 12936 99 0 301882 0 776466
1786788702.013227 3718954 38075 12936 99 0 305978 0 776466
1786788703.010528 3718954 38075 12936 99 0 305978 0 776466
1786788704.010287 3718954 38075 12936 99 0 305978 0 776466
1786788705.019715 3718954 38075 12936 99 0 305978 0 776466
1786788706.010429 3718954 38075 12936 99 0 305978 0 776466
1786788707.010197 3718954 38075 12936 99 0 305978 0 776466
1786788708.010547 3718954 38075 12936 99 0 305978 0 776466
1786788709.010571 3718954 38075 12936 99 0 305978 0 776466
1786788710.010606 3718954 38075 12936 99 0 305978 0 776466
1786788711.010333 3718954 38075 12936 99 0 305978 0 776466
1786788712.010305 3718954 38075 12936 99 0 305978 0 776466
1786788713.010661 3718954 38075 12936 99 0 305978 0 776466
1786788714.010468 3718954 38075 12936 99 0 305978 0 776466
1786788715.010430 3718954 38075 12936 99 0 305978 0 776466
1786788716.010303 3718954 38075 12936 99 0 305978 0 776466
1786788717.010309 3718954 38075 12936 99 0 305978 0 776466
1786788718.010331 3718954 38075 12936 99 0 305978 0 776466
1786788719.010547 3718954 38075 12936 99 0 305978 0 776466
1786788720.010389 3718954 38075 12936 99 0 305978 0 776466
1786788721.010610 3718954 38075 12936 99 0 305978 0 776466
1786788722.010452 3718954 38075 12936 99 0 305978 0 776466
1786788723.010476 3718954 38075 12936 99 0 305978 0 776466
1786788724.010478 3718954 38075 12936 99 0 305978 0 776466
1786788725.010406 3718954 38075 12936 99 0 305978 0 776466
1786788726.010486 3718954 38075 12936 99 0 305978 0 776466
1786788727.010040 3718954 38072 12936 99 0 305978 0 776466
