# start_epoch=1789253773.333610  page_size=4096  cachestat=ok  fields=size,resident,shared,text,lib,data,dt,pagecache
1789253774.333879 262569 27843 7856 99 0 248506 0 1
1789253775.333839 262569 27843 7856 99 0 248506 0 1
1789253776.336792 2105130 47308 27475 99 0 254010 0 49223
1789253777.339210 2105130 64144 44310 99 0 254010 0 92496
1789253778.341584 2105130 80066 60232 99 0 254010 0 132942
1789253779.344642 3042686 185362 165500 99 0 258106 0 182691
1789253780.346750 3042686 202083 182221 99 0 258106 0 222348
1789253781.345752 2988889 70724 50936 99 0 258106 0 202244
1789253782.349705 4244772 222403 202615 99 0 258106 0 244076
1789253783.350232 3135964 235694 215891 99 0 258106 0 283767
1789253784.351948 3135964 268473 248669 99 0 258106 0 310716
1789253785.353560 3135964 299142 279419 99 0 258106 0 343152
1789253786.349354 3076802 81886 62189 99 0 258106 0 318389
1789253787.354749 3223927 187994 168227 99 0 258106 0 372111
1789253788.356617 3223927 199569 179799 99 0 258106 0 403354
1789253789.357645 3170127 85552 65795 99 0 258106 0 379397
1789253790.359345 3167366 87623 67876 99 0 258106 0 415487
1789253791.362653 3349843 271901 252154 99 0 258106 0 487222
1789253792.364571 3338160 250390 230643 99 0 258106 0 525024
1789253793.367370 3343589 296066 276391 99 0 258106 0 569504
1789253794.384155 4562715 322670 302985 99 0 258106 0 574564
1789253795.367493 3453843 336227 316757 99 0 258106 0 600367
1789253796.370387 3400046 244028 224572 99 0 258106 0 586440
1789253797.373155 3397363 256207 236353 99 0 258106 0 631444
1789253798.376705 3602822 395778 375924 99 0 258106 0 715214
1789253799.374406 3539129 364473 344619 99 0 258106 0 711373
1789253800.375896 3539129 384005 364151 99 0 258106 0 737142
1789253801.377030 3539129 407157 387303 99 0 258106 0 771627
1789253802.378945 3539129 419932 400078 99 0 258106 0 800416
1789253803.382338 3686204 527425 507571 99 0 258106 0 834718
1789253804.385152 3686204 545150 525296 99 0 258106 0 875165
1789253805.382305 3584924 249752 230059 99 0 258106 0 819684
1789253806.386812 3705485 349931 330262 99 0 258106 0 836628
1789253807.386859 3733847 440407 420591 99 0 258106 0 896322
1789253808.410711 3698009 393552 373706 99 0 258106 0 889486
1789253809.388989 3698009 429741 409893 99 0 258106 0 937479
1789253810.392333 3845078 553075 533225 99 0 258106 0 990011
1789253811.394730 3845078 586516 566664 99 0 258106 0 1031460
1789253812.396804 3845078 618555 598703 99 0 258106 0 1069780
1789253813.398545 3992209 734946 715094 99 0 258106 0 1117177
1789253814.398288 3881913 365786 345983 99 0 258106 0 1029286
1789253815.399081 3872444 404490 384687 99 0 258106 0 1049454
1789253816.401208 3870245 425356 405553 99 0 258106 0 1079325
1789253817.403258 3874370 426247 406095 99 0 258106 0 1113922
1789253818.403249 3854198 462810 442658 99 0 258106 0 1112655
1789253819.397096 3971752 514050 493895 99 0 258106 0 1123860
1789253820.397962 3971752 532442 512285 99 0 258106 0 1147359
1789253821.399902 3971752 544825 524668 99 0 258106 0 1183821
1789253822.402906 3971752 566033 545875 99 0 258106 0 1207641
1789253823.403194 4118827 683977 663819 99 0 258106 0 1233983
1789253824.403861 4118827 694997 675077 99 0 258106 0 1241333
1789253825.405373 4118827 709624 689701 99 0 258106 0 1242805
1789253826.417549 4273607 542080 522243 99 0 258106 0 1403620
1789253827.401470 3938710 237624 217784 99 0 258106 0 1131307
1789253828.401729 3931844 276873 256977 99 0 258106 0 1145580
1789253829.406447 4072034 368038 348141 99 0 258106 0 1209181
1789253830.408530 4069857 405224 385327 99 0 258106 0 1255319
1789253831.410287 4063944 428613 408716 99 0 258106 0 1296675
1789253832.414554 4196709 541271 521373 99 0 258106 0 1323245
1789253833.411465 4164303 527502 507535 99 0 258106 0 1320378
1789253834.413731 4164303 556961 536991 99 0 258106 0 1364155
1789253835.417026 4164303 591911 571938 99 0 258106 0 1409144
1789253836.414644 4311378 702547 682570 99 0 258106 0 1437074
1789253837.415084 4311378 725219 705241 99 0 258106 0 1435035
1789253838.416576 4311378 741049 721071 99 0 258106 0 1445051
1789253839.417766 4311378 758225 738243 99 0 258106 0 1447873
1789253840.415703 4311378 775870 755888 99 0 258106 0 1458815
1789253841.415244 4124460 241353 221498 99 0 258106 0 1289780
1789253842.415654 4111687 255936 236079 99 0 258106 0 1313274
1789253843.418293 4099845 272108 252251 99 0 258106 0 1335216
1789253844.417968 4091351 308347 288490 99 0 258106 0 1327046
1789253845.418858 4194102 385428 365663 99 0 258106 0 1341263
1789253846.421827 4210587 403095 383330 99 0 258106 0 1390720
1789253847.423517 4203895 460121 440356 99 0 258106 0 1415606
1789253848.422651 4310788 515334 495853 99 0 258106 0 1427808
1789253849.410649 4255231 458411 438874 99 0 262202 0 1364992
1789253850.412250 4255231 483462 463913 99 0 262202 0 1362197
1789253851.413695 4255231 487748 468199 99 0 262202 0 1362252
1789253852.413880 4255231 499519 479968 99 0 262202 0 1367042
1789253853.410483 4255231 505471 485920 99 0 262202 0 1367562
1789253854.414331 4255231 508698 489147 99 0 262202 0 1366954
1789253855.401120 4255231 517764 498226 99 0 262202 0 1359453
1789253856.410426 4116753 131781 112285 99 0 262202 0 1230189
1789253857.415198 4181700 310190 290693 99 0 262202 0 1301222
1789253858.404157 4018700 34130 14662 99 0 262202 0 1125300
1789253859.408255 4081563 217645 198172 99 0 262202 0 1192326
1789253860.414580 4169632 406497 387036 99 0 262202 0 1277444
1789253861.403528 4038479 139422 119957 99 0 262202 0 1117722
1789253862.407331 4046170 203800 184332 99 0 262202 0 1166167
1789253863.412564 4129447 373444 353973 99 0 262202 0 1248213
1789253864.415058 4184278 547115 527644 99 0 262202 0 1297420
1789253865.385827 3928099 85468 59511 99 0 271930 0 1071985
1789253866.401871 4053223 144193 108457 99 0 341434 0 1078664
1789253867.387057 3997612 118672 90902 99 0 341434 0 1040149
1789253868.417275 4040865 166910 131870 99 0 341434 0 1064042
1789253869.378809 3899157 39802 11906 99 0 342074 0 922318
1789253870.382007 3905429 114564 72273 99 0 348346 0 975589
1789253871.384044 3907989 114598 72273 99 0 350906 0 981614
1789253872.380897 3907989 157577 120653 99 0 350906 0 963233
1789253873.383672 3907989 162126 120653 99 0 350906 0 968813
1789253874.378410 3808841 88686 51270 99 0 350906 0 861856
1789253875.406292 3864452 134991 94971 99 0 350906 0 878751
1789253876.377272 3808841 115958 82743 99 0 350906 0 830312
1789253877.389197 3852094 164313 123785 99 0 350906 0 864269
1789253878.373352 3808841 155851 122289 99 0 350906 0 808547
1789253879.371645 3709571 114071 75548 99 0 350906 0 777180
1789253880.372079 3709571 115300 75548 99 0 350906 0 783053
1789253881.371238 3709571 153942 118552 99 0 350906 0 766506
1789253882.387168 3752824 200872 160339 99 0 350906 0 769582
1789253883.365690 3610330 77566 42154 99 0 350906 0 651124
1789253884.374252 3665941 118940 80421 99 0 350906 0 678359
1789253885.367314 3678839 169325 136525 99 0 350906 0 683299
1789253886.366279 3610330 167620 125570 99 0 350906 0 665587
1789253887.369402 3610330 165670 125570 99 0 350906 0 671392
1789253888.366840 3511228 114467 77304 99 0 350906 0 586494
1789253889.372012 3566839 165115 127129 99 0 350906 0 584147
1789253890.360742 3511228 138746 105338 99 0 350906 0 551544
1789253891.405018 3551203 182877 143858 99 0 350906 0 566327
1789253892.355479 3415959 65515 31606 99 0 350906 0 442535
1789253893.357396 3415959 125319 80423 99 0 350906 0 483580
1789253894.357631 3415959 121587 80423 99 0 350906 0 489621
1789253895.356765 3415959 170699 129393 99 0 350906 0 471752
1789253896.356801 3415959 171889 129393 99 0 350906 0 477437
1789253897.352103 3316266 102588 65570 99 0 350906 0 375952
1789253898.360192 3371877 152414 111853 99 0 350906 0 387137
1789253899.353313 3316266 128296 95652 99 0 350906 0 342816
1789253900.363321 3353437 174238 135295 99 0 350906 0 367269
1789253901.348464 3223993 59265 26808 99 0 350906 0 241867
1789253902.349946 3223993 124644 83635 99 0 350906 0 291622
1789253903.348392 3223993 124766 83635 99 0 350906 0 297600
1789253904.347430 3223993 167908 132210 99 0 350906 0 279455
1789253905.347782 3223993 172537 132210 99 0 350906 0 285209
1789253906.341893 3124760 89082 55909 99 0 350906 0 166165
1789253907.356047 3154143 119983 84140 99 0 350906 0 171762
1789253908.339307 3101832 67056 37700 99 0 355002 0 109759
1789253909.339303 3101832 91392 62036 99 0 355002 0 109759
1789253910.339335 3101832 115792 86436 99 0 355002 0 109759
1789253911.339324 3101832 140944 111588 99 0 355002 0 109759
1789253912.339344 3101832 146976 117620 99 0 355002 0 109759
1789253913.339342 3101832 146976 117620 99 0 355002 0 109759
1789253914.339313 3105929 146949 117620 99 0 359098 0 109759
1789253915.339270 3105929 146949 117620 99 0 359098 0 109759
1789253916.339291 3105929 146949 117620 99 0 359098 0 109759
1789253917.339258 3105929 146949 117620 99 0 359098 0 109759
1789253918.339350 3105929 146949 117620 99 0 359098 0 109759
1789253919.339306 3105929 146949 117620 99 0 359098 0 109759
1789253920.339306 3110026 146858 117620 99 0 363194 0 109759
1789253921.339309 3110026 146858 117620 99 0 363194 0 109759
1789253922.339282 3110026 146858 117620 99 0 363194 0 109759
1789253923.339299 3110026 146858 117620 99 0 363194 0 109759
1789253924.339184 3110026 146858 117620 99 0 363194 0 109759
1789253925.339314 3114123 146847 117620 99 0 367290 0 109759
1789253926.339324 3114123 146847 117620 99 0 367290 0 109759
1789253927.339316 3114123 146847 117620 99 0 367290 0 109759
1789253928.339353 3114123 146847 117620 99 0 367290 0 109759
1789253929.339371 3114123 146847 117620 99 0 367290 0 109759
1789253930.339203 3114123 146847 117620 99 0 367290 0 109759
1789253931.339310 3114123 146847 117620 99 0 367290 0 109759
1789253932.339336 3114123 146847 117620 99 0 367290 0 109759
1789253933.339361 3114123 146847 117620 99 0 367290 0 109759
1789253934.339280 3114123 146847 117620 99 0 367290 0 109759
1789253935.339248 3114123 146847 117620 99 0 367290 0 109759
1789253936.339305 3114123 146847 117620 99 0 367290 0 109759
1789253937.339319 3114123 146847 117620 99 0 367290 0 109759
1789253938.339313 3114123 146847 117620 99 0 367290 0 109759
1789253939.339311 3114123 146847 117620 99 0 367290 0 109759
1789253940.339171 3114123 146847 117620 99 0 367290 0 109759
1789253941.340285 3114123 146847 117620 99 0 367290 0 109759
1789253942.340209 3114123 146847 117620 99 0 367290 0 109759
1789253943.340318 3114123 146847 117620 99 0 367290 0 109759
1789253944.340314 3114123 146847 117620 99 0 367290 0 109759
1789253945.340241 3114123 146847 117620 99 0 367290 0 109759
1789253946.340253 3114123 146847 117620 99 0 367290 0 109759
1789253947.340257 3114123 146847 117620 99 0 367290 0 109759
1789253948.340322 3114123 146847 117620 99 0 367290 0 109759
1789253949.340289 3114123 146847 117620 99 0 367290 0 109759
1789253950.340264 3114123 146847 117620 99 0 367290 0 109759
1789253951.340301 3114123 146847 117620 99 0 367290 0 109759
1789253952.340301 3114123 146847 117620 99 0 367290 0 109759
1789253953.340316 3114123 146847 117620 99 0 367290 0 109759
1789253954.340201 3114123 146847 117620 99 0 367290 0 109759
1789253955.340215 3114123 146847 117620 99 0 367290 0 109759
1789253956.340227 3114123 146847 117620 99 0 367290 0 109759
1789253957.340240 3114123 146847 117620 99 0 367290 0 109759
1789253958.340332 3114123 146847 117620 99 0 367290 0 109759
1789253959.340240 3114123 146847 117620 99 0 367290 0 109759
1789253960.340232 3114123 146847 117620 99 0 367290 0 109759
1789253961.340235 3114123 146847 117620 99 0 367290 0 109759
1789253962.340316 3114123 146847 117620 99 0 367290 0 109759
1789253963.340272 3114123 146847 117620 99 0 367290 0 109759
1789253964.340279 3114123 146847 117620 99 0 367290 0 109759
1789253965.340290 3114123 146847 117620 99 0 367290 0 109759
1789253966.340248 3114123 146847 117620 99 0 367290 0 109759
1789253967.340300 3114123 146847 117620 99 0 367290 0 109759
1789253968.340298 3114123 146847 117620 99 0 367290 0 109759
1789253969.340278 3114123 146847 117620 99 0 367290 0 109759
1789253970.340256 3114123 146847 117620 99 0 367290 0 109759
1789253971.340261 3114123 146847 117620 99 0 367290 0 109759
1789253972.340323 3114123 146847 117620 99 0 367290 0 109759
1789253973.340296 3114123 146847 117620 99 0 367290 0 109759
1789253974.340246 3114123 146847 117620 99 0 367290 0 109759
1789253975.340278 3114123 146847 117620 99 0 367290 0 109759
1789253976.340287 3114123 146847 117620 99 0 367290 0 109759
1789253977.340272 3114123 146847 117620 99 0 367290 0 109759
1789253978.340305 3114123 146847 117620 99 0 367290 0 109759
1789253979.340274 3114123 146847 117620 99 0 367290 0 109759
1789253980.340287 3114123 146847 117620 99 0 367290 0 109759
1789253981.340235 3114123 146847 117620 99 0 367290 0 109759
1789253982.340363 3114123 146847 117620 99 0 367290 0 109759
1789253983.340329 3114123 146847 117620 99 0 367290 0 109759
1789253984.340273 3114123 146847 117620 99 0 367290 0 109759
1789253985.340216 3114123 146847 117620 99 0 367290 0 109759
1789253986.340294 3114123 146847 117620 99 0 367290 0 109759
1789253987.339304 3114123 146840 117620 99 0 367290 0 109759
