# start_epoch=1786782575.734600  page_size=4096  cachestat=ok  fields=size,resident,shared,text,lib,data,dt,pagecache
1786782576.734890 174445 27696 7769 99 0 160440 0 1
1786782577.734832 174445 27696 7769 99 0 160440 0 1
1786782578.736321 2819652 49687 29228 99 0 163896 0 27822
1786782579.794534 2837985 65524 45059 99 0 163896 0 38918
1786782580.796505 2833381 57345 36865 99 0 165944 0 46027
1786782581.793876 2833381 62088 41607 99 0 165944 0 52158
1786782582.803157 2866719 73505 53044 99 0 165944 0 70223
1786782583.796044 2844970 55545 35100 99 0 165944 0 58989
1786782584.798054 2863256 72289 51844 99 0 165944 0 71353
1786782585.798330 2856571 61632 41243 99 0 165944 0 76148
1786782586.798987 2874815 78298 57904 99 0 165944 0 84122
1786782587.802702 2878908 61218 40851 99 0 165944 0 81547
1786782588.796970 2904598 84238 63871 99 0 165944 0 103436
1786782589.800790 2922630 105663 85289 99 0 165944 0 124272
1786782590.799418 2922630 108192 87818 99 0 165944 0 136438
1786782591.801427 2922630 110856 90482 99 0 165944 0 148782
1786782592.799838 2940916 123985 103607 99 0 165944 0 143981
1786782593.799513 2940916 126670 106292 99 0 165944 0 156752
1786782594.800130 2940916 129386 109008 99 0 165944 0 160907
1786782595.801110 2959187 143539 122998 99 0 165944 0 158969
1786782596.803355 2959187 148591 128050 99 0 165944 0 170091
1786782597.799335 2978606 87067 66536 99 0 165944 0 183806
1786782598.893106 2967649 107678 87147 99 0 165944 0 170569
1786782599.801511 2967649 110681 90150 99 0 165944 0 184343
1786782600.804150 2967649 113507 92973 99 0 165944 0 181315
1786782601.802014 2985920 130002 109468 99 0 165944 0 196369
1786782602.802561 2985920 133707 113173 99 0 165944 0 201765
1786782603.802752 2985920 140201 119667 99 0 165944 0 208799
1786782604.822624 3028379 130959 110518 99 0 165944 0 230811
1786782605.745274 3033792 102267 81771 99 0 165944 0 231636
1786782606.894504 3000737 109390 88886 99 0 165944 0 212247
1786782607.803276 3000737 113622 93113 99 0 165944 0 217409
1786782608.896345 4077129 134723 114214 99 0 165944 0 221988
1786782609.803784 3019008 132511 112000 99 0 165944 0 227350
1786782610.805340 3019008 136395 115884 99 0 165944 0 240171
1786782611.893314 3019008 139338 118825 99 0 165944 0 235743
1786782612.894899 3037316 154605 134092 99 0 165944 0 249518
1786782613.805174 3037316 158390 137901 99 0 165944 0 247215
1786782614.816782 3046185 86187 65707 99 0 165944 0 248763
1786782615.805004 3111482 102583 82113 99 0 165944 0 310462
1786782616.895482 3042380 105162 84646 99 0 165944 0 249454
1786782617.908601 3088977 108842 88334 99 0 165944 0 307138
1786782618.903027 3152610 112294 91992 99 0 165944 0 380522
1786782619.901813 3190104 127704 107437 99 0 165944 0 398293
1786782620.902438 3190104 130691 110424 99 0 165944 0 411852
1786782621.902719 3208390 145255 124982 99 0 165944 0 426226
1786782622.902968 3208390 147654 127379 99 0 165944 0 422400
1786782623.905154 3226676 161145 140861 99 0 165944 0 435488
1786782625.108234 3173122 111166 90912 99 0 165944 0 355057
1786782625.994044 3068043 95495 75241 99 0 165944 0 283599
1786782626.894378 3068043 97555 77121 99 0 165944 0 323470
1786782627.998451 3115583 114185 93745 99 0 165944 0 320534
1786782629.000807 3158708 118712 98272 99 0 165944 0 375638
1786782630.002871 3186987 123162 102720 99 0 165944 0 407846
1786782630.897999 3244515 139565 119142 99 0 165944 0 451409
1786782632.002955 3211274 139658 119248 99 0 165944 0 388616
1786782632.906336 3052080 75957 55547 99 0 165944 0 257339
1786782633.909597 3102835 89827 69449 99 0 165944 0 315354
1786782635.001745 3135403 92784 72399 99 0 165944 0 342600
1786782635.899674 3130276 94787 74425 99 0 165944 0 321143
1786782636.908924 3173701 112994 92538 99 0 165944 0 363171
1786782638.107119 3155406 85346 64890 99 0 165944 0 376034
1786782639.095264 3203715 89537 69074 99 0 165944 0 426703
1786782639.899319 3221986 104801 84338 99 0 165944 0 430389
1786782640.996947 3296806 110184 89721 99 0 165944 0 518724
1786782641.997756 4373198 132402 111936 99 0 165944 0 525166
1786782643.000899 3178722 104155 83665 99 0 165944 0 387740
1786782643.992984 3066662 80375 59886 99 0 165944 0 284786
1786782644.898576 3066662 84476 63980 99 0 165944 0 288380
1786782645.996082 3147824 101091 80591 99 0 165944 0 356817
1786782646.898372 3195893 105103 84621 99 0 165944 0 411095
1786782648.010759 3214179 122650 102167 99 0 165944 0 386997
1786782648.910879 3132286 128121 107637 99 0 165944 0 343857
1786782649.994372 3164764 107347 86863 99 0 165944 0 388295
1786782651.000591 4273130 103084 82590 99 0 165944 0 415995
1786782651.994743 3215009 106690 86196 99 0 165944 0 428407
1786782652.992974 3282141 112037 91541 99 0 165944 0 493358
1786782654.401165 3325497 130775 110278 99 0 165944 0 454180
1786782654.901720 3096762 77814 57317 99 0 165944 0 305297
1786782655.897185 3096762 81322 60825 99 0 165944 0 317025
1786782657.007038 3212725 97178 76674 99 0 165944 0 419498
1786782658.094929 3242504 101363 80859 99 0 165944 0 453115
1786782658.905991 3242504 104157 83651 99 0 165944 0 455919
1786782660.011170 4294973 115141 94649 99 0 165944 0 430388
1786782661.095867 3143385 73120 52619 99 0 165944 0 351036
1786782661.999352 3109759 74779 54278 99 0 165944 0 328204
1786782662.995874 3159705 77541 57040 99 0 165944 0 388479
1786782663.902153 3199943 91795 71294 99 0 165944 0 406123
1786782664.903356 3313628 96063 75715 99 0 165944 0 516415
1786782666.096542 3211249 115992 95629 99 0 165944 0 416132
1786782667.001580 3211249 118974 98611 99 0 165944 0 427689
1786782668.193142 3234262 103122 82759 99 0 165944 0 460927
1786782669.005549 4284971 106152 85781 99 0 165944 0 429714
1786782670.010056 3226850 104885 84514 99 0 165944 0 443568
1786782671.004245 3226850 108741 88368 99 0 165944 0 439648
1786782671.995753 3193886 124970 104598 99 0 165944 0 395578
1786782673.095162 3286661 88141 67769 99 0 165944 0 489285
1786782674.106799 3268390 82999 62627 99 0 165944 0 493615
1786782675.094164 3286676 97514 77132 99 0 165944 0 488418
1786782676.096775 3423641 103253 82870 99 0 165944 0 632180
1786782676.994506 3423641 105883 85500 99 0 165944 0 643291
1786782678.103259 3383895 123183 102783 99 0 165944 0 553726
1786782679.010516 3243770 78838 58438 99 0 165944 0 440099
1786782679.904681 3214612 81605 61205 99 0 165944 0 436805
1786782680.996011 3276123 85535 65265 99 0 165944 0 482730
1786782682.097528 3294431 100174 79901 99 0 165944 0 505832
1786782682.902964 3294431 103144 82883 99 0 165944 0 503271
1786782683.993934 3216127 120689 100456 99 0 165944 0 416174
1786782685.093853 3216127 125942 105709 99 0 165944 0 411520
1786782685.996065 3271391 85729 65495 99 0 165944 0 496479
1786782687.118200 3351060 102787 82543 99 0 165944 0 555356
1786782688.006255 3351060 107484 87240 99 0 165944 0 567741
1786782689.005774 3480042 112963 92715 99 0 165944 0 692279
1786782690.198393 3473913 130906 110659 99 0 165944 0 618704
1786782691.094970 3271378 122843 102596 99 0 165944 0 455299
1786782692.007838 3180424 80558 60311 99 0 165944 0 400011
1786782693.095271 4246043 91234 70980 99 0 165944 0 394078
1786782694.011819 3268028 100218 79964 99 0 165944 0 477878
1786782695.003655 3268028 102783 82542 99 0 165944 0 480212
1786782695.998869 3322419 120090 99866 99 0 165944 0 520167
1786782697.194446 3428378 104660 84421 99 0 165944 0 605766
1786782698.108331 3354703 84407 64168 99 0 165944 0 575767
1786782699.003096 3354703 89305 69060 99 0 165944 0 571237
1786782700.194784 3441757 106828 86582 99 0 165944 0 654594
1786782700.911409 3469562 110730 90484 99 0 165944 0 683001
1786782701.997815 3469562 113332 93169 99 0 165944 0 687244
1786782703.098241 3295017 129361 109182 99 0 165944 0 495419
1786782704.009435 3290244 79301 59121 99 0 165944 0 503193
1786782705.004363 3290244 83129 62944 99 0 165944 0 506713
1786782706.102089 3374399 98022 77836 99 0 165944 0 583939
1786782706.999439 3374399 101753 81565 99 0 165944 0 587769
1786782707.998535 3449177 106474 86299 99 0 165944 0 667045
1786782709.101556 3421789 127492 107319 99 0 165944 0 610493
1786782709.998831 3292759 129068 108895 99 0 165944 0 504636
1786782711.097204 3313441 84294 64121 99 0 165944 0 537006
1786782712.193985 3313441 89698 69518 99 0 165944 0 553903
1786782713.095457 3373406 105633 85452 99 0 165944 0 587228
1786782714.200037 3440768 110319 90137 99 0 165944 0 660235
1786782715.008988 3712457 113324 93142 99 0 165944 0 643758
1786782716.206618 3415095 130874 110690 99 0 165944 0 614047
1786782717.094961 3312741 131217 111033 99 0 165944 0 504372
1786782718.102855 3342273 107413 87229 99 0 165944 0 541573
1786782719.192830 3380970 85682 65493 99 0 165944 0 590101
1786782720.207355 3399278 100623 80432 99 0 165944 0 613552
1786782721.001682 3443734 106253 86062 99 0 165944 0 661859
1786782722.106336 3352925 121066 100877 99 0 165944 0 552858
1786782723.198571 3377609 126409 106220 99 0 165944 0 581573
1786782724.208073 3364231 81019 60830 99 0 165944 0 586574
1786782725.303376 3350121 84185 64092 99 0 165944 0 573941
1786782726.194109 3407639 99332 79232 99 0 165944 0 619171
1786782727.103471 3492399 103340 83240 99 0 165944 0 709235
1786782728.103007 3499499 116974 96887 99 0 165944 0 686017
1786782728.896064 3396274 120592 100505 99 0 165944 0 607327
1786782730.200817 3414545 145333 125227 99 0 165944 0 622438
1786782731.197882 3519171 151021 130915 99 0 165944 0 738916
1786782732.194182 3519171 155500 135388 99 0 165944 0 734767
1786782733.502406 3594084 146154 126037 99 0 165944 0 795378
1786782734.097159 3558471 130758 110641 99 0 165944 0 776114
1786782735.097166 3558471 135259 115141 99 0 165944 0 772151
1786782736.099010 3558471 139733 119615 99 0 165944 0 773680
1786782737.096992 3576780 156498 136380 99 0 165944 0 789532
1786782738.004003 3576780 161612 141492 99 0 165944 0 792621
1786782739.215014 3630849 180227 160106 99 0 165944 0 821697
1786782740.197039 3467124 180895 160774 99 0 165944 0 652605
1786782740.907005 3305203 97442 77321 99 0 165944 0 524784
1786782742.106794 3384249 114488 94367 99 0 165944 0 591598
1786782743.109304 3414029 118351 98226 99 0 165944 0 633079
1786782744.195666 3414029 121250 101123 99 0 165944 0 635399
1786782745.100487 3477210 134727 114597 99 0 165944 0 682913
1786782746.019281 3477210 137267 117137 99 0 165944 0 685530
1786782747.104076 3562217 140155 120047 99 0 165944 0 777153
1786782748.112546 3590301 153960 133849 99 0 165944 0 764711
1786782749.199284 3503404 164504 144371 99 0 165944 0 685692
1786782750.193350 3516203 167232 147099 99 0 165944 0 736410
1786782751.306187 3534447 180394 160259 99 0 165944 0 700121
1786782752.009859 3529338 120520 100385 99 0 165944 0 740966
1786782753.299914 3529338 124238 104097 99 0 165944 0 744036
1786782754.100896 3529338 129712 109571 99 0 165944 0 747753
1786782755.200661 4702077 140666 120521 99 0 165944 0 861888
1786782756.102376 3654744 152941 132794 99 0 165944 0 875518
1786782757.104075 3654744 157514 137365 99 0 165944 0 872420
1786782758.100023 3719218 174111 153980 99 0 165944 0 893475
1786782759.493711 3578351 156142 136005 99 0 165944 0 782496
1786782760.395427 3460722 112465 92328 99 0 165944 0 587067
1786782761.097784 4415338 105388 85250 99 0 165944 0 566539
1786782762.005901 3357237 108566 88427 99 0 165944 0 569304
1786782763.004109 3357237 110516 90372 99 0 165944 0 571651
1786782764.206826 3520572 114155 94011 99 0 165944 0 738826
1786782765.101539 3538843 128322 108176 99 0 165944 0 750333
1786782766.094271 3473782 130083 109942 99 0 165944 0 656830
1786782767.401404 3496554 115246 95101 99 0 165944 0 648327
1786782768.196321 3392700 98996 78851 99 0 165944 0 610754
1786782768.994858 3439428 113453 93306 99 0 165944 0 649099
1786782770.101352 3439428 117079 96928 99 0 165944 0 652609
1786782771.195498 3494823 120631 100479 99 0 165944 0 705597
1786782772.108684 3490727 123878 103724 99 0 165944 0 707482
1786782773.297732 3649726 139613 119458 99 0 165944 0 861375
1786782774.101299 3649726 142228 122073 99 0 165944 0 870685
1786782775.009081 3649726 146692 126562 99 0 165944 0 866149
1786782776.294450 3723610 166580 146457 99 0 165944 0 858116
1786782777.193818 3546618 169220 149097 99 0 165944 0 743003
1786782778.001729 3511262 173571 153468 99 0 165944 0 747161
1786782779.394713 3602578 152857 132746 99 0 165944 0 770198
1786782780.306465 3613221 123338 103226 99 0 165944 0 820796
1786782781.302781 3613221 126494 106381 99 0 165944 0 830847
1786782782.002553 3613221 130062 109947 99 0 165944 0 825149
1786782784.294931 3642780 151627 131509 99 0 165944 0 764854
1786782785.205905 3494551 101024 80905 99 0 165944 0 714709
1786782786.198242 3494551 104135 84009 99 0 165944 0 708907
1786782787.304641 3512859 117981 97855 99 0 165944 0 720360
1786782788.101272 3582687 123618 103492 99 0 165944 0 801900
1786782789.396210 3656933 128708 108581 99 0 165944 0 871954
1786782790.295282 3656933 132894 112767 99 0 165944 0 873771
1786782791.011948 3656933 135838 115711 99 0 165944 0 871337
1786782792.005591 3624177 150044 129926 99 0 165944 0 800712
1786782793.200904 3590246 124942 104820 99 0 165944 0 773745
1786782794.300391 3566788 100155 80032 99 0 165944 0 776432
1786782795.205808 3577378 105037 85062 99 0 165944 0 782451
1786782796.008541 3559341 108223 88239 99 0 165944 0 772325
1786782797.305723 3603194 112005 92020 99 0 165944 0 827433
1786782798.299487 3621502 126309 106323 99 0 165944 0 830938
1786782799.207879 3698904 130606 110617 99 0 165944 0 908513
1786782800.396141 3684856 139083 119090 99 0 165944 0 850804
1786782801.193145 3567747 140670 120675 99 0 165944 0 761685
1786782802.496386 3526470 154499 134504 99 0 165944 0 711620
1786782803.298795 3579352 102092 82089 99 0 165944 0 787026
1786782804.299640 3579352 107673 87669 99 0 165944 0 798791
1786782805.299574 3579352 112652 92646 99 0 165944 0 793904
1786782806.005940 3579352 118213 98223 99 0 165944 0 791159
1786782807.700895 3610318 125009 105023 99 0 165944 0 740396
1786782808.102884 3499343 79130 59144 99 0 165944 0 707911
1786782809.204319 3492699 82424 62438 99 0 165944 0 709894
1786782810.302433 3585524 86621 66628 99 0 165944 0 805434
1786782811.103991 3603812 101149 81156 99 0 165944 0 808875
1786782812.115262 3603812 105804 85811 99 0 165944 0 819394
1786782813.020401 3490954 109025 89092 99 0 165944 0 690553
1786782813.899223 3470691 125450 105517 99 0 165944 0 679724
1786782815.197538 3641184 152198 132237 99 0 165944 0 847263
1786782816.095528 3641184 156494 136533 99 0 165944 0 844848
1786782817.214903 3648835 114157 94211 99 0 165944 0 859624
1786782818.209437 3627266 112673 92721 99 0 165944 0 847830
1786782819.302276 3715377 129440 109488 99 0 165944 0 930060
1786782820.395108 3715377 133154 113200 99 0 165944 0 924383
1786782821.194039 3715377 137559 117605 99 0 165944 0 935796
1786782822.202937 3825924 143270 123311 99 0 165944 0 1050328
1786782823.202115 3844210 158319 138359 99 0 165944 0 1055064
1786782824.104233 3844210 164508 144548 99 0 165944 0 1064127
1786782825.505758 3823397 181020 161148 99 0 165944 0 1012957
1786782826.400904 3722591 182175 162303 99 0 165944 0 906102
1786782827.093397 3599522 166920 147048 99 0 165944 0 806247
1786782828.198972 3450885 96350 76489 99 0 165944 0 669189
1786782829.495026 3571178 110887 91015 99 0 165944 0 773727
1786782830.306375 3571178 111507 91633 99 0 165944 0 782963
1786782831.295179 3571178 113031 93157 99 0 165944 0 792055
1786782832.107071 3631035 115040 95164 99 0 165944 0 845750
1786782833.203990 3781893 131865 112023 99 0 165944 0 961826
1786782834.213752 3654942 135596 115715 99 0 165944 0 871111
1786782835.104545 3673228 149986 130105 99 0 165944 0 882017
1786782836.104336 3702734 152760 132876 99 0 165944 0 890595
1786782837.300369 3593173 118925 99032 99 0 165944 0 785266
1786782838.007371 3573109 101853 81960 99 0 165944 0 793489
1786782839.097515 3682372 116086 96192 99 0 165944 0 890409
1786782840.002883 3719049 120855 100965 99 0 165944 0 901623
1786782841.301567 3679477 139486 119606 99 0 165944 0 883824
1786782842.413173 3679477 145074 125196 99 0 165944 0 896286
1786782843.506654 3786497 148874 129000 99 0 165944 0 954263
1786782844.410831 3697876 133015 113141 99 0 165944 0 916249
1786782845.109089 3607637 108962 89099 99 0 165944 0 814552
1786782846.107500 3681596 124139 104268 99 0 165944 0 884926
1786782846.993136 3718718 126744 106878 99 0 165944 0 929043
1786782848.503213 3888551 146247 126376 99 0 165944 0 1034307
1786782849.597319 3737420 122203 102330 99 0 165944 0 915278
1786782850.395942 3641502 99602 79729 99 0 165944 0 864268
1786782851.306351 3641502 104164 84286 99 0 165944 0 857850
1786782852.103896 3659773 120867 100987 99 0 165944 0 870171
1786782853.301027 3775583 126873 106986 99 0 165944 0 982042
1786782854.113942 3786760 129867 109988 99 0 165944 0 956982
1786782855.307766 3641206 146379 126491 99 0 165944 0 800830
1786782856.200881 3566542 149837 129949 99 0 165944 0 778740
1786782857.204582 3566542 153634 133746 99 0 165944 0 790327
1786782858.214235 3566542 156214 136320 99 0 165944 0 776414
1786782859.296172 3690411 118210 98315 99 0 165944 0 900878
1786782860.199642 3690411 120772 100891 99 0 165944 0 903665
1786782860.994718 3725202 125421 105551 99 0 165944 0 939063
1786782862.496303 3769283 147710 127814 99 0 165944 0 982811
1786782863.304955 3843012 151844 131948 99 0 165944 0 1066672
1786782864.295105 3843012 156866 136963 99 0 165944 0 1028306
1786782865.701508 3902730 172305 152399 99 0 165944 0 1059393
1786782866.395979 3815871 126818 106929 99 0 165944 0 1034389
1786782867.501577 3839302 131191 111300 99 0 165944 0 1060708
1786782868.500509 3839302 135332 115441 99 0 165944 0 1042872
1786782869.503928 3857603 151606 131713 99 0 165944 0 1064350
1786782870.099037 3857603 155135 135259 99 0 165944 0 1072877
1786782871.104238 3875889 171437 151561 99 0 165944 0 1081658
1786782872.600938 4026915 181087 161188 99 0 165944 0 1188811
1786782873.394213 3937938 193891 173989 99 0 165944 0 1084419
1786782874.507188 3769261 196186 176284 99 0 165944 0 952863
1786782875.097899 3617398 197065 177167 99 0 165944 0 836041
1786782876.315687 3617398 201795 181891 99 0 165944 0 839658
1786782877.400370 3660500 144745 124840 99 0 165944 0 865258
1786782878.494415 3786131 140828 120920 99 0 165944 0 992907
1786782879.406527 3786131 141996 122088 99 0 165944 0 1002665
1786782880.097736 3786131 145015 125122 99 0 165944 0 997544
1786782881.100347 3804402 161229 141336 99 0 165944 0 1011994
1786782882.602967 3816839 169014 149139 99 0 165944 0 995774
1786782883.293100 3723792 172012 152137 99 0 165944 0 940267
1786782884.305221 3796817 187582 167707 99 0 165944 0 962169
1786782885.394133 3663782 163318 143436 99 0 165944 0 865311
1786782886.305411 3618339 120461 100579 99 0 165944 0 837871
1786782887.392966 3704959 123820 103936 99 0 165944 0 926291
1786782888.304168 3704959 127266 107380 99 0 165944 0 928853
1786782889.105799 3723230 142690 122815 99 0 165944 0 935297
1786782890.098256 3723230 145568 125693 99 0 165944 0 937760
1786782891.216149 3741501 160037 140161 99 0 165944 0 949699
1786782892.309838 3970180 165351 145471 99 0 165944 0 1196473
1786782893.517103 3956427 174840 154920 99 0 165944 0 1139756
1786782894.302200 3798742 187425 167505 99 0 165944 0 1003392
1786782895.201012 3828641 192252 172330 99 0 165944 0 1047365
1786782896.297726 3828641 196537 176608 99 0 165944 0 1041557
1786782897.410726 3861674 200955 181025 99 0 165944 0 1085713
1786782898.303597 3939347 217447 197514 99 0 165944 0 1148702
1786782899.894426 3939347 221243 201308 99 0 165944 0 1152499
1786782901.504723 3965467 183567 163632 99 0 165944 0 1151577
1786782902.197419 4041377 172841 152905 99 0 165944 0 1245246
1786782903.198729 4041377 176547 156611 99 0 165944 0 1218739
1786782904.500364 3985275 193404 173487 99 0 165944 0 1122412
1786782905.400119 3801457 169193 149276 99 0 165944 0 955485
1786782906.304010 3634528 116964 97047 99 0 165944 0 820428
1786782907.101324 3571397 119150 99225 99 0 165944 0 790034
1786782908.196331 3571397 122801 102876 99 0 165944 0 793675
1786782909.293599 3691038 138671 118744 99 0 165944 0 899246
1786782910.308416 3691038 141184 121256 99 0 165944 0 910082
1786782911.008139 3691038 143883 123968 99 0 165944 0 906115
1786782912.006645 3709324 161055 141135 99 0 165944 0 915132
1786782913.503586 3763185 123005 103082 99 0 165944 0 952164
1786782914.499317 3714969 112128 92204 99 0 165944 0 866466
1786782915.103470 3640050 113046 93122 99 0 165944 0 856408
1786782916.398830 3640050 114672 94741 99 0 165944 0 849876
1786782917.317930 3683636 117375 97444 99 0 165944 0 904701
1786782918.407520 3800669 121130 101196 99 0 165944 0 1012637
1786782919.194853 3818940 135985 116050 99 0 165944 0 1032195
1786782920.203065 3818940 138547 118610 99 0 165944 0 1030748
1786782921.114002 3833501 140739 120863 99 0 165944 0 999103
1786782922.209849 3783032 164546 144629 99 0 165944 0 993308
1786782923.207357 3867060 169278 149359 99 0 165944 0 1087791
1786782924.593866 4078333 174381 154493 99 0 165944 0 1280552
1786782925.513491 3991693 161831 141935 99 0 165944 0 1171639
1786782926.397110 3942042 129009 109113 99 0 165944 0 1156383
1786782927.393969 3942042 133087 113191 99 0 165944 0 1166556
1786782928.211410 3942042 136242 116345 99 0 165944 0 1158927
1786782929.405122 5121092 154341 134443 99 0 165944 0 1332409
1786782930.403659 4279189 156695 136785 99 0 165944 0 1491723
1786782931.308892 4279189 160141 140231 99 0 165944 0 1494677
1786782932.808449 4279189 163556 143646 99 0 165944 0 1422233
1786782934.810113 4066226 184052 164146 99 0 165944 0 1275596
1786782936.705986 3823345 153885 133973 99 0 165944 0 1018723
1786782937.603313 3793813 158486 138572 99 0 165944 0 953134
1786782938.508789 3817166 122102 102230 99 0 165944 0 1035307
1786782939.216497 3817166 125271 105415 99 0 165944 0 1036812
1786782940.211292 3837357 141607 121771 99 0 165944 0 994675
1786782941.394959 3754086 149701 129803 99 0 165944 0 931821
1786782942.199874 3707601 152433 132535 99 0 165944 0 926388
1786782943.403551 3707601 155955 136057 99 0 165944 0 928718
1786782944.505056 3837352 172502 152596 99 0 165944 0 1031192
1786782945.499451 3825598 123083 103176 99 0 165944 0 1032554
1786782946.499506 3818411 126534 106627 99 0 165944 0 1034954
1786782947.397898 3818411 130172 110265 99 0 165944 0 1045448
1786782948.295886 3836682 145348 125438 99 0 165944 0 1048359
1786782949.207780 3951787 148550 128640 99 0 165944 0 1166133
1786782950.210377 4017367 162411 142500 99 0 165944 0 1225037
1786782951.495194 4054833 172157 152229 99 0 165944 0 1200885
1786782952.499541 4028915 174406 154478 99 0 165944 0 1133208
1786782953.601631 3842722 173926 153998 99 0 165944 0 1003684
1786782954.308128 3862901 160708 140776 99 0 165944 0 1067091
1786782955.217435 3817261 118116 98180 99 0 165944 0 1029864
1786782956.307453 3817261 121079 101142 99 0 165944 0 1032289
1786782957.406990 3817261 123781 103844 99 0 165944 0 1035147
1786782958.401477 3835547 138404 118463 99 0 165944 0 1045291
1786782959.300218 3950516 143690 123748 99 0 165944 0 1163235
1786782960.207977 4063551 148120 128176 99 0 165944 0 1279280
1786782961.595780 4081822 166920 146991 99 0 165944 0 1255684
1786782962.201395 4019173 174194 154277 99 0 165944 0 1209287
1786782963.500828 3935586 168876 148959 99 0 165944 0 1128656
1786782964.298930 3867580 153543 133626 99 0 165944 0 1060092
1786782965.310045 3790467 120594 100677 99 0 165944 0 992608
1786782966.295512 3790467 124012 104088 99 0 165944 0 1044166
1786782967.214644 3891417 127940 108023 99 0 165944 0 1113404
1786782968.413084 3891417 130615 110698 99 0 165944 0 1115647
1786782969.205193 3909688 144204 124284 99 0 165944 0 1118032
1786782970.304339 3985247 148264 128344 99 0 165944 0 1196410
1786782971.200844 3985247 151764 131844 99 0 165944 0 1208293
1786782972.703222 3986129 174469 154535 99 0 165944 0 1152254
1786782973.793082 4082955 177351 157416 99 0 165944 0 1269765
1786782975.499722 3924523 121992 101677 99 0 165944 0 1132055
1786782976.416362 3924523 127579 107264 99 0 165944 0 1135345
1786782977.595569 4022786 133260 112945 99 0 165944 0 1240497
1786782978.701573 4158445 138997 118681 99 0 165944 0 1385023
1786782979.703363 4176716 155538 135221 99 0 165944 0 1381520
1786782980.610156 4176716 159381 139064 99 0 165944 0 1392057
1786782981.301221 4176716 162379 142062 99 0 165944 0 1402709
1786782982.296950 4265188 180662 160343 99 0 165944 0 1473986
1786782983.206196 4295884 186881 166562 99 0 165944 0 1507520
1786782984.699383 4284266 206555 186261 99 0 165944 0 1454927
1786782985.694216 4164221 207772 187336 99 0 165944 0 1325437
1786782986.600539 4051900 209529 189093 99 0 165944 0 1209627
1786782987.809791 4031295 212222 191784 99 0 165944 0 1167160
1786782989.496565 3878790 160120 139681 99 0 165944 0 1058341
1786782990.412885 3852704 144650 124222 99 0 165944 0 1068402
1786782991.302484 3852704 148247 127819 99 0 165944 0 1078943
1786782992.398942 3968324 162410 141978 99 0 165944 0 1179620
1786782993.298983 3968324 164814 144419 99 0 165944 0 1177057
1786782994.195416 4111153 167901 147506 99 0 165944 0 1329462
1786782995.292914 4129439 181784 161046 99 0 165944 0 1332959
1786782996.207695 4260939 185653 164915 99 0 165944 0 1474388
1786782997.893010 4295951 195491 174797 99 0 165944 0 1474981
1786783000.103183 4090417 136527 115871 99 0 165944 0 1157559
1786783001.595437 3827297 119576 98915 99 0 165944 0 1016590
1786783002.306412 3846054 122552 101891 99 0 165944 0 1065008
1786783003.313637 3846054 127026 106365 99 0 165944 0 1067690
1786783004.399864 3846054 131444 110781 99 0 165944 0 1062462
1786783005.102984 3864340 147688 127081 99 0 165944 0 1074371
1786783005.901213 3837598 150153 129571 99 0 165944 0 1034852
1786783007.204771 3855856 156708 136115 99 0 167992 0 1062794
1786783008.216085 3855856 159212 138611 99 0 167992 0 1063329
1786783009.394461 3934174 103932 83393 99 0 167992 0 1112613
1786783010.009169 3871653 85437 64936 99 0 167992 0 1073671
1786783010.800243 3801468 85645 65165 99 0 167992 0 996686
1786783011.815837 3829689 85647 65167 99 0 167992 0 1024908
1786783012.799060 3773516 34220 13736 99 0 167992 0 968738
1786783013.799210 3773516 34220 13736 99 0 167992 0 968738
1786783014.800074 3773516 34220 13736 99 0 167992 0 968738
1786783015.799121 3773516 34220 13736 99 0 167992 0 968738
1786783016.798970 3773516 34220 13736 99 0 167992 0 968738
1786783017.780210 3773516 34220 13736 99 0 167992 0 968738
1786783018.777862 3773516 34220 13736 99 0 167992 0 968738
1786783019.779687 3811854 34467 14026 99 0 167992 0 1007078
1786783020.778261 3782266 34442 14001 99 0 167992 0 977493
1786783021.778762 3782266 34442 14001 99 0 167992 0 977493
1786783022.997723 3776357 34421 13980 99 0 167992 0 971585
1786783023.781801 3607701 33489 13048 99 0 167992 0 802932
1786783024.781694 3607701 33489 13048 99 0 167992 0 802932
1786783025.792931 3671193 33893 13452 99 0 167992 0 866424
1786783026.793472 3671193 33893 13452 99 0 167992 0 866424
1786783027.776797 3671193 33893 13452 99 0 167992 0 866424
1786783028.799832 3785851 34633 14194 99 0 167992 0 981082
1786783029.780146 3820164 34866 14427 99 0 167992 0 1015396
1786783030.779916 3820164 34866 14427 99 0 167992 0 1015396
1786783031.780113 3820164 34866 14427 99 0 167992 0 1015396
1786783032.780121 3820164 34866 14427 99 0 167992 0 1015396
1786783033.783283 3820164 34866 14427 99 0 167992 0 1015396
1786783034.779838 3820164 34866 14427 99 0 167992 0 1015396
1786783035.779833 3820164 34866 14427 99 0 167992 0 1015396
1786783036.779791 3820164 34866 14427 99 0 167992 0 1015396
1786783037.909972 3768442 34757 14318 99 0 167992 0 935610
1786783038.769305 3580978 33506 13046 99 0 167992 0 776217
1786783039.782933 3580978 33506 13046 99 0 167992 0 776217
1786783040.769322 3580978 33506 13046 99 0 167992 0 776217
1786783041.769580 3580978 33506 13046 99 0 167992 0 776217
1786783042.783935 3580978 33506 13046 99 0 167992 0 776217
1786783043.772920 3580978 33506 13046 99 0 167992 0 776217
1786783044.786168 3580978 33506 13046 99 0 167992 0 776217
1786783045.816970 3487091 35076 14615 99 0 168632 0 681691
1786783046.765249 3487091 35076 14615 99 0 168632 0 681692
1786783047.780178 3487091 35076 14615 99 0 168632 0 681692
1786783048.765369 3487091 35076 14615 99 0 168632 0 681692
1786783049.765044 3487091 35076 14615 99 0 168632 0 681692
1786783050.765246 3487091 35076 14615 99 0 168632 0 681692
1786783051.765384 3487091 35076 14615 99 0 168632 0 681692
1786783052.765502 3487091 35076 14615 99 0 168632 0 681692
1786783053.761257 3393264 36642 16180 99 0 169272 0 587226
1786783054.761157 3393264 36642 16180 99 0 169272 0 587226
1786783055.761218 3393264 36642 16180 99 0 169272 0 587226
1786783056.761327 3393264 36642 16180 99 0 169272 0 587226
1786783057.777084 3393264 36642 16180 99 0 169272 0 587226
1786783058.761036 3393264 36642 16180 99 0 169272 0 587226
1786783059.776715 3393264 36642 16180 99 0 169272 0 587226
1786783060.761066 3393264 36642 16180 99 0 169272 0 587226
1786783061.756890 3299462 38713 17738 99 0 169912 0 492786
1786783062.763288 3299462 38713 17738 99 0 169912 0 492786
1786783063.761629 3299462 38713 17738 99 0 169912 0 492786
1786783064.757161 3299462 38713 17738 99 0 169912 0 492786
1786783065.764592 3299462 38713 17738 99 0 169912 0 492786
1786783066.760407 3299462 38713 17738 99 0 169912 0 492786
1786783067.773165 3299462 38713 17738 99 0 169912 0 492786
1786783068.803960 3219754 40318 19342 99 0 170552 0 398041
1786783069.752784 3205357 40191 19215 99 0 170552 0 398043
1786783070.758006 3205357 40191 19215 99 0 170552 0 398043
1786783071.752719 3205357 40191 19215 99 0 170552 0 398043
1786783072.752682 3205357 40191 19215 99 0 170552 0 398043
1786783073.752890 3205357 40191 19215 99 0 170552 0 398043
1786783074.767538 3205357 40191 19215 99 0 170552 0 398043
1786783075.752815 3205357 40191 19215 99 0 170552 0 398043
1786783076.752387 3117968 41618 20642 99 0 170552 0 310655
1786783077.753141 3117968 41618 20642 99 0 170552 0 310655
1786783078.752372 3117968 41618 20642 99 0 170552 0 310655
1786783079.748888 3117968 41618 20642 99 0 170552 0 310655
1786783080.748787 3117968 41618 20642 99 0 170552 0 310655
1786783081.748722 3117968 41618 20642 99 0 170552 0 310655
1786783082.748945 3117968 41370 20642 99 0 170552 0 310655
1786783083.744769 3021071 42949 22221 99 0 170552 0 213759
1786783084.744564 3021071 42949 22221 99 0 170552 0 213759
1786783085.744678 3021071 42949 22221 99 0 170552 0 213759
1786783086.744650 3021071 42949 22221 99 0 170552 0 213759
1786783087.744576 3021071 42949 22221 99 0 170552 0 213759
1786783088.747420 3021071 42949 22221 99 0 170552 0 213759
1786783089.749848 3021071 42949 22221 99 0 170552 0 213760
1786783090.744452 3021071 42949 22221 99 0 170552 0 213760
1786783091.794115 2932489 51465 30740 99 0 170552 0 125180
1786783092.795217 2932489 65481 44756 99 0 170552 0 125180
1786783093.794167 2932489 79481 58756 99 0 170552 0 125180
1786783094.740621 2932489 93449 72724 99 0 170552 0 125180
1786783095.792891 2932489 107481 86756 99 0 170552 0 125180
1786783096.794415 2932489 121145 100420 99 0 170552 0 125180
1786783097.792829 2932489 131529 110804 99 0 170552 0 125180
1786783098.794021 2932489 144857 124132 99 0 170552 0 125180
1786783099.792677 2932489 152121 131396 99 0 170552 0 125180
1786783100.793818 2932489 152121 131396 99 0 170552 0 125180
1786783101.794249 2932489 152121 131396 99 0 170552 0 125180
1786783102.793108 2932489 152121 131396 99 0 170552 0 125180
1786783103.794291 2934538 152122 131396 99 0 172600 0 125180
1786783104.794084 2934538 152122 131396 99 0 172600 0 125180
1786783105.797118 2934538 152122 131396 99 0 172600 0 125180
1786783106.740851 2934538 152122 131396 99 0 172600 0 125180
1786783107.795045 2934538 152122 131396 99 0 172600 0 125180
1786783108.793844 2934538 152122 131396 99 0 172600 0 125180
1786783109.792816 2934538 152122 131396 99 0 172600 0 125180
1786783110.794083 2934538 152122 131396 99 0 172600 0 125180
1786783111.795019 2934538 152122 131396 99 0 172600 0 125180
1786783112.795535 2934538 152122 131396 99 0 172600 0 125180
1786783113.793741 2934538 152122 131396 99 0 172600 0 125180
1786783114.793719 2934538 152122 131396 99 0 172600 0 125180
1786783115.793806 2934538 152122 131396 99 0 172600 0 125180
1786783116.793807 2936587 152033 131396 99 0 174648 0 125180
1786783117.792967 2936587 152033 131396 99 0 174648 0 125180
1786783118.794381 2936587 152033 131396 99 0 174648 0 125180
1786783119.794550 2936587 152033 131396 99 0 174648 0 125180
1786783120.793114 2936587 152033 131396 99 0 174648 0 125180
1786783121.794104 2936587 152033 131396 99 0 174648 0 125180
1786783122.794154 2936587 152033 131396 99 0 174648 0 125180
1786783123.795992 2936587 152033 131396 99 0 174648 0 125180
1786783124.794325 2936587 152033 131396 99 0 174648 0 125180
1786783125.797311 2936587 152033 131396 99 0 174648 0 125180
1786783126.794174 2936587 152033 131396 99 0 174648 0 125180
1786783127.793922 2936587 152033 131396 99 0 174648 0 125180
1786783128.793943 2936587 152033 131396 99 0 174648 0 125180
1786783129.794146 2938636 152056 131412 99 0 176696 0 125180
1786783130.740805 2938636 152056 131412 99 0 176696 0 125180
1786783131.740777 2938636 152056 131412 99 0 176696 0 125180
1786783132.793187 2938636 152056 131412 99 0 176696 0 125180
1786783133.740673 2938636 152056 131412 99 0 176696 0 125180
1786783134.794352 2938636 152056 131412 99 0 176696 0 125180
1786783135.794931 2938636 152056 131412 99 0 176696 0 125180
1786783136.792837 2938636 152056 131412 99 0 176696 0 125180
1786783137.793101 2938636 152056 131412 99 0 176696 0 125180
1786783138.740881 2938636 152056 131412 99 0 176696 0 125180
1786783139.793915 2938636 152056 131412 99 0 176696 0 125180
1786783140.740807 2938636 152056 131412 99 0 176696 0 125180
1786783141.797212 2938636 152056 131412 99 0 176696 0 125180
1786783142.795490 2938636 152056 131412 99 0 176696 0 125180
1786783143.793001 2938636 152056 131412 99 0 176696 0 125180
1786783144.740883 2938636 152056 131412 99 0 176696 0 125180
1786783145.794403 2938636 152056 131412 99 0 176696 0 125180
1786783146.794402 2938636 152056 131412 99 0 176696 0 125180
1786783147.795770 2938636 152056 131412 99 0 176696 0 125180
1786783148.794527 2938636 152056 131412 99 0 176696 0 125180
1786783149.793011 2938636 152056 131412 99 0 176696 0 125180
1786783150.794371 2938636 152056 131412 99 0 176696 0 125180
1786783151.794177 2938636 152056 131412 99 0 176696 0 125180
1786783152.795461 2938636 152056 131412 99 0 176696 0 125180
1786783153.794376 2938636 152056 131412 99 0 176696 0 125180
1786783154.740789 2938636 152056 131412 99 0 176696 0 125180
1786783155.740938 2938636 152056 131412 99 0 176696 0 125180
1786783156.797655 2938636 152056 131412 99 0 176696 0 125180
1786783157.794620 2938636 152056 131412 99 0 176696 0 125180
1786783158.797319 2938636 152056 131412 99 0 176696 0 125180
1786783159.795209 2938636 152056 131412 99 0 176696 0 125180
1786783160.793926 2938636 152056 131412 99 0 176696 0 125180
1786783161.794079 2938636 152056 131412 99 0 176696 0 125180
1786783162.795063 2938636 152056 131412 99 0 176696 0 125180
1786783163.794416 2938636 152056 131412 99 0 176696 0 125180
1786783164.740653 2938636 152056 131412 99 0 176696 0 125180
1786783165.792850 2938636 152056 131412 99 0 176696 0 125180
1786783166.793038 2938636 152056 131412 99 0 176696 0 125180
1786783167.795213 2938636 152056 131412 99 0 176696 0 125180
1786783168.794090 2938636 152056 131412 99 0 176696 0 125180
1786783169.792692 2938636 152056 131412 99 0 176696 0 125180
1786783170.792931 2938636 152056 131412 99 0 176696 0 125180
1786783171.794071 2938636 152056 131412 99 0 176696 0 125180
1786783172.792811 2938636 152056 131412 99 0 176696 0 125180
1786783173.793975 2938636 152056 131412 99 0 176696 0 125180
1786783174.793884 2938636 152056 131412 99 0 176696 0 125180
1786783175.795340 2938636 152056 131412 99 0 176696 0 125180
1786783176.797264 2938636 152056 131412 99 0 176696 0 125180
1786783177.792773 2938636 152056 131412 99 0 176696 0 125180
1786783178.792922 2938636 152056 131412 99 0 176696 0 125180
1786783179.796153 2938636 152056 131412 99 0 176696 0 125180
1786783180.794228 2938636 152056 131412 99 0 176696 0 125180
1786783181.740696 2938636 152056 131412 99 0 176696 0 125180
1786783182.794856 2938636 152056 131412 99 0 176696 0 125180
1786783183.793058 2938636 152056 131412 99 0 176696 0 125180
1786783184.794253 2938636 152056 131412 99 0 176696 0 125180
1786783185.794236 2938636 152056 131412 99 0 176696 0 125180
1786783186.792919 2938636 152056 131412 99 0 176696 0 125180
1786783187.740791 2938636 152056 131412 99 0 176696 0 125180
1786783188.796090 2938636 152056 131412 99 0 176696 0 125180
1786783189.793940 2938636 152056 131412 99 0 176696 0 125180
1786783190.793880 2938636 152056 131412 99 0 176696 0 125180
1786783191.740690 2938636 152056 131412 99 0 176696 0 125180
1786783192.794112 2938636 152056 131412 99 0 176696 0 125180
1786783193.793052 2938636 152056 131412 99 0 176696 0 125180
1786783194.794003 2938636 152056 131412 99 0 176696 0 125180
1786783195.792968 2938636 152056 131412 99 0 176696 0 125180
1786783196.792830 2938636 152056 131412 99 0 176696 0 125180
1786783197.794493 2938636 152056 131412 99 0 176696 0 125180
1786783198.793042 2938636 152056 131412 99 0 176696 0 125180
1786783199.794156 2938636 152056 131412 99 0 176696 0 125180
1786783200.793985 2938636 152056 131412 99 0 176696 0 125180
1786783201.795192 2938636 152056 131412 99 0 176696 0 125180
1786783202.797134 2938636 152056 131412 99 0 176696 0 125180
1786783203.794215 2938636 152056 131412 99 0 176696 0 125180
1786783204.792884 2938636 152056 131412 99 0 176696 0 125180
1786783205.794109 2938636 152056 131412 99 0 176696 0 125180
1786783206.794371 2938636 152056 131412 99 0 176696 0 125180
1786783207.794071 2938636 152056 131412 99 0 176696 0 125180
1786783208.740672 2938636 152056 131412 99 0 176696 0 125180
1786783209.793773 2938636 152056 131412 99 0 176696 0 125180
1786783210.797103 2938636 152056 131412 99 0 176696 0 125180
1786783211.793241 2938636 152056 131412 99 0 176696 0 125180
1786783212.794127 2938636 152056 131412 99 0 176696 0 125180
1786783213.793993 2938636 152056 131412 99 0 176696 0 125180
1786783214.740630 2938636 152056 131412 99 0 176696 0 125180
1786783215.795136 2938636 152056 131412 99 0 176696 0 125180
1786783216.793966 2938636 152056 131412 99 0 176696 0 125180
1786783217.740586 2938636 152056 131412 99 0 176696 0 125180
1786783218.740595 2938636 152056 131412 99 0 176696 0 125180
1786783219.740725 2938636 152056 131412 99 0 176696 0 125180
1786783220.796066 2938636 152056 131412 99 0 176696 0 125180
1786783221.793062 2938636 152056 131412 99 0 176696 0 125180
1786783222.795085 2938636 152056 131412 99 0 176696 0 125180
1786783223.793968 2938636 152056 131412 99 0 176696 0 125180
1786783224.793954 2938636 152056 131412 99 0 176696 0 125180
1786783225.795100 2938636 152056 131412 99 0 176696 0 125180
1786783226.792915 2938636 152056 131412 99 0 176696 0 125180
1786783227.793966 2938636 152056 131412 99 0 176696 0 125180
1786783228.793982 2938636 152056 131412 99 0 176696 0 125180
1786783229.740761 2938636 152056 131412 99 0 176696 0 125180
1786783230.794004 2938636 152056 131412 99 0 176696 0 125180
1786783231.740633 2938636 152056 131412 99 0 176696 0 125180
1786783232.792937 2938636 152056 131412 99 0 176696 0 125180
1786783233.793996 2938636 152056 131412 99 0 176696 0 125180
1786783234.792910 2938636 152056 131412 99 0 176696 0 125180
1786783235.792772 2938636 152056 131412 99 0 176696 0 125180
1786783236.793960 2938636 152056 131412 99 0 176696 0 125180
1786783237.793972 2938636 152056 131412 99 0 176696 0 125180
1786783238.795180 2938636 152056 131412 99 0 176696 0 125180
1786783239.794228 2938636 152056 131412 99 0 176696 0 125180
1786783240.795097 2938636 152056 131412 99 0 176696 0 125180
1786783241.794009 2938636 152056 131412 99 0 176696 0 125180
1786783242.797121 2938636 152056 131412 99 0 176696 0 125180
1786783243.740597 2938636 152056 131412 99 0 176696 0 125180
1786783244.792701 2938636 152056 131412 99 0 176696 0 125180
1786783245.795951 2938636 152056 131412 99 0 176696 0 125180
1786783246.740565 2938636 152056 131412 99 0 176696 0 125180
1786783247.796105 2938636 152056 131412 99 0 176696 0 125180
1786783248.797184 2938636 152056 131412 99 0 176696 0 125180
1786783249.796091 2938636 152056 131412 99 0 176696 0 125180
1786783250.792915 2938636 152056 131412 99 0 176696 0 125180
1786783251.794119 2938636 152056 131412 99 0 176696 0 125180
1786783252.793942 2938636 152056 131412 99 0 176696 0 125180
1786783253.795016 2938636 152056 131412 99 0 176696 0 125180
1786783254.793812 2938636 152056 131412 99 0 176696 0 125180
1786783255.793931 2938636 152056 131412 99 0 176696 0 125180
1786783256.794027 2938636 152056 131412 99 0 176696 0 125180
1786783257.796290 2938636 152056 131412 99 0 176696 0 125180
1786783258.740818 2938636 152056 131412 99 0 176696 0 125180
1786783259.792982 2938636 152056 131412 99 0 176696 0 125180
1786783260.740510 2938636 152056 131412 99 0 176696 0 125180
1786783261.794123 2938636 152056 131412 99 0 176696 0 125180
1786783262.793885 2938636 152056 131412 99 0 176696 0 125180
1786783263.740620 2938636 152056 131412 99 0 176696 0 125180
1786783264.796264 2938636 152056 131412 99 0 176696 0 125180
1786783265.793045 2938636 152056 131412 99 0 176696 0 125180
1786783266.794211 2938636 152056 131412 99 0 176696 0 125180
1786783267.740647 2938636 152056 131412 99 0 176696 0 125180
1786783268.792909 2938636 152056 131412 99 0 176696 0 125180
