# start_epoch=1786772362.377170  page_size=4096  cachestat=ok  fields=size,resident,shared,text,lib,data,dt,pagecache
1786772363.381588 70924 45907 2754 1589 0 66943 0 64556
1786772364.382929 70924 46128 2754 1589 0 66943 0 90337
1786772365.385039 70924 34129 2754 1589 0 66943 0 125509
1786772366.387764 71820 38952 2818 1589 0 67839 0 169090
1786772367.390409 71820 32276 2818 1589 0 67839 0 204428
1786772368.392695 72844 41612 2818 1589 0 68863 0 239796
1786772369.394859 72844 38021 2818 1589 0 68863 0 274653
1786772370.397379 72844 39471 2818 1589 0 68863 0 310020
1786772371.399238 74124 40253 2818 1589 0 70143 0 345389
1786772372.401538 74124 43181 2818 1589 0 70143 0 380757
1786772373.403829 74124 44095 2818 1589 0 70143 0 416126
1786772374.406322 74124 45755 2818 1589 0 70143 0 451237
1786772375.399784 80397 34532 2834 1589 0 76415 0 454565
1786772376.399833 81165 34977 2834 1589 0 77183 0 454565
1786772377.399500 81165 35339 2834 1589 0 77183 0 454566
1786772378.399824 81165 35339 2834 1589 0 77183 0 454567
1786772379.399959 81165 35310 2834 1589 0 77183 0 454567
1786772380.399950 81165 35310 2834 1589 0 77183 0 454568
1786772381.400023 82061 35305 2834 1589 0 78079 0 454569
1786772382.403105 82061 35305 2834 1589 0 78079 0 454569
1786772383.400102 82061 35305 2834 1589 0 78079 0 454570
1786772384.399522 84365 36796 2834 1589 0 80383 0 448322
1786772385.399526 84365 36537 2834 1589 0 80383 0 448322
1786772386.399360 84365 37157 2834 1589 0 80383 0 448323
1786772387.399475 84365 36897 2834 1589 0 80383 0 448324
1786772388.399451 84365 36545 2834 1589 0 80383 0 448324
1786772389.399637 84365 36903 2834 1589 0 80383 0 448325
1786772390.399418 84365 36966 2834 1589 0 80383 0 448325
1786772391.399229 84365 36966 2834 1589 0 80383 0 448326
1786772392.398769 85901 34821 2834 1589 0 81919 0 442103
1786772393.397905 91022 45942 2850 1589 0 87039 0 423465
1786772394.397903 201102 144788 2850 1589 0 197119 0 423465
1786772395.397890 307598 246164 2850 1589 0 303615 0 423465
1786772396.397862 417166 343956 2850 1589 0 413183 0 423465
1786772397.398090 486286 443284 2850 1589 0 482303 0 423465
1786772398.398088 670606 540052 2850 1589 0 666623 0 423465
1786772399.397965 670606 635796 2850 1589 0 666623 0 423465
1786772400.397934 792462 736148 2850 1589 0 788479 0 423465
1786772401.397890 929678 834452 2850 1589 0 925695 0 423465
1786772402.397895 933775 848769 2850 1589 0 929791 0 423465
1786772403.397855 933775 848769 2850 1589 0 929791 0 423465
1786772404.397927 933775 848769 2850 1589 0 929791 0 423465
1786772405.397917 933775 848769 2850 1589 0 929791 0 423465
1786772406.397919 933775 848769 2850 1589 0 929791 0 423465
1786772407.397919 937872 849255 2850 1589 0 933887 0 423465
1786772408.397954 937872 849255 2850 1589 0 933887 0 423465
1786772409.397916 937872 849255 2850 1589 0 933887 0 423465
1786772410.397868 937872 849255 2850 1589 0 933887 0 423465
1786772411.397846 937872 849255 2850 1589 0 933887 0 423465
1786772412.397919 941969 849255 2850 1589 0 937983 0 423465
1786772413.397886 941969 849255 2850 1589 0 937983 0 423465
1786772414.397912 941969 849255 2850 1589 0 937983 0 423465
1786772415.397857 941969 849255 2850 1589 0 937983 0 423465
1786772416.397997 941969 849255 2850 1589 0 937983 0 423465
1786772417.397862 941969 849255 2850 1589 0 937983 0 423465
1786772418.397912 941969 849255 2850 1589 0 937983 0 423465
1786772419.397805 941969 849255 2850 1589 0 937983 0 423465
1786772420.397983 941969 849255 2850 1589 0 937983 0 423465
1786772421.397984 941969 849255 2850 1589 0 937983 0 423465
1786772422.398119 941969 849255 2850 1589 0 937983 0 423465
1786772423.397879 941969 849255 2850 1589 0 937983 0 423465
1786772424.397882 941969 849255 2850 1589 0 937983 0 423465
1786772425.397934 941969 849255 2850 1589 0 937983 0 423465
1786772426.397966 941969 849255 2850 1589 0 937983 0 423465
1786772427.397949 941969 849255 2850 1589 0 937983 0 423465
1786772428.398033 941969 849255 2850 1589 0 937983 0 423465
1786772429.397968 941969 849255 2850 1589 0 937983 0 423465
1786772430.397875 941969 849255 2850 1589 0 937983 0 423465
1786772431.398077 941969 849255 2850 1589 0 937983 0 423465
1786772432.397869 941969 849255 2850 1589 0 937983 0 423465
1786772433.397884 941969 849255 2850 1589 0 937983 0 423465
1786772434.397861 941969 849255 2850 1589 0 937983 0 423465
1786772435.397875 941969 849255 2850 1589 0 937983 0 423465
1786772436.397868 941969 849255 2850 1589 0 937983 0 423465
1786772437.397906 941969 849255 2850 1589 0 937983 0 423465
1786772438.397926 941969 849255 2850 1589 0 937983 0 423465
1786772439.398007 941969 849255 2850 1589 0 937983 0 423465
1786772440.397891 941969 849255 2850 1589 0 937983 0 423465
1786772441.397858 941969 849255 2850 1589 0 937983 0 423465
1786772442.397864 941969 849255 2850 1589 0 937983 0 423465
1786772443.397984 941969 849255 2850 1589 0 937983 0 423465
1786772444.397848 941969 849255 2850 1589 0 937983 0 423465
1786772445.397873 941969 849255 2850 1589 0 937983 0 423465
1786772446.397894 941969 849255 2850 1589 0 937983 0 423465
1786772447.397826 941969 849255 2850 1589 0 937983 0 423465
1786772448.397849 941969 849255 2850 1589 0 937983 0 423465
1786772449.397916 941969 849255 2850 1589 0 937983 0 423465
1786772450.397876 941969 849255 2850 1589 0 937983 0 423465
1786772451.397917 941969 849255 2850 1589 0 937983 0 423465
1786772452.397967 941969 849255 2850 1589 0 937983 0 423465
1786772453.397835 941969 849255 2850 1589 0 937983 0 423465
1786772454.397867 941969 849255 2850 1589 0 937983 0 423465
1786772455.397839 941969 849255 2850 1589 0 937983 0 423465
1786772456.397855 941969 849255 2850 1589 0 937983 0 423465
1786772457.398137 941969 849255 2850 1589 0 937983 0 423465
1786772458.397834 941969 849255 2850 1589 0 937983 0 423465
1786772459.397864 941969 849255 2850 1589 0 937983 0 423465
1786772460.397860 941969 849255 2850 1589 0 937983 0 423465
1786772461.397895 941969 849255 2850 1589 0 937983 0 423465
1786772462.397864 941969 849255 2850 1589 0 937983 0 423465
1786772463.397843 941969 849255 2850 1589 0 937983 0 423465
1786772464.397826 941969 849255 2850 1589 0 937983 0 423465
1786772465.397836 941969 849255 2850 1589 0 937983 0 423465
1786772466.397788 941969 849255 2850 1589 0 937983 0 423465
1786772467.397817 941969 849255 2850 1589 0 937983 0 423465
1786772468.397641 941969 849255 2850 1589 0 937983 0 423465
1786772469.397790 941969 849361 2850 1589 0 937983 0 423465
1786772470.397957 941969 849361 2850 1589 0 937983 0 423465
1786772471.397808 941969 849361 2850 1589 0 937983 0 423465
1786772472.397875 941969 849361 2850 1589 0 937983 0 423465
1786772473.397884 941969 849361 2850 1589 0 937983 0 423465
1786772474.397784 941969 849361 2850 1589 0 937983 0 423465
1786772475.397985 941969 849361 2850 1589 0 937983 0 423465
1786772476.397816 941969 849361 2850 1589 0 937983 0 423465
1786772477.397904 941969 849361 2850 1589 0 937983 0 423465
1786772478.397876 941969 849361 2850 1589 0 937983 0 423465
1786772479.397796 941969 850011 2850 1589 0 937983 0 423465
1786772480.397746 941969 850011 2850 1589 0 937983 0 423465
1786772481.397837 941969 850011 2850 1589 0 937983 0 423465
1786772482.397838 941969 850011 2850 1589 0 937983 0 423465
1786772483.398015 941969 850011 2850 1589 0 937983 0 423465
1786772484.397852 941969 850011 2850 1589 0 937983 0 423465
1786772485.397833 941969 850011 2850 1589 0 937983 0 423465
1786772486.398199 941969 850011 2850 1589 0 937983 0 423465
1786772487.397873 941969 850011 2850 1589 0 937983 0 423465
1786772488.397799 941969 850011 2850 1589 0 937983 0 423465
1786772489.398035 941969 850011 2850 1589 0 937983 0 423465
1786772490.397842 941969 850011 2850 1589 0 937983 0 423465
1786772491.397825 941969 850011 2850 1589 0 937983 0 423465
1786772492.398777 941969 850011 2850 1589 0 937983 0 423465
1786772493.397836 941969 850011 2850 1589 0 937983 0 423465
1786772494.397838 941969 850011 2850 1589 0 937983 0 423465
1786772495.397837 941969 850011 2850 1589 0 937983 0 423465
1786772496.397867 941969 850011 2850 1589 0 937983 0 423465
1786772497.397861 941969 850011 2850 1589 0 937983 0 423465
1786772498.398161 941969 850011 2850 1589 0 937983 0 423465
1786772499.397804 941969 850011 2850 1589 0 937983 0 423465
1786772500.397837 941969 850011 2850 1589 0 937983 0 423465
1786772501.398015 941969 850011 2850 1589 0 937983 0 423465
1786772502.397866 941969 850011 2850 1589 0 937983 0 423465
1786772503.397852 941969 850011 2850 1589 0 937983 0 423465
1786772504.397886 941969 850011 2850 1589 0 937983 0 423465
1786772505.397923 941969 850011 2850 1589 0 937983 0 423465
1786772506.397824 941969 850011 2850 1589 0 937983 0 423465
1786772507.397984 941969 850011 2850 1589 0 937983 0 423465
1786772508.397806 941969 850011 2850 1589 0 937983 0 423465
1786772509.397793 941969 850011 2850 1589 0 937983 0 423465
1786772510.397920 941969 850011 2850 1589 0 937983 0 423465
1786772511.397848 941969 850011 2850 1589 0 937983 0 423465
1786772512.397868 941969 850011 2850 1589 0 937983 0 423465
1786772513.397843 941969 850011 2850 1589 0 937983 0 423465
1786772514.397871 941969 850011 2850 1589 0 937983 0 423465
1786772515.397838 941969 850011 2850 1589 0 937983 0 423465
1786772516.397833 941969 850011 2850 1589 0 937983 0 423465
1786772517.397872 941969 850011 2850 1589 0 937983 0 423465
1786772518.397805 941969 850011 2850 1589 0 937983 0 423465
1786772519.397897 941969 850011 2850 1589 0 937983 0 423465
1786772520.397799 941969 850011 2850 1589 0 937983 0 423465
1786772521.397841 941969 850011 2850 1589 0 937983 0 423465
1786772522.397840 941969 850011 2850 1589 0 937983 0 423465
1786772523.397862 941969 850011 2850 1589 0 937983 0 423465
1786772524.397953 941969 850011 2850 1589 0 937983 0 423465
1786772525.397857 941969 850011 2850 1589 0 937983 0 423465
1786772526.397835 941969 850011 2850 1589 0 937983 0 423465
1786772527.397847 941969 850011 2850 1589 0 937983 0 423465
1786772528.397856 941969 850011 2850 1589 0 937983 0 423465
1786772529.397885 941969 850011 2850 1589 0 937983 0 423465
1786772530.398001 941969 850011 2850 1589 0 937983 0 423465
1786772531.397835 941969 850011 2850 1589 0 937983 0 423465
1786772532.397906 941969 850011 2850 1589 0 937983 0 423465
1786772533.397938 941969 850011 2850 1589 0 937983 0 423465
1786772534.397862 941969 850011 2850 1589 0 937983 0 423465
1786772535.397865 941969 850011 2850 1589 0 937983 0 423465
1786772536.397978 941969 850011 2850 1589 0 937983 0 423465
1786772537.397843 941969 850011 2850 1589 0 937983 0 423465
1786772538.397845 941969 850011 2850 1589 0 937983 0 423465
1786772539.397832 941969 850011 2850 1589 0 937983 0 423465
1786772540.397950 941969 850011 2850 1589 0 937983 0 423465
1786772541.397825 941969 850011 2850 1589 0 937983 0 423465
1786772542.397874 941969 850011 2850 1589 0 937983 0 423465
1786772543.397845 941969 850011 2850 1589 0 937983 0 423465
1786772544.397843 941969 850011 2850 1589 0 937983 0 423465
1786772545.397839 941969 850011 2850 1589 0 937983 0 423465
1786772546.397903 941969 850011 2850 1589 0 937983 0 423465
1786772547.397823 941969 850011 2850 1589 0 937983 0 423465
1786772548.397842 941969 850011 2850 1589 0 937983 0 423465
1786772549.397825 941969 850011 2850 1589 0 937983 0 423465
1786772550.397830 941969 850011 2850 1589 0 937983 0 423465
1786772551.397843 941969 850011 2850 1589 0 937983 0 423465
1786772552.397957 941969 850011 2850 1589 0 937983 0 423465
1786772553.397898 941969 850011 2850 1589 0 937983 0 423465
1786772554.397996 941969 850011 2850 1589 0 937983 0 423465
1786772555.397862 941969 850011 2850 1589 0 937983 0 423465
1786772556.397878 941969 850011 2850 1589 0 937983 0 423465
1786772557.397865 941969 850011 2850 1589 0 937983 0 423465
1786772558.397857 941969 850011 2850 1589 0 937983 0 423465
1786772559.397815 941969 850011 2850 1589 0 937983 0 423465
1786772560.397997 941969 850011 2850 1589 0 937983 0 423465
1786772561.397804 941969 850011 2850 1589 0 937983 0 423465
1786772562.397847 941969 850011 2850 1589 0 937983 0 423465
1786772563.397845 941969 850011 2850 1589 0 937983 0 423465
1786772564.397859 941969 850011 2850 1589 0 937983 0 423465
1786772565.397854 941969 850011 2850 1589 0 937983 0 423465
1786772566.397852 941969 850011 2850 1589 0 937983 0 423465
1786772567.397866 941969 850011 2850 1589 0 937983 0 423465
1786772568.397831 941969 850011 2850 1589 0 937983 0 423465
1786772569.397824 941969 850011 2850 1589 0 937983 0 423465
1786772570.397821 941969 850011 2850 1589 0 937983 0 423465
1786772571.397811 941969 850011 2850 1589 0 937983 0 423465
1786772572.397806 941969 850011 2850 1589 0 937983 0 423465
1786772573.398020 941969 850011 2850 1589 0 937983 0 423465
1786772574.397810 941969 850011 2850 1589 0 937983 0 423465
1786772575.397881 941969 850011 2850 1589 0 937983 0 423465
1786772576.397813 941969 850011 2850 1589 0 937983 0 423465
1786772577.397848 941969 850011 2850 1589 0 937983 0 423465
