# start_epoch=1786794742.655333  page_size=4096  cachestat=ok  fields=size,resident,shared,text,lib,data,dt,pagecache
1786794743.655560 172397 27187 7773 99 0 158392 0 1
1786794744.655518 172397 27187 7773 99 0 158392 0 1
1786794745.658100 2818281 52159 32269 99 0 162488 0 40825
1786794746.658232 2838595 54174 32703 99 0 174264 0 44300
1786794747.660281 2884678 94221 72052 99 0 175160 0 78720
1786794748.660699 2886277 86970 64031 99 0 176696 0 85250
1786794749.660923 2895563 87637 64783 99 0 177336 0 89417
1786794750.659812 2905046 88031 64292 99 0 178232 0 93315
1786794751.661527 2943529 125577 102325 99 0 178232 0 129112
1786794752.663285 2931902 105460 82191 99 0 178232 0 132118
1786794753.664259 3988371 98596 76020 99 0 178232 0 135163
1786794754.663823 2930936 91621 69045 99 0 178232 0 136494
1786794755.663993 2939587 90193 67617 99 0 178232 0 139662
1786794756.664032 2948208 88616 66040 99 0 178232 0 141837
1786794757.750236 2956795 87801 65225 99 0 178232 0 146956
1786794758.663951 2995307 119159 97325 99 0 178232 0 180888
1786794759.664126 2983724 104196 82362 99 0 178232 0 188023
1786794760.664271 2992373 105086 82123 99 0 178232 0 188100
1786794761.748784 2982726 93491 70528 99 0 178232 0 193227
1786794762.666962 2991328 92116 69152 99 0 178232 0 196583
1786794763.666977 2999941 89649 67683 99 0 178232 0 199582
1786794764.667169 3008569 89301 66451 99 0 178232 0 203468
1786794765.755002 3017220 87959 65107 99 0 178232 0 207112
1786794766.666474 3044111 114275 91413 99 0 178232 0 237593
1786794767.666884 3044125 105352 82488 99 0 178232 0 243840
1786794768.667075 3052771 104107 81921 99 0 178232 0 247188
1786794769.749270 3043113 93100 70211 99 0 178232 0 252375
1786794770.749953 3051673 91467 68578 99 0 178232 0 255059
1786794771.751032 3060304 90008 67322 99 0 178232 0 258229
1786794772.751367 3068903 88496 65810 99 0 178232 0 261175
1786794773.749729 3087160 105864 83178 99 0 178232 0 256922
1786794774.671246 3095760 105490 82804 99 0 178232 0 300267
1786794775.752224 3086105 93431 70742 99 0 178232 0 297971
1786794776.753761 3094726 92229 69540 99 0 178232 0 301302
1786794777.755437 3103362 89051 67480 99 0 178232 0 302318
1786794778.749841 3111986 87154 65599 99 0 178232 0 302599
1786794779.671118 3138907 113259 91703 99 0 178232 0 336124
1786794780.750044 3138936 104123 82566 99 0 178232 0 338437
1786794781.756090 3129281 92685 71128 99 0 178232 0 341689
1786794782.756416 3137866 90522 68965 99 0 178232 0 342429
1786794783.757419 3146465 88804 67238 99 0 178232 0 344011
1786794784.750556 3155064 87063 65496 99 0 178232 0 344835
1786794785.748817 3181965 107355 85788 99 0 178232 0 377177
1786794786.754376 3182013 104164 82597 99 0 178232 0 378158
1786794787.758303 3172363 91729 70921 99 0 178232 0 384910
1786794788.759773 3180999 90473 68967 99 0 178232 0 386395
1786794789.760867 3189635 88763 67381 99 0 178232 0 387802
1786794790.765535 3199275 88436 66008 99 0 179256 0 390896
1786794791.675009 3226208 113519 91095 99 0 179256 0 422544
1786794792.751111 3226207 105278 82853 99 0 179256 0 421212
1786794793.764254 3216552 92510 71534 99 0 179256 0 410257
1786794794.762766 3225171 91009 69996 99 0 179256 0 431779
1786794795.761617 3233755 89846 68137 99 0 179256 0 433404
1786794796.760767 3242357 88180 66469 99 0 179256 0 435246
1786794797.754962 3280812 122431 100720 99 0 179256 0 447708
1786794798.754145 3269218 104899 83177 99 0 179256 0 472653
1786794799.756435 3277842 103468 82629 99 0 179256 0 473037
1786794800.764644 3268192 91634 70363 99 0 179256 0 476764
1786794801.762899 3276823 89701 68163 99 0 179256 0 476636
1786794802.762975 3285464 88171 66613 99 0 179256 0 478861
1786794803.858943 3294069 86928 65332 99 0 179256 0 483852
1786794804.756724 3312340 104778 83181 99 0 179256 0 507984
1786794805.760492 3320922 104318 82691 99 0 179256 0 516922
1786794806.850976 3311267 92462 70880 99 0 179256 0 521282
1786794807.764894 3319903 90502 68900 99 0 179256 0 522321
1786794808.851570 3328522 87151 66627 99 0 179256 0 523275
1786794809.758232 3367034 118314 97789 99 0 179256 0 533569
1786794810.757860 3355485 104768 83178 99 0 179256 0 550892
1786794811.854692 3345830 93395 71792 99 0 179256 0 539237
1786794812.853879 3354464 91587 69920 99 0 179256 0 560291
1786794813.851508 3363080 89176 67964 99 0 179256 0 560674
1786794814.857344 3371729 87545 66333 99 0 179256 0 562847
1786794815.764417 3390015 104808 83595 99 0 179256 0 586374
1786794816.761187 3398631 104179 82965 99 0 179256 0 593445
1786794817.855666 3388979 91647 70432 99 0 179256 0 597186
1786794818.854461 3397607 88687 68641 99 0 179256 0 597962
1786794819.852765 3406253 86781 66726 99 0 179256 0 598602
1786794820.761719 3433144 113879 92564 99 0 179256 0 630158
1786794821.762142 3433129 104796 83479 99 0 179256 0 629016
1786794822.854775 3423474 93657 72029 99 0 179256 0 617519
1786794823.855865 3432102 91821 70190 99 0 179256 0 638530
1786794824.856799 3440751 88725 68286 99 0 179256 0 639288
1786794825.861924 3449402 86911 66555 99 0 179256 0 641505
1786794826.763451 3467659 105508 83912 99 0 179256 0 667318
1786794827.761334 3476231 105073 83475 99 0 179256 0 672608
1786794828.859300 3466573 92806 71203 99 0 179256 0 675939
1786794829.855596 3475201 90398 68795 99 0 179256 0 675399
1786794830.857006 3483852 88475 66870 99 0 179256 0 676410
1786794831.766293 3510736 109007 87880 99 0 179256 0 707468
1786794832.762766 3510750 104755 83622 99 0 179256 0 706494
1786794833.860154 3501095 93218 71613 99 0 179256 0 712167
1786794834.859022 3509708 90154 68546 99 0 179256 0 709883
1786794835.863075 3518351 88305 66714 99 0 179256 0 711518
1786794836.764052 3545232 106581 84475 99 0 179256 0 741598
1786794837.851312 3545261 105787 83677 99 0 179256 0 742298
1786794838.862178 3535609 93298 71185 99 0 179256 0 745148
1786794839.861122 3544193 91102 68989 99 0 179256 0 745014
1786794840.949558 3552809 89104 66989 99 0 179256 0 745905
1786794841.852366 3571110 106247 84129 99 0 179256 0 776377
1786794842.850785 3579759 105974 83853 99 0 179256 0 776647
1786794843.948459 3570112 92058 70968 99 0 179256 0 779324
1786794844.865371 3578772 89999 68566 99 0 179256 0 778513
1786794845.863807 3587412 89093 66650 99 0 179256 0 777489
1786794846.853902 3605768 106423 83979 99 0 179256 0 809216
1786794847.952899 3596110 93971 71522 99 0 179256 0 808087
1786794848.865515 3604761 89914 68889 99 0 179256 0 805238
1786794849.856262 3613382 88094 66980 99 0 179256 0 803571
1786794850.849486 3631679 106568 84202 99 0 179256 0 835275
1786794851.863810 3621966 94916 72547 99 0 179256 0 816639
1786794852.949980 3630579 90951 70054 99 0 179256 0 834994
1786794853.950351 3639166 88517 67617 99 0 179256 0 834424
1786794854.848830 3657522 106401 84631 99 0 179256 0 854349
1786794855.863377 4724562 111324 89550 99 0 179256 0 862533
1786794856.957112 3656425 92377 70601 99 0 179256 0 863727
1786794857.955788 3665102 89941 68145 99 0 179256 0 862580
1786794858.858528 3692058 115459 93642 99 0 179256 0 871046
1786794859.858127 3692057 104952 84511 99 0 179256 0 888560
1786794860.953264 3682352 93701 72608 99 0 179256 0 885654
1786794861.955087 3690971 90607 68806 99 0 179256 0 890543
1786794862.954072 3729424 122625 100804 99 0 179256 0 888409
1786794863.864906 3717919 104704 84137 99 0 179256 0 914790
1786794864.956624 3709230 93121 71236 99 0 180280 0 916341
1786794865.959034 3717879 91413 68618 99 0 180280 0 916268
1786794866.950796 3744828 116808 93992 99 0 180280 0 905946
1786794867.862055 3744827 107450 84628 99 0 180280 0 940513
1786794868.955023 3735117 93224 71769 99 0 180280 0 943781
1786794869.959225 3743730 90434 68804 99 0 180280 0 941869
1786794870.959179 3782283 122171 99324 99 0 180280 0 940260
1786794871.856309 3770717 107330 84492 99 0 180280 0 965494
1786794872.955891 3761012 95615 72772 99 0 180280 0 953557
1786794873.959961 3769631 92466 69619 99 0 180280 0 969964
1786794874.953306 3787928 108450 85603 99 0 180280 0 957523
1786794875.865794 3796541 107273 84422 99 0 180280 0 991600
1786794876.964007 3786831 94945 72098 99 0 180280 0 997190
1786794877.958035 3795480 92310 69488 99 0 180280 0 995633
1786794879.053786 3804119 90268 67445 99 0 180280 0 997063
1786794879.863289 3822431 107654 84823 99 0 180280 0 1026133
1786794880.958205 3812724 93629 72721 99 0 180280 0 1004981
1786794881.964565 3821337 90550 69466 99 0 180280 0 1023335
1786794882.957537 3848324 105797 83749 99 0 180280 0 1018256
1786794883.949723 3848324 106847 84871 99 0 180280 0 1043995
1786794885.052309 3838619 93982 71992 99 0 180280 0 1040401
1786794886.050316 3847238 91502 69503 99 0 180280 0 1047885
1786794886.956720 3874179 116346 94337 99 0 180280 0 1043768
1786794887.955074 3874134 106662 84649 99 0 180280 0 1070746
1786794889.049494 3864424 93197 71168 99 0 180280 0 1071946
1786794890.052202 3872969 91214 68489 99 0 180280 0 1069416
1786794890.949940 3891295 108872 85447 99 0 180280 0 1097026
1786794891.961204 4958320 111115 87681 99 0 180280 0 1095623
1786794893.053615 3890185 94494 71051 99 0 180280 0 1097521
1786794893.952595 3898832 89540 68022 99 0 180280 0 1089835
1786794894.862433 3917188 107972 85257 99 0 180280 0 1113344
1786794896.048357 3907481 94297 72322 99 0 180280 0 1098649
1786794897.053054 3916105 90637 69028 99 0 180280 0 1115344
1786794897.955808 3943048 116319 93632 99 0 180280 0 1121929
1786794898.953259 5001478 114665 91975 99 0 180280 0 1138415
1786794900.053629 3933335 93431 70730 99 0 180280 0 1137706
1786794900.959610 3951691 109176 86466 99 0 180280 0 1122204
1786794901.954647 3960340 106856 84848 99 0 180280 0 1155367
1786794903.053047 3950635 92051 71479 99 0 180280 0 1158582
1786794903.956183 3959237 89133 68479 99 0 180280 0 1151395
1786794904.950881 3977534 106982 85069 99 0 180280 0 1179867
1786794906.058088 3967821 94298 72353 99 0 180280 0 1159935
1786794907.054276 3976420 91548 69583 99 0 180280 0 1175978
1786794907.961500 4003384 116294 94327 99 0 180280 0 1172542
1786794908.952914 4003412 107457 84785 99 0 180280 0 1198118
1786794910.055798 3993710 94150 72542 99 0 180280 0 1204671
1786794911.055740 4002331 91865 69556 99 0 180280 0 1201845
1786794912.052811 4029301 116542 94233 99 0 180280 0 1198326
1786794913.050838 5077181 103671 81359 99 0 180280 0 1218175
1786794914.056491 4019590 93926 71612 99 0 180280 0 1227510
1786794914.961359 4028224 90793 68485 99 0 180280 0 1220076
1786794915.864988 4046550 107878 85565 99 0 180280 0 1242559
1786794917.055568 4036843 95489 73172 99 0 180280 0 1229089
1786794917.958745 4045427 91724 69401 99 0 180280 0 1240375
1786794918.958353 4063753 108062 85737 99 0 180280 0 1260598
1786794920.053506 4054043 95299 73367 99 0 180280 0 1247561
1786794920.968424 4062692 92738 70097 99 0 180280 0 1251816
1786794921.856341 4065706 81745 58976 99 0 182328 0 1254540
1786794922.856183 4050350 54349 30047 99 0 182328 0 1235086
1786794923.752274 4040637 36118 11777 99 0 182328 0 1221282
1786794924.751180 4040637 36118 11777 99 0 182328 0 1221282
1786794925.752351 4040637 36118 11777 99 0 182328 0 1221282
1786794926.752448 4040637 36118 11777 99 0 182328 0 1221282
1786794927.752092 4040637 36118 11777 99 0 182328 0 1221282
1786794928.751608 4040637 36118 11777 99 0 182328 0 1221282
1786794929.751330 4040637 36118 11777 99 0 182328 0 1221282
1786794930.751340 4040637 36118 11777 99 0 182328 0 1221282
1786794931.752496 4040637 36118 11777 99 0 182328 0 1221282
1786794932.752235 4040637 36118 11777 99 0 182328 0 1221282
1786794933.751388 4040637 36118 11777 99 0 182328 0 1221282
1786794934.752532 4040637 36118 11777 99 0 182328 0 1221282
1786794935.751476 4040637 36118 11777 99 0 182328 0 1221282
1786794936.752277 4040637 36118 11777 99 0 182328 0 1221282
1786794937.751080 4040637 36118 11777 99 0 182328 0 1221282
1786794938.858232 4178542 35291 11413 99 0 182328 0 1359187
1786794939.752384 4040615 34901 11002 99 0 182328 0 1221264
1786794940.750800 4040615 34901 11002 99 0 182328 0 1221264
1786794941.750874 4040615 34901 11002 99 0 182328 0 1221264
1786794942.750852 4040615 34901 11002 99 0 182328 0 1221264
1786794943.751061 4040615 34901 11002 99 0 182328 0 1221264
1786794944.751168 4040615 34901 11002 99 0 182328 0 1221264
1786794945.751079 4040615 34901 11002 99 0 182328 0 1221264
1786794946.752210 4040615 34901 11002 99 0 182328 0 1221265
1786794947.750996 4040615 34901 11002 99 0 182328 0 1221265
1786794948.751187 4040615 34901 11002 99 0 182328 0 1221265
1786794949.751168 4040615 34901 11002 99 0 182328 0 1221265
1786794950.750822 4040615 34901 11002 99 0 182328 0 1221265
1786794951.752045 4040615 34901 11002 99 0 182328 0 1221265
1786794952.751030 4040615 34901 11002 99 0 182328 0 1221265
1786794953.752857 4040615 34901 11002 99 0 182328 0 1221265
1786794954.750518 4040593 33028 10228 99 0 182328 0 1221247
1786794955.753380 4040593 33028 10228 99 0 182328 0 1221247
1786794956.751538 4040593 33028 10228 99 0 182328 0 1221247
1786794957.751692 4040593 33028 10228 99 0 182328 0 1221247
1786794958.751694 4040593 33028 10228 99 0 182328 0 1221247
1786794959.751714 4040593 33028 10228 99 0 182328 0 1221247
1786794960.750835 4040593 33028 10228 99 0 182328 0 1221247
1786794961.751633 4040593 33028 10228 99 0 182328 0 1221247
1786794962.752422 4040593 33028 10228 99 0 182328 0 1221247
1786794963.750695 4040593 33028 10228 99 0 182328 0 1221247
1786794964.750733 4040593 33028 10228 99 0 182328 0 1221247
1786794965.750745 4040593 33028 10228 99 0 182328 0 1221247
1786794966.750471 4040593 33028 10228 99 0 182328 0 1221247
1786794967.862883 4135380 31949 9840 99 0 182328 0 1247095
1786794968.753981 4040571 31703 9558 99 0 182328 0 1221231
1786794969.751439 4040571 31703 9558 99 0 182328 0 1221231
1786794970.773083 4040571 31703 9558 99 0 182328 0 1221231
1786794971.751699 4040571 31703 9558 99 0 182328 0 1221231
1786794972.754509 4040571 31703 9558 99 0 182328 0 1221231
1786794973.751290 4040571 31703 9558 99 0 182328 0 1221231
1786794974.750839 4040571 31703 9558 99 0 182328 0 1221231
1786794975.772906 4040571 31703 9558 99 0 182328 0 1221231
1786794976.756928 4040571 31703 9558 99 0 182328 0 1221231
1786794977.768981 4040571 31703 9558 99 0 182328 0 1221231
1786794978.750620 4040571 31703 9558 99 0 182328 0 1221231
1786794979.750517 4040571 31703 9558 99 0 182328 0 1221231
1786794980.750469 4040571 31703 9558 99 0 182328 0 1221231
1786794981.755330 4040571 31703 9558 99 0 182328 0 1221231
1786794982.768050 4040571 31703 9558 99 0 182328 0 1221231
1786794983.750554 4040571 31703 9558 99 0 182328 0 1221231
1786794984.787237 4040571 31703 9558 99 0 182328 0 1221231
1786794985.751755 4040571 31703 9558 99 0 182328 0 1221231
1786794986.750611 4040571 31703 9558 99 0 182328 0 1221231
1786794987.754121 4040571 31703 9558 99 0 182328 0 1221231
1786794988.750669 4040571 31703 9558 99 0 182328 0 1221231
1786794989.772293 4040571 31703 9558 99 0 182328 0 1221231
1786794990.751700 4040571 31703 9558 99 0 182328 0 1221231
1786794991.751847 4040571 31703 9558 99 0 182328 0 1221231
1786794992.750267 4040571 31703 9558 99 0 182328 0 1221231
1786794993.750475 4040571 31703 9558 99 0 182328 0 1221231
1786794994.769663 4040571 31703 9558 99 0 182328 0 1221231
1786794995.751717 4040571 31703 9558 99 0 182328 0 1221231
1786794996.750555 4040571 31703 9558 99 0 182328 0 1221231
1786794997.750350 4040571 31703 9558 99 0 182328 0 1221231
1786794998.750342 4040571 31703 9558 99 0 182328 0 1221231
1786794999.695425 3725036 36900 16200 99 0 182328 0 905699
1786795000.699302 3725036 36900 16200 99 0 182328 0 905699
1786795001.695298 3725036 36900 16200 99 0 182328 0 905699
1786795002.695386 3725036 36900 16200 99 0 182328 0 905699
1786795003.750384 3725036 36900 16200 99 0 182328 0 905699
1786795004.698659 3725036 36900 16200 99 0 182328 0 905699
1786795005.750729 3725036 36900 16200 99 0 182328 0 905699
1786795006.698770 3725036 36900 16200 99 0 182328 0 905699
1786795007.695607 3725036 36900 16200 99 0 182328 0 905699
1786795008.695629 3725036 36900 16200 99 0 182328 0 905699
1786795009.698625 3725036 36900 16200 99 0 182328 0 905699
1786795010.750254 3725036 36900 16200 99 0 182328 0 905699
1786795011.695294 3725036 36900 16200 99 0 182328 0 905699
1786795012.749906 3725036 36900 16200 99 0 182328 0 905699
1786795013.695154 3725036 36900 16200 99 0 182328 0 905699
1786795014.702289 3725036 36900 16200 99 0 182328 0 905699
1786795015.696232 3725036 36900 16200 99 0 182328 0 905699
1786795016.695317 3725036 36900 16200 99 0 182328 0 905699
1786795017.750981 3725036 36900 16200 99 0 182328 0 905699
1786795018.695386 3725036 36900 16200 99 0 182328 0 905699
1786795019.698397 3725036 36900 16200 99 0 182328 0 905699
1786795020.695178 3725036 36900 16200 99 0 182328 0 905699
1786795021.695564 3725036 36900 16200 99 0 182328 0 905699
1786795022.751583 3725036 36900 16200 99 0 182328 0 905699
1786795023.695442 3725036 36900 16200 99 0 182328 0 905699
1786795024.750035 3725036 36900 16200 99 0 182328 0 905699
1786795025.695759 3725036 36900 16200 99 0 182328 0 905699
1786795026.695104 3725036 36900 16200 99 0 182328 0 905699
1786795027.751380 3725036 36900 16200 99 0 182328 0 905699
1786795028.756410 3475794 43407 22903 99 0 182328 0 656458
1786795029.682164 3409403 43331 22827 99 0 182328 0 590068
1786795030.681691 3409403 43331 22827 99 0 182328 0 590068
1786795031.695076 3409403 43331 22827 99 0 182328 0 590068
1786795032.681562 3409403 43331 22827 99 0 182328 0 590068
1786795033.681535 3409403 43331 22827 99 0 182328 0 590068
1786795034.681720 3409403 43331 22827 99 0 182328 0 590068
1786795035.681640 3409403 43331 22827 99 0 182328 0 590068
1786795036.690030 3409403 43331 22827 99 0 182328 0 590069
1786795037.681473 3409403 43331 22827 99 0 182328 0 590069
1786795038.697170 3409403 43331 22827 99 0 182328 0 590069
1786795039.681638 3409403 43331 22827 99 0 182328 0 590069
1786795040.681636 3409403 43331 22827 99 0 182328 0 590069
1786795041.681766 3409403 43331 22827 99 0 182328 0 590069
1786795042.681657 3409403 43331 22827 99 0 182328 0 590069
1786795043.697175 3409403 43331 22827 99 0 182328 0 590069
1786795044.681585 3409403 43331 22827 99 0 182328 0 590069
1786795045.683223 3409403 43331 22827 99 0 182328 0 590069
1786795046.681651 3409403 43331 22827 99 0 182328 0 590069
1786795047.681707 3409403 43331 22827 99 0 182328 0 590069
1786795048.714922 3409403 43331 22827 99 0 182328 0 590069
1786795049.684662 3409403 43331 22827 99 0 182328 0 590069
1786795050.698765 3409403 43331 22827 99 0 182328 0 590069
1786795051.689089 3409403 43331 22827 99 0 182328 0 590069
1786795052.683435 3409403 43331 22827 99 0 182328 0 590069
1786795053.681782 3409403 43331 22827 99 0 182328 0 590069
1786795054.681539 3409403 43331 22827 99 0 182328 0 590069
1786795055.693725 3409403 43331 22827 99 0 182328 0 590069
1786795056.681621 3409403 43331 22827 99 0 182328 0 590069
1786795057.681797 3409403 43331 22827 99 0 182328 0 590069
1786795058.671607 3111030 61872 41367 99 0 184376 0 289649
1786795059.668817 3111030 87729 67224 99 0 184376 0 289649
1786795060.668455 3111030 113983 93478 99 0 184376 0 289649
1786795061.668625 3111030 142518 122013 99 0 184376 0 289649
1786795062.668724 3111030 168946 148441 99 0 184376 0 289649
1786795063.668462 3111030 195263 174758 99 0 184376 0 289649
1786795064.668449 3111030 221453 200948 99 0 184376 0 289649
1786795065.668362 3111030 249815 229310 99 0 184376 0 289649
1786795066.668573 3111030 276019 255514 99 0 184376 0 289649
1786795067.668783 3111030 302160 281655 99 0 184376 0 289649
1786795068.668568 3113079 317995 297488 99 0 186424 0 289649
1786795069.668623 3113079 317995 297488 99 0 186424 0 289649
1786795070.668492 3113079 317995 297488 99 0 186424 0 289649
1786795071.668488 3113079 317995 297488 99 0 186424 0 289649
1786795072.668726 3113079 317995 297488 99 0 186424 0 289649
1786795073.668735 3113079 317995 297488 99 0 186424 0 289649
1786795074.668718 3113079 317995 297488 99 0 186424 0 289649
1786795075.669042 3113079 317995 297488 99 0 186424 0 289649
1786795076.668421 3113079 317995 297488 99 0 186424 0 289649
1786795077.668566 3113079 317995 297488 99 0 186424 0 289649
1786795078.668617 3115128 317933 297488 99 0 188472 0 289649
1786795079.668467 3115128 317933 297488 99 0 188472 0 289649
1786795080.668716 3115128 317933 297488 99 0 188472 0 289649
1786795081.668476 3115128 317933 297488 99 0 188472 0 289649
1786795082.668703 3115128 317933 297488 99 0 188472 0 289649
1786795083.668774 3115128 317933 297488 99 0 188472 0 289649
1786795084.668656 3115128 317933 297488 99 0 188472 0 289649
1786795085.668643 3115128 317933 297488 99 0 188472 0 289649
1786795086.668448 3115128 317933 297488 99 0 188472 0 289649
1786795087.668564 3115128 317933 297488 99 0 188472 0 289649
1786795088.668500 3117177 317955 297504 99 0 190520 0 289649
1786795089.668689 3117177 317955 297504 99 0 190520 0 289649
1786795090.668586 3117177 317955 297504 99 0 190520 0 289649
1786795091.668863 3117177 317955 297504 99 0 190520 0 289649
1786795092.668508 3117177 317955 297504 99 0 190520 0 289649
1786795093.668456 3117177 317955 297504 99 0 190520 0 289649
1786795094.668488 3117177 317955 297504 99 0 190520 0 289649
1786795095.668671 3117177 317955 297504 99 0 190520 0 289649
1786795096.668641 3117177 317955 297504 99 0 190520 0 289649
1786795097.668588 3117177 317955 297504 99 0 190520 0 289649
1786795098.668518 3117177 317955 297504 99 0 190520 0 289649
1786795099.668704 3117177 317955 297504 99 0 190520 0 289649
1786795100.668778 3117177 317955 297504 99 0 190520 0 289649
1786795101.668690 3117177 317955 297504 99 0 190520 0 289649
1786795102.668640 3117177 317955 297504 99 0 190520 0 289649
1786795103.668494 3117177 317955 297504 99 0 190520 0 289649
1786795104.668557 3117177 317955 297504 99 0 190520 0 289649
1786795105.668539 3117177 317955 297504 99 0 190520 0 289649
1786795106.668609 3117177 317955 297504 99 0 190520 0 289649
1786795107.668564 3117177 317955 297504 99 0 190520 0 289649
1786795108.668538 3117177 317955 297504 99 0 190520 0 289649
1786795109.668473 3117177 317955 297504 99 0 190520 0 289649
1786795110.668504 3117177 317955 297504 99 0 190520 0 289649
1786795111.668581 3117177 317955 297504 99 0 190520 0 289649
1786795112.668694 3117177 317955 297504 99 0 190520 0 289649
1786795113.668650 3117177 317955 297504 99 0 190520 0 289649
1786795114.668662 3117177 317955 297504 99 0 190520 0 289649
1786795115.668489 3117177 317955 297504 99 0 190520 0 289649
1786795116.668601 3117177 317955 297504 99 0 190520 0 289649
1786795117.668600 3117177 317955 297504 99 0 190520 0 289649
1786795118.668744 3117177 317955 297504 99 0 190520 0 289649
1786795119.668792 3117177 317955 297504 99 0 190520 0 289649
1786795120.668753 3117177 317955 297504 99 0 190520 0 289649
1786795121.668498 3117177 317955 297504 99 0 190520 0 289649
1786795122.668491 3117177 317955 297504 99 0 190520 0 289649
1786795123.668636 3117177 317955 297504 99 0 190520 0 289649
1786795124.668626 3117177 317955 297504 99 0 190520 0 289649
1786795125.668620 3117177 317955 297504 99 0 190520 0 289649
1786795126.668641 3117177 317955 297504 99 0 190520 0 289649
1786795127.668540 3117177 317955 297504 99 0 190520 0 289649
1786795128.668857 3117177 317955 297504 99 0 190520 0 289649
1786795129.668836 3117177 317955 297504 99 0 190520 0 289649
1786795130.668550 3117177 317955 297504 99 0 190520 0 289649
1786795131.668528 3117177 317955 297504 99 0 190520 0 289649
1786795132.668506 3117177 317955 297504 99 0 190520 0 289649
1786795133.668628 3117177 317955 297504 99 0 190520 0 289649
1786795134.668728 3117177 317955 297504 99 0 190520 0 289649
1786795135.668590 3117177 317955 297504 99 0 190520 0 289649
1786795136.668548 3117177 317955 297504 99 0 190520 0 289649
1786795137.668661 3117177 317955 297504 99 0 190520 0 289649
1786795138.668669 3117177 317955 297504 99 0 190520 0 289649
1786795139.668729 3117177 317955 297504 99 0 190520 0 289649
1786795140.668719 3117177 317955 297504 99 0 190520 0 289649
1786795141.668709 3117177 317955 297504 99 0 190520 0 289649
1786795142.668783 3117177 317955 297504 99 0 190520 0 289649
1786795143.668700 3117177 317955 297504 99 0 190520 0 289649
1786795144.668450 3117177 317955 297504 99 0 190520 0 289649
1786795145.668464 3117177 317955 297504 99 0 190520 0 289649
1786795146.668602 3117177 317955 297504 99 0 190520 0 289649
1786795147.668631 3117177 317955 297504 99 0 190520 0 289649
1786795148.668487 3117177 317955 297504 99 0 190520 0 289649
1786795149.668496 3117177 317955 297504 99 0 190520 0 289649
1786795150.668546 3117177 317955 297504 99 0 190520 0 289649
1786795151.668527 3117177 317955 297504 99 0 190520 0 289649
1786795152.668635 3117177 317955 297504 99 0 190520 0 289649
1786795153.668465 3117177 317955 297504 99 0 190520 0 289649
1786795154.668605 3117177 317955 297504 99 0 190520 0 289649
1786795155.668480 3117177 317955 297504 99 0 190520 0 289649
1786795156.668535 3117177 317955 297504 99 0 190520 0 289649
1786795157.668526 3117177 317955 297504 99 0 190520 0 289649
1786795158.668806 3117177 317955 297504 99 0 190520 0 289649
1786795159.668714 3117177 317955 297504 99 0 190520 0 289649
1786795160.668704 3117177 317955 297504 99 0 190520 0 289649
1786795161.668531 3117177 317955 297504 99 0 190520 0 289649
1786795162.668603 3117177 317955 297504 99 0 190520 0 289649
1786795163.668472 3117177 317955 297504 99 0 190520 0 289649
1786795164.668683 3117177 317955 297504 99 0 190520 0 289649
1786795165.668709 3117177 317955 297504 99 0 190520 0 289649
1786795166.668545 3117177 317955 297504 99 0 190520 0 289649
1786795167.668490 3117177 317955 297504 99 0 190520 0 289649
1786795168.668468 3117177 317955 297504 99 0 190520 0 289649
1786795169.668456 3117177 317955 297504 99 0 190520 0 289649
1786795170.668706 3117177 317955 297504 99 0 190520 0 289649
1786795171.668597 3117177 317955 297504 99 0 190520 0 289649
1786795172.668457 3117177 317955 297504 99 0 190520 0 289649
1786795173.668479 3117177 317955 297504 99 0 190520 0 289649
1786795174.668556 3117177 317955 297504 99 0 190520 0 289649
1786795175.668640 3117177 317955 297504 99 0 190520 0 289649
1786795176.668691 3117177 317955 297504 99 0 190520 0 289649
1786795177.668751 3117177 317955 297504 99 0 190520 0 289649
1786795178.668761 3117177 317955 297504 99 0 190520 0 289649
1786795179.668466 3117177 317955 297504 99 0 190520 0 289649
1786795180.670861 3117177 317955 297504 99 0 190520 0 289649
1786795181.668494 3117177 317955 297504 99 0 190520 0 289649
1786795182.668464 3117177 317955 297504 99 0 190520 0 289649
1786795183.670376 3117177 317955 297504 99 0 190520 0 289649
1786795184.671080 3117177 317955 297504 99 0 190520 0 289649
1786795185.668475 3117177 317955 297504 99 0 190520 0 289649
1786795186.668540 3117177 317955 297504 99 0 190520 0 289649
1786795187.668699 3117177 317955 297504 99 0 190520 0 289649
1786795188.668709 3117177 317955 297504 99 0 190520 0 289649
1786795189.668455 3117177 317955 297504 99 0 190520 0 289649
1786795190.668779 3117177 317955 297504 99 0 190520 0 289649
1786795191.668516 3117177 317955 297504 99 0 190520 0 289649
1786795192.668482 3117177 317955 297504 99 0 190520 0 289649
1786795193.668550 3117177 317955 297504 99 0 190520 0 289649
1786795194.668591 3117177 317955 297504 99 0 190520 0 289649
1786795195.668521 3117177 317955 297504 99 0 190520 0 289649
1786795196.668477 3117177 317955 297504 99 0 190520 0 289649
1786795197.668619 3117177 317955 297504 99 0 190520 0 289649
1786795198.668728 3117177 317955 297504 99 0 190520 0 289649
1786795199.668704 3117177 317955 297504 99 0 190520 0 289649
1786795200.668557 3117177 317955 297504 99 0 190520 0 289649
1786795201.668758 3117177 317955 297504 99 0 190520 0 289649
1786795202.668675 3117177 317955 297504 99 0 190520 0 289649
1786795203.668861 3117177 317955 297504 99 0 190520 0 289649
1786795204.668901 3117177 317955 297504 99 0 190520 0 289649
1786795205.668909 3117177 317955 297504 99 0 190520 0 289649
1786795206.668835 3117177 317955 297504 99 0 190520 0 289649
1786795207.668753 3117177 317955 297504 99 0 190520 0 289649
1786795208.668743 3117177 317955 297504 99 0 190520 0 289649
1786795209.668636 3117177 317955 297504 99 0 190520 0 289649
1786795210.668733 3117177 317955 297504 99 0 190520 0 289649
1786795211.668782 3117177 317955 297504 99 0 190520 0 289649
1786795212.668705 3117177 317955 297504 99 0 190520 0 289649
1786795213.668839 3117177 317955 297504 99 0 190520 0 289649
1786795214.668556 3117177 317955 297504 99 0 190520 0 289649
1786795215.668777 3117177 317955 297504 99 0 190520 0 289649
1786795216.668863 3117177 317955 297504 99 0 190520 0 289649
1786795217.668754 3117177 317955 297504 99 0 190520 0 289649
1786795218.668795 3117177 317955 297504 99 0 190520 0 289649
1786795219.668780 3117177 317955 297504 99 0 190520 0 289649
1786795220.668494 3117177 317955 297504 99 0 190520 0 289649
1786795221.668636 3117177 317955 297504 99 0 190520 0 289649
1786795222.668692 3117177 317955 297504 99 0 190520 0 289649
1786795223.668606 3117177 317955 297504 99 0 190520 0 289649
1786795224.668884 3117177 317955 297504 99 0 190520 0 289649
1786795225.668733 3117177 317955 297504 99 0 190520 0 289649
1786795226.668500 3117177 317955 297504 99 0 190520 0 289649
1786795227.668722 3117177 317955 297504 99 0 190520 0 289649
1786795228.668743 3117177 317955 297504 99 0 190520 0 289649
1786795229.668664 3117177 317955 297504 99 0 190520 0 289649
1786795230.668683 3117177 317955 297504 99 0 190520 0 289649
1786795231.668571 3117177 317955 297504 99 0 190520 0 289649
1786795232.668613 3117177 317955 297504 99 0 190520 0 289649
1786795233.668919 3117177 317955 297504 99 0 190520 0 289649
1786795234.668541 3117177 317950 297504 99 0 190520 0 289649
1786795235.668886 3117177 317950 297504 99 0 190520 0 289649
