# start_epoch=1786846097.176400  page_size=4096  cachestat=ok  fields=size,resident,shared,text,lib,data,dt,pagecache
1786846098.176685 257379 24039 7650 99 0 243386 0 1
1786846099.176611 257379 24039 7650 99 0 243386 0 1
1786846100.180219 2930229 70618 50946 99 0 256058 0 62543
1786846101.183852 2953800 90871 71187 99 0 256058 0 84388
1786846102.182624 2977044 72298 52674 99 0 256058 0 105689
1786846103.185006 3009806 99777 80151 99 0 256058 0 149357
1786846104.199091 3036563 114622 94996 99 0 256058 0 189930
1786846105.189765 3103380 148200 128571 99 0 256058 0 232544
1786846106.192588 3146811 195496 175867 99 0 256058 0 286144
1786846107.192346 3154824 179901 160269 99 0 256058 0 277155
1786846108.191678 3114066 92035 72521 99 0 256058 0 246915
1786846109.196622 3176699 159603 140089 99 0 256058 0 313404
1786846110.214076 3203595 174194 154679 99 0 256058 0 323647
1786846111.196673 3220379 190236 170715 99 0 256058 0 346103
1786846112.197187 3179143 83898 64436 99 0 256058 0 319351
1786846113.198357 3237124 162476 143131 99 0 256058 0 389833
1786846114.202426 3318531 274064 254719 99 0 256058 0 430895
1786846115.198775 3283038 186198 166820 99 0 256058 0 401153
1786846116.199817 3283038 193351 173969 99 0 256058 0 408031
1786846117.197649 3227192 51655 32289 99 0 256058 0 377433
1786846118.202858 3287967 124891 105525 99 0 256058 0 432085
1786846119.204965 3327760 157068 137835 99 0 256058 0 469873
1786846120.207175 3365639 210709 191878 99 0 256058 0 505699
1786846121.203168 3360190 179795 160948 99 0 256058 0 481767
1786846122.204392 3356084 107426 88592 99 0 256058 0 441700
1786846123.208164 3400565 215972 197135 99 0 256058 0 531264
1786846124.209133 3443760 239898 221058 99 0 256058 0 568220
1786846125.215363 3455052 213888 193796 99 0 280122 0 554794
1786846126.217838 3473922 258203 237433 99 0 280122 0 583835
1786846127.209981 3443186 146577 125814 99 0 280122 0 561282
1786846128.218071 3498318 216763 195997 99 0 280122 0 620463
1786846129.226163 3528855 244878 224108 99 0 280122 0 631605
1786846130.216175 3509553 248494 226167 99 0 281658 0 643860
1786846131.215165 3537006 281998 259667 99 0 281658 0 644717
1786846132.215604 3608363 232935 210604 99 0 281658 0 677240
1786846133.210401 3448125 101066 78734 99 0 281658 0 562786
1786846134.213871 3505210 164481 142146 99 0 281658 0 619061
1786846135.251201 3548333 205997 183820 99 0 281658 0 648995
1786846136.229806 3563488 253300 231120 99 0 281658 0 664549
1786846137.218514 3553844 171600 149451 99 0 281658 0 673685
1786846138.219896 3582327 245943 223819 99 0 281658 0 712768
1786846139.222129 3598558 242995 220824 99 0 281658 0 708346
1786846140.236927 3624837 289536 268063 99 0 281658 0 741675
1786846141.217729 3518141 100003 78597 99 0 281658 0 640000
1786846142.217877 3582349 173022 152734 99 0 281658 0 706344
1786846143.260255 3638551 227705 206249 99 0 283194 0 746614
1786846144.230889 3650487 239345 217861 99 0 283194 0 737632
1786846145.222003 3666172 281205 259770 99 0 283194 0 763803
1786846146.219353 3617432 182090 160649 99 0 283194 0 722293
1786846147.224758 3698999 257694 236247 99 0 283194 0 804850
1786846148.238231 3689552 247719 223784 99 0 285754 0 799942
1786846149.237249 3708338 277904 254661 99 0 285754 0 814755
1786846150.228023 3796412 271436 248181 99 0 285754 0 905305
1786846151.222693 3694902 175466 152952 99 0 285754 0 794457
1786846152.226285 3739519 235307 212789 99 0 285754 0 836840
1786846153.241173 3759090 265785 245282 99 0 285754 0 824327
1786846154.248377 3763380 287388 266176 99 0 285754 0 878748
1786846155.247165 3796164 357554 335564 99 0 285754 0 872569
1786846156.232647 3875038 311607 288382 99 0 287546 0 981178
1786846157.224960 3710629 125909 102684 99 0 287546 0 825735
1786846158.229374 3799803 242802 219597 99 0 287546 0 881243
1786846159.228903 3818225 244552 221345 99 0 287546 0 909516
1786846160.249690 3807721 290542 267290 99 0 287546 0 930275
1786846161.246244 3828744 309990 289125 99 0 287546 0 918826
1786846162.231916 3816269 328698 306786 99 0 287546 0 940521
1786846163.240538 3968216 334403 313088 99 0 287546 0 1070638
1786846164.231847 3818527 196047 174727 99 0 287546 0 928388
1786846165.231573 3826118 198503 178480 99 0 287546 0 923908
1786846166.243370 3831557 216219 194796 99 0 287546 0 934651
1786846167.264534 3850310 252214 229820 99 0 287546 0 956440
1786846168.234777 3874231 293701 271198 99 0 287546 0 975851
1786846169.234139 3874231 334950 313061 99 0 287546 0 965189
1786846170.226608 3773186 105215 83353 99 0 287546 0 885367
1786846171.235862 3836121 180109 158592 99 0 287546 0 959528
1786846172.233995 3847510 187347 165825 99 0 287546 0 959187
1786846173.237727 3922262 274278 252711 99 0 287546 0 1014771
1786846174.253692 3910787 282634 261059 99 0 287546 0 1018813
1786846175.260092 3928608 319668 297869 99 0 287546 0 1047867
1786846176.246887 4016157 323760 300860 99 0 289338 0 1136175
1786846177.234667 3874829 136990 115246 99 0 289338 0 973711
1786846178.238815 3931234 229408 207661 99 0 289338 0 1012212
1786846179.266369 5014060 240848 217324 99 0 289338 0 1053275
1786846180.255654 3943153 252535 227713 99 0 289338 0 1060597
1786846181.233956 3954879 292684 267858 99 0 289338 0 1043853
1786846182.237363 3917316 138940 115307 99 0 289338 0 1011156
1786846183.240338 3970039 223214 199581 99 0 289338 0 1063705
1786846184.259800 4004585 250124 227340 99 0 289338 0 1109673
1786846185.260159 3994550 255858 234203 99 0 289338 0 1093631
1786846186.242688 4025879 317542 294783 99 0 289338 0 1132519
1786846187.249468 4113203 315256 292520 99 0 289338 0 1232541
1786846188.241268 3967099 179241 158542 99 0 289338 0 1085161
1786846189.244952 3959871 170751 150050 99 0 289338 0 1082644
1786846190.262746 4071764 292563 270007 99 0 289338 0 1132301
1786846191.264570 4014247 260990 238515 99 0 289338 0 1122795
1786846192.259602 4036776 308939 286460 99 0 289338 0 1151738
1786846193.253005 4115407 275879 253420 99 0 289338 0 1241792
1786846194.243821 4014694 176423 153961 99 0 289338 0 1104060
1786846195.245304 4049471 201863 179400 99 0 289338 0 1136672
1786846196.264065 4083070 256900 231952 99 0 289338 0 1187757
1786846197.267106 4095761 278954 254684 99 0 289338 0 1170650
1786846198.268191 4078857 292466 267926 99 0 289338 0 1189584
1786846199.249841 4165677 260799 236264 99 0 289338 0 1286204
1786846200.241486 4127847 205591 181105 99 0 289338 0 1120191
1786846201.242271 4059861 173874 149654 99 0 289338 0 1148839
1786846202.245265 4085738 240457 216210 99 0 289338 0 1174600
1786846203.245992 4087259 313788 289546 99 0 289338 0 1184678
1786846204.252105 4181120 272866 248630 99 0 289338 0 1289621
1786846205.242939 4036396 158832 138201 99 0 289338 0 1114084
1786846206.248241 4117247 320258 299622 99 0 289338 0 1204344
1786846207.250919 4171893 481936 459491 99 0 289338 0 1266168
1786846208.239711 3979533 102843 78893 99 0 289338 0 1067101
1786846209.240471 3976683 142909 117647 99 0 289338 0 1071290
1786846210.239658 3976683 258500 233228 99 0 289338 0 1067901
1786846211.248857 4117654 247371 224075 99 0 289338 0 1203828
1786846212.253280 4124917 314782 289670 99 0 289338 0 1230787
1786846213.237446 3920999 106042 81886 99 0 289338 0 1006704
1786846214.239659 3963530 175668 151441 99 0 289338 0 1049424
1786846215.238930 3963530 241166 216939 99 0 289338 0 1047575
1786846216.240495 3996514 310252 288148 99 0 289338 0 1091831
1786846217.243516 4034123 381687 357089 99 0 289338 0 1116933
1786846218.248159 4058210 453520 428893 99 0 289338 0 1150617
1786846219.242231 4033686 282617 257681 99 0 289338 0 1111228
1786846220.232591 3838343 121994 97137 99 0 289338 0 930849
1786846221.232288 3838194 151008 127928 99 0 289338 0 937469
1786846222.232120 3825885 123044 97728 99 0 289338 0 927114
1786846223.232073 3825885 184918 160434 99 0 289338 0 924125
1786846224.220853 3901166 245773 221221 99 0 289338 0 993759
1786846225.221245 3898931 275209 250655 99 0 289338 0 997460
1786846226.220711 3898931 304258 279704 99 0 289338 0 989643
1786846227.221082 3912965 340841 318113 99 0 289338 0 996561
1786846228.221165 3931678 392066 367448 99 0 289338 0 1003683
1786846229.228624 3793335 104949 79617 99 0 289338 0 864381
1786846230.226055 3777552 134343 109172 99 0 289338 0 852573
1786846231.228821 3792102 152548 127226 99 0 289338 0 894928
1786846232.227986 3761313 147657 122802 99 0 289338 0 853617
1786846233.218569 3723337 58875 34003 99 0 289338 0 797467
1786846234.213580 3706398 37472 12999 99 0 293434 0 776434
1786846235.211036 3706398 37472 12999 99 0 293434 0 776434
1786846236.211048 3706398 37472 12999 99 0 293434 0 776434
1786846237.211229 3706398 37472 12999 99 0 293434 0 776434
1786846238.214413 3710495 37350 12999 99 0 297530 0 776434
1786846239.211031 3710495 37624 12999 99 0 297530 0 776434
1786846240.211031 3710495 37624 12999 99 0 297530 0 776434
1786846241.210866 3710495 37624 12999 99 0 297530 0 776434
1786846242.211144 3714592 37628 12999 99 0 301626 0 776434
1786846243.211071 3714592 37628 12999 99 0 301626 0 776434
1786846244.211016 3714592 37628 12999 99 0 301626 0 776434
1786846245.210930 3714592 37628 12999 99 0 301626 0 776434
1786846246.211202 3718689 37631 12999 99 0 305722 0 776434
1786846247.210859 3718689 37631 12999 99 0 305722 0 776434
1786846248.211059 3718689 37631 12999 99 0 305722 0 776434
1786846249.210788 3718689 37631 12999 99 0 305722 0 776434
1786846250.210652 3718689 38068 12999 99 0 305722 0 776434
1786846251.210671 3718689 38068 12999 99 0 305722 0 776434
1786846252.212825 3718689 38068 12999 99 0 305722 0 776434
1786846253.210737 3718689 38068 12999 99 0 305722 0 776434
1786846254.210788 3718689 38068 12999 99 0 305722 0 776434
1786846255.210729 3718689 38068 12999 99 0 305722 0 776434
1786846256.210756 3718689 38068 12999 99 0 305722 0 776434
1786846257.210621 3718689 38068 12999 99 0 305722 0 776434
1786846258.210814 3718689 38068 12999 99 0 305722 0 776434
1786846259.210573 3718689 38068 12999 99 0 305722 0 776434
1786846260.210690 3718689 38378 12999 99 0 305722 0 776434
1786846261.211084 3718689 38378 12999 99 0 305722 0 776434
1786846262.210879 3718689 38378 12999 99 0 305722 0 776434
1786846263.210821 3718689 38378 12999 99 0 305722 0 776434
1786846264.210768 3718689 38378 12999 99 0 305722 0 776434
1786846265.210605 3718689 38378 12999 99 0 305722 0 776434
1786846266.210625 3718689 38378 12999 99 0 305722 0 776434
1786846267.210476 3718689 38375 12999 99 0 305722 0 776434
