# start_epoch=1791451149.592423  page_size=4096  cachestat=ok  fields=size,resident,shared,text,lib,data,dt,pagecache
1791451150.592676 259547 26913 8476 99 0 245434 0 1
1791451151.592636 259547 26913 8476 99 0 245434 0 1
1791451152.597090 2103132 69868 49797 99 0 251962 0 98912
1791451153.606541 3043071 200793 178274 99 0 259130 0 231095
1791451154.616586 3302100 385580 359413 99 0 288826 0 407479
1791451155.611857 3143044 215628 190092 99 0 289466 0 319460
1791451156.622949 3291877 345687 316805 99 0 291898 0 503967
1791451157.642326 3215135 240649 212875 99 0 291898 0 428341
1791451158.625763 3419657 405288 377507 99 0 291898 0 573086
1791451159.630952 3566103 543156 515375 99 0 291898 0 675853
1791451160.632084 3431219 383786 356754 99 0 291898 0 657361
1791451161.636266 3577605 490277 464528 99 0 291898 0 749593
1791451162.635708 3500807 377814 352111 99 0 291898 0 717986
1791451163.639427 3647223 486854 460037 99 0 291898 0 803423
1791451164.639117 3570422 374144 347758 99 0 291898 0 777855
1791451165.643739 3716870 499356 471861 99 0 291898 0 864568
1791451166.635873 3833260 587978 560968 99 0 295994 0 914114
1791451167.643567 3839387 513380 486217 99 0 295994 0 877294
1791451168.626848 3679674 296479 268381 99 0 295994 0 778311
1791451169.627033 3679674 294422 268381 99 0 295994 0 785218
1791451170.627974 3679674 294423 268381 99 0 295994 0 800227
1791451171.627727 3704500 313588 288964 99 0 295994 0 794481
1791451172.635522 3656277 147909 122050 99 0 295994 0 724541
1791451173.620081 3543984 70858 44995 99 0 295994 0 626473
1791451174.620842 3543984 108108 81267 99 0 295994 0 642101
1791451175.620907 3543984 133754 108922 99 0 295994 0 640001
1791451176.619697 3543984 161826 136634 99 0 295994 0 616266
1791451177.620440 3543984 198024 172831 99 0 295994 0 631714
1791451178.620958 3543984 233299 208105 99 0 295994 0 647614
1791451179.621956 3568810 282904 257710 99 0 295994 0 664833
1791451180.619881 3543984 289739 264545 99 0 295994 0 621653
1791451181.620569 3543984 326156 300962 99 0 295994 0 637358
1791451182.621531 3543984 357230 332036 99 0 295994 0 659728
1791451183.619404 3543984 382038 356844 99 0 295994 0 610468
1791451184.620048 3543984 417935 392741 99 0 295994 0 627403
1791451185.635121 3904193 395014 369820 99 0 295994 0 970684
1791451186.620764 3562156 60914 34439 99 0 314170 0 639765
1791451187.620822 3584684 69340 34471 99 0 336698 0 645707
1791451188.620727 3584684 98076 59294 99 0 336698 0 639766
1791451189.620179 3584684 98156 67310 99 0 336698 0 621381
1791451190.668890 3613977 137795 102427 99 0 336698 0 643382
1791451191.624044 3584684 139903 108887 99 0 336698 0 639769
1791451192.624736 3584684 144300 108887 99 0 336698 0 645697
1791451193.620891 3584684 170877 133689 99 0 336698 0 639770
1791451194.620072 3584684 171240 140016 99 0 336698 0 619081
1791451195.634586 3613977 210269 175101 99 0 336698 0 643004
1791451196.624258 3584684 209393 178324 99 0 336698 0 637346
1791451197.621030 3584684 216973 183300 99 0 336698 0 645647
1791451198.620908 3584684 242304 208097 99 0 336698 0 639774
1791451199.619721 3584684 238678 208978 99 0 336698 0 611720
1791451200.668598 3613977 277217 243311 99 0 336698 0 641758
1791451201.620600 3584684 280122 250588 99 0 336698 0 634458
1791451202.620606 3584684 291697 257692 99 0 336698 0 645645
1791451203.621048 3584684 317010 282495 99 0 336698 0 639778
1791451204.619436 3584684 312191 282495 99 0 336698 0 610485
1791451205.637808 3613977 351140 316216 99 0 336698 0 641486
1791451206.620817 3584684 354525 323952 99 0 336698 0 633072
1791451207.635853 3613977 394856 360333 99 0 336698 0 645413
1791451208.620568 3584684 391928 356894 99 0 336698 0 639782
1791451209.621026 3623471 416610 387319 99 0 336698 0 645303
1791451210.633939 3613977 423966 388898 99 0 336698 0 641131
1791451211.620362 3584684 427162 396453 99 0 336698 0 630512
1791451212.634928 3613977 466799 432754 99 0 336698 0 644985
1791451213.655183 3599621 455492 422851 99 0 336698 0 626700
1791451214.610450 3272911 53701 24300 99 0 336698 0 309889
1791451215.630557 3310652 95361 59257 99 0 345146 0 331704
1791451216.607301 3281359 98387 65829 99 0 345146 0 328018
1791451217.610494 3281359 101841 65829 99 0 345146 0 333943
1791451218.607409 3281359 126658 90626 99 0 345146 0 328019
1791451219.606867 3281359 128853 97160 99 0 345146 0 307843
1791451220.614423 3310652 168164 132053 99 0 345146 0 331340
1791451221.607414 3281359 171570 138839 99 0 345146 0 330791
1791451222.607563 3281359 175428 140231 99 0 345146 0 333931
1791451223.607068 3281359 202060 165039 99 0 345146 0 328023
1791451224.606426 3284431 199460 170000 99 0 348218 0 305833
1791451225.632513 3313724 237950 204957 99 0 348218 0 331096
1791451226.607249 3284431 242773 212104 99 0 348218 0 329223
1791451227.607541 3284431 247946 214648 99 0 348218 0 333925
1791451228.598951 3136006 67253 39984 99 0 352314 0 146215
1791451229.600229 3136006 120900 93631 99 0 352314 0 146215
1791451230.599548 3136006 176889 149620 99 0 352314 0 146215
1791451231.599356 3140103 180541 153268 99 0 356410 0 146215
1791451232.599449 3140103 180541 153268 99 0 356410 0 146215
1791451233.599470 3144200 180543 153268 99 0 360506 0 146215
1791451234.599442 3144200 180543 153268 99 0 360506 0 146215
1791451235.599179 3148297 180540 153268 99 0 364602 0 146215
1791451236.599555 3148297 180540 153268 99 0 364602 0 146215
1791451237.599302 3148297 180540 153268 99 0 364602 0 146215
1791451238.599453 3148297 180540 153268 99 0 364602 0 146215
1791451239.599233 3148297 180540 153268 99 0 364602 0 146215
1791451240.599301 3148297 180540 153268 99 0 364602 0 146215
1791451241.599358 3148297 180540 153268 99 0 364602 0 146215
1791451242.599320 3148297 180540 153268 99 0 364602 0 146215
1791451243.599691 3148297 180540 153268 99 0 364602 0 146215
1791451244.599507 3148297 180540 153268 99 0 364602 0 146215
1791451245.599441 3148297 180540 153268 99 0 364602 0 146215
1791451246.599426 3148297 180540 153268 99 0 364602 0 146215
1791451247.599461 3148297 180540 153268 99 0 364602 0 146215
1791451248.599413 3148297 180540 153268 99 0 364602 0 146215
1791451249.599356 3148297 180540 153268 99 0 364602 0 146215
1791451250.599514 3148297 180540 153268 99 0 364602 0 146215
1791451251.599513 3148297 180540 153268 99 0 364602 0 146215
1791451252.599435 3148297 180540 153268 99 0 364602 0 146215
1791451253.599254 3148297 180540 153268 99 0 364602 0 146215
1791451254.599382 3148297 181000 153268 99 0 364602 0 146215
1791451255.599430 3148297 181000 153268 99 0 364602 0 146215
1791451256.599259 3148297 181000 153268 99 0 364602 0 146215
1791451257.599493 3148297 181000 153268 99 0 364602 0 146215
1791451258.599475 3148297 181000 153268 99 0 364602 0 146215
1791451259.599246 3148297 181000 153268 99 0 364602 0 146215
1791451260.599414 3148297 181000 153268 99 0 364602 0 146215
1791451261.599425 3148297 181000 153268 99 0 364602 0 146215
1791451262.599394 3148297 181000 153268 99 0 364602 0 146215
1791451263.599285 3148297 181000 153268 99 0 364602 0 146215
1791451264.599317 3148297 181223 153268 99 0 364602 0 146215
1791451265.599435 3148297 181223 153268 99 0 364602 0 146215
