# start_epoch=1786797256.320473  page_size=4096  cachestat=ok  fields=size,resident,shared,text,lib,data,dt,pagecache
1786797257.321812 432331 22499 3160 2109 0 427723 0 19056
1786797258.390492 443723 31420 3240 2109 0 439115 0 39127
1786797259.392013 448850 36600 3296 2109 0 444235 0 31304
1786797260.322428 448850 30432 3296 2109 0 444235 0 31305
1786797261.391328 449618 34864 3360 2109 0 445003 0 56240
1786797262.323142 449618 32708 3360 2109 0 445003 0 43572
1786797263.392139 449618 32708 3360 2109 0 445003 0 62619
1786797264.392492 449618 36820 3360 2109 0 445003 0 73115
1786797265.323788 449618 33228 3360 2109 0 445003 0 55822
1786797266.392630 449618 34252 3360 2109 0 445003 0 80245
1786797267.324694 449618 32522 3423 2109 0 445003 0 68071
1786797268.324704 449618 32522 3423 2109 0 445003 0 68071
1786797269.398206 450265 35577 3435 2109 0 445643 0 142989
1786797270.324607 450265 31461 3435 2109 0 445643 0 79521
1786797271.393843 450265 31717 3435 2109 0 445643 0 98824
1786797272.394435 450265 36402 3435 2109 0 445643 0 109064
1786797273.325182 450265 31018 3435 2109 0 445643 0 91770
1786797274.394609 450265 34097 3435 2109 0 445643 0 115681
1786797275.325325 450265 32985 3435 2109 0 445643 0 104020
1786797276.325472 450265 31352 3435 2109 0 445643 0 104020
1786797277.396069 450265 36737 3435 2109 0 445643 0 132283
1786797278.327511 450265 32576 3435 2109 0 445643 0 116269
1786797279.398134 450265 32910 3435 2109 0 445643 0 135572
1786797280.396256 450265 36262 3435 2109 0 445643 0 141716
1786797281.396945 456409 40727 3435 2109 0 451787 0 126322
1786797282.388938 456409 33054 3435 2109 0 451787 0 133880
1786797283.398667 456409 36613 3435 2109 0 451787 0 155354
1786797284.328061 456409 30918 3435 2109 0 451787 0 138573
1786797285.399327 456409 33976 3435 2109 0 451787 0 160948
1786797286.327631 456409 35845 3435 2109 0 451787 0 150822
1786797287.327393 456409 35845 3435 2109 0 451787 0 150822
1786797288.398566 456409 36646 3435 2109 0 451787 0 177037
1786797289.329641 456409 34078 3435 2109 0 451787 0 163070
1786797290.400294 456409 34136 3435 2109 0 451787 0 177395
1786797291.489546 457177 36381 3435 2109 0 452555 0 265798
1786797292.330227 457177 25128 3435 2109 0 452555 0 173623
1786797293.398832 457177 31421 3435 2109 0 452555 0 184791
1786797294.399588 457177 37341 3435 2109 0 452555 0 202398
1786797295.329115 457177 33754 3435 2109 0 452555 0 185874
1786797296.400458 457177 34139 3435 2109 0 452555 0 208761
1786797297.330046 457177 35499 3435 2109 0 452555 0 198125
1786797298.329890 457177 35499 3435 2109 0 452555 0 198125
1786797299.401253 457177 35502 3435 2109 0 452555 0 224852
1786797300.391166 457177 26285 3435 2109 0 452555 0 210376
1786797301.391154 457177 31128 3435 2109 0 452555 0 210376
1786797302.403007 457177 36270 3435 2109 0 452555 0 234287
1786797303.405429 457177 40048 3435 2109 0 452555 0 336460
1786797304.389856 457177 39805 3435 2109 0 452555 0 219338
1786797305.402397 457177 39854 3435 2109 0 452555 0 241457
1786797306.392318 457177 31630 3435 2109 0 452555 0 231589
1786797307.390443 457177 31630 3435 2109 0 452555 0 231589
1786797308.402588 457177 36507 3435 2109 0 452555 0 256780
1786797309.391322 457177 37267 3435 2109 0 452555 0 243839
1786797310.403133 457177 37286 3435 2109 0 452555 0 257922
1786797311.403340 457177 38310 3435 2109 0 452555 0 272358
1786797312.393130 457177 33166 3435 2109 0 452555 0 256089
1786797313.403892 457177 34710 3435 2109 0 452555 0 275503
1786797314.490102 457177 39245 3435 2109 0 452555 0 281280
1786797315.403089 457177 41931 3435 2109 0 452555 0 265609
1786797316.396383 457177 41240 3435 2109 0 452555 0 264586
1786797317.489884 457177 41624 3435 2109 0 452555 0 318809
1786797318.492802 457177 41624 3435 2109 0 452555 0 324953
1786797319.392204 458073 34169 3435 2109 0 453451 0 274802
1786797320.490914 458073 34170 3435 2109 0 453451 0 293593
1786797321.404843 458073 37504 3435 2109 0 453451 0 303321
1786797322.390875 458073 32777 3435 2109 0 453451 0 287052
1786797323.405376 458073 33049 3435 2109 0 453451 0 306638
1786797324.493688 458073 38434 3435 2109 0 453451 0 316083
1786797325.396406 458073 34655 3435 2109 0 453451 0 299301
1786797326.495267 458073 34898 3435 2109 0 453451 0 319372
1786797327.406311 458073 38854 3435 2109 0 453451 0 325004
1786797328.394614 458073 36780 3435 2109 0 453451 0 308901
1786797329.394371 458073 36910 3435 2109 0 453451 0 308183
1786797330.495594 458073 37078 3435 2109 0 453451 0 379106
1786797331.395384 458073 32170 3435 2109 0 453451 0 319420
1786797332.394789 458073 32170 3435 2109 0 453451 0 318319
1786797333.496215 458073 35011 3435 2109 0 453451 0 387906
1786797334.407871 458073 39262 3435 2109 0 453451 0 329071
1786797335.394963 458073 39262 3435 2109 0 453451 0 329071
1786797336.490592 458073 39519 3435 2109 0 453451 0 354006
1786797337.395043 458073 31361 3435 2109 0 453451 0 341321
1786797338.394719 458073 32897 3435 2109 0 453451 0 341321
1786797339.494598 458073 37022 3435 2109 0 453451 0 365488
1786797340.499079 458073 39886 3435 2109 0 453451 0 422471
1786797341.407863 458073 40703 3435 2109 0 453451 0 349659
1786797342.492027 458073 41087 3435 2109 0 453451 0 368451
1786797343.494781 458073 41092 3435 2109 0 453451 0 378435
1786797344.394186 458073 34934 3435 2109 0 453451 0 359933
1786797345.394105 458073 34934 3435 2109 0 453451 0 359933
1786797346.494905 458073 38549 3435 2109 0 453451 0 387684
1786797347.395651 458073 39840 3435 2109 0 453451 0 372183
1786797348.490566 458073 39840 3435 2109 0 453451 0 392510
1786797349.493564 458073 39840 3435 2109 0 453451 0 401726
1786797350.401758 458073 35753 3435 2109 0 453451 0 384432
1786797351.497828 458073 35553 3435 2109 0 453451 0 404503
1786797352.492137 458073 39518 3435 2109 0 453451 0 410135
1786797353.405495 459097 41640 3435 2109 0 454475 0 393970
1786797354.400264 459097 41868 3435 2109 0 454475 0 393970
1786797355.494944 459097 42490 3435 2109 0 454475 0 417762
1786797356.401441 459097 34351 3435 2109 0 454475 0 401796
1786797357.399487 459097 34351 3435 2109 0 454475 0 401796
1786797358.499917 459097 37175 3435 2109 0 454475 0 483750
1786797359.403746 459097 40514 3435 2109 0 454475 0 411669
1786797360.397484 459097 38694 3435 2109 0 454475 0 411669
1786797361.500823 459097 38760 3435 2109 0 454475 0 436860
1786797362.400274 459097 36185 3435 2109 0 454475 0 423921
1786797363.403792 459097 36185 3435 2109 0 454475 0 423921
1786797364.497153 459097 37054 3435 2109 0 454475 0 446808
1786797365.502056 459097 40489 3435 2109 0 454475 0 560185
1786797366.401657 459097 42300 3435 2109 0 454475 0 432159
1786797367.499138 459097 42300 3435 2109 0 454475 0 450950
1786797368.589340 459097 42300 3435 2109 0 454475 0 521241
1786797369.400307 459097 38188 3435 2109 0 454475 0 441541
1786797370.403162 459097 38188 3435 2109 0 454475 0 425107
1786797371.496386 459097 37637 3435 2109 0 454475 0 459758
1786797372.495827 459097 40458 3435 2109 0 454475 0 465646
1786797373.490973 459097 36093 3435 2109 0 454475 0 448063
1786797374.501215 459993 36349 3435 2109 0 455371 0 467623
1786797375.497994 459993 39174 3435 2109 0 455371 0 477351
1786797376.407048 459993 33600 3435 2109 0 455371 0 460314
1786797377.498687 459993 35130 3435 2109 0 455371 0 480129
1786797378.502936 459993 39242 3435 2109 0 455371 0 486017
1786797379.499005 459993 42193 3435 2109 0 455371 0 470254
1786797380.491299 459993 40650 3435 2109 0 455371 0 467286
1786797381.502756 459993 40654 3435 2109 0 455371 0 490285
1786797382.498341 459993 41166 3435 2109 0 455371 0 476248
1786797383.401069 459993 32942 3435 2109 0 455371 0 476249
1786797384.501953 459993 36025 3435 2109 0 455371 0 498951
1786797385.401884 459993 39987 3435 2109 0 455371 0 488499
1786797386.400750 459993 39987 3435 2109 0 455371 0 488499
1786797387.592292 459993 40243 3435 2109 0 455371 0 514202
1786797388.404931 459993 34075 3435 2109 0 455371 0 500749
1786797389.409452 459993 34075 3435 2109 0 455371 0 500749
1786797390.499645 459993 39527 3435 2109 0 455371 0 524148
1786797391.589941 459993 43138 3435 2109 0 455371 0 639447
1786797392.404384 459993 44623 3435 2109 0 455371 0 510291
1786797393.502839 459993 44689 3435 2109 0 455371 0 527732
1786797394.589934 459993 44689 3435 2109 0 455371 0 533263
1786797395.502089 459993 44750 3435 2109 0 455371 0 516380
1786797396.405978 459993 38582 3435 2109 0 455371 0 516381
1786797397.593262 459993 38582 3435 2109 0 455371 0 539012
1786797398.495746 459993 42510 3435 2109 0 455371 0 524976
1786797399.403409 459993 42163 3435 2109 0 455371 0 524976
1786797400.505031 459993 42163 3435 2109 0 455371 0 550935
1786797401.407962 459993 40107 3435 2109 0 455371 0 537228
1786797402.410657 459993 40107 3435 2109 0 455371 0 537228
1786797403.502775 459993 40107 3435 2109 0 455371 0 560883
1786797404.590602 459993 42488 3435 2109 0 455371 0 673251
1786797405.410946 459993 42847 3435 2109 0 455371 0 546849
1786797406.502537 461273 41820 3435 2109 0 456651 0 548548
1786797407.509570 461273 41820 3435 2109 0 456651 0 566915
1786797408.592442 461273 41821 3435 2109 0 456651 0 573019
1786797409.411098 461273 38075 3435 2109 0 456651 0 550908
1786797410.415367 461273 38075 3435 2109 0 456651 0 548944
1786797411.603627 461273 38075 3435 2109 0 456651 0 572399
1786797412.610698 461273 40900 3435 2109 0 456651 0 578743
1786797413.410494 461273 38468 3435 2109 0 456651 0 557080
1786797414.502227 461273 38468 3435 2109 0 456651 0 565125
1786797415.593519 461273 41036 3435 2109 0 456651 0 584831
1786797416.410349 461273 32797 3435 2109 0 456651 0 569332
1786797417.504456 461273 36757 3435 2109 0 456651 0 588891
1786797418.502135 461273 40359 3435 2109 0 456651 0 595291
1786797419.504421 461273 42384 3435 2109 0 456651 0 579282
1786797420.489025 461273 37475 3435 2109 0 456651 0 579283
1786797421.592057 461273 38504 3435 2109 0 456651 0 678561
1786797422.596940 461273 42622 3435 2109 0 456651 0 683937
1786797423.494506 461273 43150 3435 2109 0 456651 0 587037
1786797424.408318 461273 42787 3435 2109 0 456651 0 582854
1786797425.590325 461273 42803 3435 2109 0 456651 0 609069
1786797426.404400 461273 38691 3435 2109 0 456651 0 595103
1786797427.507481 461273 38325 3435 2109 0 456651 0 614918
1786797428.504222 461273 41027 3435 2109 0 456651 0 624134
1786797429.410852 461273 39207 3435 2109 0 456651 0 607354
1786797430.596345 461273 36892 3435 2109 0 456651 0 627937
1786797431.595052 461273 40742 3435 2109 0 456651 0 633313
1786797432.593125 461273 44700 3435 2109 0 456651 0 616884
1786797433.411220 461273 43431 3435 2109 0 456651 0 616885
1786797434.590959 461273 43505 3435 2109 0 456651 0 701759
1786797435.598317 461273 43505 3435 2109 0 456651 0 691469
1786797436.488950 461273 41685 3435 2109 0 456651 0 608187
1786797437.494381 461273 41685 3435 2109 0 456651 0 619810
1786797438.593707 461273 41356 3435 2109 0 456651 0 643721
1786797439.501724 461273 41876 3435 2109 0 456651 0 633175
1786797440.406328 461273 38761 3435 2109 0 456651 0 627202
1786797441.592311 461273 38761 3435 2109 0 456651 0 648041
1786797442.497189 461273 41846 3435 2109 0 456651 0 639453
1786797443.410912 461273 41849 3435 2109 0 456651 0 639453
1786797444.594605 461273 38012 3435 2109 0 456651 0 660036
1786797445.594798 461273 41591 3435 2109 0 456651 0 665412
1786797446.597442 461273 44806 3435 2109 0 456651 0 649079
1786797447.494818 461273 40649 3435 2109 0 456651 0 646590
1786797448.591248 461273 40905 3435 2109 0 456651 0 667429
1786797449.598072 461273 41929 3435 2109 0 456651 0 745908
1786797450.500406 461273 40897 3435 2109 0 456651 0 653618
1786797451.494414 461273 40897 3435 2109 0 456651 0 653618
1786797452.601152 461273 40982 3435 2109 0 456651 0 762485
1786797453.598491 461273 42526 3435 2109 0 456651 0 768373
1786797454.490877 461273 42005 3435 2109 0 456651 0 660650
1786797455.412152 461273 41433 3435 2109 0 456651 0 655427
1786797456.593986 461273 41498 3435 2109 0 456651 0 680362
1786797457.415306 461273 38922 3435 2109 0 456651 0 667677
1786797458.412390 461273 38922 3435 2109 0 456651 0 667677
1786797459.592602 461273 39612 3435 2109 0 456651 0 689215
1786797460.598586 461273 43736 3435 2109 0 456651 0 792962
1786797461.489972 461273 42706 3435 2109 0 456651 0 677625
1786797462.500809 461273 42868 3435 2109 0 456651 0 672313
1786797463.595841 461273 42870 3435 2109 0 456651 0 695457
1786797464.599416 461273 44918 3435 2109 0 456651 0 701089
1786797465.414553 461273 32469 3435 2109 0 456651 0 678985
1786797466.595001 461273 38601 3435 2109 0 456651 0 700336
1786797467.510218 461273 43462 3435 2109 0 456651 0 709257
1786797468.408515 461273 41592 3435 2109 0 456651 0 691235
1786797469.592970 461273 41896 3435 2109 0 456651 0 713866
1786797470.488945 461273 40120 3435 2109 0 456651 0 703487
1786797471.493904 461273 40120 3435 2109 0 456651 0 703487
1786797472.601165 461273 40344 3435 2109 0 456651 0 725350
1786797473.593764 461273 42912 3435 2109 0 456651 0 731488
1786797474.494484 461273 44341 3435 2109 0 456651 0 713012
1786797475.496798 461273 44341 3435 2109 0 456651 0 713012
1786797476.598563 461273 44626 3435 2109 0 456651 0 813756
1786797477.491990 461273 41025 3435 2109 0 456651 0 719675
1786797478.494197 461273 41025 3435 2109 0 456651 0 719675
1786797479.595638 461273 41106 3435 2109 0 456651 0 734349
1786797480.595710 461273 42130 3435 2109 0 456651 0 739981
1786797481.495710 461273 43154 3435 2109 0 456651 0 726016
1786797482.498981 461273 43155 3435 2109 0 456651 0 720470
1786797483.592463 461273 43158 3435 2109 0 456651 0 743613
1786797484.498665 461273 43158 3435 2109 0 456651 0 732720
1786797485.496978 461273 43158 3435 2109 0 456651 0 732720
1786797486.594884 461273 43158 3435 2109 0 456651 0 754583
1786797487.599141 461273 45191 3435 2109 0 456651 0 760215
1786797488.495741 461273 43604 3435 2109 0 456651 0 742334
1786797489.501533 461273 43604 3435 2109 0 456651 0 742334
1786797490.691114 461273 44195 3435 2109 0 456651 0 837513
1786797491.602639 461273 45303 3435 2109 0 456651 0 874921
1786797492.497880 461273 41202 3435 2109 0 456651 0 745647
1786797493.598265 461273 41154 3435 2109 0 456651 0 764694
1786797494.604449 461273 41673 3435 2109 0 456651 0 856145
1786797495.500138 461273 41233 3435 2109 0 456651 0 753456
1786797496.499142 461273 41233 3435 2109 0 456651 0 753456
1786797497.690475 461273 41738 3435 2109 0 456651 0 866475
1786797498.590882 461273 45362 3435 2109 0 456651 0 759461
1786797499.494967 461273 40309 3435 2109 0 456651 0 759463
1786797500.689291 461273 40028 3435 2109 0 456651 0 779022
1786797501.688889 461273 42604 3435 2109 0 456651 0 880921
1786797502.601668 461273 45244 3435 2109 0 456651 0 769426
1786797503.500106 461273 39086 3435 2109 0 456651 0 769427
1786797504.693919 461273 40350 3435 2109 0 456651 0 881281
1786797505.599315 461273 44207 3435 2109 0 456651 0 886657
1786797506.598489 461273 46775 3435 2109 0 456651 0 775118
1786797507.592449 461273 43659 3435 2109 0 456651 0 769717
1786797508.600566 461273 44170 3435 2109 0 456651 0 790302
1786797509.603090 461273 44682 3435 2109 0 456651 0 795934
1786797510.492320 461273 42532 3435 2109 0 456651 0 779160
1786797511.411398 461273 42532 3435 2109 0 456651 0 779160
1786797512.599195 461273 44076 3435 2109 0 456651 0 804863
1786797513.494776 461273 42001 3435 2109 0 456651 0 791410
1786797514.498008 461273 42001 3435 2109 0 456651 0 791410
1786797515.605615 461273 42770 3435 2109 0 456651 0 815065
1786797516.700544 462809 46108 3435 2109 0 458187 0 917202
1786797517.501183 462809 43540 3435 2109 0 458187 0 801355
1786797518.503261 462809 43540 3435 2109 0 458187 0 801355
1786797519.603734 462809 44439 3435 2109 0 458187 0 933065
1786797520.604342 462809 48031 3435 2109 0 458187 0 938441
1786797521.499280 462809 45222 3435 2109 0 458187 0 808379
1786797522.600203 462809 45222 3435 2109 0 458187 0 826914
1786797523.696557 462809 45310 3435 2109 0 458187 0 938321
1786797524.414467 462809 39005 3435 2109 0 458187 0 813746
1786797525.413458 462809 39005 3435 2109 0 458187 0 813746
1786797526.597965 462809 44166 3435 2109 0 458187 0 840985
1786797527.503715 462809 34709 3435 2109 0 458187 0 825996
1786797528.597008 462809 39680 3435 2109 0 458187 0 825996
1786797529.600935 462809 43031 3435 2109 0 458187 0 850163
1786797530.604223 462809 45900 3435 2109 0 458187 0 835512
1786797531.503554 462809 40700 3435 2109 0 458187 0 835513
1786797532.694618 462809 40748 3435 2109 0 458187 0 829686
1786797533.606104 462809 43828 3435 2109 0 458187 0 852497
1786797534.605851 462809 46396 3435 2109 0 458187 0 858741
1786797535.503204 462809 44595 3435 2109 0 458187 0 841449
1786797536.606770 462809 45112 3435 2109 0 458187 0 853581
1786797537.605124 462809 45112 3435 2109 0 458187 0 859213
1786797538.599327 462809 47936 3435 2109 0 458187 0 864806
1786797539.603381 462809 43472 3435 2109 0 458187 0 839622
1786797540.696818 462809 43475 3435 2109 0 458187 0 859438
1786797541.605009 462809 46067 3435 2109 0 458187 0 868142
1786797542.503005 462809 45309 3435 2109 0 458187 0 851874
1786797543.589387 462809 45309 3435 2109 0 458187 0 851874
1786797544.603566 462809 45565 3435 2109 0 458187 0 875785
1786797545.603918 462809 47782 3435 2109 0 458187 0 960657
1786797546.497377 462809 44958 3435 2109 0 458187 0 860477
1786797547.503936 462809 44958 3435 2109 0 458187 0 860477
1786797548.605261 462809 45318 3435 2109 0 458187 0 883620
1786797549.691576 462809 49376 3435 2109 0 458187 0 973882
1786797550.501884 462809 46834 3435 2109 0 458187 0 865574
1786797551.691259 462809 46695 3435 2109 0 458187 0 884877
1786797552.692601 462809 46695 3435 2109 0 458187 0 984492
1786797553.492210 462809 44119 3435 2109 0 458187 0 870392
1786797554.489935 462809 44119 3435 2109 0 458187 0 870392
1786797555.606592 462809 45087 3435 2109 0 458187 0 896863
1786797556.502283 462809 45599 3435 2109 0 458187 0 882643
1786797557.502691 462809 45599 3435 2109 0 458187 0 882643
1786797558.696845 462809 45618 3435 2109 0 458187 0 906042
1786797559.694523 462809 47729 3435 2109 0 458187 0 1015276
1786797560.503888 462809 45387 3435 2109 0 458187 0 892347
1786797561.509242 462809 45388 3435 2109 0 458187 0 889047
1786797562.602325 462809 45688 3435 2109 0 458187 0 910911
1786797563.605284 462809 47863 3435 2109 0 458187 0 916543
1786797564.507093 462809 43972 3435 2109 0 458187 0 901298
1786797565.507556 462809 44349 3435 2109 0 458187 0 893828
1786797566.603969 462809 45634 3435 2109 0 458187 0 944834
1786797567.605355 462809 49228 3435 2109 0 458187 0 950210
1786797568.502623 462809 44684 3435 2109 0 458187 0 903815
1786797569.793365 462809 45637 3435 2109 0 458187 0 1027368
1786797570.694316 462809 46671 3435 2109 0 458187 0 1035816
1786797571.503878 462809 44944 3435 2109 0 458187 0 908322
1786797572.506436 462809 44944 3435 2109 0 458187 0 908322
1786797573.690997 462809 45202 3435 2109 0 458187 0 932181
1786797574.695542 462809 48367 3435 2109 0 458187 0 984816
1786797575.505185 462809 47853 3435 2109 0 458187 0 918272
1786797576.696639 462809 47333 3435 2109 0 458187 0 937063
1786797577.695485 462809 47448 3435 2109 0 458187 0 1043113
1786797578.509543 462809 43946 3435 2109 0 458187 0 922747
1786797579.507479 462809 43946 3435 2109 0 458187 0 922747
1786797580.700284 462809 44971 3435 2109 0 458187 0 1057774
1786797581.691348 462809 49095 3435 2109 0 458187 0 945936
1786797582.493365 462809 50638 3435 2109 0 458187 0 932099
1786797583.606060 462809 50897 3435 2109 0 458187 0 953194
1786797584.691064 462809 50920 3435 2109 0 458187 0 961898
1786797585.508514 462809 44767 3435 2109 0 458187 0 944349
1786797586.694806 462809 44864 3435 2109 0 458187 0 963396
1786797587.692009 462809 46927 3435 2109 0 458187 0 969540
1786797588.700262 462809 49504 3435 2109 0 458187 0 953850
1786797589.510179 462809 46646 3435 2109 0 458187 0 953852
1786797590.605433 462809 47582 3435 2109 0 458187 0 960624
1786797591.702270 462809 48025 3435 2109 0 458187 0 1068578
1786797592.700633 462809 48614 3435 2109 0 458187 0 1041343
1786797593.509471 462809 46018 3435 2109 0 458187 0 958315
1786797594.509406 462809 46000 3435 2109 0 458187 0 950271
1786797595.690625 462809 45742 3435 2109 0 458187 0 973926
1786797596.696752 462809 48257 3435 2109 0 458187 0 980070
1786797597.500388 462809 44215 3435 2109 0 458187 0 954272
1786797598.591192 462809 44215 3435 2109 0 458187 0 970381
1786797599.693618 462809 47392 3435 2109 0 458187 0 982023
1786797600.508408 462809 45152 3435 2109 0 458187 0 966523
1786797601.505812 462809 45152 3435 2109 0 458187 0 966523
1786797602.693208 462809 46149 3435 2109 0 458187 0 990434
1786797603.695273 462809 48350 3435 2109 0 458187 0 976151
1786797604.504990 462809 45270 3435 2109 0 458187 0 976152
1786797605.506748 462809 45337 3435 2109 0 458187 0 973289
1786797606.698345 462809 46109 3435 2109 0 458187 0 996688
1786797607.691569 462809 49189 3435 2109 0 458187 0 1002320
1786797608.511971 462809 46783 3435 2109 0 458187 0 981571
1786797609.504164 462809 46783 3435 2109 0 458187 0 981571
1786797610.606510 462809 46802 3435 2109 0 458187 0 1003690
1786797611.691431 462809 49713 3435 2109 0 458187 0 985539
1786797612.501966 462809 42497 3435 2109 0 458187 0 985540
1786797613.605096 462809 44300 3435 2109 0 458187 0 1006123
1786797614.607338 462809 48673 3435 2109 0 458187 0 1014571
1786797615.510689 462809 46103 3435 2109 0 458187 0 997791
1786797616.689046 462809 46103 3435 2109 0 458187 0 997791
1786797617.693257 462809 47192 3435 2109 0 458187 0 1022214
1786797618.693911 462809 49832 3435 2109 0 458187 0 1007495
1786797619.509722 462809 46241 3435 2109 0 458187 0 1007496
1786797620.698691 462809 46755 3435 2109 0 458187 0 1026543
1786797621.701225 464601 48273 3435 2109 0 459979 0 1130636
1786797622.700005 464601 51102 3435 2109 0 459979 0 1078062
1786797623.511688 464601 47311 3435 2109 0 459979 0 1011214
1786797624.506860 464601 47317 3435 2109 0 459979 0 1003988
1786797625.700263 464601 47643 3435 2109 0 459979 0 1056745
1786797626.695286 464601 50282 3435 2109 0 459979 0 1013646
1786797627.589653 464601 46722 3435 2109 0 459979 0 1013648
1786797628.705400 464601 46979 3435 2109 0 459979 0 1033207
1786797629.792236 464601 49329 3435 2109 0 459979 0 1153856
1786797630.508229 464601 49341 3435 2109 0 459979 0 1022807
1786797631.506406 464601 49852 3435 2109 0 459979 0 1022807
1786797632.701876 464601 49364 3435 2109 0 459979 0 1044670
1786797633.699205 464601 50699 3435 2109 0 459979 0 1032737
1786797634.509919 464601 47611 3435 2109 0 459979 0 1032739
1786797635.606071 464601 47611 3435 2109 0 459979 0 1032739
1786797636.697477 464601 48715 3435 2109 0 459979 0 1146463
1786797637.792104 464601 51808 3435 2109 0 459979 0 1151839
1786797638.506409 464601 53884 3435 2109 0 459979 0 1037204
1786797639.704259 464601 53884 3435 2109 0 459979 0 1055739
1786797640.701211 464601 54412 3435 2109 0 459979 0 1182070
1786797641.499939 464601 46188 3435 2109 0 459979 0 1040937
1786797642.501942 464601 46188 3435 2109 0 459979 0 1040937
1786797643.701388 464601 49171 3435 2109 0 459979 0 1066384
1786797644.591216 464601 46819 3435 2109 0 459979 0 1053187
1786797645.590231 464601 46819 3435 2109 0 459979 0 1053187
1786797646.698367 464601 47587 3435 2109 0 459979 0 1074794
1786797647.705504 464601 50413 3435 2109 0 459979 0 1190081
1786797648.602643 464601 48103 3435 2109 0 459979 0 1062727
1786797649.600894 464601 48010 3435 2109 0 459979 0 1058739
1786797650.701936 464601 48011 3435 2109 0 459979 0 1078555
1786797651.697616 464601 49542 3435 2109 0 459979 0 1083931
1786797652.703562 464601 51729 3435 2109 0 459979 0 1068176
1786797653.594987 464601 40208 3435 2109 0 459979 0 1068176
1786797654.706577 464601 46148 3435 2109 0 459979 0 1182515
1786797655.704613 464601 50753 3435 2109 0 459979 0 1190195
1786797656.501926 464601 48979 3435 2109 0 459979 0 1076348
1786797657.498587 464601 48979 3435 2109 0 459979 0 1076348
1786797658.699508 464601 50000 3435 2109 0 459979 0 1103075
1786797659.591266 464601 50005 3435 2109 0 459979 0 1088599
1786797660.594273 464601 50005 3435 2109 0 459979 0 1088599
1786797661.697792 464601 50982 3435 2109 0 459979 0 1111486
1786797662.790040 464601 53054 3435 2109 0 459979 0 1223822
1786797663.511175 464601 50823 3435 2109 0 459979 0 1098209
1786797664.509569 464601 50823 3435 2109 0 459979 0 1098209
1786797665.702195 464601 49185 3435 2109 0 459979 0 1210398
1786797666.701277 464601 52773 3435 2109 0 459979 0 1215774
1786797667.510699 464601 45076 3435 2109 0 459979 0 1101420
1786797668.508095 464601 45076 3435 2109 0 459979 0 1101420
1786797669.701812 464601 48695 3435 2109 0 459979 0 1113520
1786797670.702853 464601 52025 3435 2109 0 459979 0 1118896
1786797671.591164 464601 48433 3435 2109 0 459979 0 1104417
1786797672.592849 464601 48433 3435 2109 0 459979 0 1104417
1786797673.792253 464601 48282 3435 2109 0 459979 0 1117563
1786797674.602928 464601 52129 3435 2109 0 459979 0 1107437
1786797675.593544 464601 48529 3435 2109 0 459979 0 1107439
1786797676.703072 464601 48535 3435 2109 0 459979 0 1126998
1786797677.705421 464601 50073 3435 2109 0 459979 0 1133142
1786797678.703607 464601 52661 3435 2109 0 459979 0 1117163
1786797679.593056 464601 47511 3435 2109 0 459979 0 1117164
1786797680.597995 464601 45290 3435 2109 0 459979 0 1114332
1786797681.389634 464601 42960 3435 2109 0 459979 0 1106607
1786797682.369149 464601 43471 3435 2109 0 459979 0 1106607
1786797683.389267 464601 42972 3435 2109 0 459979 0 1102931
1786797684.369138 464601 42972 3435 2109 0 459979 0 1102931
1786797685.371648 464601 43485 3435 2109 0 459979 0 1098072
1786797686.368945 464601 43485 3435 2109 0 459979 0 1098072
1786797687.489851 464601 43070 3435 2109 0 459979 0 1097068
1786797688.368948 464601 43073 3435 2109 0 459979 0 1097069
1786797689.392293 464601 43316 3435 2109 0 459979 0 1156159
1786797690.371632 464601 43316 3435 2109 0 459979 0 1156159
1786797691.390162 464601 43316 3435 2109 0 459979 0 1156159
1786797692.371652 464601 43827 3435 2109 0 459979 0 1156159
1786797693.389724 464601 43827 3435 2109 0 459979 0 1156160
1786797694.371649 464601 43827 3435 2109 0 459979 0 1156160
1786797695.371287 464601 43827 3435 2109 0 459979 0 1156160
1786797696.389966 464601 43827 3435 2109 0 459979 0 1156160
1786797697.371900 464601 43827 3435 2109 0 459979 0 1156160
1786797698.389933 464601 43827 3435 2109 0 459979 0 1156160
1786797699.388927 464601 43827 3435 2109 0 459979 0 1156160
1786797700.500930 466649 45327 3435 2109 0 462027 0 1080319
1786797701.368128 466649 45327 3435 2109 0 462027 0 1080322
1786797702.368135 466649 45327 3435 2109 0 462027 0 1080322
1786797703.368100 466649 45327 3435 2109 0 462027 0 1080323
1786797704.368019 466649 45327 3435 2109 0 462027 0 1080323
1786797705.368238 466649 45327 3435 2109 0 462027 0 1080323
1786797706.368509 466649 45327 3435 2109 0 462027 0 1080323
1786797707.368310 466649 45327 3435 2109 0 462027 0 1080323
1786797708.494583 466649 44630 3435 2109 0 462027 0 1061060
1786797709.367460 466649 44631 3435 2109 0 462027 0 1061062
1786797710.367418 466649 44631 3435 2109 0 462027 0 1061062
1786797711.367363 466649 44631 3435 2109 0 462027 0 1061062
1786797712.367665 466649 44631 3435 2109 0 462027 0 1061062
1786797713.367246 466649 45142 3435 2109 0 462027 0 1061063
1786797714.367116 466649 45142 3435 2109 0 462027 0 1061063
1786797715.367502 466649 45142 3435 2109 0 462027 0 1061063
1786797716.367346 466649 45142 3435 2109 0 462027 0 1061063
1786797717.367379 466649 45142 3435 2109 0 462027 0 1061063
1786797718.367473 466649 45142 3435 2109 0 462027 0 1061063
1786797719.364454 466649 45304 3435 2109 0 462027 0 997273
1786797720.364577 466649 45304 3435 2109 0 462027 0 997273
1786797721.364628 466649 45304 3435 2109 0 462027 0 997273
1786797722.364580 466649 45304 3435 2109 0 462027 0 997273
1786797723.364539 466649 45815 3435 2109 0 462027 0 997274
1786797724.364615 466649 45815 3435 2109 0 462027 0 997274
1786797725.364848 466649 45815 3435 2109 0 462027 0 997274
1786797726.364914 466649 45815 3435 2109 0 462027 0 997274
1786797727.364763 466649 45815 3435 2109 0 462027 0 997274
1786797728.364497 466649 45815 3435 2109 0 462027 0 997274
1786797729.364423 466649 44999 3435 2109 0 462027 0 997274
1786797730.501007 466649 45799 3435 2109 0 462027 0 976261
1786797731.498725 467680 64476 3458 2109 0 463051 0 976264
1786797732.499683 521440 107107 3458 2109 0 516811 0 976264
1786797733.496919 560352 149217 3458 2109 0 555723 0 976264
1786797734.498457 613600 189768 3458 2109 0 608971 0 976264
1786797735.494538 648928 232865 3458 2109 0 644299 0 976264
1786797736.496935 689888 272877 3458 2109 0 685259 0 976264
1786797737.495109 742112 312866 3458 2109 0 737483 0 976264
1786797738.497544 799456 354886 3458 2109 0 794827 0 976264
1786797739.495040 799456 395849 3458 2109 0 794827 0 976264
1786797740.497879 870624 439348 3458 2109 0 865995 0 976264
1786797741.494148 952544 481296 3458 2109 0 947915 0 976264
1786797742.495640 952544 523748 3458 2109 0 947915 0 976264
1786797743.500005 956640 566483 3458 2109 0 952011 0 976264
1786797744.495880 1054944 607330 3458 2109 0 1050315 0 976264
1786797745.494726 1054944 649708 3458 2109 0 1050315 0 976264
1786797746.494783 1174752 691549 3458 2109 0 1170123 0 976264
1786797747.495650 1174752 734920 3458 2109 0 1170123 0 976264
1786797748.498062 1174752 776729 3458 2109 0 1170123 0 976264
1786797749.493595 1305824 819029 3458 2109 0 1301195 0 976264
1786797750.496524 1311968 861319 3458 2109 0 1307339 0 976264
1786797751.494787 1311968 903587 3458 2109 0 1307339 0 976264
1786797752.499004 1475808 946356 3458 2109 0 1471179 0 976264
1786797753.495386 1475808 988237 3458 2109 0 1471179 0 976264
1786797754.494625 1475808 1030443 3458 2109 0 1471179 0 976264
1786797755.495947 1482976 1073149 3458 2109 0 1478347 0 976264
1786797756.495600 1485025 1096286 3458 2109 0 1480395 0 976264
1786797757.496321 1485025 1096286 3458 2109 0 1480395 0 976264
1786797758.495752 1485025 1096286 3458 2109 0 1480395 0 976264
1786797759.494806 1485025 1096286 3458 2109 0 1480395 0 976264
1786797760.497113 1485025 1096286 3458 2109 0 1480395 0 976264
1786797761.497607 1485025 1096286 3458 2109 0 1480395 0 976264
1786797762.495327 1485025 1096286 3458 2109 0 1480395 0 976264
1786797763.495275 1485025 1096286 3458 2109 0 1480395 0 976264
1786797764.495475 1485025 1096286 3458 2109 0 1480395 0 976264
1786797765.494358 1485025 1096286 3458 2109 0 1480395 0 976264
1786797766.497392 1485025 1096286 3458 2109 0 1480395 0 976264
1786797767.497973 1485025 1096286 3458 2109 0 1480395 0 976264
1786797768.496271 1485025 1096286 3458 2109 0 1480395 0 976264
1786797769.495549 1485025 1096286 3458 2109 0 1480395 0 976264
1786797770.494093 1485025 1096286 3458 2109 0 1480395 0 976264
1786797771.495564 1485025 1096286 3458 2109 0 1480395 0 976264
1786797772.498062 1485025 1096286 3458 2109 0 1480395 0 976264
1786797773.502428 1485025 1096286 3458 2109 0 1480395 0 976264
1786797774.494755 1485025 1096398 3458 2109 0 1480395 0 976264
1786797775.497415 1487074 1096380 3458 2109 0 1482443 0 976264
1786797776.497439 1487074 1096380 3458 2109 0 1482443 0 976264
1786797777.501888 1487074 1096380 3458 2109 0 1482443 0 976264
1786797778.499766 1487074 1096380 3458 2109 0 1482443 0 976264
1786797779.497958 1487074 1096380 3458 2109 0 1482443 0 976264
1786797780.501293 1487074 1096380 3458 2109 0 1482443 0 976264
1786797781.496431 1487074 1096380 3458 2109 0 1482443 0 976264
1786797782.495125 1487074 1096380 3458 2109 0 1482443 0 976264
1786797783.496740 1487074 1096380 3458 2109 0 1482443 0 976264
1786797784.497271 1487074 1096497 3458 2109 0 1482443 0 976264
1786797785.495310 1487074 1096497 3458 2109 0 1482443 0 976264
1786797786.496535 1487074 1096497 3458 2109 0 1482443 0 976264
1786797787.496154 1487074 1096497 3458 2109 0 1482443 0 976264
1786797788.498639 1487074 1096497 3458 2109 0 1482443 0 976264
1786797789.497600 1487074 1096497 3458 2109 0 1482443 0 976264
1786797790.496231 1487074 1096497 3458 2109 0 1482443 0 976264
1786797791.497124 1487074 1096497 3458 2109 0 1482443 0 976264
1786797792.494447 1487074 1096497 3458 2109 0 1482443 0 976264
1786797793.497512 1487074 1096497 3458 2109 0 1482443 0 976264
1786797794.505129 1489116 1096490 3451 2109 0 1484491 0 976264
1786797795.493933 1489116 1096490 3451 2109 0 1484491 0 976264
1786797796.494552 1489116 1096490 3451 2109 0 1484491 0 976264
1786797797.496823 1489116 1096490 3451 2109 0 1484491 0 976264
1786797798.498754 1489116 1096490 3451 2109 0 1484491 0 976264
1786797799.498937 1489116 1096490 3451 2109 0 1484491 0 976264
1786797800.496505 1489116 1096490 3451 2109 0 1484491 0 976264
1786797801.494494 1489116 1096490 3451 2109 0 1484491 0 976264
1786797802.498636 1489116 1096490 3451 2109 0 1484491 0 976264
1786797803.496942 1489116 1096490 3451 2109 0 1484491 0 976264
1786797804.496077 1489116 1096490 3451 2109 0 1484491 0 976264
1786797805.495837 1489116 1096607 3451 2109 0 1484491 0 976264
1786797806.495563 1489116 1096607 3451 2109 0 1484491 0 976264
1786797807.495166 1489116 1096607 3451 2109 0 1484491 0 976264
1786797808.498989 1489116 1096607 3451 2109 0 1484491 0 976264
1786797809.495164 1489116 1096607 3451 2109 0 1484491 0 976264
1786797810.496718 1489116 1096607 3451 2109 0 1484491 0 976264
1786797811.500454 1489116 1096607 3451 2109 0 1484491 0 976264
1786797812.498494 1489116 1096607 3451 2109 0 1484491 0 976264
1786797813.496701 1489116 1096607 3451 2109 0 1484491 0 976264
1786797814.497181 1489116 1096607 3451 2109 0 1484491 0 976264
1786797815.495715 1489116 1096726 3451 2109 0 1484491 0 976264
1786797816.494872 1489116 1096726 3451 2109 0 1484491 0 976264
1786797817.495591 1489116 1096726 3451 2109 0 1484491 0 976264
1786797818.498076 1489116 1096726 3451 2109 0 1484491 0 976264
1786797819.497609 1489116 1096726 3451 2109 0 1484491 0 976264
1786797820.495551 1489116 1096726 3451 2109 0 1484491 0 976264
1786797821.496087 1489116 1096726 3451 2109 0 1484491 0 976264
1786797822.495771 1489116 1096726 3451 2109 0 1484491 0 976264
1786797823.495616 1489116 1096726 3451 2109 0 1484491 0 976264
1786797824.496562 1489116 1096726 3451 2109 0 1484491 0 976264
1786797825.496398 1489116 1096726 3451 2109 0 1484491 0 976264
1786797826.499584 1489116 1096726 3451 2109 0 1484491 0 976264
1786797827.496821 1489116 1096726 3451 2109 0 1484491 0 976264
1786797828.496266 1489116 1096726 3451 2109 0 1484491 0 976264
1786797829.496957 1489116 1096726 3451 2109 0 1484491 0 976264
1786797830.495285 1489116 1096726 3451 2109 0 1484491 0 976264
1786797831.498711 1489116 1096726 3451 2109 0 1484491 0 976264
1786797832.498886 1489116 1096726 3451 2109 0 1484491 0 976264
1786797833.495429 1489116 1096726 3451 2109 0 1484491 0 976264
1786797834.495908 1489116 1096726 3451 2109 0 1484491 0 976264
1786797835.494753 1489116 1097230 3451 2109 0 1484491 0 976264
1786797836.497606 1489116 1097230 3451 2109 0 1484491 0 976264
1786797837.495256 1489116 1097230 3451 2109 0 1484491 0 976264
1786797838.495445 1489116 1097230 3451 2109 0 1484491 0 976264
1786797839.499023 1489116 1097230 3451 2109 0 1484491 0 976264
1786797840.496117 1489116 1097230 3451 2109 0 1484491 0 976264
1786797841.496049 1489116 1097230 3451 2109 0 1484491 0 976264
1786797842.499694 1489116 1097230 3451 2109 0 1484491 0 976264
1786797843.498575 1489116 1097230 3451 2109 0 1484491 0 976264
1786797844.495534 1489116 1097230 3451 2109 0 1484491 0 976264
1786797845.492921 1489116 1097230 3451 2109 0 1484491 0 976264
1786797846.497250 1489116 1097720 3451 2109 0 1484491 0 976264
1786797847.493062 1489116 1097720 3451 2109 0 1484491 0 976264
1786797848.496994 1489116 1097720 3451 2109 0 1484491 0 976264
1786797849.495766 1489116 1097720 3451 2109 0 1484491 0 976264
1786797850.498723 1489116 1097720 3451 2109 0 1484491 0 976264
1786797851.495756 1489116 1097720 3451 2109 0 1484491 0 976264
1786797852.498825 1489116 1097720 3451 2109 0 1484491 0 976264
1786797853.497638 1489116 1097720 3451 2109 0 1484491 0 976264
1786797854.496311 1489116 1097720 3451 2109 0 1484491 0 976264
1786797855.495319 1489116 1097720 3451 2109 0 1484491 0 976264
1786797856.497711 1489116 1097720 3451 2109 0 1484491 0 976264
1786797857.496456 1489116 1097720 3451 2109 0 1484491 0 976264
1786797858.496290 1489116 1097720 3451 2109 0 1484491 0 976264
1786797859.497777 1489116 1097720 3451 2109 0 1484491 0 976264
1786797860.505052 1489116 1097720 3451 2109 0 1484491 0 976264
1786797861.497445 1489756 1097771 3451 2109 0 1485131 0 976264
1786797862.496728 1489756 1097771 3451 2109 0 1485131 0 976264
1786797863.495763 1489756 1097771 3451 2109 0 1485131 0 976282
1786797864.498746 1489756 1097771 3451 2109 0 1485131 0 976282
1786797865.495060 1489756 1097771 3451 2109 0 1485131 0 976282
1786797866.496054 1489756 1098247 3451 2109 0 1485131 0 976282
1786797867.496432 1489756 1098247 3451 2109 0 1485131 0 976282
1786797868.496138 1489756 1098247 3451 2109 0 1485131 0 976282
1786797869.496311 1489756 1098247 3451 2109 0 1485131 0 976282
1786797870.498078 1489756 1098247 3451 2109 0 1485131 0 976282
1786797871.498668 1489756 1098247 3451 2109 0 1485131 0 976282
1786797872.497660 1489756 1098247 3451 2109 0 1485131 0 976282
1786797873.493139 1489756 1098247 3451 2109 0 1485131 0 976282
1786797874.498105 1489756 1098247 3451 2109 0 1485131 0 976282
1786797875.496368 1489756 1098247 3451 2109 0 1485131 0 976282
1786797876.497321 1489756 1098709 3451 2109 0 1485131 0 976282
1786797877.495804 1489756 1098709 3451 2109 0 1485131 0 976282
1786797878.497897 1489756 1098709 3451 2109 0 1485131 0 976282
1786797879.495918 1489756 1098709 3451 2109 0 1485131 0 976282
1786797880.494839 1489756 1098709 3451 2109 0 1485131 0 976282
1786797881.495443 1489756 1098709 3451 2109 0 1485131 0 976282
1786797882.497371 1489756 1098709 3451 2109 0 1485131 0 976282
1786797883.495110 1489756 1098709 3451 2109 0 1485131 0 976282
1786797884.496076 1489756 1098709 3451 2109 0 1485131 0 976282
1786797885.498384 1489756 1098709 3451 2109 0 1485131 0 976282
1786797886.496199 1489756 1098709 3451 2109 0 1485131 0 976282
1786797887.498140 1489756 1098709 3451 2109 0 1485131 0 976282
1786797888.495830 1489756 1098709 3451 2109 0 1485131 0 976282
1786797889.499038 1489756 1098709 3451 2109 0 1485131 0 976282
1786797890.497880 1489756 1098709 3451 2109 0 1485131 0 976282
1786797891.497373 1489756 1098709 3451 2109 0 1485131 0 976282
1786797892.495592 1489756 1098709 3451 2109 0 1485131 0 976282
1786797893.497173 1489756 1098709 3451 2109 0 1485131 0 976282
1786797894.496702 1489756 1098709 3451 2109 0 1485131 0 976282
1786797895.501697 1489756 1098709 3451 2109 0 1485131 0 976282
1786797896.499779 1489756 1098709 3451 2109 0 1485131 0 976282
1786797897.496486 1489756 1099157 3451 2109 0 1485131 0 976282
1786797898.496741 1489756 1099157 3451 2109 0 1485131 0 976282
1786797899.495779 1489756 1099157 3451 2109 0 1485131 0 976282
1786797900.496568 1489756 1099157 3451 2109 0 1485131 0 976282
1786797901.497694 1489756 1099157 3451 2109 0 1485131 0 976282
1786797902.495211 1489756 1099157 3451 2109 0 1485131 0 976282
1786797903.496060 1489756 1099157 3451 2109 0 1485131 0 976282
1786797904.500232 1489756 1099157 3451 2109 0 1485131 0 976282
1786797905.494809 1489756 1099157 3451 2109 0 1485131 0 976282
1786797906.496132 1489756 1099157 3451 2109 0 1485131 0 976282
1786797907.497764 1489756 1099591 3451 2109 0 1485131 0 976282
1786797908.495809 1489756 1099591 3451 2109 0 1485131 0 976282
1786797909.494623 1489756 1099591 3451 2109 0 1485131 0 976282
1786797910.498263 1489756 1099591 3451 2109 0 1485131 0 976282
1786797911.496990 1489756 1099591 3451 2109 0 1485131 0 976282
1786797912.497744 1489756 1099591 3451 2109 0 1485131 0 976282
1786797913.498041 1489756 1099591 3451 2109 0 1485131 0 976282
1786797914.496593 1489756 1099591 3451 2109 0 1485131 0 976282
1786797915.497028 1489756 1099591 3451 2109 0 1485131 0 976282
1786797916.495965 1489756 1099591 3451 2109 0 1485131 0 976282
1786797917.496859 1489756 1099591 3451 2109 0 1485131 0 976282
1786797918.496848 1489756 1099591 3451 2109 0 1485131 0 976282
1786797919.497044 1489756 1099591 3451 2109 0 1485131 0 976282
1786797920.495446 1489756 1099591 3451 2109 0 1485131 0 976282
1786797921.494581 1489756 1099591 3451 2109 0 1485131 0 976282
1786797922.498943 1489756 1099591 3451 2109 0 1485131 0 976282
1786797923.496606 1489756 1099591 3451 2109 0 1485131 0 976282
1786797924.495806 1489756 1099591 3451 2109 0 1485131 0 976282
1786797925.496552 1489756 1099591 3451 2109 0 1485131 0 976282
1786797926.497193 1489756 1099591 3451 2109 0 1485131 0 976282
1786797927.495054 1489756 1099591 3451 2109 0 1485131 0 976282
1786797928.496974 1489756 1100011 3451 2109 0 1485131 0 976282
1786797929.495050 1489756 1100011 3451 2109 0 1485131 0 976282
1786797930.497328 1489756 1100011 3451 2109 0 1485131 0 976282
1786797931.498891 1489756 1100011 3451 2109 0 1485131 0 976282
1786797932.495786 1489756 1100011 3451 2109 0 1485131 0 976282
1786797933.498376 1489756 1100011 3451 2109 0 1485131 0 976282
1786797934.495860 1489756 1100011 3451 2109 0 1485131 0 976282
1786797935.495626 1489756 1100011 3451 2109 0 1485131 0 976282
1786797936.495814 1489756 1100011 3451 2109 0 1485131 0 976282
1786797937.494851 1489756 1100011 3451 2109 0 1485131 0 976282
1786797938.496649 1489756 1100417 3451 2109 0 1485131 0 976282
1786797939.495762 1489756 1100417 3451 2109 0 1485131 0 976282
1786797940.499899 1489756 1100417 3451 2109 0 1485131 0 976282
1786797941.500380 1489756 1100417 3451 2109 0 1485131 0 976282
1786797942.495564 1489756 1100417 3451 2109 0 1485131 0 976282
1786797943.496486 1489756 1100417 3451 2109 0 1485131 0 976282
1786797944.495556 1489756 1100417 3451 2109 0 1485131 0 976282
1786797945.496452 1489756 1100417 3451 2109 0 1485131 0 976282
1786797946.496150 1489756 1100417 3451 2109 0 1485131 0 976282
1786797947.497192 1489756 1100417 3451 2109 0 1485131 0 976282
1786797948.499332 1489756 1100417 3451 2109 0 1485131 0 976282
1786797949.495297 1489756 1100417 3451 2109 0 1485131 0 976282
1786797950.494980 1489756 1100417 3451 2109 0 1485131 0 976282
1786797951.495348 1489756 1100417 3451 2109 0 1485131 0 976282
1786797952.492688 1489756 1100417 3451 2109 0 1485131 0 976282
1786797953.494348 1489756 1100417 3451 2109 0 1485131 0 976282
1786797954.496543 1489756 1100417 3451 2109 0 1485131 0 976282
1786797955.496227 1489756 1100417 3451 2109 0 1485131 0 976282
1786797956.496317 1489756 1100417 3451 2109 0 1485131 0 976282
1786797957.496946 1489756 1100417 3451 2109 0 1485131 0 976282
1786797958.495617 1489756 1100809 3451 2109 0 1485131 0 976282
1786797959.495519 1489756 1100809 3451 2109 0 1485131 0 976282
1786797960.495885 1489756 1100809 3451 2109 0 1485131 0 976282
1786797961.494722 1489756 1100809 3451 2109 0 1485131 0 976282
1786797962.495568 1489756 1100809 3451 2109 0 1485131 0 976282
1786797963.496555 1489756 1100809 3451 2109 0 1485131 0 976282
1786797964.494740 1489756 1100809 3451 2109 0 1485131 0 976282
1786797965.495856 1489756 1100809 3451 2109 0 1485131 0 976282
1786797966.495945 1489756 1100809 3451 2109 0 1485131 0 976282
1786797967.495822 1489756 1100809 3451 2109 0 1485131 0 976282
1786797968.496878 1489756 1100809 3451 2109 0 1485131 0 976282
1786797969.495936 1489756 1101187 3451 2109 0 1485131 0 976282
1786797970.495873 1489756 1101187 3451 2109 0 1485131 0 976282
1786797971.495771 1489756 1101187 3451 2109 0 1485131 0 976282
1786797972.497254 1489756 1101187 3451 2109 0 1485131 0 976282
1786797973.498951 1489756 1101187 3451 2109 0 1485131 0 976282
1786797974.497754 1489756 1101187 3451 2109 0 1485131 0 976282
1786797975.496122 1489756 1101187 3451 2109 0 1485131 0 976282
1786797976.493870 1489756 1101187 3451 2109 0 1485131 0 976282
1786797977.496381 1489756 1101187 3451 2109 0 1485131 0 976282
1786797978.493846 1489756 1101187 3451 2109 0 1485131 0 976282
1786797979.497795 1489756 1101187 3451 2109 0 1485131 0 976282
1786797980.495052 1489756 1101187 3451 2109 0 1485131 0 976282
1786797981.497718 1489756 1101187 3451 2109 0 1485131 0 976282
1786797982.494476 1489756 1101187 3451 2109 0 1485131 0 976282
1786797983.494736 1489756 1101187 3451 2109 0 1485131 0 976282
1786797984.497993 1489756 1101187 3451 2109 0 1485131 0 976282
1786797985.498971 1489756 1101187 3451 2109 0 1485131 0 976282
1786797986.497655 1489756 1101187 3451 2109 0 1485131 0 976282
1786797987.495986 1489756 1101187 3451 2109 0 1485131 0 976282
1786797988.494388 1489756 1101187 3451 2109 0 1485131 0 976282
1786797989.496074 1489756 1101551 3451 2109 0 1485131 0 976282
1786797990.495965 1489756 1101551 3451 2109 0 1485131 0 976282
1786797991.494455 1489756 1101551 3451 2109 0 1485131 0 976282
1786797992.498682 1489756 1101551 3451 2109 0 1485131 0 976282
1786797993.497660 1489756 1101551 3451 2109 0 1485131 0 976282
1786797994.498452 1489756 1101551 3451 2109 0 1485131 0 976282
1786797995.498180 1489756 1101551 3451 2109 0 1485131 0 976282
1786797996.495939 1489756 1101551 3451 2109 0 1485131 0 976282
1786797997.495877 1489756 1101551 3451 2109 0 1485131 0 976282
1786797998.495686 1489756 1101551 3451 2109 0 1485131 0 976282
1786797999.495155 1489756 1101901 3451 2109 0 1485131 0 976282
1786798000.498913 1489756 1101901 3451 2109 0 1485131 0 976282
1786798001.497262 1489756 1101901 3451 2109 0 1485131 0 976282
1786798002.497985 1489756 1101901 3451 2109 0 1485131 0 976282
1786798003.497100 1489756 1101901 3451 2109 0 1485131 0 976282
1786798004.495779 1489756 1101901 3451 2109 0 1485131 0 976282
1786798005.494574 1489756 1101901 3451 2109 0 1485131 0 976282
1786798006.496312 1489756 1101901 3451 2109 0 1485131 0 976282
1786798007.494795 1489756 1101901 3451 2109 0 1485131 0 976282
1786798008.495243 1489756 1101901 3451 2109 0 1485131 0 976282
1786798009.497701 1489756 1101901 3451 2109 0 1485131 0 976282
1786798010.495374 1489756 1101901 3451 2109 0 1485131 0 976282
1786798011.496197 1489756 1101901 3451 2109 0 1485131 0 976282
1786798012.494662 1489756 1101901 3451 2109 0 1485131 0 976282
1786798013.494881 1489756 1101901 3451 2109 0 1485131 0 976282
1786798014.496129 1489756 1101901 3451 2109 0 1485131 0 976282
1786798015.494832 1489756 1101901 3451 2109 0 1485131 0 976282
1786798016.495585 1489756 1101901 3451 2109 0 1485131 0 976282
1786798017.494858 1489756 1101901 3451 2109 0 1485131 0 976282
1786798018.497810 1489756 1101901 3451 2109 0 1485131 0 976282
1786798019.497347 1489756 1101901 3451 2109 0 1485131 0 976282
1786798020.495767 1489756 1102237 3451 2109 0 1485131 0 976282
1786798021.494814 1489756 1102237 3451 2109 0 1485131 0 976282
1786798022.493840 1489756 1102237 3451 2109 0 1485131 0 976282
1786798023.496170 1489756 1102237 3451 2109 0 1485131 0 976282
1786798024.496406 1489756 1102237 3451 2109 0 1485131 0 976282
1786798025.499784 1489756 1102237 3451 2109 0 1485131 0 976282
1786798026.496357 1489756 1102237 3451 2109 0 1485131 0 976282
1786798027.495027 1489756 1102237 3451 2109 0 1485131 0 976282
1786798028.497579 1489756 1102237 3451 2109 0 1485131 0 976282
1786798029.497042 1489756 1102237 3451 2109 0 1485131 0 976282
1786798030.496966 1489756 1102559 3451 2109 0 1485131 0 976282
1786798031.494991 1489756 1102559 3451 2109 0 1485131 0 976282
1786798032.496462 1489756 1102559 3451 2109 0 1485131 0 976282
1786798033.495335 1489756 1102559 3451 2109 0 1485131 0 976282
1786798034.498688 1489756 1102559 3451 2109 0 1485131 0 976282
1786798035.496834 1489756 1102559 3451 2109 0 1485131 0 976282
1786798036.494994 1489756 1102559 3451 2109 0 1485131 0 976282
1786798037.496022 1489756 1102559 3451 2109 0 1485131 0 976282
1786798038.497982 1489756 1102559 3451 2109 0 1485131 0 976282
1786798039.494534 1489756 1102559 3451 2109 0 1485131 0 976282
1786798040.496773 1489756 1102559 3451 2109 0 1485131 0 976282
1786798041.493965 1489756 1102559 3451 2109 0 1485131 0 976282
1786798042.494188 1489756 1102559 3451 2109 0 1485131 0 976282
1786798043.497919 1489756 1102559 3451 2109 0 1485131 0 976282
1786798044.495652 1489756 1102559 3451 2109 0 1485131 0 976282
1786798045.495994 1489756 1102559 3451 2109 0 1485131 0 976282
1786798046.504485 1489756 1102559 3451 2109 0 1485131 0 976282
1786798047.500228 1489756 1102559 3451 2109 0 1485131 0 976282
1786798048.495551 1489756 1102559 3451 2109 0 1485131 0 976282
1786798049.498625 1489756 1102559 3451 2109 0 1485131 0 976282
1786798050.496603 1489756 1102867 3451 2109 0 1485131 0 976282
1786798051.499015 1489756 1102867 3451 2109 0 1485131 0 976282
1786798052.495744 1489756 1102867 3451 2109 0 1485131 0 976282
1786798053.497315 1489756 1102867 3451 2109 0 1485131 0 976282
1786798054.500217 1489756 1102867 3451 2109 0 1485131 0 976282
1786798055.496011 1489756 1102867 3451 2109 0 1485131 0 976282
1786798056.498737 1489756 1102867 3451 2109 0 1485131 0 976282
1786798057.496404 1489756 1102867 3451 2109 0 1485131 0 976282
1786798058.498422 1489756 1102867 3451 2109 0 1485131 0 976282
1786798059.495792 1489756 1102867 3451 2109 0 1485131 0 976282
1786798060.494618 1489756 1102867 3451 2109 0 1485131 0 976282
1786798061.500563 1489756 1103161 3451 2109 0 1485131 0 976282
1786798062.501596 1489756 1103161 3451 2109 0 1485131 0 976282
1786798063.496496 1489756 1103161 3451 2109 0 1485131 0 976282
1786798064.498348 1489756 1103161 3451 2109 0 1485131 0 976282
1786798065.496250 1489756 1103161 3451 2109 0 1485131 0 976282
1786798066.496863 1489756 1103161 3451 2109 0 1485131 0 976282
1786798067.494738 1489756 1103161 3451 2109 0 1485131 0 976282
1786798068.500527 1489756 1103161 3451 2109 0 1485131 0 976282
1786798069.495882 1489756 1103161 3451 2109 0 1485131 0 976282
1786798070.495855 1489756 1103161 3451 2109 0 1485131 0 976282
1786798071.496620 1489756 1103161 3451 2109 0 1485131 0 976282
1786798072.496481 1489756 1103161 3451 2109 0 1485131 0 976282
1786798073.495859 1489756 1103161 3451 2109 0 1485131 0 976282
1786798074.495800 1489756 1103161 3451 2109 0 1485131 0 976282
1786798075.497115 1489756 1103161 3451 2109 0 1485131 0 976282
1786798076.494661 1489756 1103161 3451 2109 0 1485131 0 976282
1786798077.494443 1489756 1103161 3451 2109 0 1485131 0 976282
1786798078.495394 1489756 1103161 3451 2109 0 1485131 0 976282
1786798079.497841 1489756 1103161 3451 2109 0 1485131 0 976282
1786798080.498719 1489756 1103161 3451 2109 0 1485131 0 976282
1786798081.499776 1489756 1103441 3451 2109 0 1485131 0 976282
1786798082.498109 1489756 1103441 3451 2109 0 1485131 0 976282
1786798083.497322 1489756 1103441 3451 2109 0 1485131 0 976282
1786798084.498918 1489756 1103441 3451 2109 0 1485131 0 976282
1786798085.496375 1489756 1103441 3451 2109 0 1485131 0 976282
1786798086.495469 1489756 1103441 3451 2109 0 1485131 0 976282
1786798087.495651 1489756 1103441 3451 2109 0 1485131 0 976282
1786798088.495696 1489756 1103441 3451 2109 0 1485131 0 976282
1786798089.498126 1489756 1103441 3451 2109 0 1485131 0 976282
1786798090.498481 1489756 1103441 3451 2109 0 1485131 0 976282
1786798091.496608 1489756 1103707 3451 2109 0 1485131 0 976282
1786798092.497149 1489756 1103707 3451 2109 0 1485131 0 976282
1786798093.495462 1489756 1103707 3451 2109 0 1485131 0 976282
1786798094.497558 1489756 1103707 3451 2109 0 1485131 0 976282
1786798095.495478 1489756 1103707 3451 2109 0 1485131 0 976282
1786798096.494553 1489756 1103707 3451 2109 0 1485131 0 976282
1786798097.497482 1489756 1103707 3451 2109 0 1485131 0 976282
1786798098.494761 1489756 1103707 3451 2109 0 1485131 0 976282
1786798099.495574 1489756 1103707 3451 2109 0 1485131 0 976282
1786798100.496670 1489756 1103707 3451 2109 0 1485131 0 976282
1786798101.495810 1489756 1103707 3451 2109 0 1485131 0 976282
1786798102.497639 1489756 1103707 3451 2109 0 1485131 0 976282
1786798103.499841 1489756 1103707 3451 2109 0 1485131 0 976282
1786798104.496074 1489756 1103707 3451 2109 0 1485131 0 976282
1786798105.496183 1489756 1103707 3451 2109 0 1485131 0 976282
1786798106.495256 1489756 1103707 3451 2109 0 1485131 0 976282
1786798107.496481 1489756 1103707 3451 2109 0 1485131 0 976282
1786798108.497894 1489756 1103707 3451 2109 0 1485131 0 976282
1786798109.497324 1489756 1103707 3451 2109 0 1485131 0 976282
1786798110.498398 1489756 1103707 3451 2109 0 1485131 0 976282
1786798111.496614 1489756 1103707 3451 2109 0 1485131 0 976282
1786798112.499136 1489756 1103959 3451 2109 0 1485131 0 976282
1786798113.496646 1489756 1103959 3451 2109 0 1485131 0 976282
1786798114.495437 1489756 1103959 3451 2109 0 1485131 0 976282
1786798115.500228 1489756 1103959 3451 2109 0 1485131 0 976282
1786798116.501141 1489756 1103959 3451 2109 0 1485131 0 976282
1786798117.495978 1489756 1103959 3451 2109 0 1485131 0 976282
1786798118.494761 1489756 1103959 3451 2109 0 1485131 0 976282
1786798119.498338 1489756 1103959 3451 2109 0 1485131 0 976282
1786798120.497891 1489756 1103959 3451 2109 0 1485131 0 976282
1786798121.497042 1489756 1103959 3451 2109 0 1485131 0 976282
1786798122.497750 1489756 1104197 3451 2109 0 1485131 0 976282
1786798123.497043 1489756 1104197 3451 2109 0 1485131 0 976282
1786798124.497563 1489756 1104197 3451 2109 0 1485131 0 976282
1786798125.499843 1489756 1104197 3451 2109 0 1485131 0 976282
1786798126.494009 1489756 1104197 3451 2109 0 1485131 0 976282
1786798127.494724 1489756 1104197 3451 2109 0 1485131 0 976282
1786798128.495265 1489756 1104197 3451 2109 0 1485131 0 976282
1786798129.495537 1489756 1104197 3451 2109 0 1485131 0 976282
1786798130.495999 1489756 1104197 3451 2109 0 1485131 0 976282
1786798131.498375 1489756 1104197 3451 2109 0 1485131 0 976282
1786798132.495164 1489756 1104197 3451 2109 0 1485131 0 976282
1786798133.494299 1489756 1104197 3451 2109 0 1485131 0 976282
1786798134.496132 1489756 1104197 3451 2109 0 1485131 0 976282
1786798135.498686 1489756 1104197 3451 2109 0 1485131 0 976282
1786798136.494210 1489756 1104197 3451 2109 0 1485131 0 976282
1786798137.496892 1489756 1104197 3451 2109 0 1485131 0 976282
1786798138.497715 1489756 1104197 3451 2109 0 1485131 0 976282
1786798139.497572 1489756 1104197 3451 2109 0 1485131 0 976282
1786798140.496489 1489756 1104197 3451 2109 0 1485131 0 976282
1786798141.497949 1489756 1104197 3451 2109 0 1485131 0 976282
1786798142.495707 1489756 1104197 3451 2109 0 1485131 0 976282
1786798143.495942 1489756 1104421 3451 2109 0 1485131 0 976282
1786798144.496228 1489756 1104421 3451 2109 0 1485131 0 976282
1786798145.496357 1489756 1104421 3451 2109 0 1485131 0 976282
1786798146.497930 1489756 1104421 3451 2109 0 1485131 0 976282
1786798147.495125 1489756 1104421 3451 2109 0 1485131 0 976282
1786798148.495547 1489756 1104421 3451 2109 0 1485131 0 976282
1786798149.494748 1489756 1104421 3451 2109 0 1485131 0 976282
1786798150.499137 1489756 1104421 3451 2109 0 1485131 0 976282
1786798151.496319 1489756 1104421 3451 2109 0 1485131 0 976282
1786798152.495054 1489756 1104421 3451 2109 0 1485131 0 976282
1786798153.498706 1489756 1104631 3451 2109 0 1485131 0 976282
1786798154.495219 1489756 1104631 3451 2109 0 1485131 0 976282
1786798155.496321 1489756 1104631 3451 2109 0 1485131 0 976282
1786798156.495619 1489756 1104631 3451 2109 0 1485131 0 976282
1786798157.495273 1489756 1104631 3451 2109 0 1485131 0 976282
1786798158.496550 1489756 1104631 3451 2109 0 1485131 0 976282
1786798159.495599 1489756 1104631 3451 2109 0 1485131 0 976282
1786798160.494766 1489756 1104631 3451 2109 0 1485131 0 976282
1786798161.495722 1489756 1104631 3451 2109 0 1485131 0 976282
1786798162.498340 1489756 1104631 3451 2109 0 1485131 0 976282
1786798163.497840 1489756 1104631 3451 2109 0 1485131 0 976282
1786798164.497308 1489756 1104631 3451 2109 0 1485131 0 976282
1786798165.495270 1489756 1104631 3451 2109 0 1485131 0 976282
1786798166.495523 1489756 1104631 3451 2109 0 1485131 0 976282
1786798167.496497 1489756 1104631 3451 2109 0 1485131 0 976282
1786798168.495419 1489756 1104631 3451 2109 0 1485131 0 976282
1786798169.497787 1489756 1104631 3451 2109 0 1485131 0 976282
1786798170.495505 1489756 1104631 3451 2109 0 1485131 0 976282
1786798171.495765 1489756 1104631 3451 2109 0 1485131 0 976282
1786798172.497561 1489756 1104631 3451 2109 0 1485131 0 976282
1786798173.498140 1489756 1104827 3451 2109 0 1485131 0 976282
1786798174.495581 1489756 1104827 3451 2109 0 1485131 0 976282
1786798175.498744 1489756 1104827 3451 2109 0 1485131 0 976282
1786798176.497527 1489756 1104827 3451 2109 0 1485131 0 976282
1786798177.495380 1489756 1104827 3451 2109 0 1485131 0 976282
1786798178.495941 1489756 1104827 3451 2109 0 1485131 0 976282
1786798179.495811 1489756 1104827 3451 2109 0 1485131 0 976282
1786798180.495585 1489756 1104827 3451 2109 0 1485131 0 976282
1786798181.498847 1489756 1104827 3451 2109 0 1485131 0 976282
1786798182.498119 1489756 1104827 3451 2109 0 1485131 0 976282
1786798183.499241 1489756 1104827 3451 2109 0 1485131 0 976282
1786798184.496128 1489756 1105009 3451 2109 0 1485131 0 976282
1786798185.497164 1489756 1105009 3451 2109 0 1485131 0 976282
1786798186.495975 1489756 1105009 3451 2109 0 1485131 0 976282
1786798187.495937 1489756 1105009 3451 2109 0 1485131 0 976282
1786798188.499223 1489756 1105009 3451 2109 0 1485131 0 976282
1786798189.497724 1489756 1105009 3451 2109 0 1485131 0 976282
1786798190.496948 1489756 1105009 3451 2109 0 1485131 0 976282
1786798191.498963 1489756 1105009 3451 2109 0 1485131 0 976282
1786798192.497426 1489756 1105009 3451 2109 0 1485131 0 976282
1786798193.494506 1489756 1105009 3451 2109 0 1485131 0 976282
1786798194.496647 1489756 1105009 3451 2109 0 1485131 0 976282
1786798195.495612 1489756 1105009 3451 2109 0 1485131 0 976282
1786798196.495132 1489756 1105009 3451 2109 0 1485131 0 976282
1786798197.496786 1489756 1105009 3451 2109 0 1485131 0 976282
1786798198.499520 1489756 1105009 3451 2109 0 1485131 0 976282
1786798199.495489 1489756 1105009 3451 2109 0 1485131 0 976282
1786798200.500085 1489756 1105009 3451 2109 0 1485131 0 976282
1786798201.494552 1489756 1105009 3451 2109 0 1485131 0 976282
1786798202.500530 1489756 1105009 3451 2109 0 1485131 0 976282
1786798203.495362 1489756 1105009 3451 2109 0 1485131 0 976282
1786798204.497744 1489756 1105177 3451 2109 0 1485131 0 976282
1786798205.496215 1489756 1105177 3451 2109 0 1485131 0 976282
1786798206.499130 1489756 1105177 3451 2109 0 1485131 0 976282
1786798207.495759 1489756 1105177 3451 2109 0 1485131 0 976282
1786798208.498991 1489756 1105177 3451 2109 0 1485131 0 976282
1786798209.495591 1489756 1105177 3451 2109 0 1485131 0 976282
1786798210.495850 1489756 1105177 3451 2109 0 1485131 0 976282
1786798211.496814 1489756 1105177 3451 2109 0 1485131 0 976282
1786798212.493398 1489756 1105177 3451 2109 0 1485131 0 976282
1786798213.498607 1489756 1105177 3451 2109 0 1485131 0 976282
1786798214.495440 1489756 1105331 3451 2109 0 1485131 0 976282
1786798215.495927 1489756 1105331 3451 2109 0 1485131 0 976282
1786798216.495344 1489756 1105331 3451 2109 0 1485131 0 976282
1786798217.493997 1489756 1105331 3451 2109 0 1485131 0 976282
1786798218.499501 1489756 1105331 3451 2109 0 1485131 0 976282
1786798219.494494 1489756 1105331 3451 2109 0 1485131 0 976282
1786798220.495446 1489756 1105331 3451 2109 0 1485131 0 976282
1786798221.495283 1489756 1105331 3451 2109 0 1485131 0 976282
1786798222.495018 1489756 1105331 3451 2109 0 1485131 0 976282
1786798223.492952 1489756 1105331 3451 2109 0 1485131 0 976282
1786798224.496268 1489756 1105331 3451 2109 0 1485131 0 976282
1786798225.495514 1489756 1105331 3451 2109 0 1485131 0 976282
1786798226.496013 1489756 1105331 3451 2109 0 1485131 0 976282
1786798227.496476 1489756 1105331 3451 2109 0 1485131 0 976282
1786798228.494111 1489756 1105331 3451 2109 0 1485131 0 976282
1786798229.495563 1489756 1105331 3451 2109 0 1485131 0 976282
1786798230.495552 1489756 1105331 3451 2109 0 1485131 0 976282
1786798231.494916 1489756 1105331 3451 2109 0 1485131 0 976282
1786798232.496411 1489756 1105331 3451 2109 0 1485131 0 976282
1786798233.498209 1489756 1105331 3451 2109 0 1485131 0 976282
1786798234.495939 1489756 1105331 3451 2109 0 1485131 0 976282
1786798235.495851 1489756 1105471 3451 2109 0 1485131 0 976282
1786798236.495384 1489756 1105471 3451 2109 0 1485131 0 976282
1786798237.496707 1489756 1105471 3451 2109 0 1485131 0 976282
1786798238.496538 1489756 1105471 3451 2109 0 1485131 0 976282
1786798239.493612 1489756 1105471 3451 2109 0 1485131 0 976282
1786798240.499520 1489756 1105471 3451 2109 0 1485131 0 976282
1786798241.495898 1489756 1105471 3451 2109 0 1485131 0 976282
1786798242.499743 1489756 1105471 3451 2109 0 1485131 0 976282
1786798243.500708 1489756 1105471 3451 2109 0 1485131 0 976282
1786798244.496944 1489756 1105471 3451 2109 0 1485131 0 976282
1786798245.495742 1489756 1105597 3451 2109 0 1485131 0 976282
1786798246.497816 1489756 1105597 3451 2109 0 1485131 0 976282
1786798247.496857 1489756 1105597 3451 2109 0 1485131 0 976282
1786798248.499361 1489756 1105597 3451 2109 0 1485131 0 976282
1786798249.497000 1489756 1105597 3451 2109 0 1485131 0 976282
1786798250.494631 1489756 1105597 3451 2109 0 1485131 0 976282
1786798251.495713 1489756 1105597 3451 2109 0 1485131 0 976282
1786798252.498797 1489756 1105597 3451 2109 0 1485131 0 976282
1786798253.499386 1489756 1105597 3451 2109 0 1485131 0 976282
1786798254.500956 1489756 1105597 3451 2109 0 1485131 0 976282
1786798255.495503 1489756 1105597 3451 2109 0 1485131 0 976282
1786798256.495180 1489756 1105597 3451 2109 0 1485131 0 976282
1786798257.499460 1489756 1105597 3451 2109 0 1485131 0 976282
1786798258.495241 1489756 1105597 3451 2109 0 1485131 0 976282
1786798259.494658 1489756 1105597 3451 2109 0 1485131 0 976282
1786798260.498787 1489756 1105597 3451 2109 0 1485131 0 976282
1786798261.499322 1489756 1105597 3451 2109 0 1485131 0 976282
1786798262.497471 1489756 1105597 3451 2109 0 1485131 0 976282
1786798263.494732 1489756 1105597 3451 2109 0 1485131 0 976282
1786798264.495342 1489756 1105597 3451 2109 0 1485131 0 976282
1786798265.497748 1489756 1105710 3451 2109 0 1485131 0 976282
1786798266.494469 1489756 1105710 3451 2109 0 1485131 0 976282
1786798267.496159 1489756 1105710 3451 2109 0 1485131 0 976282
1786798268.494650 1489756 1105710 3451 2109 0 1485131 0 976282
1786798269.495971 1489756 1105710 3451 2109 0 1485131 0 976282
1786798270.496975 1489756 1105710 3451 2109 0 1485131 0 976282
1786798271.495695 1489756 1105710 3451 2109 0 1485131 0 976282
1786798272.496183 1489756 1105710 3451 2109 0 1485131 0 976282
1786798273.496202 1489756 1105710 3451 2109 0 1485131 0 976282
1786798274.495646 1489756 1105710 3451 2109 0 1485131 0 976282
1786798275.499260 1489756 1105710 3451 2109 0 1485131 0 976282
1786798276.497668 1489756 1105829 3451 2109 0 1485131 0 976282
1786798277.495938 1489756 1105829 3451 2109 0 1485131 0 976282
1786798278.494326 1489756 1105829 3451 2109 0 1485131 0 976282
1786798279.496509 1489756 1105829 3451 2109 0 1485131 0 976282
1786798280.494711 1489756 1105829 3451 2109 0 1485131 0 976282
1786798281.494256 1489756 1105829 3451 2109 0 1485131 0 976282
1786798282.493757 1489756 1105829 3451 2109 0 1485131 0 976282
1786798283.496770 1489756 1105829 3451 2109 0 1485131 0 976282
1786798284.495545 1489756 1105829 3451 2109 0 1485131 0 976282
1786798285.494907 1489756 1105829 3451 2109 0 1485131 0 976282
1786798286.495973 1489756 1105829 3451 2109 0 1485131 0 976282
1786798287.494747 1489756 1105829 3451 2109 0 1485131 0 976282
1786798288.498201 1489756 1105829 3451 2109 0 1485131 0 976282
1786798289.494538 1489756 1105829 3451 2109 0 1485131 0 976282
1786798290.497527 1489756 1105829 3451 2109 0 1485131 0 976282
1786798291.495648 1489756 1105829 3451 2109 0 1485131 0 976282
1786798292.494368 1489756 1105829 3451 2109 0 1485131 0 976282
1786798293.495372 1489756 1105829 3451 2109 0 1485131 0 976282
1786798294.495748 1489756 1105829 3451 2109 0 1485131 0 976282
1786798295.497362 1489756 1105829 3451 2109 0 1485131 0 976282
1786798296.494405 1489756 1105944 3451 2109 0 1485131 0 976282
1786798297.495175 1489756 1105944 3451 2109 0 1485131 0 976282
1786798298.495274 1489756 1105944 3451 2109 0 1485131 0 976282
1786798299.495295 1489756 1105944 3451 2109 0 1485131 0 976282
1786798300.495713 1489756 1105944 3451 2109 0 1485131 0 976282
1786798301.496519 1489756 1105944 3451 2109 0 1485131 0 976282
1786798302.496297 1489756 1105944 3451 2109 0 1485131 0 976282
1786798303.495241 1489756 1105944 3451 2109 0 1485131 0 976282
1786798304.496745 1489756 1105944 3451 2109 0 1485131 0 976282
1786798305.495394 1489756 1105944 3451 2109 0 1485131 0 976282
1786798306.495978 1489756 1106061 3451 2109 0 1485131 0 976282
1786798307.496694 1489756 1106061 3451 2109 0 1485131 0 976282
1786798308.497352 1489756 1106061 3451 2109 0 1485131 0 976282
1786798309.497637 1489756 1106061 3451 2109 0 1485131 0 976282
1786798310.495737 1489756 1106061 3451 2109 0 1485131 0 976282
1786798311.496669 1489756 1106061 3451 2109 0 1485131 0 976282
1786798312.494466 1489756 1106061 3451 2109 0 1485131 0 976282
1786798313.497130 1489756 1106061 3451 2109 0 1485131 0 976282
1786798314.497032 1489756 1106061 3451 2109 0 1485131 0 976282
1786798315.499831 1489756 1106061 3451 2109 0 1485131 0 976282
1786798316.498865 1489756 1106061 3451 2109 0 1485131 0 976282
1786798317.497406 1489756 1106061 3451 2109 0 1485131 0 976282
1786798318.494335 1489756 1106061 3451 2109 0 1485131 0 976282
1786798319.495814 1489756 1106061 3451 2109 0 1485131 0 976282
1786798320.495893 1489756 1106061 3451 2109 0 1485131 0 976282
1786798321.496396 1489756 1106061 3451 2109 0 1485131 0 976282
1786798322.497113 1489756 1106061 3451 2109 0 1485131 0 976282
1786798323.496163 1489756 1106061 3451 2109 0 1485131 0 976282
1786798324.498282 1489756 1106061 3451 2109 0 1485131 0 976282
1786798325.494847 1489756 1106061 3451 2109 0 1485131 0 976282
1786798326.494056 1489756 1106061 3451 2109 0 1485131 0 976282
1786798327.498366 1489756 1106185 3451 2109 0 1485131 0 976282
1786798328.499508 1489756 1106185 3451 2109 0 1485131 0 976282
1786798329.498760 1489756 1106185 3451 2109 0 1485131 0 976282
1786798330.501859 1489756 1106185 3451 2109 0 1485131 0 976282
1786798331.495443 1489756 1106185 3451 2109 0 1485131 0 976282
1786798332.496320 1489756 1106185 3451 2109 0 1485131 0 976282
1786798333.495177 1489756 1106185 3451 2109 0 1485131 0 976282
1786798334.495845 1489756 1106185 3451 2109 0 1485131 0 976282
1786798335.496359 1489756 1106185 3451 2109 0 1485131 0 976282
1786798336.497506 1489756 1106185 3451 2109 0 1485131 0 976282
1786798337.494410 1489756 1106304 3451 2109 0 1485131 0 976282
1786798338.496600 1489756 1106304 3451 2109 0 1485131 0 976282
1786798339.497112 1489756 1106304 3451 2109 0 1485131 0 976282
1786798340.494855 1489756 1106304 3451 2109 0 1485131 0 976282
1786798341.495710 1489756 1106304 3451 2109 0 1485131 0 976282
1786798342.495633 1489756 1106304 3451 2109 0 1485131 0 976282
1786798343.499931 1489756 1106304 3451 2109 0 1485131 0 976282
1786798344.495589 1489756 1106304 3451 2109 0 1485131 0 976282
1786798345.500825 1489756 1106304 3451 2109 0 1485131 0 976282
1786798346.494520 1489756 1106304 3451 2109 0 1485131 0 976282
1786798347.497333 1489756 1106304 3451 2109 0 1485131 0 976282
1786798348.495468 1489756 1106304 3451 2109 0 1485131 0 976282
1786798349.495752 1489756 1106304 3451 2109 0 1485131 0 976282
1786798350.495797 1489756 1106304 3451 2109 0 1485131 0 976282
1786798351.494698 1489756 1106304 3451 2109 0 1485131 0 976282
1786798352.496013 1489756 1106304 3451 2109 0 1485131 0 976282
1786798353.495499 1489756 1106304 3451 2109 0 1485131 0 976282
1786798354.495511 1489756 1106304 3451 2109 0 1485131 0 976282
1786798355.496631 1489756 1106304 3451 2109 0 1485131 0 976282
1786798356.495046 1489756 1106304 3451 2109 0 1485131 0 976282
1786798357.496163 1489756 1106304 3451 2109 0 1485131 0 976282
1786798358.496308 1489756 1106421 3451 2109 0 1485131 0 976282
1786798359.496017 1489756 1106421 3451 2109 0 1485131 0 976282
1786798360.499126 1489756 1106421 3451 2109 0 1485131 0 976282
1786798361.496086 1489756 1106421 3451 2109 0 1485131 0 976282
1786798362.495659 1489756 1106421 3451 2109 0 1485131 0 976282
1786798363.495585 1489756 1106421 3451 2109 0 1485131 0 976282
1786798364.498410 1489756 1106421 3451 2109 0 1485131 0 976282
1786798365.495200 1489756 1106421 3451 2109 0 1485131 0 976282
1786798366.496611 1489756 1106421 3451 2109 0 1485131 0 976282
1786798367.494221 1489756 1106421 3451 2109 0 1485131 0 976282
1786798368.499926 1489756 1106540 3451 2109 0 1485131 0 976282
1786798369.497792 1489756 1106540 3451 2109 0 1485131 0 976282
1786798370.493380 1489756 1106540 3451 2109 0 1485131 0 976282
1786798371.495523 1489756 1106540 3451 2109 0 1485131 0 976282
1786798372.495167 1489756 1106540 3451 2109 0 1485131 0 976282
1786798373.498245 1489756 1106540 3451 2109 0 1485131 0 976282
1786798374.495207 1489756 1106540 3451 2109 0 1485131 0 976282
1786798375.496148 1489756 1106540 3451 2109 0 1485131 0 976282
1786798376.494246 1489756 1106540 3451 2109 0 1485131 0 976282
1786798377.498896 1489756 1106540 3451 2109 0 1485131 0 976282
1786798378.494902 1489756 1106540 3451 2109 0 1485131 0 976282
1786798379.496643 1489756 1106540 3451 2109 0 1485131 0 976282
1786798380.497366 1489756 1106540 3451 2109 0 1485131 0 976282
1786798381.495300 1489756 1106540 3451 2109 0 1485131 0 976282
1786798382.496725 1489756 1106540 3451 2109 0 1485131 0 976282
1786798383.497465 1489756 1106540 3451 2109 0 1485131 0 976282
1786798384.496139 1489756 1106540 3451 2109 0 1485131 0 976282
1786798385.498094 1489756 1106540 3451 2109 0 1485131 0 976282
1786798386.498967 1489756 1106540 3451 2109 0 1485131 0 976282
1786798387.498721 1489756 1106540 3451 2109 0 1485131 0 976282
1786798388.495773 1489756 1106644 3451 2109 0 1485131 0 976282
1786798389.495332 1489756 1106644 3451 2109 0 1485131 0 976282
1786798390.495558 1489756 1106644 3451 2109 0 1485131 0 976282
1786798391.497267 1489756 1106644 3451 2109 0 1485131 0 976282
1786798392.495807 1489756 1106644 3451 2109 0 1485131 0 976282
1786798393.498534 1489756 1106644 3451 2109 0 1485131 0 976282
1786798394.494079 1489756 1106644 3451 2109 0 1485131 0 976282
1786798395.495424 1489756 1106644 3451 2109 0 1485131 0 976282
1786798396.494490 1489756 1106644 3451 2109 0 1485131 0 976282
1786798397.498844 1489756 1106644 3451 2109 0 1485131 0 976282
1786798398.496328 1489756 1106644 3451 2109 0 1485131 0 976282
1786798399.499359 1489756 1106644 3451 2109 0 1485131 0 976282
1786798400.501082 1489756 1106644 3451 2109 0 1485131 0 976282
1786798401.494258 1489756 1106644 3451 2109 0 1485131 0 976282
1786798402.495235 1489756 1106644 3451 2109 0 1485131 0 976282
1786798403.495536 1489756 1106644 3451 2109 0 1485131 0 976282
1786798404.494743 1489756 1106644 3451 2109 0 1485131 0 976282
1786798405.498740 1489756 1106644 3451 2109 0 1485131 0 976282
1786798406.495142 1489756 1106644 3451 2109 0 1485131 0 976282
1786798407.497960 1489756 1106644 3451 2109 0 1485131 0 976282
1786798408.496374 1489756 1106644 3451 2109 0 1485131 0 976282
1786798409.498592 1489756 1106644 3451 2109 0 1485131 0 976282
1786798410.492230 1489756 1106644 3451 2109 0 1485131 0 976282
