# start_epoch=1786798411.621266  page_size=4096  cachestat=ok  fields=size,resident,shared,text,lib,data,dt,pagecache
1786798412.696986 454987 41649 3196 2109 0 450379 0 42325
1786798413.695391 462930 45262 3252 2109 0 458315 0 50129
1786798414.694874 462930 38465 3252 2109 0 458315 0 46311
1786798415.699043 462937 32447 3259 2109 0 458315 0 65730
1786798416.698492 462937 41000 3323 2109 0 458315 0 73935
1786798417.696745 462937 37968 3323 2109 0 458315 0 81866
1786798418.699853 462937 42076 3323 2109 0 458315 0 90052
1786798419.700240 462937 43408 3323 2109 0 458315 0 98239
1786798420.697299 463833 47922 3323 2109 0 459211 0 88141
1786798421.698930 463833 42704 3323 2109 0 459211 0 113839
1786798422.701435 463833 34877 3323 2109 0 459211 0 121770
1786798423.699977 463833 43342 3323 2109 0 459211 0 129702
1786798424.700640 463833 39745 3323 2109 0 459211 0 137633
1786798425.702827 463833 43002 3323 2109 0 459211 0 145820
1786798426.701370 463833 44914 3323 2109 0 459211 0 153754
1786798427.701060 463833 47438 3323 2109 0 459211 0 143399
1786798428.704476 464857 46373 3323 2109 0 460235 0 168841
1786798429.703110 464857 36879 3323 2109 0 460235 0 176772
1786798430.703602 464857 46419 3323 2109 0 460235 0 184448
1786798431.703670 464857 39427 3323 2109 0 460235 0 192902
1786798432.704175 464857 46620 3323 2109 0 460235 0 200334
1786798433.704918 464857 43789 3323 2109 0 460235 0 208542
1786798434.705246 464857 46964 3323 2109 0 460235 0 216479
1786798435.705059 464857 46752 3323 2109 0 460235 0 216576
1786798436.706206 464857 41825 3323 2109 0 460235 0 231607
1786798437.706797 464857 47126 3323 2109 0 460235 0 239040
1786798438.707047 464857 43121 3323 2109 0 460235 0 246984
1786798439.794115 464857 47007 3323 2109 0 460235 0 254928
1786798440.793501 464857 42256 3323 2109 0 460235 0 262872
1786798441.708190 464857 44611 3323 2109 0 460235 0 270049
1786798442.794610 464857 46242 3323 2109 0 460235 0 277993
1786798443.708181 466137 48414 3323 2109 0 461515 0 267921
1786798444.709361 466137 47230 3323 2109 0 461515 0 293377
1786798445.793538 466137 45614 3323 2109 0 461515 0 301066
1786798446.709733 466137 47173 3323 2109 0 461515 0 308754
1786798447.796341 466137 43799 3323 2109 0 461515 0 316698
1786798448.797894 466137 40996 3323 2109 0 461515 0 324386
1786798449.793561 466137 45752 3323 2109 0 461515 0 331819
1786798450.798086 466137 47556 3323 2109 0 461515 0 339507
1786798451.711513 466137 46759 3323 2109 0 461515 0 347195
1786798452.793669 466137 48849 3323 2109 0 461515 0 337123
1786798453.795281 466137 50125 3323 2109 0 461515 0 360074
1786798454.794944 467673 44608 3323 2109 0 463051 0 370268
1786798455.802184 467673 50584 3323 2109 0 463051 0 378027
1786798456.800909 467673 46295 3323 2109 0 463051 0 385644
1786798457.795945 467673 50440 3323 2109 0 463051 0 393076
1786798458.799620 467673 44929 3323 2109 0 463051 0 400765
1786798459.801817 467673 44644 3323 2109 0 463051 0 408197
1786798460.804366 467673 46344 3323 2109 0 463051 0 415629
1786798461.801920 467673 46071 3323 2109 0 463051 0 423317
1786798462.802137 467673 48230 3323 2109 0 463051 0 430494
1786798463.796406 467673 51172 3323 2109 0 463051 0 420166
1786798464.801224 467673 51300 3323 2109 0 463051 0 445622
1786798465.799922 467673 45679 3323 2109 0 463051 0 453310
1786798466.801912 467673 51011 3323 2109 0 463051 0 460487
1786798467.804425 467673 46287 3323 2109 0 463051 0 468431
1786798468.805491 467673 51273 3323 2109 0 463051 0 475863
1786798469.805222 467673 45675 3323 2109 0 463051 0 483295
1786798470.805061 467673 51339 3323 2109 0 463051 0 490728
1786798471.808234 467673 47243 3323 2109 0 463051 0 498416
1786798472.807364 467673 51340 3323 2109 0 463051 0 505848
1786798473.806845 467673 48002 3323 2109 0 463051 0 513793
1786798474.805621 467673 51690 3323 2109 0 463051 0 520713
1786798475.805529 467673 51236 3323 2109 0 463051 0 525052
1786798476.799862 467673 51590 3323 2109 0 463051 0 535073
1786798477.808076 469465 52200 3323 2109 0 464843 0 543167
1786798478.807538 469465 48088 3323 2109 0 464843 0 550706
1786798479.893645 469465 46612 3323 2109 0 464843 0 558138
1786798480.894049 469465 46633 3323 2109 0 464843 0 565571
1786798481.895247 469465 52441 3323 2109 0 464843 0 572747
1786798482.895779 469465 48354 3323 2109 0 464843 0 580435
1786798483.896237 469465 52239 3323 2109 0 464843 0 588124
1786798484.807565 469465 46668 3323 2109 0 464843 0 595300
1786798485.811249 469465 52579 3323 2109 0 464843 0 602732
1786798486.898394 469465 48984 3323 2109 0 464843 0 610421
1786798487.814500 469465 52677 3323 2109 0 464843 0 617597
1786798488.896895 469465 50113 3323 2109 0 464843 0 607013
1786798489.805799 469465 52404 3323 2109 0 464843 0 613933
1786798490.804058 469465 52721 3323 2109 0 464843 0 635822
1786798491.898180 469465 48449 3323 2109 0 464843 0 647590
1786798492.896778 469465 48148 3323 2109 0 464843 0 655022
1786798493.896201 469465 48952 3323 2109 0 464843 0 662454
1786798494.904319 469465 50258 3323 2109 0 464843 0 670143
1786798495.898173 471513 50914 3323 2109 0 466891 0 677063
1786798496.893916 471513 53215 3323 2109 0 466891 0 683983
1786798497.899998 471513 51163 3323 2109 0 466891 0 691415
1786798498.902826 471513 52992 3323 2109 0 466891 0 698847
1786798499.898056 471513 51042 3323 2109 0 466891 0 705767
1786798500.907574 471513 53453 3323 2109 0 466891 0 713712
1786798501.901791 471513 47721 3323 2109 0 466891 0 720376
1786798502.904154 471513 48795 3323 2109 0 466891 0 727296
1786798503.900611 471513 49848 3323 2109 0 466891 0 734728
1786798504.907253 471513 51646 3323 2109 0 466891 0 742161
1786798505.902616 471513 51225 3323 2109 0 466891 0 749081
1786798506.901777 471513 54052 3323 2109 0 466891 0 756001
1786798507.902782 471513 52062 3323 2109 0 466891 0 763197
1786798508.907517 471513 53853 3323 2109 0 466891 0 752338
1786798509.903825 471513 51598 3323 2109 0 466891 0 759258
1786798510.901587 471513 53948 3323 2109 0 466891 0 770054
1786798511.893743 471513 53709 3323 2109 0 466891 0 773099
1786798512.897725 471513 54483 3323 2109 0 466891 0 780020
1786798513.899820 471513 54454 3323 2109 0 466891 0 805731
1786798514.905765 471513 48239 3323 2109 0 466891 0 813164
1786798515.902874 471513 54689 3323 2109 0 466891 0 820341
1786798516.901282 471513 38501 3323 2109 0 466891 0 827517
1786798517.906033 471513 53486 3323 2109 0 466891 0 834693
1786798518.908551 471513 38658 3323 2109 0 466891 0 841869
1786798519.998557 471513 51874 3323 2109 0 466891 0 849046
1786798520.908660 471513 52590 3323 2109 0 466891 0 855966
1786798521.993644 471513 52357 3323 2109 0 466891 0 862886
1786798522.906240 471513 54758 3323 2109 0 466891 0 869806
1786798523.995585 471513 41120 3323 2109 0 466891 0 877239
1786798524.907416 471513 51364 3323 2109 0 466891 0 883648
1786798526.000501 474073 54181 3323 2109 0 469451 0 891336
1786798527.002866 474073 54584 3323 2109 0 469451 0 898256
1786798527.798269 474073 37879 3323 2109 0 469451 0 887410
1786798528.665398 474073 37188 3386 2109 0 469451 0 872345
1786798529.660268 474073 37188 3386 2109 0 469451 0 872345
1786798530.660274 474073 37188 3386 2109 0 469451 0 872345
1786798531.660383 474073 37188 3386 2109 0 469451 0 872345
1786798532.660257 474073 37188 3386 2109 0 469451 0 872345
1786798533.660061 474073 37188 3386 2109 0 469451 0 872345
1786798534.660374 474073 37188 3386 2109 0 469451 0 872345
1786798535.660732 474073 37188 3386 2109 0 469451 0 872345
1786798536.660492 474073 37188 3386 2109 0 469451 0 872345
1786798537.665732 476377 38946 3391 2109 0 471755 0 866300
1786798538.660086 476377 38946 3391 2109 0 471755 0 866300
1786798539.660018 476377 38946 3391 2109 0 471755 0 866300
1786798540.659891 476377 38946 3391 2109 0 471755 0 866300
1786798541.659761 476377 38946 3391 2109 0 471755 0 866300
1786798542.659869 476377 38946 3391 2109 0 471755 0 866300
1786798543.659857 476377 38946 3391 2109 0 471755 0 866300
1786798544.660216 476377 38946 3391 2109 0 471755 0 866300
1786798545.660030 476377 37994 3391 2109 0 471755 0 866300
1786798546.660258 476377 37994 3391 2109 0 471755 0 866300
1786798547.659841 478681 24256 3391 2109 0 474059 0 860284
1786798548.659549 478681 24256 3391 2109 0 474059 0 860285
1786798549.659347 478681 24256 3391 2109 0 474059 0 860285
1786798550.659348 478681 24256 3391 2109 0 474059 0 860285
1786798551.659347 478681 24256 3391 2109 0 474059 0 860285
1786798552.659345 478681 24256 3391 2109 0 474059 0 860285
1786798553.659549 478681 24256 3391 2109 0 474059 0 860285
1786798554.659601 478681 24256 3391 2109 0 474059 0 860285
1786798555.659822 478681 24116 3391 2109 0 474059 0 860285
1786798556.660659 480217 26228 3391 2109 0 475595 0 854268
1786798557.659113 480217 26228 3391 2109 0 475595 0 854268
1786798558.658953 480217 26228 3391 2109 0 475595 0 854268
1786798559.658953 480217 26228 3391 2109 0 475595 0 854268
1786798560.658975 480217 26228 3391 2109 0 475595 0 854268
1786798561.658846 480217 26228 3391 2109 0 475595 0 854268
1786798562.659244 480217 26228 3391 2109 0 475595 0 854268
1786798563.659340 480217 26228 3391 2109 0 475595 0 854268
1786798564.659194 480217 26228 3391 2109 0 475595 0 854268
1786798565.658926 480217 26228 3391 2109 0 475595 0 854268
1786798566.658866 482009 23849 3391 2109 0 477387 0 848251
1786798567.658698 482009 23849 3391 2109 0 477387 0 848251
1786798568.658628 482009 23849 3391 2109 0 477387 0 848252
1786798569.795271 484064 30335 3414 2109 0 479435 0 846190
1786798570.795142 485088 64388 3414 2109 0 480459 0 846190
1786798571.719322 531680 103167 3414 2109 0 527051 0 846190
1786798572.794656 570592 141944 3414 2109 0 565963 0 846190
1786798573.718338 623840 180693 3414 2109 0 619211 0 846190
1786798574.718260 659168 220979 3414 2109 0 654539 0 846190
1786798575.793595 700128 259183 3414 2109 0 695499 0 846190
1786798576.794283 752352 297895 3414 2109 0 747723 0 846190
1786798577.794294 752352 336591 3414 2109 0 747723 0 846190
1786798578.795150 809696 375786 3414 2109 0 805067 0 846190
1786798579.794485 878816 415471 3414 2109 0 874187 0 846190
1786798580.718265 878816 455113 3414 2109 0 874187 0 846190
1786798581.794909 962784 494209 3414 2109 0 958155 0 846190
1786798582.718415 966880 533790 3414 2109 0 962251 0 846190
1786798583.717425 1065184 572839 3414 2109 0 1060555 0 846190
1786798584.718399 1065184 611852 3414 2109 0 1060555 0 846190
1786798585.796497 1065184 650323 3414 2109 0 1060555 0 846190
1786798586.718244 1184992 690299 3414 2109 0 1180363 0 846190
1786798587.718012 1184992 729221 3414 2109 0 1180363 0 846190
1786798588.719487 1184992 768117 3414 2109 0 1180363 0 846190
1786798589.719100 1316064 808004 3414 2109 0 1311435 0 846190
1786798590.718369 1316064 846848 3414 2109 0 1311435 0 846190
1786798591.718232 1322208 885654 3414 2109 0 1317579 0 846190
1786798592.794036 1322208 925456 3414 2109 0 1317579 0 846190
1786798593.718208 1486048 964197 3414 2109 0 1481419 0 846190
1786798594.717511 1486048 1003430 3414 2109 0 1481419 0 846190
1786798595.793181 1486048 1043141 3414 2109 0 1481419 0 846190
1786798596.797667 1493216 1081283 3414 2109 0 1488587 0 846190
1786798597.795903 1689824 1119918 3414 2109 0 1685195 0 846190
1786798598.793847 1689824 1159035 3414 2109 0 1685195 0 846190
1786798599.719387 1689824 1197604 3414 2109 0 1685195 0 846190
1786798600.796187 1689824 1236141 3414 2109 0 1685195 0 846190
1786798601.795133 1689824 1274653 3414 2109 0 1685195 0 846190
1786798602.795513 1689824 1313132 3414 2109 0 1685195 0 846190
1786798603.796361 1929952 1352599 3414 2109 0 1925323 0 846190
1786798604.797356 1929952 1391019 3414 2109 0 1925323 0 846190
1786798605.718791 1929952 1428907 3414 2109 0 1925323 0 846190
1786798606.718451 1929952 1466795 3414 2109 0 1925323 0 846190
1786798607.718460 1929952 1504683 3414 2109 0 1925323 0 846190
1786798608.796869 1929952 1541547 3414 2109 0 1925323 0 846190
1786798609.719476 2192096 1579090 3581 2109 0 2187467 0 846190
1786798610.718320 2202336 1615939 3581 2109 0 2197707 0 846190
1786798611.796091 2202336 1648437 3581 2109 0 2197707 0 846190
1786798612.718589 2202336 1681100 3581 2109 0 2197707 0 846190
1786798613.794838 2204385 1707143 3581 2109 0 2199755 0 846190
1786798614.795027 2204385 1707143 3581 2109 0 2199755 0 846190
1786798615.794485 2204385 1707143 3581 2109 0 2199755 0 846190
1786798616.718579 2204385 1707143 3581 2109 0 2199755 0 846190
1786798617.795538 2204385 1707143 3581 2109 0 2199755 0 846190
1786798618.795988 2204385 1707143 3581 2109 0 2199755 0 846190
1786798619.795301 2204385 1707143 3581 2109 0 2199755 0 846190
1786798620.796434 2204385 1707143 3581 2109 0 2199755 0 846190
1786798621.798280 2204385 1707143 3581 2109 0 2199755 0 846190
1786798622.795276 2204385 1707143 3581 2109 0 2199755 0 846190
1786798623.718524 2204385 1707143 3581 2109 0 2199755 0 846190
1786798624.719298 2204385 1707143 3581 2109 0 2199755 0 846190
1786798625.719537 2204385 1707143 3581 2109 0 2199755 0 846190
1786798626.718502 2204385 1707143 3581 2109 0 2199755 0 846190
1786798627.795374 2204385 1707143 3581 2109 0 2199755 0 846190
1786798628.718790 2204385 1707143 3581 2109 0 2199755 0 846190
1786798629.718386 2204385 1707143 3581 2109 0 2199755 0 846190
1786798630.799651 2204385 1707143 3581 2109 0 2199755 0 846190
1786798631.800201 2204385 1707143 3581 2109 0 2199755 0 846190
1786798632.795342 2204385 1707143 3581 2109 0 2199755 0 846190
1786798633.796307 2204385 1707143 3581 2109 0 2199755 0 846190
1786798634.795632 2204385 1707143 3581 2109 0 2199755 0 846190
1786798635.795392 2204385 1707143 3581 2109 0 2199755 0 846190
1786798636.718283 2204385 1707143 3581 2109 0 2199755 0 846190
1786798637.794216 2204385 1707143 3581 2109 0 2199755 0 846190
1786798638.793337 2204385 1707143 3581 2109 0 2199755 0 846190
1786798639.795615 2204385 1707143 3581 2109 0 2199755 0 846190
1786798640.794562 2204385 1707143 3581 2109 0 2199755 0 846190
1786798641.718640 2204385 1707143 3581 2109 0 2199755 0 846190
1786798642.718552 2206434 1707148 3581 2109 0 2201803 0 846190
1786798643.793430 2206434 1707148 3581 2109 0 2201803 0 846190
1786798644.718559 2206434 1707148 3581 2109 0 2201803 0 846190
1786798645.719204 2206434 1707148 3581 2109 0 2201803 0 846190
1786798646.796089 2206434 1707148 3581 2109 0 2201803 0 846190
1786798647.718494 2206434 1707148 3581 2109 0 2201803 0 846190
1786798648.718924 2206434 1707148 3581 2109 0 2201803 0 846190
1786798649.719416 2206434 1707148 3581 2109 0 2201803 0 846190
1786798650.719289 2206434 1707148 3581 2109 0 2201803 0 846190
1786798651.719028 2206434 1707148 3581 2109 0 2201803 0 846190
1786798652.793301 2206434 1707148 3581 2109 0 2201803 0 846190
1786798653.718233 2206434 1707148 3581 2109 0 2201803 0 846190
1786798654.793226 2206434 1707148 3581 2109 0 2201803 0 846190
1786798655.796386 2206434 1707148 3581 2109 0 2201803 0 846190
1786798656.718633 2206434 1707148 3581 2109 0 2201803 0 846190
1786798657.718691 2206434 1707148 3581 2109 0 2201803 0 846190
1786798658.795241 2206434 1707148 3581 2109 0 2201803 0 846190
1786798659.718694 2206434 1707148 3581 2109 0 2201803 0 846190
1786798660.794251 2206434 1707148 3581 2109 0 2201803 0 846190
1786798661.718423 2206434 1707148 3581 2109 0 2201803 0 846190
1786798662.719211 2206434 1707148 3581 2109 0 2201803 0 846190
1786798663.719545 2206434 1707148 3581 2109 0 2201803 0 846190
1786798664.794364 2206434 1707148 3581 2109 0 2201803 0 846190
1786798665.718410 2206434 1707148 3581 2109 0 2201803 0 846190
1786798666.794420 2206434 1707148 3581 2109 0 2201803 0 846190
1786798667.718708 2206434 1707148 3581 2109 0 2201803 0 846190
1786798668.718565 2206434 1707148 3581 2109 0 2201803 0 846190
1786798669.795077 2206434 1707148 3581 2109 0 2201803 0 846190
1786798670.718686 2206434 1707148 3581 2109 0 2201803 0 846190
1786798671.797595 2206434 1707148 3581 2109 0 2201803 0 846190
1786798672.796270 2208476 1707140 3574 2109 0 2203851 0 846190
1786798673.795773 2208476 1707140 3574 2109 0 2203851 0 846190
1786798674.718771 2208476 1707140 3574 2109 0 2203851 0 846190
1786798675.794349 2208476 1707140 3574 2109 0 2203851 0 846190
1786798676.718937 2208476 1707140 3574 2109 0 2203851 0 846190
1786798677.720285 2208476 1707140 3574 2109 0 2203851 0 846190
1786798678.796180 2208476 1707140 3574 2109 0 2203851 0 846190
1786798679.719264 2208476 1707140 3574 2109 0 2203851 0 846190
1786798680.796437 2208476 1707140 3574 2109 0 2203851 0 846190
1786798681.719527 2208476 1707140 3574 2109 0 2203851 0 846190
1786798682.794254 2208476 1707140 3574 2109 0 2203851 0 846190
1786798683.793093 2208476 1707140 3574 2109 0 2203851 0 846190
1786798684.717473 2208476 1707140 3574 2109 0 2203851 0 846190
1786798685.794774 2208476 1707140 3574 2109 0 2203851 0 846190
1786798686.719527 2208476 1707140 3574 2109 0 2203851 0 846190
1786798687.719127 2208476 1707140 3574 2109 0 2203851 0 846190
1786798688.793373 2208476 1707140 3574 2109 0 2203851 0 846190
1786798689.718513 2208476 1707140 3574 2109 0 2203851 0 846190
1786798690.796898 2208476 1707140 3574 2109 0 2203851 0 846190
1786798691.793255 2208476 1707140 3574 2109 0 2203851 0 846190
1786798692.718377 2208476 1707140 3574 2109 0 2203851 0 846190
1786798693.718199 2208476 1707140 3574 2109 0 2203851 0 846190
1786798694.796962 2208476 1707140 3574 2109 0 2203851 0 846190
1786798695.793961 2208476 1707140 3574 2109 0 2203851 0 846190
1786798696.718855 2208476 1707140 3574 2109 0 2203851 0 846190
1786798697.797322 2208476 1707140 3574 2109 0 2203851 0 846190
1786798698.718343 2208476 1707140 3574 2109 0 2203851 0 846190
1786798699.794314 2208476 1707140 3574 2109 0 2203851 0 846190
1786798700.793705 2208476 1707140 3574 2109 0 2203851 0 846190
1786798701.718220 2208476 1707140 3574 2109 0 2203851 0 846190
1786798702.797117 2208476 1707140 3574 2109 0 2203851 0 846190
1786798703.794754 2208476 1707140 3574 2109 0 2203851 0 846190
1786798704.794717 2208476 1707140 3574 2109 0 2203851 0 846190
1786798705.719448 2208476 1707140 3574 2109 0 2203851 0 846190
1786798706.719570 2208476 1707140 3574 2109 0 2203851 0 846190
1786798707.719649 2208476 1707140 3574 2109 0 2203851 0 846190
1786798708.795939 2208476 1707140 3574 2109 0 2203851 0 846190
1786798709.718200 2208476 1707140 3574 2109 0 2203851 0 846190
1786798710.796908 2208476 1707140 3574 2109 0 2203851 0 846190
1786798711.718223 2208476 1707140 3574 2109 0 2203851 0 846190
1786798712.793567 2208476 1707140 3574 2109 0 2203851 0 846190
1786798713.718527 2208476 1707140 3574 2109 0 2203851 0 846190
1786798714.718598 2208476 1707140 3574 2109 0 2203851 0 846190
1786798715.795540 2208476 1707140 3574 2109 0 2203851 0 846190
1786798716.795344 2208476 1707140 3574 2109 0 2203851 0 846190
1786798717.793913 2208476 1707140 3574 2109 0 2203851 0 846190
1786798718.718614 2208476 1707140 3574 2109 0 2203851 0 846190
1786798719.794130 2208476 1707140 3574 2109 0 2203851 0 846190
1786798720.719401 2208476 1707140 3574 2109 0 2203851 0 846190
1786798721.719168 2208476 1707140 3574 2109 0 2203851 0 846190
1786798722.795958 2208476 1707140 3574 2109 0 2203851 0 846190
1786798723.718493 2208476 1707140 3574 2109 0 2203851 0 846190
1786798724.795908 2208476 1707140 3574 2109 0 2203851 0 846190
1786798725.718487 2208476 1707140 3574 2109 0 2203851 0 846190
1786798726.796007 2208476 1707140 3574 2109 0 2203851 0 846190
1786798727.718478 2208476 1707140 3574 2109 0 2203851 0 846190
1786798728.794176 2208476 1707140 3574 2109 0 2203851 0 846190
1786798729.795811 2208476 1707140 3574 2109 0 2203851 0 846190
1786798730.719551 2208476 1707140 3574 2109 0 2203851 0 846190
1786798731.793951 2208476 1707140 3574 2109 0 2203851 0 846190
1786798732.718586 2208476 1707140 3574 2109 0 2203851 0 846190
1786798733.797008 2208476 1707140 3574 2109 0 2203851 0 846190
1786798734.718230 2208476 1707140 3574 2109 0 2203851 0 846190
1786798735.796350 2208476 1707140 3574 2109 0 2203851 0 846190
1786798736.793837 2208476 1707140 3574 2109 0 2203851 0 846190
1786798737.719093 2208476 1707140 3574 2109 0 2203851 0 846190
1786798738.793413 2208476 1707140 3574 2109 0 2203851 0 846190
1786798739.719442 2208476 1707140 3574 2109 0 2203851 0 846190
1786798740.792953 2208476 1707140 3574 2109 0 2203851 0 846190
1786798741.794737 2208476 1707140 3574 2109 0 2203851 0 846190
1786798742.719391 2208476 1707140 3574 2109 0 2203851 0 846190
1786798743.796081 2208476 1707140 3574 2109 0 2203851 0 846190
1786798744.793770 2208476 1707140 3574 2109 0 2203851 0 846190
1786798745.719515 2208476 1707140 3574 2109 0 2203851 0 846190
1786798746.793443 2208476 1707140 3574 2109 0 2203851 0 846190
1786798747.794285 2208476 1707140 3574 2109 0 2203851 0 846190
1786798748.794743 2208476 1707140 3574 2109 0 2203851 0 846190
1786798749.794740 2208476 1707140 3574 2109 0 2203851 0 846190
1786798750.794230 2208476 1707140 3574 2109 0 2203851 0 846190
1786798751.718447 2208476 1707140 3574 2109 0 2203851 0 846190
1786798752.792958 2208476 1707140 3574 2109 0 2203851 0 846190
1786798753.719443 2208476 1707140 3574 2109 0 2203851 0 846190
1786798754.719510 2208476 1707140 3574 2109 0 2203851 0 846190
1786798755.719313 2208476 1707140 3574 2109 0 2203851 0 846190
1786798756.793485 2208476 1707140 3574 2109 0 2203851 0 846190
1786798757.794021 2208476 1707140 3574 2109 0 2203851 0 846190
1786798758.793337 2208476 1707140 3574 2109 0 2203851 0 846190
1786798759.792976 2208476 1707140 3574 2109 0 2203851 0 846190
1786798760.718431 2208476 1707140 3574 2109 0 2203851 0 846190
1786798761.795896 2208476 1707140 3574 2109 0 2203851 0 846190
1786798762.719450 2208476 1707140 3574 2109 0 2203851 0 846190
1786798763.793630 2208476 1707140 3574 2109 0 2203851 0 846190
1786798764.718077 2208476 1707140 3574 2109 0 2203851 0 846190
1786798765.794275 2208476 1707140 3574 2109 0 2203851 0 846190
1786798766.794043 2208476 1707140 3574 2109 0 2203851 0 846190
1786798767.793411 2208476 1707140 3574 2109 0 2203851 0 846190
1786798768.794215 2208476 1707140 3574 2109 0 2203851 0 846190
1786798769.719048 2208476 1707140 3574 2109 0 2203851 0 846190
1786798770.796098 2208476 1707140 3574 2109 0 2203851 0 846190
1786798771.718655 2208476 1707140 3574 2109 0 2203851 0 846190
1786798772.718232 2208476 1707140 3574 2109 0 2203851 0 846190
1786798773.795582 2208476 1707140 3574 2109 0 2203851 0 846190
1786798774.797078 2208476 1707140 3574 2109 0 2203851 0 846190
1786798775.793826 2208476 1707140 3574 2109 0 2203851 0 846190
1786798776.718868 2208476 1707140 3574 2109 0 2203851 0 846190
1786798777.793642 2208476 1707140 3574 2109 0 2203851 0 846190
1786798778.718271 2208476 1707140 3574 2109 0 2203851 0 846190
1786798779.795361 2208476 1707140 3574 2109 0 2203851 0 846190
1786798780.795142 2208476 1707140 3574 2109 0 2203851 0 846190
1786798781.793717 2208476 1707140 3574 2109 0 2203851 0 846190
1786798782.796272 2208476 1707140 3574 2109 0 2203851 0 846190
1786798783.794120 2208476 1707140 3574 2109 0 2203851 0 846190
1786798784.718156 2208476 1707140 3574 2109 0 2203851 0 846190
1786798785.793643 2208476 1707140 3574 2109 0 2203851 0 846190
1786798786.718239 2208476 1707140 3574 2109 0 2203851 0 846190
1786798787.718440 2208476 1707140 3574 2109 0 2203851 0 846190
1786798788.719191 2208476 1707140 3574 2109 0 2203851 0 846190
1786798789.718137 2208476 1707140 3574 2109 0 2203851 0 846190
1786798790.718558 2208476 1707140 3574 2109 0 2203851 0 846190
1786798791.719223 2208476 1707140 3574 2109 0 2203851 0 846190
1786798792.793977 2208476 1707140 3574 2109 0 2203851 0 846190
1786798793.798483 2208476 1707140 3574 2109 0 2203851 0 846190
1786798794.719482 2208476 1707140 3574 2109 0 2203851 0 846190
1786798795.719497 2208476 1707140 3574 2109 0 2203851 0 846190
1786798796.719247 2208476 1707140 3574 2109 0 2203851 0 846190
1786798797.719050 2208476 1707140 3574 2109 0 2203851 0 846190
1786798798.795087 2208476 1707140 3574 2109 0 2203851 0 846190
1786798799.794170 2208476 1707140 3574 2109 0 2203851 0 846190
1786798800.795583 2208476 1707140 3574 2109 0 2203851 0 846190
1786798801.718632 2208476 1707140 3574 2109 0 2203851 0 846190
1786798802.719349 2208476 1707140 3574 2109 0 2203851 0 846190
1786798803.793712 2208476 1707140 3574 2109 0 2203851 0 846190
1786798804.718722 2208476 1707140 3574 2109 0 2203851 0 846190
1786798805.793727 2208476 1707140 3574 2109 0 2203851 0 846190
1786798806.795006 2208476 1707140 3574 2109 0 2203851 0 846190
1786798807.796717 2208476 1707140 3574 2109 0 2203851 0 846190
1786798808.718428 2208476 1707140 3574 2109 0 2203851 0 846190
1786798809.719604 2208476 1707140 3574 2109 0 2203851 0 846190
1786798810.795960 2208476 1707140 3574 2109 0 2203851 0 846190
1786798811.794906 2208476 1707140 3574 2109 0 2203851 0 846190
1786798812.719183 2208476 1707140 3574 2109 0 2203851 0 846190
1786798813.719942 2208476 1707140 3574 2109 0 2203851 0 846190
1786798814.719314 2208476 1707140 3574 2109 0 2203851 0 846190
1786798815.794160 2208476 1707140 3574 2109 0 2203851 0 846190
1786798816.718589 2208476 1707140 3574 2109 0 2203851 0 846190
1786798817.796721 2208476 1707140 3574 2109 0 2203851 0 846190
1786798818.794236 2208476 1707140 3574 2109 0 2203851 0 846190
1786798819.719340 2208476 1707140 3574 2109 0 2203851 0 846190
1786798820.718349 2208476 1707140 3574 2109 0 2203851 0 846190
1786798821.720192 2208476 1707140 3574 2109 0 2203851 0 846190
1786798822.719183 2208476 1707140 3574 2109 0 2203851 0 846190
1786798823.794724 2208476 1707140 3574 2109 0 2203851 0 846190
1786798824.796515 2208476 1707140 3574 2109 0 2203851 0 846190
1786798825.793960 2208476 1707140 3574 2109 0 2203851 0 846190
1786798826.719593 2208476 1707140 3574 2109 0 2203851 0 846190
1786798827.719194 2208476 1707140 3574 2109 0 2203851 0 846190
1786798828.795143 2208476 1707140 3574 2109 0 2203851 0 846190
1786798829.719180 2208476 1707140 3574 2109 0 2203851 0 846190
1786798830.719140 2208476 1707140 3574 2109 0 2203851 0 846190
1786798831.719314 2208476 1707140 3574 2109 0 2203851 0 846190
1786798832.797010 2208476 1707140 3574 2109 0 2203851 0 846190
1786798833.795175 2208476 1707140 3574 2109 0 2203851 0 846190
1786798834.795902 2208476 1707140 3574 2109 0 2203851 0 846190
1786798835.795227 2208476 1707140 3574 2109 0 2203851 0 846190
1786798836.718382 2208476 1707140 3574 2109 0 2203851 0 846190
1786798837.718263 2208476 1707140 3574 2109 0 2203851 0 846190
1786798838.793704 2208476 1707140 3574 2109 0 2203851 0 846190
1786798839.796081 2208476 1707140 3574 2109 0 2203851 0 846190
1786798840.793844 2208476 1707140 3574 2109 0 2203851 0 846190
1786798841.794326 2208476 1707140 3574 2109 0 2203851 0 846190
1786798842.796918 2208476 1707140 3574 2109 0 2203851 0 846190
1786798843.795447 2208476 1707140 3574 2109 0 2203851 0 846190
1786798844.793913 2208476 1707140 3574 2109 0 2203851 0 846190
1786798845.718163 2208476 1707140 3574 2109 0 2203851 0 846190
1786798846.718156 2208476 1707140 3574 2109 0 2203851 0 846190
1786798847.718441 2208476 1707140 3574 2109 0 2203851 0 846190
1786798848.719098 2208476 1707140 3574 2109 0 2203851 0 846190
1786798849.795758 2208476 1707140 3574 2109 0 2203851 0 846190
1786798850.794380 2208476 1707140 3574 2109 0 2203851 0 846190
1786798851.718543 2208476 1707140 3574 2109 0 2203851 0 846190
1786798852.794033 2208476 1707140 3574 2109 0 2203851 0 846190
1786798853.718121 2208476 1707140 3574 2109 0 2203851 0 846190
1786798854.797986 2208476 1707140 3574 2109 0 2203851 0 846190
1786798855.793701 2208476 1707140 3574 2109 0 2203851 0 846190
1786798856.718320 2208476 1707140 3574 2109 0 2203851 0 846190
1786798857.718203 2208476 1707140 3574 2109 0 2203851 0 846190
1786798858.719486 2208476 1707140 3574 2109 0 2203851 0 846190
1786798859.796041 2208476 1707140 3574 2109 0 2203851 0 846190
1786798860.718350 2208476 1707140 3574 2109 0 2203851 0 846190
1786798861.718177 2208476 1707140 3574 2109 0 2203851 0 846190
1786798862.794927 2208476 1707140 3574 2109 0 2203851 0 846190
1786798863.718095 2208476 1707140 3574 2109 0 2203851 0 846190
1786798864.718053 2208476 1707140 3574 2109 0 2203851 0 846190
1786798865.793328 2208476 1707140 3574 2109 0 2203851 0 846190
1786798866.718668 2208476 1707140 3574 2109 0 2203851 0 846190
1786798867.718753 2208476 1707140 3574 2109 0 2203851 0 846190
1786798868.718633 2208476 1707140 3574 2109 0 2203851 0 846190
1786798869.718278 2208476 1707140 3574 2109 0 2203851 0 846190
1786798870.794201 2208476 1707140 3574 2109 0 2203851 0 846190
1786798871.718318 2208476 1707140 3574 2109 0 2203851 0 846190
1786798872.794634 2208476 1707140 3574 2109 0 2203851 0 846190
1786798873.794954 2208476 1707140 3574 2109 0 2203851 0 846190
1786798874.718255 2208476 1707140 3574 2109 0 2203851 0 846190
1786798875.718810 2208476 1707140 3574 2109 0 2203851 0 846190
1786798876.718462 2208476 1707140 3574 2109 0 2203851 0 846190
1786798877.793909 2208476 1707140 3574 2109 0 2203851 0 846190
1786798878.718077 2208476 1707140 3574 2109 0 2203851 0 846190
1786798879.793794 2208476 1707140 3574 2109 0 2203851 0 846190
1786798880.718235 2208476 1707140 3574 2109 0 2203851 0 846190
1786798881.718193 2208476 1707140 3574 2109 0 2203851 0 846190
1786798882.795722 2208476 1707140 3574 2109 0 2203851 0 846190
1786798883.794986 2208476 1707140 3574 2109 0 2203851 0 846190
1786798884.718517 2208476 1707140 3574 2109 0 2203851 0 846190
1786798885.719522 2208476 1707140 3574 2109 0 2203851 0 846190
1786798886.795220 2208476 1707140 3574 2109 0 2203851 0 846190
1786798887.718432 2208476 1707140 3574 2109 0 2203851 0 846190
1786798888.718108 2208476 1707140 3574 2109 0 2203851 0 846190
1786798889.793404 2208476 1707140 3574 2109 0 2203851 0 846190
1786798890.796955 2208476 1707140 3574 2109 0 2203851 0 846190
1786798891.794519 2208476 1707140 3574 2109 0 2203851 0 846190
1786798892.794839 2208476 1707140 3574 2109 0 2203851 0 846190
1786798893.718128 2208476 1707140 3574 2109 0 2203851 0 846190
1786798894.719643 2208476 1707140 3574 2109 0 2203851 0 846190
1786798895.719180 2208476 1707140 3574 2109 0 2203851 0 846190
1786798896.794434 2208476 1707140 3574 2109 0 2203851 0 846190
1786798897.717990 2208476 1707140 3574 2109 0 2203851 0 846190
1786798898.793519 2208476 1707140 3574 2109 0 2203851 0 846190
1786798899.718566 2208476 1707140 3574 2109 0 2203851 0 846190
1786798900.719655 2208476 1707140 3574 2109 0 2203851 0 846190
1786798901.718385 2208476 1707140 3574 2109 0 2203851 0 846190
1786798902.795608 2208476 1707140 3574 2109 0 2203851 0 846190
1786798903.719346 2208476 1707140 3574 2109 0 2203851 0 846190
1786798904.719246 2208476 1707140 3574 2109 0 2203851 0 846190
1786798905.794587 2208476 1707140 3574 2109 0 2203851 0 846190
1786798906.718124 2208476 1707140 3574 2109 0 2203851 0 846190
1786798907.718274 2208476 1707140 3574 2109 0 2203851 0 846190
1786798908.718474 2208476 1707140 3574 2109 0 2203851 0 846190
1786798909.795229 2208476 1707140 3574 2109 0 2203851 0 846190
1786798910.718771 2208476 1707140 3574 2109 0 2203851 0 846190
1786798911.794947 2208476 1707140 3574 2109 0 2203851 0 846190
1786798912.718139 2208476 1707140 3574 2109 0 2203851 0 846190
1786798913.718542 2208476 1707140 3574 2109 0 2203851 0 846190
1786798914.793717 2208476 1707140 3574 2109 0 2203851 0 846190
1786798915.718542 2208476 1707140 3574 2109 0 2203851 0 846190
1786798916.718071 2208476 1707140 3574 2109 0 2203851 0 846190
1786798917.796365 2208476 1707140 3574 2109 0 2203851 0 846190
1786798918.718513 2208476 1707140 3574 2109 0 2203851 0 846190
1786798919.795798 2208476 1707140 3574 2109 0 2203851 0 846190
1786798920.796578 2208476 1707140 3574 2109 0 2203851 0 846190
1786798921.719069 2208476 1707140 3574 2109 0 2203851 0 846190
1786798922.793744 2208476 1707140 3574 2109 0 2203851 0 846190
1786798923.794909 2208476 1707140 3574 2109 0 2203851 0 846190
1786798924.796032 2208476 1707140 3574 2109 0 2203851 0 846190
1786798925.719185 2208476 1707140 3574 2109 0 2203851 0 846190
1786798926.718263 2208476 1707140 3574 2109 0 2203851 0 846190
1786798927.794902 2208476 1707140 3574 2109 0 2203851 0 846190
1786798928.718739 2208476 1707140 3574 2109 0 2203851 0 846190
1786798929.793311 2208476 1707140 3574 2109 0 2203851 0 846190
1786798930.718470 2208476 1707140 3574 2109 0 2203851 0 846190
1786798931.796153 2208476 1707140 3574 2109 0 2203851 0 846190
1786798932.794029 2208476 1707140 3574 2109 0 2203851 0 846190
1786798933.793503 2208476 1707140 3574 2109 0 2203851 0 846190
1786798934.718828 2208476 1707140 3574 2109 0 2203851 0 846190
1786798935.719964 2208476 1707140 3574 2109 0 2203851 0 846190
1786798936.719315 2208476 1707140 3574 2109 0 2203851 0 846190
1786798937.795163 2208476 1707140 3574 2109 0 2203851 0 846190
1786798938.719304 2208476 1707140 3574 2109 0 2203851 0 846190
1786798939.719340 2208476 1707140 3574 2109 0 2203851 0 846190
1786798940.794667 2208476 1707140 3574 2109 0 2203851 0 846190
1786798941.794813 2208476 1707140 3574 2109 0 2203851 0 846190
1786798942.718158 2208476 1707140 3574 2109 0 2203851 0 846190
1786798943.718630 2208476 1707140 3574 2109 0 2203851 0 846190
1786798944.720449 2208476 1707140 3574 2109 0 2203851 0 846190
1786798945.795938 2208476 1707140 3574 2109 0 2203851 0 846190
1786798946.795973 2208476 1707140 3574 2109 0 2203851 0 846190
1786798947.718340 2208476 1707140 3574 2109 0 2203851 0 846190
1786798948.795925 2208476 1707140 3574 2109 0 2203851 0 846190
1786798949.793442 2208476 1707140 3574 2109 0 2203851 0 846190
1786798950.795871 2208476 1707140 3574 2109 0 2203851 0 846190
1786798951.794342 2208476 1707140 3574 2109 0 2203851 0 846190
1786798952.719575 2208476 1707140 3574 2109 0 2203851 0 846190
1786798953.793894 2208476 1707140 3574 2109 0 2203851 0 846190
1786798954.718537 2208476 1707140 3574 2109 0 2203851 0 846190
1786798955.793464 2208476 1707140 3574 2109 0 2203851 0 846190
1786798956.718399 2208476 1707140 3574 2109 0 2203851 0 846190
1786798957.796800 2208476 1707140 3574 2109 0 2203851 0 846190
1786798958.718158 2208476 1707140 3574 2109 0 2203851 0 846190
1786798959.797048 2208476 1707140 3574 2109 0 2203851 0 846190
1786798960.795292 2208476 1707140 3574 2109 0 2203851 0 846190
1786798961.795804 2208476 1707140 3574 2109 0 2203851 0 846190
1786798962.794344 2208476 1707140 3574 2109 0 2203851 0 846190
1786798963.793669 2208476 1707140 3574 2109 0 2203851 0 846190
1786798964.718286 2208476 1707140 3574 2109 0 2203851 0 846190
1786798965.719512 2208476 1707140 3574 2109 0 2203851 0 846190
1786798966.719290 2208476 1707140 3574 2109 0 2203851 0 846190
1786798967.793533 2208476 1707140 3574 2109 0 2203851 0 846190
1786798968.796751 2208476 1707140 3574 2109 0 2203851 0 846190
1786798969.794092 2208476 1707140 3574 2109 0 2203851 0 846190
1786798970.796065 2208476 1707140 3574 2109 0 2203851 0 846190
1786798971.718558 2208476 1707140 3574 2109 0 2203851 0 846190
1786798972.718232 2208476 1707140 3574 2109 0 2203851 0 846190
1786798973.793443 2208476 1707140 3574 2109 0 2203851 0 846190
1786798974.793856 2208476 1707140 3574 2109 0 2203851 0 846190
1786798975.795357 2208476 1707140 3574 2109 0 2203851 0 846190
1786798976.718381 2208476 1707140 3574 2109 0 2203851 0 846190
1786798977.719362 2208476 1707140 3574 2109 0 2203851 0 846190
1786798978.719315 2208476 1707140 3574 2109 0 2203851 0 846190
1786798979.794411 2208476 1707140 3574 2109 0 2203851 0 846190
1786798980.794890 2208476 1707140 3574 2109 0 2203851 0 846190
1786798981.718510 2208476 1707140 3574 2109 0 2203851 0 846190
1786798982.718208 2208476 1707140 3574 2109 0 2203851 0 846190
1786798983.793748 2208476 1707140 3574 2109 0 2203851 0 846190
1786798984.718410 2208476 1707140 3574 2109 0 2203851 0 846190
1786798985.793955 2208476 1707140 3574 2109 0 2203851 0 846190
1786798986.794006 2208476 1707140 3574 2109 0 2203851 0 846190
1786798987.793326 2208476 1707140 3574 2109 0 2203851 0 846190
1786798988.795304 2208476 1707140 3574 2109 0 2203851 0 846190
1786798989.718296 2208476 1707140 3574 2109 0 2203851 0 846190
1786798990.718509 2208476 1707140 3574 2109 0 2203851 0 846190
1786798991.719145 2208476 1707140 3574 2109 0 2203851 0 846190
1786798992.719119 2208476 1707140 3574 2109 0 2203851 0 846190
1786798993.718995 2208476 1707140 3574 2109 0 2203851 0 846190
1786798994.719557 2208476 1707140 3574 2109 0 2203851 0 846190
1786798995.719409 2208476 1707140 3574 2109 0 2203851 0 846190
1786798996.719652 2208476 1707140 3574 2109 0 2203851 0 846190
1786798997.794515 2208476 1707140 3574 2109 0 2203851 0 846190
1786798998.718423 2208476 1707140 3574 2109 0 2203851 0 846190
1786798999.718540 2208476 1707140 3574 2109 0 2203851 0 846190
1786799000.719214 2208476 1707140 3574 2109 0 2203851 0 846190
1786799001.795656 2208476 1707140 3574 2109 0 2203851 0 846190
1786799002.795104 2208476 1707140 3574 2109 0 2203851 0 846190
1786799003.718595 2208476 1707140 3574 2109 0 2203851 0 846190
1786799004.795851 2208476 1707140 3574 2109 0 2203851 0 846190
1786799005.718432 2208476 1707140 3574 2109 0 2203851 0 846190
1786799006.718375 2208476 1707140 3574 2109 0 2203851 0 846190
1786799007.718158 2208476 1707140 3574 2109 0 2203851 0 846190
1786799008.796707 2208476 1707140 3574 2109 0 2203851 0 846190
1786799009.718132 2208476 1707140 3574 2109 0 2203851 0 846190
1786799010.794686 2208476 1707140 3574 2109 0 2203851 0 846190
1786799011.793834 2208476 1707140 3574 2109 0 2203851 0 846190
1786799012.797161 2208476 1707140 3574 2109 0 2203851 0 846190
1786799013.795130 2208476 1707140 3574 2109 0 2203851 0 846190
1786799014.793530 2208476 1707140 3574 2109 0 2203851 0 846190
1786799015.800794 2208476 1707140 3574 2109 0 2203851 0 846190
1786799016.717977 2209116 1707190 3574 2109 0 2204491 0 846190
1786799017.718159 2209116 1707190 3574 2109 0 2204491 0 846190
1786799018.793550 2209116 1707190 3574 2109 0 2204491 0 846207
1786799019.718402 2209116 1707190 3574 2109 0 2204491 0 846207
1786799020.718635 2209116 1707190 3574 2109 0 2204491 0 846207
1786799021.796625 2209116 1707190 3574 2109 0 2204491 0 846207
1786799022.795052 2209116 1707190 3574 2109 0 2204491 0 846207
1786799023.794922 2209116 1707190 3574 2109 0 2204491 0 846207
1786799024.718225 2209116 1707190 3574 2109 0 2204491 0 846207
1786799025.719000 2209116 1707190 3574 2109 0 2204491 0 846207
1786799026.719038 2209116 1707190 3574 2109 0 2204491 0 846207
1786799027.795652 2209116 1707190 3574 2109 0 2204491 0 846207
1786799028.718566 2209116 1707190 3574 2109 0 2204491 0 846207
1786799029.795034 2209116 1707190 3574 2109 0 2204491 0 846207
1786799030.718352 2209116 1707190 3574 2109 0 2204491 0 846207
1786799031.718332 2209116 1707190 3574 2109 0 2204491 0 846207
1786799032.793490 2209116 1707190 3574 2109 0 2204491 0 846207
1786799033.794376 2209116 1707190 3574 2109 0 2204491 0 846207
1786799034.804856 2209116 1707190 3574 2109 0 2204491 0 846207
1786799035.718221 2209116 1707190 3574 2109 0 2204491 0 846207
1786799036.793994 2209116 1707190 3574 2109 0 2204491 0 846207
1786799037.718462 2209116 1707190 3574 2109 0 2204491 0 846207
1786799038.718212 2209116 1707190 3574 2109 0 2204491 0 846207
1786799039.718195 2209116 1707190 3574 2109 0 2204491 0 846207
1786799040.717972 2209116 1707190 3574 2109 0 2204491 0 846207
1786799041.718101 2209116 1707190 3574 2109 0 2204491 0 846207
1786799042.718947 2209116 1707190 3574 2109 0 2204491 0 846207
1786799043.718912 2209116 1707190 3574 2109 0 2204491 0 846207
1786799044.718977 2209116 1707190 3574 2109 0 2204491 0 846207
1786799045.718081 2209116 1707190 3574 2109 0 2204491 0 846207
1786799046.718518 2209116 1707190 3574 2109 0 2204491 0 846207
1786799047.794563 2209116 1707190 3574 2109 0 2204491 0 846207
1786799048.718284 2209116 1707190 3574 2109 0 2204491 0 846207
1786799049.794796 2209116 1707190 3574 2109 0 2204491 0 846207
1786799050.718020 2209116 1707190 3574 2109 0 2204491 0 846207
1786799051.718128 2209116 1707190 3574 2109 0 2204491 0 846207
1786799052.795757 2209116 1707190 3574 2109 0 2204491 0 846207
1786799053.718345 2209116 1707190 3574 2109 0 2204491 0 846207
1786799054.794767 2209116 1707190 3574 2109 0 2204491 0 846207
1786799055.718039 2209116 1707190 3574 2109 0 2204491 0 846207
1786799056.718636 2209116 1707190 3574 2109 0 2204491 0 846207
1786799057.718594 2209116 1707190 3574 2109 0 2204491 0 846207
1786799058.796235 2209116 1707190 3574 2109 0 2204491 0 846207
1786799059.718127 2209116 1707190 3574 2109 0 2204491 0 846207
1786799060.793954 2209116 1707190 3574 2109 0 2204491 0 846207
1786799061.718992 2209116 1707190 3574 2109 0 2204491 0 846207
1786799062.797131 2209116 1707190 3574 2109 0 2204491 0 846207
1786799063.719604 2209116 1707190 3574 2109 0 2204491 0 846207
1786799064.795398 2209116 1707190 3574 2109 0 2204491 0 846207
1786799065.793921 2209116 1707190 3574 2109 0 2204491 0 846207
1786799066.794466 2209116 1707190 3574 2109 0 2204491 0 846207
1786799067.719480 2209116 1707190 3574 2109 0 2204491 0 846207
1786799068.719292 2209116 1707190 3574 2109 0 2204491 0 846207
1786799069.718941 2209116 1707190 3574 2109 0 2204491 0 846207
1786799070.795481 2209116 1707190 3574 2109 0 2204491 0 846207
1786799071.796285 2209116 1707190 3574 2109 0 2204491 0 846207
1786799072.717147 2209116 1707190 3574 2109 0 2204491 0 846207
1786799073.718408 2209116 1707190 3574 2109 0 2204491 0 846207
1786799074.717811 2209116 1707190 3574 2109 0 2204491 0 846207
1786799075.793195 2209116 1707190 3574 2109 0 2204491 0 846207
1786799076.794407 2209116 1707190 3574 2109 0 2204491 0 846207
1786799077.718453 2209116 1707190 3574 2109 0 2204491 0 846207
1786799078.719347 2209116 1707190 3574 2109 0 2204491 0 846207
1786799079.796369 2209116 1707190 3574 2109 0 2204491 0 846207
1786799080.794790 2209116 1707190 3574 2109 0 2204491 0 846207
1786799081.718654 2209116 1707190 3574 2109 0 2204491 0 846207
1786799082.719237 2209116 1707190 3574 2109 0 2204491 0 846207
1786799083.796318 2209116 1707190 3574 2109 0 2204491 0 846207
1786799084.719471 2209116 1707190 3574 2109 0 2204491 0 846207
1786799085.793645 2209116 1707190 3574 2109 0 2204491 0 846207
1786799086.718513 2209116 1707190 3574 2109 0 2204491 0 846207
1786799087.719007 2209116 1707190 3574 2109 0 2204491 0 846207
1786799088.795444 2209116 1707190 3574 2109 0 2204491 0 846207
1786799089.718152 2209116 1707190 3574 2109 0 2204491 0 846207
1786799090.793221 2209116 1707190 3574 2109 0 2204491 0 846207
1786799091.717412 2209116 1707190 3574 2109 0 2204491 0 846207
1786799092.798047 2209116 1707190 3574 2109 0 2204491 0 846207
1786799093.794734 2209116 1707190 3574 2109 0 2204491 0 846207
1786799094.794743 2209116 1707190 3574 2109 0 2204491 0 846207
1786799095.718230 2209116 1707190 3574 2109 0 2204491 0 846207
1786799096.719567 2209116 1707190 3574 2109 0 2204491 0 846207
1786799097.793701 2209116 1707190 3574 2109 0 2204491 0 846207
1786799098.718163 2209116 1707190 3574 2109 0 2204491 0 846207
1786799099.718171 2209116 1707190 3574 2109 0 2204491 0 846207
1786799100.796279 2209116 1707190 3574 2109 0 2204491 0 846207
1786799101.718265 2209116 1707190 3574 2109 0 2204491 0 846207
1786799102.717342 2209116 1707190 3574 2109 0 2204491 0 846207
1786799103.718346 2209116 1707190 3574 2109 0 2204491 0 846207
1786799104.718401 2209116 1707190 3574 2109 0 2204491 0 846207
1786799105.717805 2209116 1707190 3574 2109 0 2204491 0 846207
1786799106.719083 2209116 1707190 3574 2109 0 2204491 0 846207
1786799107.719470 2209116 1707190 3574 2109 0 2204491 0 846207
1786799108.719464 2209116 1707190 3574 2109 0 2204491 0 846207
1786799109.795662 2209116 1707190 3574 2109 0 2204491 0 846207
1786799110.718656 2209116 1707190 3574 2109 0 2204491 0 846207
1786799111.718318 2209116 1707190 3574 2109 0 2204491 0 846207
1786799112.718085 2209116 1707190 3574 2109 0 2204491 0 846207
1786799113.719489 2209116 1707190 3574 2109 0 2204491 0 846207
1786799114.719291 2209116 1707190 3574 2109 0 2204491 0 846207
1786799115.794731 2209116 1707190 3574 2109 0 2204491 0 846207
1786799116.793991 2209116 1707190 3574 2109 0 2204491 0 846207
1786799117.718336 2209116 1707190 3574 2109 0 2204491 0 846207
1786799118.719215 2209116 1707190 3574 2109 0 2204491 0 846207
1786799119.719364 2209116 1707190 3574 2109 0 2204491 0 846207
1786799120.794152 2209116 1707190 3574 2109 0 2204491 0 846207
1786799121.718224 2209116 1707190 3574 2109 0 2204491 0 846207
1786799122.796030 2209116 1707190 3574 2109 0 2204491 0 846207
1786799123.717983 2209116 1707190 3574 2109 0 2204491 0 846207
1786799124.796966 2209116 1707190 3574 2109 0 2204491 0 846207
1786799125.795806 2209116 1707190 3574 2109 0 2204491 0 846207
1786799126.793580 2209116 1707190 3574 2109 0 2204491 0 846207
1786799127.718138 2209116 1707190 3574 2109 0 2204491 0 846207
1786799128.718217 2209116 1707190 3574 2109 0 2204491 0 846207
1786799129.794408 2209116 1707190 3574 2109 0 2204491 0 846207
1786799130.796467 2209116 1707190 3574 2109 0 2204491 0 846207
1786799131.719366 2209116 1707190 3574 2109 0 2204491 0 846207
1786799132.717492 2209116 1707190 3574 2109 0 2204491 0 846207
1786799133.795926 2209116 1707190 3574 2109 0 2204491 0 846207
1786799134.718410 2209116 1707190 3574 2109 0 2204491 0 846207
1786799135.793126 2209116 1707190 3574 2109 0 2204491 0 846207
1786799136.718757 2209116 1707190 3574 2109 0 2204491 0 846207
1786799137.718235 2209116 1707190 3574 2109 0 2204491 0 846207
1786799138.719494 2209116 1707190 3574 2109 0 2204491 0 846207
1786799139.719664 2209116 1707190 3574 2109 0 2204491 0 846207
1786799140.795028 2209116 1707190 3574 2109 0 2204491 0 846207
1786799141.794775 2209116 1707190 3574 2109 0 2204491 0 846207
1786799142.793819 2209116 1707190 3574 2109 0 2204491 0 846207
1786799143.793611 2209116 1707190 3574 2109 0 2204491 0 846207
1786799144.718106 2209116 1707190 3574 2109 0 2204491 0 846207
1786799145.718407 2209116 1707190 3574 2109 0 2204491 0 846207
1786799146.718105 2209116 1707190 3574 2109 0 2204491 0 846207
1786799147.718725 2209116 1707190 3574 2109 0 2204491 0 846207
1786799148.793423 2209116 1707190 3574 2109 0 2204491 0 846207
1786799149.798130 2209116 1707190 3574 2109 0 2204491 0 846207
1786799150.718568 2209116 1707190 3574 2109 0 2204491 0 846207
1786799151.794542 2209116 1707190 3574 2109 0 2204491 0 846207
1786799152.718414 2209116 1707190 3574 2109 0 2204491 0 846207
1786799153.717994 2209116 1707190 3574 2109 0 2204491 0 846207
1786799154.718732 2209116 1707190 3574 2109 0 2204491 0 846207
1786799155.719245 2209116 1707190 3574 2109 0 2204491 0 846207
1786799156.793378 2209116 1707190 3574 2109 0 2204491 0 846207
1786799157.719260 2209116 1707190 3574 2109 0 2204491 0 846207
1786799158.718917 2209116 1707190 3574 2109 0 2204491 0 846207
1786799159.719665 2209116 1707190 3574 2109 0 2204491 0 846207
1786799160.795479 2209116 1707190 3574 2109 0 2204491 0 846207
1786799161.718561 2209116 1707190 3574 2109 0 2204491 0 846207
1786799162.719239 2209116 1707190 3574 2109 0 2204491 0 846207
1786799163.719100 2209116 1707190 3574 2109 0 2204491 0 846207
1786799164.794354 2209116 1707190 3574 2109 0 2204491 0 846207
1786799165.793935 2209116 1707190 3574 2109 0 2204491 0 846207
1786799166.792991 2209116 1707190 3574 2109 0 2204491 0 846207
1786799167.718717 2209116 1707190 3574 2109 0 2204491 0 846207
1786799168.718531 2209116 1707190 3574 2109 0 2204491 0 846207
1786799169.794098 2209116 1707190 3574 2109 0 2204491 0 846207
1786799170.794596 2209116 1707190 3574 2109 0 2204491 0 846207
1786799171.718661 2209116 1707190 3574 2109 0 2204491 0 846207
1786799172.719660 2209116 1707190 3574 2109 0 2204491 0 846207
1786799173.718669 2209116 1707190 3574 2109 0 2204491 0 846207
1786799174.720515 2209116 1707190 3574 2109 0 2204491 0 846207
1786799175.719790 2209116 1707190 3574 2109 0 2204491 0 846207
1786799176.794330 2209116 1707190 3574 2109 0 2204491 0 846207
1786799177.719190 2209116 1707190 3574 2109 0 2204491 0 846207
1786799178.719653 2209116 1707190 3574 2109 0 2204491 0 846207
1786799179.719580 2209116 1707190 3574 2109 0 2204491 0 846207
1786799180.793751 2209116 1707190 3574 2109 0 2204491 0 846207
1786799181.718302 2209116 1707190 3574 2109 0 2204491 0 846207
1786799182.797026 2209116 1707190 3574 2109 0 2204491 0 846207
1786799183.719812 2209116 1707190 3574 2109 0 2204491 0 846207
1786799184.719442 2209116 1707190 3574 2109 0 2204491 0 846207
1786799185.719258 2209116 1707190 3574 2109 0 2204491 0 846207
1786799186.794267 2209116 1707190 3574 2109 0 2204491 0 846207
1786799187.720214 2209116 1707190 3574 2109 0 2204491 0 846207
1786799188.719137 2209116 1707190 3574 2109 0 2204491 0 846207
1786799189.797251 2209116 1707190 3574 2109 0 2204491 0 846207
1786799190.797312 2209116 1707190 3574 2109 0 2204491 0 846207
1786799191.800549 2209116 1707190 3574 2109 0 2204491 0 846207
1786799192.797946 2209116 1707190 3574 2109 0 2204491 0 846207
1786799193.797530 2209116 1707190 3574 2109 0 2204491 0 846207
1786799194.719900 2209116 1707190 3574 2109 0 2204491 0 846207
1786799195.719324 2209116 1707190 3574 2109 0 2204491 0 846207
1786799196.795128 2209116 1707190 3574 2109 0 2204491 0 846207
1786799197.718345 2209116 1707190 3574 2109 0 2204491 0 846207
1786799198.793213 2209116 1707190 3574 2109 0 2204491 0 846207
1786799199.795521 2209116 1707190 3574 2109 0 2204491 0 846207
1786799200.717801 2209116 1707190 3574 2109 0 2204491 0 846207
1786799201.795967 2209116 1707190 3574 2109 0 2204491 0 846207
1786799202.718579 2209116 1707190 3574 2109 0 2204491 0 846207
1786799203.718702 2209116 1707190 3574 2109 0 2204491 0 846207
1786799204.794537 2209116 1707190 3574 2109 0 2204491 0 846207
1786799205.718146 2209116 1707190 3574 2109 0 2204491 0 846207
1786799206.793304 2209116 1707190 3574 2109 0 2204491 0 846207
1786799207.720051 2209116 1707190 3574 2109 0 2204491 0 846207
1786799208.719136 2209116 1707190 3574 2109 0 2204491 0 846207
1786799209.718393 2209116 1707190 3574 2109 0 2204491 0 846207
1786799210.718460 2209116 1707190 3574 2109 0 2204491 0 846207
1786799211.795889 2209116 1707190 3574 2109 0 2204491 0 846207
1786799212.718492 2209116 1707190 3574 2109 0 2204491 0 846207
1786799213.718149 2209116 1707190 3574 2109 0 2204491 0 846207
1786799214.718367 2209116 1707190 3574 2109 0 2204491 0 846207
1786799215.719026 2209116 1707190 3574 2109 0 2204491 0 846207
1786799216.718939 2209116 1707190 3574 2109 0 2204491 0 846207
1786799217.794437 2209116 1707190 3574 2109 0 2204491 0 846207
1786799218.718605 2209116 1707190 3574 2109 0 2204491 0 846207
1786799219.718453 2209116 1707190 3574 2109 0 2204491 0 846207
1786799220.718312 2209116 1707190 3574 2109 0 2204491 0 846207
1786799221.793825 2209116 1707190 3574 2109 0 2204491 0 846207
1786799222.794811 2209116 1707190 3574 2109 0 2204491 0 846207
1786799223.718654 2209116 1707190 3574 2109 0 2204491 0 846207
1786799224.718587 2209116 1707190 3574 2109 0 2204491 0 846207
1786799225.718700 2209116 1707190 3574 2109 0 2204491 0 846207
1786799226.718488 2209116 1707190 3574 2109 0 2204491 0 846207
1786799227.718219 2209116 1707190 3574 2109 0 2204491 0 846207
1786799228.719092 2209116 1707190 3574 2109 0 2204491 0 846207
1786799229.795435 2209116 1707190 3574 2109 0 2204491 0 846207
1786799230.794891 2209116 1707190 3574 2109 0 2204491 0 846207
1786799231.718191 2209116 1707190 3574 2109 0 2204491 0 846207
1786799232.718472 2209116 1707190 3574 2109 0 2204491 0 846207
1786799233.795863 2209116 1707190 3574 2109 0 2204491 0 846207
1786799234.718597 2209116 1707190 3574 2109 0 2204491 0 846207
1786799235.719285 2209116 1707190 3574 2109 0 2204491 0 846207
1786799236.719474 2209116 1707190 3574 2109 0 2204491 0 846207
1786799237.719110 2209116 1707190 3574 2109 0 2204491 0 846207
1786799238.719534 2209116 1707190 3574 2109 0 2204491 0 846207
1786799239.719195 2209116 1707190 3574 2109 0 2204491 0 846207
1786799240.718946 2209116 1707190 3574 2109 0 2204491 0 846207
1786799241.718622 2209116 1707190 3574 2109 0 2204491 0 846207
1786799242.794005 2209116 1707190 3574 2109 0 2204491 0 846207
1786799243.719474 2209116 1707190 3574 2109 0 2204491 0 846207
1786799244.719316 2209116 1707190 3574 2109 0 2204491 0 846207
1786799245.719106 2209116 1707190 3574 2109 0 2204491 0 846207
1786799246.793969 2209116 1707190 3574 2109 0 2204491 0 846207
1786799247.718118 2209116 1707190 3574 2109 0 2204491 0 846207
1786799248.718954 2209116 1707190 3574 2109 0 2204491 0 846207
1786799249.719334 2209116 1707190 3574 2109 0 2204491 0 846207
1786799250.795691 2209116 1707190 3574 2109 0 2204491 0 846207
1786799251.718470 2209116 1707190 3574 2109 0 2204491 0 846207
1786799252.718224 2209116 1707190 3574 2109 0 2204491 0 846207
1786799253.795022 2209116 1707190 3574 2109 0 2204491 0 846207
1786799254.794667 2209116 1707190 3574 2109 0 2204491 0 846207
1786799255.718173 2209116 1707190 3574 2109 0 2204491 0 846207
1786799256.794174 2209116 1707190 3574 2109 0 2204491 0 846207
1786799257.794308 2209116 1707190 3574 2109 0 2204491 0 846207
1786799258.718542 2209116 1707190 3574 2109 0 2204491 0 846207
1786799259.793558 2209116 1707190 3574 2109 0 2204491 0 846207
1786799260.719102 2209116 1707190 3574 2109 0 2204491 0 846207
1786799261.718371 2209116 1707190 3574 2109 0 2204491 0 846207
1786799262.793930 2209116 1707190 3574 2109 0 2204491 0 846207
1786799263.793932 2209116 1707190 3574 2109 0 2204491 0 846207
1786799264.718566 2209116 1707190 3574 2109 0 2204491 0 846207
1786799265.797960 2209116 1707190 3574 2109 0 2204491 0 846207
1786799266.718629 2209116 1707190 3574 2109 0 2204491 0 846207
1786799267.795238 2209116 1707190 3574 2109 0 2204491 0 846207
1786799268.793001 2209116 1707190 3574 2109 0 2204491 0 846207
1786799269.718077 2209116 1707190 3574 2109 0 2204491 0 846207
1786799270.794178 2209116 1707190 3574 2109 0 2204491 0 846207
1786799271.795202 2209116 1707190 3574 2109 0 2204491 0 846207
1786799272.718245 2209116 1707190 3574 2109 0 2204491 0 846207
1786799273.793872 2209116 1707190 3574 2109 0 2204491 0 846207
1786799274.793256 2209116 1707190 3574 2109 0 2204491 0 846207
1786799275.793560 2209116 1707190 3574 2109 0 2204491 0 846207
1786799276.718212 2209116 1707190 3574 2109 0 2204491 0 846207
1786799277.718378 2209116 1707190 3574 2109 0 2204491 0 846207
1786799278.793512 2209116 1707190 3574 2109 0 2204491 0 846207
1786799279.718396 2209116 1707190 3574 2109 0 2204491 0 846207
1786799280.719578 2209116 1707190 3574 2109 0 2204491 0 846207
1786799281.796334 2209116 1707190 3574 2109 0 2204491 0 846207
1786799282.718125 2209116 1707190 3574 2109 0 2204491 0 846207
1786799283.718530 2209116 1707190 3574 2109 0 2204491 0 846207
1786799284.794550 2209116 1707190 3574 2109 0 2204491 0 846207
1786799285.793055 2209116 1707190 3574 2109 0 2204491 0 846207
1786799286.794595 2209116 1707190 3574 2109 0 2204491 0 846207
1786799287.795001 2209116 1707190 3574 2109 0 2204491 0 846207
