# start_epoch=1786770738.503282  page_size=4096  cachestat=ok  fields=size,resident,shared,text,lib,data,dt,pagecache
1786770739.503605 262499 27630 7646 99 0 248506 0 1
1786770740.503528 262499 27630 7646 99 0 248506 0 1
1786770741.510638 2932268 69231 49381 99 0 258106 0 56419
1786770742.508500 2955859 87660 67827 99 0 258106 0 83108
1786770743.512920 2978661 71529 51695 99 0 258106 0 101116
1786770744.511049 3001659 84238 64427 99 0 258106 0 128666
1786770745.512820 3023919 86722 66909 99 0 258106 0 160990
1786770746.513967 3046667 115921 96147 99 0 258106 0 177899
1786770747.518918 3108520 148214 128480 99 0 258106 0 245739
1786770748.517513 3116514 146000 126265 99 0 258106 0 248107
1786770749.521450 3157736 170764 151078 99 0 258106 0 286779
1786770750.520503 3160533 166508 146822 99 0 258106 0 289036
1786770751.523439 3187739 149365 129686 99 0 258106 0 329650
1786770752.526761 3228074 236500 216820 99 0 258106 0 362109
1786770753.523847 3233734 184035 164354 99 0 258106 0 349664
1786770754.523339 3233734 194822 175137 99 0 258106 0 352548
1786770755.527737 3237243 138797 119169 99 0 258106 0 377200
1786770756.529525 3217314 123698 104090 99 0 258106 0 365384
1786770757.526372 3254009 175719 156103 99 0 258106 0 387696
1786770758.529153 3285007 159138 139536 99 0 258106 0 428531
1786770759.533682 3355581 230036 210563 99 0 258106 0 474762
1786770760.528926 3379360 289916 270441 99 0 258106 0 496147
1786770761.528979 3319555 190013 170504 99 0 258106 0 446617
1786770762.529342 3319555 199437 179925 99 0 258106 0 450931
1786770763.530943 3316131 119932 100461 99 0 258106 0 451132
1786770764.533509 3362916 173187 153715 99 0 258106 0 502314
1786770765.536761 3399897 239479 220006 99 0 258106 0 555728
1786770766.531146 3402367 208196 188723 99 0 258106 0 525081
1786770767.532479 3380558 183628 164149 99 0 258106 0 508319
1786770768.532848 3380558 195286 175803 99 0 258106 0 513822
1786770769.533801 3321869 56993 37558 99 0 258106 0 476706
1786770770.536045 3376073 126763 107326 99 0 258106 0 516055
1786770771.538990 3418840 194863 175451 99 0 258106 0 557597
1786770772.540867 3477569 235663 214451 99 0 276026 0 591285
1786770773.547637 3459554 208453 184800 99 0 282682 0 561636
1786770774.549440 3478297 238482 214907 99 0 282682 0 576519
1786770775.543208 3541817 234467 210886 99 0 282682 0 636119
1786770776.537314 3457973 174279 150698 99 0 282682 0 572361
1786770777.572571 3497271 226226 201100 99 0 284218 0 628764
1786770778.538863 3513169 237780 212653 99 0 284218 0 608385
1786770779.542601 3513169 282568 257610 99 0 284218 0 637939
1786770780.542370 3509555 162358 138224 99 0 284218 0 584794
1786770781.545613 3525954 210992 186857 99 0 284218 0 617570
1786770782.558449 3535249 255987 231852 99 0 284218 0 653636
1786770783.554102 3552228 247095 222957 99 0 284218 0 662102
1786770784.575032 3554463 288288 264254 99 0 284218 0 682929
1786770785.547257 3593115 328006 303962 99 0 284218 0 715111
1786770786.545305 3436856 57453 34577 99 0 284218 0 526803
1786770787.541399 3518841 142727 120293 99 0 284218 0 605220
1786770788.540815 3515651 174305 152057 99 0 284218 0 613107
1786770789.540441 3518821 200613 178345 99 0 288314 0 617473
1786770790.537751 3454176 54704 32964 99 0 288314 0 532139
1786770791.540693 3483971 185277 164156 99 0 288314 0 575627
1786770792.541743 3509515 315119 292893 99 0 288314 0 605097
1786770793.537411 3439534 102790 77689 99 0 289850 0 536928
1786770794.536814 3423105 94908 69805 99 0 289850 0 529576
1786770795.535440 3461400 169350 144892 99 0 289850 0 505612
1786770796.535987 3428653 216941 192459 99 0 289850 0 515408
1786770797.540941 3502492 282810 259003 99 0 291642 0 601876
1786770798.541499 3516456 362010 337072 99 0 291642 0 608255
1786770799.544571 3567144 416458 392649 99 0 291642 0 646873
1786770800.544813 3567144 495038 471194 99 0 291642 0 656100
1786770801.524692 3324722 67256 43412 99 0 291642 0 414493
1786770802.528643 3316880 34375 10533 99 0 291642 0 388175
1786770803.522356 3316880 34375 10533 99 0 291642 0 388175
1786770804.525357 3320977 34375 10533 99 0 295738 0 388175
1786770805.522474 3320977 34375 10533 99 0 295738 0 388175
1786770806.522448 3325074 34370 10533 99 0 299834 0 388175
1786770807.522406 3325074 34370 10533 99 0 299834 0 388175
1786770808.522453 3329171 34353 10533 99 0 303930 0 388175
1786770809.522601 3329171 34353 10533 99 0 303930 0 388175
1786770810.522487 3329171 34353 10533 99 0 303930 0 388175
1786770811.522392 3329171 34353 10533 99 0 303930 0 388175
1786770812.522310 3329171 34353 10533 99 0 303930 0 388175
1786770813.523268 3329171 34353 10533 99 0 303930 0 388175
1786770814.530372 3329171 34353 10533 99 0 303930 0 388175
1786770815.523608 3329171 34353 10533 99 0 303930 0 388175
1786770816.522408 3329171 34353 10533 99 0 303930 0 388175
1786770817.529312 3329171 34353 10533 99 0 303930 0 388175
1786770818.522460 3329171 34353 10533 99 0 303930 0 388175
1786770819.529925 3329171 34353 10533 99 0 303930 0 388175
1786770820.524091 3329171 34353 10533 99 0 303930 0 388175
1786770821.522403 3329171 34353 10533 99 0 303930 0 388175
1786770822.522452 3329171 34353 10533 99 0 303930 0 388175
