# start_epoch=1786770833.068751  page_size=4096  cachestat=ok  fields=size,resident,shared,text,lib,data,dt,pagecache
1786770834.069035 262499 28653 8669 99 0 248506 0 1
1786770835.068973 262499 28653 8669 99 0 248506 0 1
1786770836.077336 3005388 130627 108053 99 0 277562 0 131677
1786770837.079513 3062603 146840 121384 99 0 280634 0 167708
1786770838.080542 3112697 155934 131186 99 0 280634 0 183363
1786770839.082124 3151152 180116 156063 99 0 280634 0 257120
1786770840.085172 3149259 148046 123993 99 0 280634 0 248868
1786770841.088257 3203230 180773 156643 99 0 280634 0 317066
1786770842.088401 3201288 148974 126125 99 0 280634 0 310009
1786770843.091992 3255192 181075 156679 99 0 280634 0 377018
1786770844.093657 3253307 154063 129667 99 0 280634 0 375926
1786770845.096940 3324585 197946 174170 99 0 280634 0 429669
1786770846.096298 3307178 156827 131886 99 0 282426 0 437005
1786770847.095982 3341896 146134 121152 99 0 282426 0 429376
1786770848.096498 3397654 182679 156539 99 0 284218 0 507085
1786770849.100640 3395726 154211 128067 99 0 284218 0 508852
1786770850.097861 3490206 205029 178939 99 0 284218 0 568610
1786770851.106104 3447728 160166 134014 99 0 284218 0 585201
1786770852.105445 3482487 149380 124374 99 0 284218 0 581293
1786770853.103751 3536379 183261 157094 99 0 284218 0 652296
1786770854.109676 3534451 155094 130159 99 0 284218 0 656928
1786770855.107295 3588358 182091 157295 99 0 284218 0 633863
1786770856.106909 3597717 152475 126805 99 0 288314 0 692685
1786770857.099959 3559259 79366 53694 99 0 288314 0 644521
1786770858.102686 3539252 60978 34763 99 0 291386 0 644766
1786770859.100990 3564078 107679 84398 99 0 291386 0 664875
1786770860.099182 3539252 116221 92933 99 0 291386 0 624560
1786770861.106130 3539252 158041 132429 99 0 291386 0 640053
1786770862.100719 3564078 207075 183510 99 0 291386 0 659554
1786770863.099046 3539252 214093 190528 99 0 291386 0 622379
1786770864.100272 3539252 255410 229694 99 0 291386 0 641913
1786770865.100007 3564077 298200 276236 99 0 291386 0 640060
1786770866.098876 3539252 311635 288115 99 0 291386 0 620216
1786770867.099960 3539252 353271 327698 99 0 291386 0 640310
1786770868.100356 3539252 380578 357053 99 0 291386 0 640064
1786770869.098702 3539252 409334 385809 99 0 291386 0 618209
1786770870.104083 3539252 448490 424965 99 0 291386 0 633192
1786770871.102720 3539247 59290 34413 99 0 291386 0 643868
1786770872.100254 3564073 107087 84233 99 0 291386 0 649102
1786770873.101033 3539247 115346 92492 99 0 291386 0 621763
1786770874.108203 3539247 155010 131660 99 0 291386 0 641318
1786770875.099852 3564073 189558 166666 99 0 291386 0 640074
1786770876.098349 3543342 32690 9786 99 0 295482 0 610531
1786770877.098300 3543342 32690 9786 99 0 295482 0 610531
1786770878.098345 3547439 32690 9786 99 0 299578 0 610531
1786770879.098366 3551536 32691 9786 99 0 303674 0 610531
1786770880.108229 3551536 32691 9786 99 0 303674 0 610531
1786770881.098346 3555633 32663 9786 99 0 307770 0 610531
1786770882.098326 3555633 33777 9786 99 0 307770 0 610531
1786770883.098472 3555633 33777 9786 99 0 307770 0 610531
1786770884.098370 3555633 33777 9786 99 0 307770 0 610531
1786770885.098344 3555633 33777 9786 99 0 307770 0 610531
1786770886.098333 3555633 33777 9786 99 0 307770 0 610531
1786770887.098563 3555633 33777 9786 99 0 307770 0 610531
1786770888.098417 3555633 33777 9786 99 0 307770 0 610531
1786770889.098249 3555633 33700 9786 99 0 307770 0 610531
