# start_epoch=1791291611.869425  page_size=4096  cachestat=ok  fields=size,resident,shared,text,lib,data,dt,pagecache
1791291612.871736 71565 46982 2803 1589 0 67583 0 109634
1791291613.872822 72333 36036 2804 1589 0 68351 0 166837
1791291614.876367 73229 41838 2804 1589 0 69247 0 216598
1791291615.874412 74125 46328 2852 1589 0 70143 0 261769
1791291616.874976 74125 29997 2852 1589 0 70143 0 279176
1791291617.877475 74125 47010 2852 1589 0 70143 0 318247
1791291618.880337 74125 43915 2852 1589 0 70143 0 378227
1791291619.880871 74125 39731 2852 1589 0 70143 0 401500
1791291620.881226 75149 49120 2852 1589 0 71167 0 432512
1791291621.882348 75149 46779 2852 1589 0 71167 0 461283
1791291622.875948 75149 50540 2852 1589 0 71167 0 519977
1791291623.879709 76429 36667 2852 1589 0 72447 0 535123
1791291624.878981 80526 32399 2852 1589 0 76543 0 530312
1791291625.879544 80526 33004 2852 1589 0 76543 0 530313
1791291626.879051 80526 32081 2852 1589 0 76543 0 530314
1791291627.876185 82062 33453 2852 1589 0 78079 0 522138
1791291628.875151 82062 33136 2852 1589 0 78079 0 441541
1791291629.875184 82062 33136 2852 1589 0 78079 0 441542
1791291630.875137 82062 33142 2852 1589 0 78079 0 441543
1791291631.875585 82062 33142 2852 1589 0 78079 0 441543
1791291632.875051 82062 32621 2852 1589 0 78079 0 441544
1791291633.875543 82062 32800 2852 1589 0 78079 0 441545
1791291634.875340 82062 32800 2852 1589 0 78079 0 441546
1791291635.875487 83854 33643 2852 1589 0 79871 0 441534
1791291636.875134 83854 33706 2852 1589 0 79871 0 441535
1791291637.874989 83854 33706 2852 1589 0 79871 0 441536
1791291638.874890 122767 80551 2868 1589 0 118783 0 423509
1791291639.875354 264591 209575 2868 1589 0 260607 0 423509
1791291640.875120 415119 337575 2868 1589 0 411135 0 423509
1791291641.875352 566159 463527 2868 1589 0 562175 0 423509
1791291642.874849 670607 584871 2868 1589 0 666623 0 423509
1791291643.875425 790415 709287 2868 1589 0 786431 0 423509
1791291644.874837 927631 835239 2868 1589 0 923647 0 423509
1791291645.877638 931728 850072 2868 1589 0 927743 0 423509
1791291646.877483 931728 850072 2868 1589 0 927743 0 423509
1791291647.877389 931728 850072 2868 1589 0 927743 0 423509
1791291648.877621 935825 850066 2868 1589 0 931839 0 423509
1791291649.877508 935825 850066 2868 1589 0 931839 0 423509
1791291650.877430 935825 850066 2868 1589 0 931839 0 423509
1791291651.877421 935825 850066 2868 1589 0 931839 0 423509
1791291652.876345 939922 850066 2868 1589 0 935935 0 423509
1791291653.875981 939922 850066 2868 1589 0 935935 0 423509
1791291654.876871 939922 850066 2868 1589 0 935935 0 423509
1791291655.876009 939922 850066 2868 1589 0 935935 0 423509
1791291656.876110 939922 850066 2868 1589 0 935935 0 423509
1791291657.876159 939922 850066 2868 1589 0 935935 0 423509
1791291658.876014 939922 850066 2868 1589 0 935935 0 423509
1791291659.876439 939922 850066 2868 1589 0 935935 0 423509
1791291660.876845 939922 850066 2868 1589 0 935935 0 423509
1791291661.877779 939922 850066 2868 1589 0 935935 0 423509
1791291662.876899 939922 850066 2868 1589 0 935935 0 423509
1791291663.875967 939922 850066 2868 1589 0 935935 0 423509
1791291664.876202 939922 850066 2868 1589 0 935935 0 423509
1791291665.876046 939922 850066 2868 1589 0 935935 0 423509
1791291666.875982 939922 850066 2868 1589 0 935935 0 423509
1791291667.876004 939922 850066 2868 1589 0 935935 0 423509
1791291668.876022 939922 850066 2868 1589 0 935935 0 423509
1791291669.876065 939922 850066 2868 1589 0 935935 0 423509
1791291670.876000 939922 850066 2868 1589 0 935935 0 423509
1791291671.875985 939922 850066 2868 1589 0 935935 0 423509
1791291672.876138 939922 850066 2868 1589 0 935935 0 423509
1791291673.876007 939922 850066 2868 1589 0 935935 0 423509
1791291674.876468 939922 850066 2868 1589 0 935935 0 423509
1791291675.876072 939922 850066 2868 1589 0 935935 0 423509
1791291676.876297 939922 850066 2868 1589 0 935935 0 423509
1791291677.876011 939922 850066 2868 1589 0 935935 0 423509
1791291678.876002 939922 850066 2868 1589 0 935935 0 423509
1791291679.876012 939922 850066 2868 1589 0 935935 0 423509
1791291680.876084 939922 850066 2868 1589 0 935935 0 423509
1791291681.875758 939922 850066 2868 1589 0 935935 0 423509
1791291682.875683 939922 850066 2868 1589 0 935935 0 423509
1791291683.874314 939922 850066 2868 1589 0 935935 0 423509
1791291684.875060 939922 850066 2868 1589 0 935935 0 423509
1791291685.875715 939922 850066 2868 1589 0 935935 0 423509
1791291686.874685 939922 850066 2868 1589 0 935935 0 423509
1791291687.875081 939922 850066 2868 1589 0 935935 0 423509
1791291688.875076 939922 850066 2868 1589 0 935935 0 423509
1791291689.875203 939922 850066 2868 1589 0 935935 0 423509
1791291690.874980 939922 850066 2868 1589 0 935935 0 423509
1791291691.874838 939922 850066 2868 1589 0 935935 0 423509
1791291692.874808 939922 850066 2868 1589 0 935935 0 423509
1791291693.874724 939922 850066 2868 1589 0 935935 0 423509
1791291694.874762 939922 850066 2868 1589 0 935935 0 423509
1791291695.874704 939922 850066 2868 1589 0 935935 0 423509
1791291696.875033 939922 850066 2868 1589 0 935935 0 423509
1791291697.874688 939922 850066 2868 1589 0 935935 0 423509
1791291698.874854 939922 850066 2868 1589 0 935935 0 423509
1791291699.874717 939922 850066 2868 1589 0 935935 0 423509
1791291700.874579 939922 850066 2868 1589 0 935935 0 423509
1791291701.874387 939922 850066 2868 1589 0 935935 0 423509
1791291702.874757 939922 850066 2868 1589 0 935935 0 423509
1791291703.874638 939922 850066 2868 1589 0 935935 0 423509
1791291704.874923 939922 850066 2868 1589 0 935935 0 423509
1791291705.874875 939922 850066 2868 1589 0 935935 0 423509
1791291706.874876 939922 850066 2868 1589 0 935935 0 423509
1791291707.875184 939922 850066 2868 1589 0 935935 0 423509
1791291708.874772 939922 850066 2868 1589 0 935935 0 423509
1791291709.874803 939922 850066 2868 1589 0 935935 0 423509
1791291710.874585 939922 850066 2868 1589 0 935935 0 423509
1791291711.874830 939922 850066 2868 1589 0 935935 0 423509
1791291712.874974 939922 850066 2868 1589 0 935935 0 423509
1791291713.874809 939922 850066 2868 1589 0 935935 0 423509
1791291714.874797 939922 850066 2868 1589 0 935935 0 423509
1791291715.874771 939922 850066 2868 1589 0 935935 0 423509
1791291716.874872 939922 850066 2868 1589 0 935935 0 423509
1791291717.875248 939922 850066 2868 1589 0 935935 0 423509
1791291718.874712 939922 850066 2868 1589 0 935935 0 423509
1791291719.874794 939922 850066 2868 1589 0 935935 0 423509
1791291720.874725 939922 850066 2868 1589 0 935935 0 423509
1791291721.874522 939922 850066 2868 1589 0 935935 0 423509
1791291722.874696 939922 850066 2868 1589 0 935935 0 423509
1791291723.874843 939922 850066 2868 1589 0 935935 0 423509
1791291724.874237 939922 850066 2868 1589 0 935935 0 423509
1791291725.874787 939922 850066 2868 1589 0 935935 0 423509
1791291726.874833 939922 850066 2868 1589 0 935935 0 423509
1791291727.874752 939922 850066 2868 1589 0 935935 0 423509
1791291728.874800 939922 850066 2868 1589 0 935935 0 423509
1791291729.875005 939922 850066 2868 1589 0 935935 0 423509
1791291730.874693 939922 850066 2868 1589 0 935935 0 423509
1791291731.874675 939922 850066 2868 1589 0 935935 0 423509
1791291732.874728 939922 850066 2868 1589 0 935935 0 423509
1791291733.874847 939922 850066 2868 1589 0 935935 0 423509
1791291734.874794 939922 850066 2868 1589 0 935935 0 423509
1791291735.874801 939922 850066 2868 1589 0 935935 0 423509
1791291736.874803 939922 850066 2868 1589 0 935935 0 423509
1791291737.874794 939922 850066 2868 1589 0 935935 0 423509
1791291738.874882 939922 850066 2868 1589 0 935935 0 423509
1791291739.874772 939922 850066 2868 1589 0 935935 0 423509
1791291740.874243 939922 850066 2868 1589 0 935935 0 423509
1791291741.874355 939922 850066 2868 1589 0 935935 0 423509
1791291742.874845 939922 850066 2868 1589 0 935935 0 423509
1791291743.875333 939922 850066 2868 1589 0 935935 0 423509
1791291744.875101 939922 850066 2868 1589 0 935935 0 423509
1791291745.875885 939922 850066 2868 1589 0 935935 0 423509
1791291746.874451 939922 850066 2868 1589 0 935935 0 423509
1791291747.874867 939922 850066 2868 1589 0 935935 0 423509
1791291748.874343 939922 850066 2868 1589 0 935935 0 423509
1791291749.874380 939922 850066 2868 1589 0 935935 0 423509
1791291750.875179 939922 850066 2868 1589 0 935935 0 423509
1791291751.874755 939922 850066 2868 1589 0 935935 0 423509
1791291752.875169 939922 850066 2868 1589 0 935935 0 423509
1791291753.874763 939922 850066 2868 1589 0 935935 0 423509
1791291754.874804 939922 850066 2868 1589 0 935935 0 423509
1791291755.874363 939922 850066 2868 1589 0 935935 0 423509
1791291756.874763 939922 850066 2868 1589 0 935935 0 423509
1791291757.875358 939922 850066 2868 1589 0 935935 0 423509
1791291758.876545 939922 850066 2868 1589 0 935935 0 423509
1791291759.874981 939922 850066 2868 1589 0 935935 0 423509
1791291760.874825 939922 850066 2868 1589 0 935935 0 423509
1791291761.874212 939922 850066 2868 1589 0 935935 0 423509
1791291762.874800 939922 850066 2868 1589 0 935935 0 423509
1791291763.874726 939922 850066 2868 1589 0 935935 0 423509
1791291764.874911 939922 850066 2868 1589 0 935935 0 423509
1791291765.874777 939922 850066 2868 1589 0 935935 0 423509
1791291766.874886 939922 850066 2868 1589 0 935935 0 423509
1791291767.874166 939922 850066 2868 1589 0 935935 0 423509
1791291768.874625 939922 850066 2868 1589 0 935935 0 423509
1791291769.874512 939922 850066 2868 1589 0 935935 0 423509
1791291770.874695 939922 850066 2868 1589 0 935935 0 423509
1791291771.874455 939922 850066 2868 1589 0 935935 0 423509
1791291772.875208 939922 850066 2868 1589 0 935935 0 423509
1791291773.875012 939922 850066 2868 1589 0 935935 0 423509
1791291774.875630 939922 850066 2868 1589 0 935935 0 423509
1791291775.874190 939922 850066 2868 1589 0 935935 0 423509
1791291776.874751 939922 850066 2868 1589 0 935935 0 423509
1791291777.874621 939922 850066 2868 1589 0 935935 0 423509
1791291778.874852 939922 850066 2868 1589 0 935935 0 423509
1791291779.874281 939922 850066 2868 1589 0 935935 0 423509
1791291780.874712 939922 850066 2868 1589 0 935935 0 423509
1791291781.874739 939922 850066 2868 1589 0 935935 0 423509
1791291782.874670 939922 850066 2868 1589 0 935935 0 423509
1791291783.874756 939922 850066 2868 1589 0 935935 0 423509
1791291784.875058 939922 850066 2868 1589 0 935935 0 423509
1791291785.874794 939922 850066 2868 1589 0 935935 0 423509
1791291786.874653 939922 850066 2868 1589 0 935935 0 423509
1791291787.874634 939922 850066 2868 1589 0 935935 0 423509
1791291788.875064 939922 850066 2868 1589 0 935935 0 423509
1791291789.874809 939922 850066 2868 1589 0 935935 0 423509
1791291790.874741 939922 850066 2868 1589 0 935935 0 423509
1791291791.874601 939922 850066 2868 1589 0 935935 0 423509
1791291792.875043 939922 850066 2868 1589 0 935935 0 423509
1791291793.874619 939922 850066 2868 1589 0 935935 0 423509
1791291794.875015 939922 850066 2868 1589 0 935935 0 423509
1791291795.874351 939922 850066 2868 1589 0 935935 0 423509
1791291796.874649 939922 850066 2868 1589 0 935935 0 423509
1791291797.874672 939922 850066 2868 1589 0 935935 0 423509
1791291798.875027 939922 850066 2868 1589 0 935935 0 423509
1791291799.874835 939922 850066 2868 1589 0 935935 0 423509
1791291800.875188 939922 850066 2868 1589 0 935935 0 423509
1791291801.874953 939922 850066 2868 1589 0 935935 0 423509
1791291802.874980 939922 850066 2868 1589 0 935935 0 423509
1791291803.875548 939922 850066 2868 1589 0 935935 0 423509
1791291804.875361 939922 850066 2868 1589 0 935935 0 423509
1791291805.874863 939922 850066 2868 1589 0 935935 0 423509
1791291806.874795 939922 850066 2868 1589 0 935935 0 423509
1791291807.874244 939922 850066 2868 1589 0 935935 0 423509
1791291808.874783 939922 850066 2868 1589 0 935935 0 423509
1791291809.874927 939922 850066 2868 1589 0 935935 0 423509
1791291810.874721 939922 850066 2868 1589 0 935935 0 423509
1791291811.874554 939922 850066 2868 1589 0 935935 0 423509
1791291812.874907 939922 850066 2868 1589 0 935935 0 423509
