# start_epoch=1791291360.746316  page_size=4096  cachestat=ok  fields=size,resident,shared,text,lib,data,dt,pagecache
1791291361.746769 46989 26824 2688 1589 0 43007 0 19053
1791291362.746987 56845 28247 2784 1589 0 52863 0 31241
1791291363.747237 56845 32546 2784 1589 0 52863 0 43429
1791291364.747436 56845 28507 2848 1589 0 52863 0 55634
1791291365.749943 57485 32280 2864 1589 0 53503 0 85845
1791291366.747982 59021 36537 2865 1589 0 55039 0 78748
1791291367.749369 59021 33962 2865 1589 0 55039 0 104588
1791291368.747919 59021 31791 2865 1589 0 55039 0 90937
1791291369.748167 59021 31665 2865 1589 0 55039 0 103126
1791291370.748617 59021 31979 2865 1589 0 55039 0 133338
1791291371.748830 59021 33468 2865 1589 0 55039 0 145528
1791291372.748696 59021 24886 2865 1589 0 55039 0 135509
1791291373.749002 59021 34380 2865 1589 0 55039 0 147695
1791291374.749467 59021 34892 2865 1589 0 55039 0 174395
1791291375.750687 59917 32806 2865 1589 0 55935 0 215737
1791291376.749753 59917 36402 2865 1589 0 55935 0 208116
1791291377.749401 59917 29544 2865 1589 0 55935 0 179346
1791291378.749813 59917 34971 2865 1589 0 55935 0 191533
1791291379.750340 59917 30535 2865 1589 0 55935 0 239768
1791291380.750520 59917 35549 2865 1589 0 55935 0 251957
1791291381.750361 59917 31770 2865 1589 0 55935 0 224538
1791291382.750623 59917 34358 2865 1589 0 55935 0 236724
1791291383.751071 59917 34870 2865 1589 0 55935 0 261638
1791291384.750898 59917 31333 2865 1589 0 55935 0 284958
1791291385.751494 59917 34084 2865 1589 0 55935 0 297145
1791291386.751035 60941 32043 2865 1589 0 56959 0 286577
1791291387.751205 60941 36541 2865 1589 0 56959 0 295901
1791291388.751996 60941 32949 2865 1589 0 56959 0 323258
1791291389.752455 60941 35077 2865 1589 0 56959 0 335447
1791291390.751764 60941 39341 2865 1589 0 56959 0 325113
1791291391.752327 60941 36296 2865 1589 0 56959 0 350029
1791291392.752197 60941 34752 2865 1589 0 56959 0 333782
1791291393.752143 60941 35264 2865 1589 0 56959 0 361695
1791291394.752170 60941 36872 2865 1589 0 56959 0 373881
1791291395.752079 60941 34644 2865 1589 0 56959 0 362847
1791291396.752316 60941 37204 2865 1589 0 56959 0 370491
1791291397.752764 62221 32888 2865 1589 0 58239 0 396670
1791291398.753180 62221 34248 2865 1589 0 58239 0 408860
1791291399.753643 62221 37890 2865 1589 0 58239 0 436582
1791291400.754444 62221 35463 2865 1589 0 58239 0 449374
1791291401.752644 62221 36740 2865 1589 0 58239 0 402216
1791291402.753547 62221 37009 2865 1589 0 58239 0 426717
1791291403.753246 62221 34467 2865 1589 0 58239 0 438905
1791291404.752902 62221 37624 2865 1589 0 58239 0 406641
1791291405.754263 62221 38887 2865 1589 0 58239 0 458521
1791291406.756233 62221 34594 2865 1589 0 58239 0 456646
1791291407.753452 62221 39080 2865 1589 0 58239 0 459805
1791291408.754310 62221 34966 2865 1589 0 58239 0 471994
1791291409.753747 62221 39690 2865 1589 0 58239 0 461385
1791291410.753751 62221 32797 2865 1589 0 58239 0 465418
1791291411.754691 62221 38307 2865 1589 0 58239 0 491864
1791291412.755786 62221 35433 2865 1589 0 58239 0 508749
1791291413.754187 62221 32717 2865 1589 0 58239 0 501639
1791291414.754119 63757 37869 2865 1589 0 59775 0 488906
1791291415.754200 63757 28760 2865 1589 0 59775 0 494033
1791291416.754821 63757 38213 2865 1589 0 59775 0 518553
1791291417.755422 63757 38403 2865 1589 0 59775 0 543722
1791291418.754640 63757 32461 2865 1589 0 59775 0 530741
1791291419.754416 64653 37988 2865 1589 0 60671 0 496832
1791291420.754921 64653 32896 2865 1589 0 60671 0 527044
1791291421.755615 64653 36754 2865 1589 0 60671 0 531406
1791291422.755556 64653 38803 2865 1589 0 60671 0 559639
1791291423.756456 64653 35614 2865 1589 0 60671 0 573422
1791291424.755231 64653 37086 2865 1589 0 60671 0 563760
1791291425.755688 64653 33826 2865 1589 0 60671 0 551813
1791291426.755237 64653 40090 2865 1589 0 60671 0 557874
1791291427.755278 64653 33921 2865 1589 0 60671 0 564110
1791291428.755910 64653 39570 2865 1589 0 60671 0 593873
1791291429.757264 64653 36126 2865 1589 0 60671 0 607320
1791291430.755443 64653 35626 2865 1589 0 60671 0 596637
1791291431.755960 64653 38080 2865 1589 0 60671 0 584114
1791291432.755850 64653 34755 2865 1589 0 60671 0 596303
1791291433.755939 64653 37941 2865 1589 0 60671 0 596975
1791291434.755773 68750 28966 2865 1589 0 64767 0 579746
1791291435.755693 68750 29003 2865 1589 0 64767 0 583075
1791291436.754364 68750 28933 2865 1589 0 64767 0 595728
1791291437.753667 68750 28995 2865 1589 0 64767 0 570911
1791291438.754052 68750 29573 2865 1589 0 64767 0 620481
1791291439.753930 68750 29587 2865 1589 0 64767 0 620482
1791291440.754683 68750 29316 2865 1589 0 64767 0 620484
1791291441.754366 68750 29309 2865 1589 0 64767 0 620485
1791291442.753969 68750 30240 2865 1589 0 64767 0 620486
1791291443.754055 68750 30294 2865 1589 0 64767 0 620487
1791291444.754164 68750 30525 2865 1589 0 64767 0 620489
1791291445.753834 68750 30490 2865 1589 0 64767 0 620490
1791291446.756149 68750 31428 2865 1589 0 64767 0 774509
1791291447.752387 74639 26978 2881 1589 0 70655 0 488751
1791291448.752375 229263 181447 2881 1589 0 225279 0 488751
1791291449.752618 415119 337607 2881 1589 0 411135 0 488751
1791291450.752402 566159 487111 2881 1589 0 562175 0 488751
1791291451.756006 672656 542396 2881 1589 0 668671 0 488751
1791291452.755628 672656 542859 2881 1589 0 668671 0 488751
1791291453.755528 676753 542851 2881 1589 0 672767 0 488751
1791291454.752387 676753 542851 2881 1589 0 672767 0 488751
1791291455.752347 680850 542852 2881 1589 0 676863 0 488751
1791291456.752712 680850 542852 2881 1589 0 676863 0 488751
1791291457.752334 680850 542852 2881 1589 0 676863 0 488751
1791291458.752936 680850 542852 2881 1589 0 676863 0 488751
1791291459.752562 680850 542852 2881 1589 0 676863 0 488751
1791291460.752441 680850 542852 2881 1589 0 676863 0 488751
1791291461.752553 680850 542852 2881 1589 0 676863 0 488751
1791291462.752263 680850 542852 2881 1589 0 676863 0 488751
1791291463.752349 680850 542852 2881 1589 0 676863 0 488751
1791291464.752389 680850 542852 2881 1589 0 676863 0 488751
1791291465.752394 680850 542852 2881 1589 0 676863 0 488751
1791291466.752545 680850 542852 2881 1589 0 676863 0 488751
1791291467.752323 680850 542852 2881 1589 0 676863 0 488751
1791291468.752889 680850 542852 2881 1589 0 676863 0 488751
1791291469.752439 680850 542852 2881 1589 0 676863 0 488751
1791291470.752398 680850 542852 2881 1589 0 676863 0 488751
1791291471.752538 680850 542852 2881 1589 0 676863 0 488751
1791291472.752114 680850 542852 2881 1589 0 676863 0 488751
1791291473.752431 680850 542852 2881 1589 0 676863 0 488751
1791291474.752582 680850 542852 2881 1589 0 676863 0 488751
1791291475.752350 680850 542852 2881 1589 0 676863 0 488751
1791291476.751967 680850 542852 2881 1589 0 676863 0 488751
1791291477.752302 680850 542852 2881 1589 0 676863 0 488751
1791291478.752064 680850 542852 2881 1589 0 676863 0 488751
1791291479.752247 680850 542852 2881 1589 0 676863 0 488751
1791291480.752433 680850 542852 2881 1589 0 676863 0 488751
1791291481.752324 680850 542852 2881 1589 0 676863 0 488751
1791291482.751794 680850 542852 2881 1589 0 676863 0 488751
1791291483.751708 680850 542852 2881 1589 0 676863 0 488751
1791291484.752126 680850 542852 2881 1589 0 676863 0 488751
1791291485.752291 680850 542852 2881 1589 0 676863 0 488751
1791291486.752560 680850 542852 2881 1589 0 676863 0 488751
1791291487.752492 680850 542852 2881 1589 0 676863 0 488751
1791291488.752612 680850 542852 2881 1589 0 676863 0 488751
1791291489.751840 680850 542852 2881 1589 0 676863 0 488751
1791291490.752415 680850 542852 2881 1589 0 676863 0 488751
1791291491.751715 680850 542852 2881 1589 0 676863 0 488751
1791291492.752267 680850 542852 2881 1589 0 676863 0 488751
1791291493.752797 680850 542852 2881 1589 0 676863 0 488751
1791291494.752832 680850 542852 2881 1589 0 676863 0 488751
1791291495.752350 680850 542852 2881 1589 0 676863 0 488751
1791291496.751652 680850 542852 2881 1589 0 676863 0 488751
1791291497.752580 680850 542852 2881 1589 0 676863 0 488751
1791291498.752405 680850 542852 2881 1589 0 676863 0 488751
1791291499.752382 680850 542852 2881 1589 0 676863 0 488751
1791291500.752534 680850 542852 2881 1589 0 676863 0 488751
1791291501.752719 680850 542852 2881 1589 0 676863 0 488751
1791291502.752346 680850 542852 2881 1589 0 676863 0 488751
1791291503.752391 680850 542852 2881 1589 0 676863 0 488751
1791291504.752550 680850 542852 2881 1589 0 676863 0 488751
1791291505.752668 680850 542852 2881 1589 0 676863 0 488751
1791291506.752439 680850 542852 2881 1589 0 676863 0 488751
1791291507.752332 680850 542852 2881 1589 0 676863 0 488751
1791291508.752494 680850 542852 2881 1589 0 676863 0 488751
1791291509.752427 680850 542852 2881 1589 0 676863 0 488751
1791291510.752140 680850 542852 2881 1589 0 676863 0 488751
1791291511.752775 680850 542852 2881 1589 0 676863 0 488751
1791291512.752401 680850 542852 2881 1589 0 676863 0 488751
1791291513.752300 680850 542852 2881 1589 0 676863 0 488751
1791291514.752710 680850 542852 2881 1589 0 676863 0 488751
1791291515.752406 680850 542852 2881 1589 0 676863 0 488751
1791291516.752421 680850 542852 2881 1589 0 676863 0 488751
1791291517.754630 680850 542852 2881 1589 0 676863 0 488751
1791291518.752443 680850 542852 2881 1589 0 676863 0 488751
1791291519.752158 680850 542852 2881 1589 0 676863 0 488751
1791291520.752317 680850 542852 2881 1589 0 676863 0 488751
1791291521.752472 680850 542852 2881 1589 0 676863 0 488751
1791291522.752477 680850 542852 2881 1589 0 676863 0 488751
1791291523.752506 680850 542852 2881 1589 0 676863 0 488751
1791291524.752515 680850 542852 2881 1589 0 676863 0 488751
1791291525.752816 680850 542852 2881 1589 0 676863 0 488751
1791291526.752615 680850 542852 2881 1589 0 676863 0 488751
1791291527.751987 680850 542852 2881 1589 0 676863 0 488751
1791291528.752393 680850 542852 2881 1589 0 676863 0 488751
1791291529.752339 680850 542852 2881 1589 0 676863 0 488751
1791291530.752503 680850 542852 2881 1589 0 676863 0 488751
1791291531.752315 680850 542852 2881 1589 0 676863 0 488751
1791291532.752305 680850 542852 2881 1589 0 676863 0 488751
1791291533.752259 680850 542852 2881 1589 0 676863 0 488751
1791291534.752962 680850 542852 2881 1589 0 676863 0 488751
1791291535.752424 680850 542852 2881 1589 0 676863 0 488751
1791291536.752649 680850 542852 2881 1589 0 676863 0 488751
1791291537.752215 680850 542852 2881 1589 0 676863 0 488751
1791291538.752303 680850 542852 2881 1589 0 676863 0 488751
1791291539.752367 680850 542852 2881 1589 0 676863 0 488751
1791291540.752440 680850 542852 2881 1589 0 676863 0 488751
1791291541.752763 680850 542852 2881 1589 0 676863 0 488751
1791291542.752468 680850 542852 2881 1589 0 676863 0 488751
1791291543.752842 680850 542852 2881 1589 0 676863 0 488751
1791291544.752335 680850 542852 2881 1589 0 676863 0 488751
1791291545.752451 680850 542852 2881 1589 0 676863 0 488751
1791291546.752431 680850 542852 2881 1589 0 676863 0 488751
1791291547.755951 680850 542852 2881 1589 0 676863 0 488751
1791291548.752287 680850 542852 2881 1589 0 676863 0 488751
1791291549.752565 680850 542852 2881 1589 0 676863 0 488751
1791291550.752316 680850 542852 2881 1589 0 676863 0 488751
1791291551.752622 680850 542852 2881 1589 0 676863 0 488751
1791291552.752532 680850 542852 2881 1589 0 676863 0 488751
1791291553.752400 680850 542852 2881 1589 0 676863 0 488751
1791291554.752578 680850 542852 2881 1589 0 676863 0 488751
1791291555.752378 680850 542852 2881 1589 0 676863 0 488751
1791291556.752315 680850 542852 2881 1589 0 676863 0 488751
1791291557.752280 680850 542852 2881 1589 0 676863 0 488751
1791291558.752644 680850 542852 2881 1589 0 676863 0 488751
1791291559.752452 680850 542852 2881 1589 0 676863 0 488751
1791291560.752290 680850 542852 2881 1589 0 676863 0 488751
1791291561.752156 680850 542852 2881 1589 0 676863 0 488751
1791291562.752205 680850 542852 2881 1589 0 676863 0 488751
1791291563.752365 680850 542852 2881 1589 0 676863 0 488751
1791291564.752366 680850 542852 2881 1589 0 676863 0 488751
1791291565.752384 680850 542852 2881 1589 0 676863 0 488751
1791291566.752849 680850 542852 2881 1589 0 676863 0 488751
1791291567.752212 680850 542852 2881 1589 0 676863 0 488751
1791291568.752628 680850 542852 2881 1589 0 676863 0 488751
1791291569.752365 680850 542852 2881 1589 0 676863 0 488751
1791291570.752617 680850 542852 2881 1589 0 676863 0 488751
1791291571.752011 680850 542852 2881 1589 0 676863 0 488751
1791291572.752268 680850 542852 2881 1589 0 676863 0 488751
1791291573.752323 680850 542852 2881 1589 0 676863 0 488751
1791291574.752455 680850 542852 2881 1589 0 676863 0 488751
1791291575.752444 680850 542852 2881 1589 0 676863 0 488751
1791291576.752371 680850 542852 2881 1589 0 676863 0 488751
1791291577.752290 680850 542852 2881 1589 0 676863 0 488751
1791291578.752580 680850 542852 2881 1589 0 676863 0 488751
1791291579.753278 680850 542852 2881 1589 0 676863 0 488751
1791291580.752388 680850 542852 2881 1589 0 676863 0 488751
1791291581.752302 680850 542852 2881 1589 0 676863 0 488751
1791291582.752814 680850 542852 2881 1589 0 676863 0 488751
1791291583.752627 680850 542852 2881 1589 0 676863 0 488751
1791291584.753127 680850 542852 2881 1589 0 676863 0 488751
1791291585.752293 680850 542852 2881 1589 0 676863 0 488751
1791291586.752569 680850 542852 2881 1589 0 676863 0 488751
1791291587.752339 680850 542852 2881 1589 0 676863 0 488751
1791291588.752295 680850 542852 2881 1589 0 676863 0 488751
1791291589.752980 680850 542852 2881 1589 0 676863 0 488751
1791291590.752334 680850 542852 2881 1589 0 676863 0 488751
1791291591.752289 680850 542852 2881 1589 0 676863 0 488751
1791291592.752388 680850 542852 2881 1589 0 676863 0 488751
1791291593.752321 680850 542852 2881 1589 0 676863 0 488751
1791291594.752473 680850 542852 2881 1589 0 676863 0 488751
1791291595.752896 680850 542852 2881 1589 0 676863 0 488751
1791291596.752431 680850 542852 2881 1589 0 676863 0 488751
1791291597.752318 680850 542852 2881 1589 0 676863 0 488751
1791291598.752947 680850 542852 2881 1589 0 676863 0 488751
1791291599.752337 680850 542852 2881 1589 0 676863 0 488751
1791291600.752362 680850 542852 2881 1589 0 676863 0 488751
1791291601.752304 680850 542852 2881 1589 0 676863 0 488751
1791291602.752423 680850 542852 2881 1589 0 676863 0 488751
1791291603.752432 680850 542852 2881 1589 0 676863 0 488751
1791291604.752402 680850 542852 2881 1589 0 676863 0 488751
1791291605.752339 680850 542852 2881 1589 0 676863 0 488751
1791291606.752389 680850 542852 2881 1589 0 676863 0 488751
1791291607.752319 680850 542852 2881 1589 0 676863 0 488751
1791291608.752393 680850 542852 2881 1589 0 676863 0 488751
1791291609.752613 680850 542852 2881 1589 0 676863 0 488751
1791291610.752723 680850 542852 2881 1589 0 676863 0 488751
