# start_epoch=1789256024.085674  page_size=4096  cachestat=ok  fields=size,resident,shared,text,lib,data,dt,pagecache
1789256025.086967 439400 25739 3073 2138 0 434764 0 19056
1789256026.087507 452847 29623 3256 2138 0 448204 0 31325
1789256027.089504 453615 36551 3256 2138 0 448972 0 61124
1789256028.088090 453615 34503 3256 2138 0 448972 0 43595
1789256029.088664 453615 30211 3325 2138 0 448972 0 55883
1789256030.091301 454262 35444 3348 2138 0 449612 0 86175
1789256031.094508 454262 37096 3348 2138 0 449612 0 111879
1789256032.090490 454262 32465 3349 2138 0 449612 0 79542
1789256033.091755 454262 35545 3349 2138 0 449612 0 91811
1789256034.091787 454262 31945 3349 2138 0 449612 0 104080
1789256035.093672 454262 33315 3349 2138 0 449612 0 123895
1789256036.099649 455030 35680 3349 2138 0 450380 0 134374
1789256037.105347 455030 36845 3349 2138 0 450380 0 164174
1789256038.098957 455030 30161 3349 2138 0 450380 0 146645
1789256039.093920 455030 34386 3349 2138 0 450380 0 138606
1789256040.096046 455030 35054 3349 2138 0 450380 0 156892
1789256041.094418 455030 30422 3349 2138 0 450380 0 150875
1789256042.097119 455030 34315 3349 2138 0 450380 0 199190
1789256043.112218 455030 35924 3349 2138 0 450380 0 224893
1789256044.097878 455926 34158 3349 2138 0 451276 0 211459
1789256045.098411 455926 37183 3349 2138 0 451276 0 223730
1789256046.100225 455926 37229 3349 2138 0 451276 0 249178
1789256047.097016 455926 34615 3349 2138 0 451276 0 197182
1789256048.099771 455926 35546 3349 2138 0 451276 0 245281
1789256049.100604 455926 34736 3349 2138 0 451276 0 256958
1789256050.101548 455926 34627 3349 2138 0 451276 0 263171
1789256051.098918 455926 37126 3349 2138 0 451276 0 231821
1789256052.097733 455926 35647 3349 2138 0 451276 0 244092
1789256053.103933 455926 35452 3349 2138 0 451276 0 292407
1789256054.103979 456950 36219 3349 2138 0 452300 0 292407
1789256055.104721 456950 37455 3349 2138 0 452300 0 304678
1789256056.106605 456950 39500 3349 2138 0 452300 0 333824
1789256057.102453 456950 35310 3349 2138 0 452300 0 296339
1789256058.103194 456950 37352 3349 2138 0 452300 0 307106
1789256059.104966 456950 34999 3349 2138 0 452300 0 335901
1789256060.106674 456950 36329 3349 2138 0 452300 0 360580
1789256061.105246 458230 37507 3349 2138 0 453580 0 348170
1789256062.100425 458230 37908 3349 2138 0 453580 0 252924
1789256063.106966 458230 38658 3349 2138 0 453580 0 367107
1789256064.105336 458230 35319 3349 2138 0 453580 0 352137
1789256065.106134 458230 38644 3349 2138 0 453580 0 361336
1789256066.107017 458230 34533 3349 2138 0 453580 0 373607
1789256067.110095 458230 36262 3349 2138 0 453580 0 410233
1789256068.108279 458230 37107 3349 2138 0 453580 0 400896
1789256069.109359 458230 34976 3349 2138 0 453580 0 413166
1789256070.110084 458230 38278 3349 2138 0 453580 0 418250
1789256071.108327 458230 38500 3349 2138 0 453580 0 404816
1789256072.109457 459126 35148 3349 2138 0 454476 0 417085
1789256073.110791 459126 35836 3349 2138 0 454476 0 433908
1789256074.113341 459126 36354 3349 2138 0 454476 0 464210
1789256075.111911 459126 36878 3349 2138 0 454476 0 455644
1789256076.110104 459126 39239 3349 2138 0 454476 0 429173
1789256077.114566 459126 39726 3349 2138 0 454476 0 500139
1789256078.111533 459126 36912 3349 2138 0 454476 0 456240
1789256079.112897 459126 39293 3349 2138 0 454476 0 484288
1789256080.115440 459126 40043 3349 2138 0 454476 0 512067
1789256081.113734 459126 37229 3349 2138 0 454476 0 496560
1789256082.114944 459126 39908 3349 2138 0 454476 0 508830
1789256083.115951 459126 37087 3349 2138 0 454476 0 521099
1789256084.116185 459126 40569 3349 2138 0 454476 0 526077
1789256085.114327 459126 38494 3349 2138 0 454476 0 507898
1789256086.114880 459126 37651 3349 2138 0 454476 0 518430
1789256087.116084 459126 39605 3349 2138 0 454476 0 530700
1789256088.118830 459126 39416 3349 2138 0 454476 0 568390
1789256089.117115 460662 37252 3349 2138 0 456012 0 557518
1789256090.118298 460662 39367 3349 2138 0 456012 0 569790
1789256091.119431 460662 37478 3349 2138 0 456012 0 582061
1789256092.121279 460662 39798 3349 2138 0 456012 0 609813
1789256093.117996 460662 39679 3349 2138 0 456012 0 570919
1789256094.119004 460662 40240 3349 2138 0 456012 0 583189
1789256095.119321 460662 39865 3349 2138 0 456012 0 590443
1789256096.121941 460662 39629 3349 2138 0 456012 0 615030
1789256097.120437 460662 39904 3349 2138 0 456012 0 615401
1789256098.121534 460662 40333 3349 2138 0 456012 0 627672
1789256099.122068 460662 41813 3349 2138 0 456012 0 639943
1789256100.124298 460662 42322 3349 2138 0 456012 0 668719
1789256101.127215 460662 40598 3349 2138 0 456012 0 672285
1789256102.123456 460662 43209 3349 2138 0 456012 0 664485
1789256103.122910 460662 39225 3349 2138 0 456012 0 651420
1789256104.123543 460662 41022 3349 2138 0 456012 0 660523
1789256105.125322 460662 41029 3349 2138 0 456012 0 684691
1789256106.123475 460662 36178 3349 2138 0 456012 0 668810
1789256107.125037 460662 40851 3349 2138 0 456012 0 678445
1789256108.126255 460662 39327 3349 2138 0 456012 0 703659
1789256109.127812 460662 40501 3349 2138 0 456012 0 730851
1789256110.126032 460662 42780 3349 2138 0 456012 0 717161
1789256111.127562 460662 39432 3349 2138 0 456012 0 729432
1789256112.128152 460662 44047 3349 2138 0 456012 0 741703
1789256113.129972 460662 44037 3349 2138 0 456012 0 764591
1789256114.127904 460662 39331 3349 2138 0 456012 0 753975
1789256115.127622 460662 44481 3349 2138 0 456012 0 738921
1789256116.128437 460662 39498 3349 2138 0 456012 0 748124
1789256117.131298 460662 40266 3349 2138 0 456012 0 768933
1789256118.128050 460662 43801 3349 2138 0 456012 0 752196
1789256119.134438 460662 41507 3349 2138 0 456012 0 778694
1789256120.134684 460662 41710 3349 2138 0 456012 0 790965
1789256121.132397 460662 42250 3349 2138 0 456012 0 819229
1789256122.130881 460662 43336 3349 2138 0 456012 0 803238
1789256123.132474 460662 44389 3349 2138 0 456012 0 815508
1789256124.133138 460662 44677 3349 2138 0 456012 0 827779
1789256125.139177 460662 44735 3349 2138 0 456012 0 854763
1789256126.137310 460662 41159 3349 2138 0 456012 0 840050
1789256127.132175 460662 44866 3349 2138 0 456012 0 812015
1789256128.133142 460662 42386 3349 2138 0 456012 0 830435
1789256129.134815 460662 44442 3349 2138 0 456012 0 839208
1789256130.136390 460662 44750 3349 2138 0 456012 0 863120
1789256131.133766 460662 41772 3349 2138 0 456012 0 846242
1789256132.134760 460662 44786 3349 2138 0 456012 0 871150
1789256133.135864 460662 42731 3349 2138 0 456012 0 883421
1789256134.138710 460662 42746 3349 2138 0 456012 0 910917
1789256135.146335 460662 42373 3349 2138 0 456012 0 895692
1789256136.137521 460662 38305 3349 2138 0 456012 0 907962
1789256137.139358 460662 44403 3349 2138 0 456012 0 920233
1789256138.141569 460662 41592 3349 2138 0 456012 0 946705
1789256139.138510 462454 43039 3349 2138 0 457804 0 932505
1789256140.139338 462454 40132 3349 2138 0 457804 0 944776
1789256141.138826 462454 39665 3349 2138 0 457804 0 925340
1789256142.139958 462454 45609 3349 2138 0 457804 0 934400
1789256143.141947 462454 42020 3349 2138 0 457804 0 953220
1789256144.138456 462454 41155 3349 2138 0 457804 0 937937
1789256145.139017 462454 41413 3349 2138 0 457804 0 933115
1789256146.140776 462454 41057 3349 2138 0 457804 0 950809
1789256147.142468 462454 45080 3349 2138 0 457804 0 977202
1789256148.145394 462454 41480 3349 2138 0 457804 0 1000602
1789256149.142248 462454 41672 3349 2138 0 457804 0 989473
1789256150.143418 462454 43236 3349 2138 0 457804 0 1001743
1789256151.144800 462454 41621 3349 2138 0 457804 0 1014013
1789256152.145877 462454 45618 3349 2138 0 457804 0 1026282
1789256153.147527 462454 43561 3349 2138 0 457804 0 1052755
1789256154.147503 462454 41570 3349 2138 0 457804 0 1038556
1789256155.145305 462454 45258 3349 2138 0 457804 0 1050826
1789256156.146811 463478 42174 3349 2138 0 458828 0 1063097
1789256157.140370 463478 46463 3349 2138 0 458828 0 1075367
1789256158.149105 463478 46738 3349 2138 0 458828 0 1036490
1789256159.144746 463478 42665 3349 2138 0 458828 0 1042633
1789256160.144870 463478 46314 3349 2138 0 458828 0 1030215
1789256161.146232 465526 43189 3349 2138 0 460876 0 1055320
1789256162.149189 465526 44916 3349 2138 0 460876 0 1078277
1789256163.151143 465526 46997 3349 2138 0 460876 0 1058530
1789256164.147479 465526 44459 3349 2138 0 460876 0 1087064
1789256165.148010 465526 45483 3349 2138 0 460876 0 1099334
1789256166.154589 465526 45844 3349 2138 0 460876 0 1128622
1789256167.148748 465526 43898 3349 2138 0 460876 0 1111605
1789256168.150451 465526 47243 3349 2138 0 460876 0 1123875
1789256169.150250 465526 39632 3349 2138 0 460876 0 1136146
1789256170.151588 465526 45990 3349 2138 0 460876 0 1148418
1789256171.154096 465526 44881 3349 2138 0 460876 0 1175913
1789256172.144911 465526 41720 3349 2138 0 460876 0 1160687
1789256173.145080 465526 42231 3349 2138 0 460876 0 1160688
1789256174.145064 465526 42231 3349 2138 0 460876 0 1160689
1789256175.152362 465526 42952 3349 2138 0 460876 0 1126945
1789256176.157815 465526 45593 3349 2138 0 460876 0 1147946
1789256177.156363 465526 45622 3349 2138 0 460876 0 1144381
1789256178.150364 465526 42005 3349 2138 0 460876 0 1132102
1789256179.151150 465526 44318 3349 2138 0 460876 0 1144372
1789256180.151907 465526 42534 3349 2138 0 460876 0 1148839
1789256181.153062 465526 44588 3349 2138 0 460876 0 1156355
1789256182.152301 465526 41803 3349 2138 0 460876 0 1177518
1789256183.155969 465526 46757 3349 2138 0 460876 0 1207318
1789256184.157933 465526 44388 3349 2138 0 460876 0 1215953
1789256185.159982 465526 41607 3349 2138 0 460876 0 1203458
1789256186.154922 465526 45479 3349 2138 0 460876 0 1214328
1789256187.154895 465526 42530 3349 2138 0 460876 0 1226600
1789256188.157108 465526 45241 3349 2138 0 460876 0 1238870
1789256189.166435 465526 45262 3349 2138 0 460876 0 1267134
1789256190.146370 465526 42646 3349 2138 0 460876 0 1251143
1789256191.149179 465526 42646 3349 2138 0 460876 0 1251144
1789256192.149890 465526 42240 3349 2138 0 460876 0 1251145
1789256193.164640 465526 43045 3349 2138 0 460876 0 1273265
1789256194.157027 465526 38797 3349 2138 0 460876 0 1194937
1789256195.162300 465526 42906 3349 2138 0 460876 0 1227057
1789256196.155094 465526 47068 3349 2138 0 460876 0 1219258
1789256197.155550 465526 48128 3349 2138 0 460876 0 1223473
1789256198.143854 469623 38361 3349 2138 0 464972 0 1204799
1789256199.143491 469623 38292 3349 2138 0 464972 0 1190759
1789256200.143294 469623 38292 3349 2138 0 464972 0 1192832
1789256201.145632 469623 38292 3349 2138 0 464972 0 1187620
1789256202.142898 469623 37998 3349 2138 0 464972 0 1179280
1789256203.142389 469623 38510 3349 2138 0 464972 0 1170180
1789256204.142048 469623 39021 3349 2138 0 464972 0 1163478
1789256205.141746 469623 38031 3349 2138 0 464972 0 1156772
1789256206.142111 469623 37736 3349 2138 0 464972 0 1162322
1789256207.142267 469623 38023 3349 2138 0 464972 0 1168091
1789256208.142342 469623 38058 3349 2138 0 464972 0 1168092
1789256209.142238 469623 38085 3349 2138 0 464972 0 1168093
1789256210.141720 469623 38088 3349 2138 0 464972 0 1153730
1789256211.142281 469623 38171 3349 2138 0 464972 0 1168095
1789256212.142328 469623 38175 3349 2138 0 464972 0 1168096
1789256213.141633 469623 38108 3349 2138 0 464972 0 1149702
1789256214.142098 469623 38108 3349 2138 0 464972 0 1168097
1789256215.140976 469623 38985 3349 2138 0 464972 0 1132915
1789256216.141690 469623 39116 3349 2138 0 464972 0 1157797
1789256217.141711 469623 39116 3349 2138 0 464972 0 1157798
1789256218.141625 469623 38895 3349 2138 0 464972 0 1157799
1789256219.141132 469623 38610 3349 2138 0 464972 0 1146296
1789256220.141700 469623 38597 3349 2138 0 464972 0 1157801
1789256221.142034 469623 38597 3349 2138 0 464972 0 1157802
1789256222.141442 469623 38597 3349 2138 0 464972 0 1157803
1789256223.141426 469623 38294 3349 2138 0 464972 0 1157804
1789256224.142528 469623 38988 3349 2138 0 464972 0 1157805
1789256225.135905 469623 38864 3349 2138 0 464972 0 1034903
1789256226.138427 469623 39316 3349 2138 0 464972 0 1098116
1789256227.138764 469623 39316 3349 2138 0 464972 0 1098117
1789256228.138632 469623 39235 3349 2138 0 464972 0 1098118
1789256229.138904 469623 39194 3349 2138 0 464972 0 1098119
1789256230.139104 469623 39194 3349 2138 0 464972 0 1093389
1789256231.138768 469623 39032 3349 2138 0 464972 0 1098121
1789256232.138698 469623 38821 3349 2138 0 464972 0 1098122
1789256233.138740 469623 38821 3349 2138 0 464972 0 1098123
1789256234.138931 469623 39332 3349 2138 0 464972 0 1098124
1789256235.138675 469623 39332 3349 2138 0 464972 0 1098125
1789256236.135515 469623 40470 3349 2138 0 464972 0 1030387
1789256237.135346 469623 40069 3349 2138 0 464972 0 1030388
1789256238.135721 469623 40069 3349 2138 0 464972 0 1030389
1789256239.135639 469623 40069 3349 2138 0 464972 0 1030389
1789256240.135230 469623 40069 3349 2138 0 464972 0 1030390
1789256241.135401 469623 39389 3349 2138 0 464972 0 1030391
1789256242.135087 469623 39389 3349 2138 0 464972 0 1030392
1789256243.132985 473727 34402 3388 2138 0 469068 0 976404
1789256244.132952 551039 127057 3388 2138 0 546380 0 976404
1789256245.133311 662143 220476 3388 2138 0 657484 0 976404
1789256246.132885 757375 314849 3388 2138 0 752716 0 976404
1789256247.133392 818303 407092 3388 2138 0 813644 0 976404
1789256248.132918 965759 498697 3388 2138 0 961100 0 976404
1789256249.132866 1068159 588605 3388 2138 0 1063500 0 976404
1789256250.132904 1187967 680436 3388 2138 0 1183308 0 976404
1789256251.132854 1187967 773639 3388 2138 0 1183308 0 976404
1789256252.132853 1325183 867216 3388 2138 0 1320524 0 976404
1789256253.132842 1489023 959105 3388 2138 0 1484364 0 976404
1789256254.132953 1489023 1051870 3388 2138 0 1484364 0 976404
1789256255.139058 1500288 1090832 3388 2138 0 1495628 0 976404
1789256256.133314 1500288 1090832 3388 2138 0 1495628 0 976404
1789256257.132955 1500288 1090832 3388 2138 0 1495628 0 976404
1789256258.133432 1500288 1090832 3388 2138 0 1495628 0 976404
1789256259.132880 1500288 1090832 3388 2138 0 1495628 0 976404
1789256260.132862 1500288 1090832 3388 2138 0 1495628 0 976404
1789256261.132900 1500288 1090832 3388 2138 0 1495628 0 976404
1789256262.132909 1500288 1090832 3388 2138 0 1495628 0 976404
1789256263.132946 1504385 1090830 3388 2138 0 1499724 0 976404
1789256264.132900 1504385 1090830 3388 2138 0 1499724 0 976404
1789256265.133347 1504385 1091182 3388 2138 0 1499724 0 976404
1789256266.132862 1504385 1091182 3388 2138 0 1499724 0 976404
1789256267.132886 1504385 1091182 3388 2138 0 1499724 0 976404
1789256268.132677 1504385 1091182 3388 2138 0 1499724 0 976404
1789256269.132798 1504385 1091182 3388 2138 0 1499724 0 976404
1789256270.132827 1504385 1091182 3388 2138 0 1499724 0 976404
1789256271.132911 1508475 1091176 3381 2138 0 1503820 0 976404
1789256272.132993 1508475 1091176 3381 2138 0 1503820 0 976404
1789256273.132901 1508475 1091176 3381 2138 0 1503820 0 976404
1789256274.132779 1508475 1091176 3381 2138 0 1503820 0 976404
1789256275.132945 1508475 1091176 3381 2138 0 1503820 0 976404
1789256276.132975 1508475 1091176 3381 2138 0 1503820 0 976404
1789256277.133804 1508475 1091176 3381 2138 0 1503820 0 976404
1789256278.132996 1508475 1091176 3381 2138 0 1503820 0 976404
1789256279.132836 1508475 1091176 3381 2138 0 1503820 0 976404
1789256280.132828 1508475 1091176 3381 2138 0 1503820 0 976404
1789256281.132889 1508475 1091176 3381 2138 0 1503820 0 976404
1789256282.132957 1508475 1091176 3381 2138 0 1503820 0 976404
1789256283.133352 1508475 1091176 3381 2138 0 1503820 0 976404
1789256284.133073 1508475 1091176 3381 2138 0 1503820 0 976404
1789256285.133002 1508475 1091512 3381 2138 0 1503820 0 976404
1789256286.132980 1508475 1091512 3381 2138 0 1503820 0 976404
1789256287.133002 1508475 1091512 3381 2138 0 1503820 0 976404
1789256288.132707 1508475 1091512 3381 2138 0 1503820 0 976404
1789256289.132930 1508475 1091512 3381 2138 0 1503820 0 976404
1789256290.132700 1508475 1091512 3381 2138 0 1503820 0 976404
1789256291.132820 1508475 1091512 3381 2138 0 1503820 0 976404
1789256292.132857 1508475 1091512 3381 2138 0 1503820 0 976404
1789256293.132929 1508475 1091512 3381 2138 0 1503820 0 976404
1789256294.132917 1508475 1091512 3381 2138 0 1503820 0 976404
1789256295.132909 1508475 1091512 3381 2138 0 1503820 0 976404
1789256296.132930 1508475 1091832 3381 2138 0 1503820 0 976404
1789256297.132964 1508475 1091832 3381 2138 0 1503820 0 976404
1789256298.133268 1508475 1091832 3381 2138 0 1503820 0 976404
1789256299.132904 1508475 1091832 3381 2138 0 1503820 0 976404
1789256300.132932 1508475 1091832 3381 2138 0 1503820 0 976404
1789256301.132951 1508475 1091832 3381 2138 0 1503820 0 976404
1789256302.133045 1508475 1091832 3381 2138 0 1503820 0 976404
1789256303.132929 1508475 1091832 3381 2138 0 1503820 0 976404
1789256304.132742 1508475 1091832 3381 2138 0 1503820 0 976404
1789256305.132935 1508475 1091832 3381 2138 0 1503820 0 976404
1789256306.132965 1508475 1091832 3381 2138 0 1503820 0 976404
1789256307.132902 1508475 1091832 3381 2138 0 1503820 0 976404
1789256308.132896 1508475 1091832 3381 2138 0 1503820 0 976404
1789256309.133317 1508475 1091832 3381 2138 0 1503820 0 976404
1789256310.132978 1508475 1091832 3381 2138 0 1503820 0 976404
1789256311.132942 1508475 1091832 3381 2138 0 1503820 0 976404
1789256312.132920 1508475 1091832 3381 2138 0 1503820 0 976404
1789256313.132862 1508475 1091832 3381 2138 0 1503820 0 976404
1789256314.132896 1508475 1091832 3381 2138 0 1503820 0 976404
1789256315.132976 1508475 1091832 3381 2138 0 1503820 0 976404
1789256316.132909 1508475 1092136 3381 2138 0 1503820 0 976404
1789256317.132986 1508475 1092136 3381 2138 0 1503820 0 976404
1789256318.133037 1508475 1092136 3381 2138 0 1503820 0 976404
1789256319.133071 1508475 1092136 3381 2138 0 1503820 0 976404
1789256320.133060 1508475 1092136 3381 2138 0 1503820 0 976404
1789256321.132978 1508475 1092136 3381 2138 0 1503820 0 976404
1789256322.132904 1508475 1092136 3381 2138 0 1503820 0 976404
1789256323.132854 1508475 1092136 3381 2138 0 1503820 0 976404
1789256324.132978 1508475 1092136 3381 2138 0 1503820 0 976404
1789256325.133060 1508475 1092136 3381 2138 0 1503820 0 976404
1789256326.133053 1508475 1092424 3381 2138 0 1503820 0 976404
1789256327.133806 1508475 1092424 3381 2138 0 1503820 0 976404
1789256328.132982 1508475 1092424 3381 2138 0 1503820 0 976404
1789256329.132970 1508475 1092424 3381 2138 0 1503820 0 976404
1789256330.133152 1508475 1092424 3381 2138 0 1503820 0 976404
1789256331.132920 1508475 1092424 3381 2138 0 1503820 0 976404
1789256332.133294 1508475 1092424 3381 2138 0 1503820 0 976404
1789256333.133000 1508475 1092424 3381 2138 0 1503820 0 976404
1789256334.133004 1508475 1092424 3381 2138 0 1503820 0 976404
1789256335.132673 1508475 1092424 3381 2138 0 1503820 0 976404
1789256336.132893 1508475 1092424 3381 2138 0 1503820 0 976404
1789256337.133024 1508475 1092424 3381 2138 0 1503820 0 976404
1789256338.132905 1508475 1092424 3381 2138 0 1503820 0 976404
1789256339.133192 1508475 1092424 3381 2138 0 1503820 0 976404
1789256340.132858 1508475 1092424 3381 2138 0 1503820 0 976404
1789256341.132899 1508475 1092424 3381 2138 0 1503820 0 976404
1789256342.132798 1508475 1092424 3381 2138 0 1503820 0 976404
1789256343.132949 1508475 1092424 3381 2138 0 1503820 0 976404
1789256344.133022 1508475 1092424 3381 2138 0 1503820 0 976404
1789256345.132964 1508475 1092424 3381 2138 0 1503820 0 976404
1789256346.132917 1508475 1092424 3381 2138 0 1503820 0 976404
1789256347.133122 1508475 1092696 3381 2138 0 1503820 0 976404
1789256348.132815 1508475 1092696 3381 2138 0 1503820 0 976404
1789256349.132940 1508475 1092696 3381 2138 0 1503820 0 976404
1789256350.132930 1508475 1092696 3381 2138 0 1503820 0 976404
1789256351.133157 1508475 1092696 3381 2138 0 1503820 0 976404
1789256352.133196 1508475 1092696 3381 2138 0 1503820 0 976404
1789256353.132971 1508475 1092696 3381 2138 0 1503820 0 976404
1789256354.132884 1508475 1092696 3381 2138 0 1503820 0 976404
1789256355.132981 1508475 1092696 3381 2138 0 1503820 0 976404
1789256356.132915 1508475 1092696 3381 2138 0 1503820 0 976404
1789256357.132968 1508475 1092952 3381 2138 0 1503820 0 976404
1789256358.132893 1508475 1092952 3381 2138 0 1503820 0 976404
1789256359.132963 1508475 1092952 3381 2138 0 1503820 0 976404
1789256360.132928 1508475 1092952 3381 2138 0 1503820 0 976404
1789256361.132962 1508475 1092952 3381 2138 0 1503820 0 976404
1789256362.133067 1508475 1092952 3381 2138 0 1503820 0 976404
1789256363.133291 1508475 1092952 3381 2138 0 1503820 0 976404
1789256364.132899 1508475 1092952 3381 2138 0 1503820 0 976404
1789256365.132970 1508475 1092952 3381 2138 0 1503820 0 976404
1789256366.133021 1508475 1092952 3381 2138 0 1503820 0 976404
1789256367.132962 1508475 1092952 3381 2138 0 1503820 0 976404
1789256368.132935 1508475 1092952 3381 2138 0 1503820 0 976404
1789256369.132949 1508475 1092952 3381 2138 0 1503820 0 976404
1789256370.143947 1508475 1092952 3381 2138 0 1503820 0 976404
1789256371.133443 1508475 1092952 3381 2138 0 1503820 0 976404
1789256372.132951 1508475 1092952 3381 2138 0 1503820 0 976404
1789256373.132688 1508475 1092952 3381 2138 0 1503820 0 976404
1789256374.132943 1508475 1092952 3381 2138 0 1503820 0 976404
1789256375.132913 1508475 1092952 3381 2138 0 1503820 0 976404
1789256376.132975 1508475 1092952 3381 2138 0 1503820 0 976404
1789256377.133322 1508475 1092952 3381 2138 0 1503820 0 976404
1789256378.132976 1508475 1093192 3381 2138 0 1503820 0 976404
1789256379.132988 1508475 1093192 3381 2138 0 1503820 0 976404
1789256380.132915 1508475 1093192 3381 2138 0 1503820 0 976404
1789256381.132919 1508475 1093192 3381 2138 0 1503820 0 976404
1789256382.132989 1508475 1093192 3381 2138 0 1503820 0 976404
1789256383.132927 1508475 1093192 3381 2138 0 1503820 0 976404
1789256384.132916 1508475 1093192 3381 2138 0 1503820 0 976404
1789256385.132748 1508475 1093192 3381 2138 0 1503820 0 976404
1789256386.132942 1508475 1093192 3381 2138 0 1503820 0 976404
1789256387.132837 1508475 1093192 3381 2138 0 1503820 0 976404
1789256388.133135 1508475 1093416 3381 2138 0 1503820 0 976404
1789256389.133286 1508475 1093416 3381 2138 0 1503820 0 976404
1789256390.132970 1508475 1093416 3381 2138 0 1503820 0 976404
1789256391.132983 1508475 1093416 3381 2138 0 1503820 0 976404
1789256392.133050 1508475 1093416 3381 2138 0 1503820 0 976404
1789256393.132977 1508475 1093416 3381 2138 0 1503820 0 976404
1789256394.132978 1508475 1093416 3381 2138 0 1503820 0 976404
1789256395.132957 1508475 1093416 3381 2138 0 1503820 0 976404
1789256396.132955 1508475 1093416 3381 2138 0 1503820 0 976404
1789256397.133314 1508475 1093416 3381 2138 0 1503820 0 976404
1789256398.133072 1508475 1093416 3381 2138 0 1503820 0 976404
1789256399.132996 1508475 1093416 3381 2138 0 1503820 0 976404
1789256400.133015 1508475 1093416 3381 2138 0 1503820 0 976404
1789256401.132964 1508475 1093416 3381 2138 0 1503820 0 976404
1789256402.133022 1508475 1093416 3381 2138 0 1503820 0 976404
1789256403.132959 1508475 1093416 3381 2138 0 1503820 0 976404
1789256404.132952 1508475 1093416 3381 2138 0 1503820 0 976404
1789256405.132946 1508475 1093416 3381 2138 0 1503820 0 976404
1789256406.132985 1508475 1093416 3381 2138 0 1503820 0 976404
1789256407.133023 1508475 1093416 3381 2138 0 1503820 0 976404
1789256408.132972 1508475 1093624 3381 2138 0 1503820 0 976404
1789256409.133005 1508475 1093624 3381 2138 0 1503820 0 976404
1789256410.133028 1508475 1093624 3381 2138 0 1503820 0 976404
1789256411.133038 1508475 1093624 3381 2138 0 1503820 0 976404
1789256412.132964 1508475 1093624 3381 2138 0 1503820 0 976404
1789256413.133076 1508475 1093624 3381 2138 0 1503820 0 976404
1789256414.132897 1508475 1093624 3381 2138 0 1503820 0 976404
1789256415.132918 1508475 1093624 3381 2138 0 1503820 0 976404
1789256416.132945 1508475 1093624 3381 2138 0 1503820 0 976404
1789256417.132955 1508475 1093624 3381 2138 0 1503820 0 976404
1789256418.132904 1508475 1093624 3381 2138 0 1503820 0 976404
1789256419.132936 1508475 1093816 3381 2138 0 1503820 0 976404
1789256420.133028 1508475 1093816 3381 2138 0 1503820 0 976404
1789256421.133003 1508475 1093816 3381 2138 0 1503820 0 976404
1789256422.132940 1508475 1093816 3381 2138 0 1503820 0 976404
1789256423.133098 1508475 1093816 3381 2138 0 1503820 0 976404
1789256424.132966 1508475 1093816 3381 2138 0 1503820 0 976404
1789256425.132916 1508475 1093816 3381 2138 0 1503820 0 976404
1789256426.132897 1508475 1093816 3381 2138 0 1503820 0 976404
1789256427.132979 1508475 1093816 3381 2138 0 1503820 0 976404
1789256428.132936 1508475 1093816 3381 2138 0 1503820 0 976404
1789256429.132976 1508475 1093816 3381 2138 0 1503820 0 976404
1789256430.133030 1508475 1093816 3381 2138 0 1503820 0 976404
1789256431.132749 1508475 1093816 3381 2138 0 1503820 0 976404
1789256432.133007 1508475 1093816 3381 2138 0 1503820 0 976404
1789256433.132958 1508475 1093816 3381 2138 0 1503820 0 976404
1789256434.132948 1508475 1093816 3381 2138 0 1503820 0 976404
1789256435.132951 1508475 1093816 3381 2138 0 1503820 0 976404
1789256436.132928 1508475 1093816 3381 2138 0 1503820 0 976404
1789256437.133025 1508475 1093816 3381 2138 0 1503820 0 976404
1789256438.132972 1508475 1093816 3381 2138 0 1503820 0 976404
1789256439.132958 1508475 1093992 3381 2138 0 1503820 0 976404
1789256440.132969 1508475 1093992 3381 2138 0 1503820 0 976404
1789256441.132711 1508475 1093992 3381 2138 0 1503820 0 976404
1789256442.132957 1508475 1093992 3381 2138 0 1503820 0 976404
1789256443.132952 1508475 1093992 3381 2138 0 1503820 0 976404
1789256444.132697 1508475 1093992 3381 2138 0 1503820 0 976404
1789256445.132970 1508475 1093992 3381 2138 0 1503820 0 976404
1789256446.132985 1508475 1093992 3381 2138 0 1503820 0 976404
1789256447.132970 1508475 1093992 3381 2138 0 1503820 0 976404
1789256448.132924 1508475 1093992 3381 2138 0 1503820 0 976404
1789256449.132918 1508475 1094152 3381 2138 0 1503820 0 976404
1789256450.133039 1508475 1094152 3381 2138 0 1503820 0 976404
1789256451.132994 1508475 1094152 3381 2138 0 1503820 0 976404
1789256452.133286 1508475 1094152 3381 2138 0 1503820 0 976404
1789256453.132951 1508475 1094152 3381 2138 0 1503820 0 976404
1789256454.132800 1508475 1094152 3381 2138 0 1503820 0 976404
1789256455.132884 1508475 1094152 3381 2138 0 1503820 0 976404
1789256456.132939 1508475 1094152 3381 2138 0 1503820 0 976404
1789256457.133246 1508475 1094152 3381 2138 0 1503820 0 976404
1789256458.132951 1508475 1094152 3381 2138 0 1503820 0 976404
1789256459.133058 1508475 1094152 3381 2138 0 1503820 0 976404
1789256460.133030 1508475 1094152 3381 2138 0 1503820 0 976404
1789256461.132970 1508475 1094152 3381 2138 0 1503820 0 976404
1789256462.132977 1508475 1094152 3381 2138 0 1503820 0 976404
1789256463.132906 1508475 1094152 3381 2138 0 1503820 0 976404
1789256464.132997 1508475 1094152 3381 2138 0 1503820 0 976404
1789256465.132982 1508475 1094152 3381 2138 0 1503820 0 976404
1789256466.132940 1508475 1094152 3381 2138 0 1503820 0 976404
1789256467.132936 1508475 1094152 3381 2138 0 1503820 0 976404
1789256468.132954 1508475 1094152 3381 2138 0 1503820 0 976404
1789256469.132884 1508475 1094152 3381 2138 0 1503820 0 976404
1789256470.132944 1508475 1094296 3381 2138 0 1503820 0 976404
1789256471.133305 1508475 1094296 3381 2138 0 1503820 0 976404
1789256472.132979 1508475 1094296 3381 2138 0 1503820 0 976404
1789256473.133098 1508475 1094296 3381 2138 0 1503820 0 976404
1789256474.132995 1508475 1094296 3381 2138 0 1503820 0 976404
1789256475.132999 1508475 1094296 3381 2138 0 1503820 0 976404
1789256476.132919 1508475 1094296 3381 2138 0 1503820 0 976404
1789256477.132929 1508475 1094296 3381 2138 0 1503820 0 976404
1789256478.132888 1508475 1094296 3381 2138 0 1503820 0 976404
1789256479.133456 1508475 1094296 3381 2138 0 1503820 0 976404
1789256480.133641 1508475 1094424 3381 2138 0 1503820 0 976404
1789256481.132943 1508475 1094424 3381 2138 0 1503820 0 976404
1789256482.134446 1508475 1094424 3381 2138 0 1503820 0 976404
1789256483.132965 1508475 1094424 3381 2138 0 1503820 0 976404
1789256484.132872 1508475 1094424 3381 2138 0 1503820 0 976404
1789256485.132924 1508475 1094424 3381 2138 0 1503820 0 976404
1789256486.132931 1508475 1094424 3381 2138 0 1503820 0 976404
1789256487.132890 1508475 1094424 3381 2138 0 1503820 0 976404
1789256488.132966 1508475 1094424 3381 2138 0 1503820 0 976404
1789256489.132909 1508475 1094424 3381 2138 0 1503820 0 976404
1789256490.132959 1508475 1094424 3381 2138 0 1503820 0 976404
1789256491.132977 1508475 1094424 3381 2138 0 1503820 0 976404
1789256492.132801 1508475 1094424 3381 2138 0 1503820 0 976404
1789256493.132972 1508475 1094424 3381 2138 0 1503820 0 976404
1789256494.132912 1508475 1094424 3381 2138 0 1503820 0 976404
1789256495.133004 1508475 1094424 3381 2138 0 1503820 0 976404
1789256496.132941 1508475 1094424 3381 2138 0 1503820 0 976404
1789256497.132667 1508475 1094424 3381 2138 0 1503820 0 976404
1789256498.132941 1508475 1094424 3381 2138 0 1503820 0 976404
1789256499.132944 1508475 1094424 3381 2138 0 1503820 0 976404
1789256500.132972 1508475 1094546 3381 2138 0 1503820 0 976404
1789256501.133157 1508475 1094546 3381 2138 0 1503820 0 976404
1789256502.133236 1508475 1094546 3381 2138 0 1503820 0 976404
1789256503.132903 1508475 1094546 3381 2138 0 1503820 0 976404
1789256504.132898 1508475 1094546 3381 2138 0 1503820 0 976404
1789256505.132947 1508475 1094546 3381 2138 0 1503820 0 976404
1789256506.132941 1508475 1094546 3381 2138 0 1503820 0 976404
1789256507.132921 1508475 1094546 3381 2138 0 1503820 0 976404
1789256508.132912 1508475 1094546 3381 2138 0 1503820 0 976404
1789256509.133197 1508475 1094546 3381 2138 0 1503820 0 976404
1789256510.132949 1508475 1094546 3381 2138 0 1503820 0 976404
1789256511.132956 1508475 1094661 3381 2138 0 1503820 0 976404
1789256512.132982 1508475 1094661 3381 2138 0 1503820 0 976404
1789256513.132979 1508475 1094661 3381 2138 0 1503820 0 976404
1789256514.132989 1508475 1094661 3381 2138 0 1503820 0 976404
1789256515.139845 1508475 1094661 3381 2138 0 1503820 0 976404
1789256516.132978 1508475 1094661 3381 2138 0 1503820 0 976404
1789256517.132898 1508475 1094661 3381 2138 0 1503820 0 976404
1789256518.133303 1508475 1094661 3381 2138 0 1503820 0 976404
1789256519.132870 1508475 1094661 3381 2138 0 1503820 0 976404
1789256520.132902 1508475 1094661 3381 2138 0 1503820 0 976404
1789256521.132911 1508475 1094661 3381 2138 0 1503820 0 976404
1789256522.135098 1508475 1094661 3381 2138 0 1503820 0 976404
1789256523.133267 1508475 1094661 3381 2138 0 1503820 0 976404
1789256524.132936 1508475 1094661 3381 2138 0 1503820 0 976404
1789256525.132911 1508475 1094661 3381 2138 0 1503820 0 976404
1789256526.132906 1508475 1094661 3381 2138 0 1503820 0 976404
1789256527.133330 1508475 1094661 3381 2138 0 1503820 0 976404
1789256528.132910 1508475 1094661 3381 2138 0 1503820 0 976404
1789256529.132929 1508475 1094661 3381 2138 0 1503820 0 976404
1789256530.132936 1508475 1094661 3381 2138 0 1503820 0 976404
1789256531.132956 1508475 1094779 3381 2138 0 1503820 0 976404
1789256532.132910 1508475 1094779 3381 2138 0 1503820 0 976404
1789256533.132951 1508475 1094779 3381 2138 0 1503820 0 976404
1789256534.132925 1508475 1094779 3381 2138 0 1503820 0 976404
1789256535.132925 1508475 1094779 3381 2138 0 1503820 0 976404
1789256536.133261 1508475 1094779 3381 2138 0 1503820 0 976404
1789256537.132889 1508475 1094779 3381 2138 0 1503820 0 976404
1789256538.132932 1508475 1094779 3381 2138 0 1503820 0 976404
1789256539.132952 1508475 1094779 3381 2138 0 1503820 0 976404
1789256540.133133 1508475 1094779 3381 2138 0 1503820 0 976404
1789256541.132995 1508475 1094898 3381 2138 0 1503820 0 976404
1789256542.133052 1508475 1094898 3381 2138 0 1503820 0 976404
1789256543.133005 1508475 1094898 3381 2138 0 1503820 0 976404
1789256544.132984 1508475 1094898 3381 2138 0 1503820 0 976404
1789256545.132914 1508475 1094898 3381 2138 0 1503820 0 976404
1789256546.132898 1508475 1094898 3381 2138 0 1503820 0 976404
1789256547.132952 1508475 1094898 3381 2138 0 1503820 0 976404
1789256548.133479 1508475 1094898 3381 2138 0 1503820 0 976404
1789256549.132856 1508475 1094898 3381 2138 0 1503820 0 976404
1789256550.132882 1508475 1094898 3381 2138 0 1503820 0 976404
1789256551.132927 1508475 1094898 3381 2138 0 1503820 0 976404
1789256552.132945 1508475 1094898 3381 2138 0 1503820 0 976404
1789256553.132964 1508475 1094898 3381 2138 0 1503820 0 976404
1789256554.133039 1508475 1094898 3381 2138 0 1503820 0 976404
1789256555.132966 1508475 1094898 3381 2138 0 1503820 0 976404
1789256556.132918 1508475 1094898 3381 2138 0 1503820 0 976404
1789256557.132900 1508475 1094898 3381 2138 0 1503820 0 976404
1789256558.132996 1508475 1094898 3381 2138 0 1503820 0 976404
1789256559.133254 1508475 1094898 3381 2138 0 1503820 0 976404
1789256560.133022 1508475 1094898 3381 2138 0 1503820 0 976404
1789256561.132963 1508475 1094898 3381 2138 0 1503820 0 976404
1789256562.133023 1508475 1095010 3381 2138 0 1503820 0 976404
1789256563.132988 1508475 1095010 3381 2138 0 1503820 0 976404
1789256564.132933 1508475 1095010 3381 2138 0 1503820 0 976404
1789256565.132932 1508475 1095010 3381 2138 0 1503820 0 976404
1789256566.132952 1508475 1095010 3381 2138 0 1503820 0 976404
1789256567.132960 1508475 1095010 3381 2138 0 1503820 0 976404
1789256568.132978 1508475 1095010 3381 2138 0 1503820 0 976404
1789256569.133019 1508475 1095010 3381 2138 0 1503820 0 976404
1789256570.132862 1508475 1095010 3381 2138 0 1503820 0 976404
