# start_epoch=1789256570.873672  page_size=4096  cachestat=ok  fields=size,resident,shared,text,lib,data,dt,pagecache
1789256571.879107 460406 32904 3327 2138 0 455756 0 81637
1789256572.885668 468342 43106 3328 2138 0 463692 0 137647
1789256573.884187 468342 44055 3328 2138 0 463692 0 162100
1789256574.885018 469238 43637 3328 2138 0 464588 0 174779
1789256575.887319 469238 44157 3381 2138 0 464588 0 214334
1789256576.885690 469238 42324 3381 2138 0 464588 0 187618
1789256577.892246 469238 41989 3381 2138 0 464588 0 242057
1789256578.895749 470134 47002 3381 2138 0 465484 0 267289
1789256579.892350 471158 47735 3381 2138 0 466508 0 296481
1789256580.893206 471158 45385 3381 2138 0 466508 0 308659
1789256581.894719 471158 44895 3381 2138 0 466508 0 331874
1789256582.896604 471158 47974 3381 2138 0 466508 0 364362
1789256583.896712 472438 48221 3381 2138 0 467788 0 362601
1789256584.899612 472438 48479 3381 2138 0 467788 0 405474
1789256585.899955 472438 48727 3381 2138 0 467788 0 417698
1789256586.899331 472438 50970 3381 2138 0 467788 0 415652
1789256587.902842 472438 51016 3381 2138 0 467788 0 458555
1789256588.904370 472438 48742 3381 2138 0 467788 0 483050
1789256589.905914 473974 51592 3381 2138 0 469324 0 506777
1789256590.906654 473974 49546 3381 2138 0 469324 0 521802
1789256591.908434 473974 51968 3381 2138 0 469324 0 547562
1789256592.909804 473974 49903 3381 2138 0 469324 0 572127
1789256593.911512 473974 47984 3381 2138 0 469324 0 597239
1789256594.912814 473974 53327 3381 2138 0 469324 0 615543
1789256595.914358 475766 51266 3381 2138 0 471116 0 641062
1789256596.915235 475766 51316 3381 2138 0 471116 0 656911
1789256597.917989 475766 54783 3381 2138 0 471116 0 697514
1789256598.917625 475766 50778 3381 2138 0 471116 0 691187
1789256599.920043 475766 53847 3381 2138 0 471116 0 727125
1789256600.921099 475766 54023 3381 2138 0 471116 0 752132
1789256601.920137 475766 53262 3381 2138 0 471116 0 739275
1789256602.923467 475766 55231 3381 2138 0 471116 0 795344
1789256603.926190 477814 55333 3381 2138 0 473164 0 833594
1789256604.925835 477814 53232 3381 2138 0 473164 0 823368
1789256605.928369 477814 55748 3381 2138 0 473164 0 863462
1789256606.929713 477814 55786 3381 2138 0 473164 0 887957
1789256607.931507 477814 56713 3381 2138 0 473164 0 913460
1789256608.920131 481911 38804 3381 2138 0 477260 0 886318
1789256609.916039 481911 38992 3381 2138 0 477260 0 864401
1789256610.916295 484471 39776 3381 2138 0 479820 0 864402
1789256611.915868 484471 39784 3381 2138 0 479820 0 864402
1789256612.916257 484471 40049 3381 2138 0 479820 0 864403
1789256613.915655 484471 40049 3381 2138 0 479820 0 864403
1789256614.915999 484471 40202 3381 2138 0 479820 0 864404
1789256615.916082 484471 40202 3381 2138 0 479820 0 864405
1789256616.916047 484471 40202 3381 2138 0 479820 0 864405
1789256617.915940 484471 40202 3381 2138 0 479820 0 864406
1789256618.916116 484471 29312 3381 2138 0 479820 0 864394
1789256619.915840 484471 29312 3381 2138 0 479820 0 864394
1789256620.915845 484471 29312 3381 2138 0 479820 0 864394
1789256621.915645 484471 29312 3381 2138 0 479820 0 864395
1789256622.915799 484471 29312 3381 2138 0 479820 0 864396
1789256623.915649 484471 29579 3381 2138 0 479820 0 864396
1789256624.915836 484471 29579 3381 2138 0 479820 0 864397
1789256625.915742 484471 28973 3381 2138 0 479820 0 864398
1789256626.915275 484471 29066 3381 2138 0 479820 0 852518
1789256627.914806 484471 29732 3381 2138 0 479820 0 846360
1789256628.915635 484471 29380 3381 2138 0 479820 0 864387
1789256629.915864 484471 29380 3381 2138 0 479820 0 864388
1789256630.915695 484471 29380 3381 2138 0 479820 0 864389
1789256631.915564 484471 29380 3381 2138 0 479820 0 864389
1789256632.915353 484471 28464 3381 2138 0 479820 0 864390
1789256633.915514 484471 29230 3381 2138 0 479820 0 864391
1789256634.915719 484471 29239 3381 2138 0 479820 0 864391
1789256635.915618 484471 28657 3381 2138 0 479820 0 864391
1789256636.915692 484471 29108 3381 2138 0 479820 0 864392
1789256637.915546 484471 24211 3381 2138 0 479820 0 864385
1789256638.915543 484471 24535 3381 2138 0 479820 0 864385
1789256639.915328 484471 24536 3381 2138 0 479820 0 864386
1789256640.915637 484471 24537 3381 2138 0 479820 0 864386
1789256641.915770 484471 24198 3381 2138 0 479820 0 864387
1789256642.915506 484471 24195 3381 2138 0 479820 0 864388
1789256643.915507 484471 25120 3381 2138 0 479820 0 864388
1789256644.915191 484471 25267 3381 2138 0 479820 0 864389
1789256645.915142 484471 25268 3381 2138 0 479820 0 864390
1789256646.914454 492671 39592 3404 2138 0 488012 0 846352
1789256647.914500 555647 123996 3404 2138 0 550988 0 846352
1789256648.914443 633983 210276 3404 2138 0 629324 0 846352
1789256649.914322 759935 297952 3404 2138 0 755276 0 846352
1789256650.914345 817279 384480 3404 2138 0 812620 0 846352
1789256651.914038 886399 470886 3404 2138 0 881740 0 846352
1789256652.914418 974463 557153 3404 2138 0 969804 0 846352
1789256653.914543 1072767 642285 3404 2138 0 1068108 0 846352
1789256654.914589 1192575 728304 3404 2138 0 1187916 0 846352
1789256655.914353 1323647 814212 3404 2138 0 1318988 0 846352
1789256656.914210 1329791 899973 3404 2138 0 1325132 0 846352
1789256657.914489 1493631 984602 3404 2138 0 1488972 0 846352
1789256658.914508 1500799 1071134 3404 2138 0 1496140 0 846352
1789256659.914595 1699967 1156518 3404 2138 0 1695308 0 846352
1789256660.914634 1699967 1242292 3404 2138 0 1695308 0 846352
1789256661.914579 1937535 1326911 3404 2138 0 1932876 0 846352
1789256662.914528 1937535 1411921 3404 2138 0 1932876 0 846352
1789256663.914547 1937535 1496401 3404 2138 0 1932876 0 846352
1789256664.914708 2199679 1573340 3579 2138 0 2195020 0 846352
1789256665.914489 2209919 1643960 3579 2138 0 2205260 0 846352
1789256666.914349 2214016 1699446 3579 2138 0 2209356 0 846352
1789256667.914375 2214016 1699446 3579 2138 0 2209356 0 846352
1789256668.914377 2214016 1699446 3579 2138 0 2209356 0 846352
1789256669.913899 2214016 1699446 3579 2138 0 2209356 0 846352
1789256670.914893 2214016 1699446 3579 2138 0 2209356 0 846352
1789256671.914493 2214016 1699446 3579 2138 0 2209356 0 846352
1789256672.914712 2214016 1699446 3579 2138 0 2209356 0 846352
1789256673.914247 2214016 1699446 3579 2138 0 2209356 0 846352
1789256674.914501 2214016 1699446 3579 2138 0 2209356 0 846352
1789256675.914458 2214016 1699446 3579 2138 0 2209356 0 846352
1789256676.913906 2214016 1699446 3579 2138 0 2209356 0 846352
1789256677.914761 2214016 1699446 3579 2138 0 2209356 0 846352
1789256678.914289 2214016 1699446 3579 2138 0 2209356 0 846352
1789256679.914176 2218113 1699451 3579 2138 0 2213452 0 846352
1789256680.914919 2218113 1699451 3579 2138 0 2213452 0 846352
1789256681.914424 2218113 1699451 3579 2138 0 2213452 0 846352
1789256682.914592 2218113 1699451 3579 2138 0 2213452 0 846352
1789256683.914226 2218113 1699451 3579 2138 0 2213452 0 846352
1789256684.914885 2218113 1699947 3579 2138 0 2213452 0 846352
1789256685.914575 2218113 1699947 3579 2138 0 2213452 0 846352
1789256686.914518 2218113 1699947 3579 2138 0 2213452 0 846352
1789256687.914486 2218113 1699947 3579 2138 0 2213452 0 846352
1789256688.914413 2218113 1699947 3579 2138 0 2213452 0 846352
1789256689.914424 2218113 1699947 3579 2138 0 2213452 0 846352
1789256690.914491 2218113 1699947 3579 2138 0 2213452 0 846352
1789256691.914438 2222203 1699940 3572 2138 0 2217548 0 846352
1789256692.914309 2222203 1699940 3572 2138 0 2217548 0 846352
1789256693.914552 2222203 1699940 3572 2138 0 2217548 0 846352
1789256694.914516 2222203 1699940 3572 2138 0 2217548 0 846352
1789256695.914143 2222203 1699940 3572 2138 0 2217548 0 846352
1789256696.914328 2222203 1699940 3572 2138 0 2217548 0 846352
1789256697.914581 2222203 1699940 3572 2138 0 2217548 0 846352
1789256698.914458 2222203 1699940 3572 2138 0 2217548 0 846352
1789256699.914622 2222203 1699940 3572 2138 0 2217548 0 846352
1789256700.914525 2222203 1699940 3572 2138 0 2217548 0 846352
1789256701.914348 2222203 1699940 3572 2138 0 2217548 0 846352
1789256702.913885 2222203 1699940 3572 2138 0 2217548 0 846352
1789256703.913466 2222203 1699940 3572 2138 0 2217548 0 846352
1789256704.914234 2222203 1699940 3572 2138 0 2217548 0 846352
1789256705.913414 2222203 1700420 3572 2138 0 2217548 0 846352
1789256706.913420 2222203 1700420 3572 2138 0 2217548 0 846352
1789256707.914407 2222203 1700420 3572 2138 0 2217548 0 846352
1789256708.914611 2222203 1700420 3572 2138 0 2217548 0 846352
1789256709.914193 2222203 1700420 3572 2138 0 2217548 0 846352
1789256710.914270 2222203 1700420 3572 2138 0 2217548 0 846352
1789256711.914061 2222203 1700420 3572 2138 0 2217548 0 846352
1789256712.914621 2222203 1700420 3572 2138 0 2217548 0 846352
1789256713.914681 2222203 1700420 3572 2138 0 2217548 0 846352
1789256714.914670 2222203 1700420 3572 2138 0 2217548 0 846352
1789256715.914402 2222203 1700884 3572 2138 0 2217548 0 846352
1789256716.914633 2222203 1700884 3572 2138 0 2217548 0 846352
1789256717.914579 2222203 1700884 3572 2138 0 2217548 0 846352
1789256718.913938 2222203 1700884 3572 2138 0 2217548 0 846352
1789256719.913574 2222203 1700884 3572 2138 0 2217548 0 846352
1789256720.913345 2222203 1700884 3572 2138 0 2217548 0 846352
1789256721.913523 2222203 1700884 3572 2138 0 2217548 0 846352
1789256722.914935 2222203 1700884 3572 2138 0 2217548 0 846352
1789256723.914468 2222203 1700884 3572 2138 0 2217548 0 846352
1789256724.914317 2222203 1700884 3572 2138 0 2217548 0 846352
1789256725.914564 2222203 1700884 3572 2138 0 2217548 0 846352
1789256726.914468 2222203 1700884 3572 2138 0 2217548 0 846352
1789256727.914639 2222203 1700884 3572 2138 0 2217548 0 846352
1789256728.914329 2222203 1700884 3572 2138 0 2217548 0 846352
1789256729.914518 2222203 1700884 3572 2138 0 2217548 0 846352
1789256730.914291 2222203 1700884 3572 2138 0 2217548 0 846352
1789256731.914596 2222203 1700884 3572 2138 0 2217548 0 846352
1789256732.914730 2222203 1700884 3572 2138 0 2217548 0 846352
1789256733.914068 2222203 1700884 3572 2138 0 2217548 0 846352
1789256734.914679 2222203 1700884 3572 2138 0 2217548 0 846352
1789256735.913997 2222203 1701789 3572 2138 0 2217548 0 846352
1789256736.913568 2222203 1701789 3572 2138 0 2217548 0 846352
1789256737.913372 2222203 1701789 3572 2138 0 2217548 0 846352
1789256738.913250 2222203 1701789 3572 2138 0 2217548 0 846352
1789256739.914829 2222203 1701789 3572 2138 0 2217548 0 846352
1789256740.914602 2222203 1701789 3572 2138 0 2217548 0 846352
1789256741.914728 2222203 1701789 3572 2138 0 2217548 0 846352
1789256742.914493 2222203 1701789 3572 2138 0 2217548 0 846352
1789256743.914463 2222203 1701789 3572 2138 0 2217548 0 846352
1789256744.914568 2222203 1701789 3572 2138 0 2217548 0 846352
1789256745.913982 2222203 1702221 3572 2138 0 2217548 0 846352
1789256746.913680 2222203 1702221 3572 2138 0 2217548 0 846352
1789256747.913643 2222203 1702221 3572 2138 0 2217548 0 846352
1789256748.914612 2222203 1702221 3572 2138 0 2217548 0 846352
1789256749.914579 2222203 1702221 3572 2138 0 2217548 0 846352
1789256750.914274 2222203 1702221 3572 2138 0 2217548 0 846352
1789256751.914397 2222203 1702221 3572 2138 0 2217548 0 846352
1789256752.914401 2222203 1702221 3572 2138 0 2217548 0 846352
1789256753.914606 2222203 1702221 3572 2138 0 2217548 0 846352
1789256754.914681 2222203 1702221 3572 2138 0 2217548 0 846352
1789256755.914508 2222203 1702221 3572 2138 0 2217548 0 846352
1789256756.914409 2222203 1702692 3572 2138 0 2217548 0 846352
1789256757.914587 2222203 1702692 3572 2138 0 2217548 0 846352
1789256758.914421 2222203 1702692 3572 2138 0 2217548 0 846352
1789256759.913425 2222203 1702692 3572 2138 0 2217548 0 846352
1789256760.914159 2222203 1702692 3572 2138 0 2217548 0 846352
1789256761.913390 2222203 1702692 3572 2138 0 2217548 0 846352
1789256762.914622 2222203 1702692 3572 2138 0 2217548 0 846352
1789256763.914530 2222203 1702692 3572 2138 0 2217548 0 846352
1789256764.914519 2222203 1702692 3572 2138 0 2217548 0 846352
1789256765.914343 2222203 1702692 3572 2138 0 2217548 0 846352
1789256766.914735 2222203 1703599 3572 2138 0 2217548 0 846352
1789256767.914562 2222203 1703599 3572 2138 0 2217548 0 846352
1789256768.914192 2222203 1703599 3572 2138 0 2217548 0 846352
1789256769.914563 2222203 1703599 3572 2138 0 2217548 0 846352
1789256770.914419 2222203 1703599 3572 2138 0 2217548 0 846352
1789256771.914635 2222203 1703599 3572 2138 0 2217548 0 846352
1789256772.914627 2222203 1703599 3572 2138 0 2217548 0 846352
1789256773.914520 2222203 1703599 3572 2138 0 2217548 0 846352
1789256774.914236 2222203 1703599 3572 2138 0 2217548 0 846352
1789256775.914012 2222203 1703599 3572 2138 0 2217548 0 846352
1789256776.913889 2222203 1703999 3572 2138 0 2217548 0 846352
1789256777.913793 2222203 1703999 3572 2138 0 2217548 0 846352
1789256778.913753 2222203 1703999 3572 2138 0 2217548 0 846352
1789256779.913399 2222203 1703999 3572 2138 0 2217548 0 846352
1789256780.913996 2222203 1703999 3572 2138 0 2217548 0 846352
1789256781.914012 2222203 1703999 3572 2138 0 2217548 0 846352
1789256782.913893 2222203 1703999 3572 2138 0 2217548 0 846352
1789256783.913713 2222203 1703999 3572 2138 0 2217548 0 846352
1789256784.914028 2222203 1703999 3572 2138 0 2217548 0 846352
1789256785.913513 2222203 1703999 3572 2138 0 2217548 0 846352
1789256786.914187 2222203 1704508 3572 2138 0 2217548 0 846352
1789256787.914022 2222203 1704508 3572 2138 0 2217548 0 846352
1789256788.914840 2222203 1704508 3572 2138 0 2217548 0 846352
1789256789.914653 2222203 1704508 3572 2138 0 2217548 0 846352
1789256790.914518 2222203 1704508 3572 2138 0 2217548 0 846352
1789256791.914595 2222203 1704508 3572 2138 0 2217548 0 846352
1789256792.914725 2222203 1704508 3572 2138 0 2217548 0 846352
1789256793.914468 2222203 1704508 3572 2138 0 2217548 0 846352
1789256794.914587 2222203 1704508 3572 2138 0 2217548 0 846352
1789256795.914585 2222203 1704508 3572 2138 0 2217548 0 846352
1789256796.914460 2222203 1704508 3572 2138 0 2217548 0 846352
1789256797.914507 2222203 1704892 3572 2138 0 2217548 0 846352
1789256798.914424 2222203 1704892 3572 2138 0 2217548 0 846352
1789256799.914462 2222203 1704892 3572 2138 0 2217548 0 846352
1789256800.914215 2222203 1704892 3572 2138 0 2217548 0 846352
1789256801.914590 2222203 1704892 3572 2138 0 2217548 0 846352
1789256802.914684 2222203 1704892 3572 2138 0 2217548 0 846352
1789256803.914557 2222203 1704892 3572 2138 0 2217548 0 846352
1789256804.914735 2222203 1704892 3572 2138 0 2217548 0 846352
1789256805.914089 2222203 1704892 3572 2138 0 2217548 0 846352
1789256806.914153 2222203 1704892 3572 2138 0 2217548 0 846352
1789256807.913431 2222203 1705260 3572 2138 0 2217548 0 846352
1789256808.913734 2222203 1705260 3572 2138 0 2217548 0 846352
1789256809.913471 2222203 1705260 3572 2138 0 2217548 0 846352
1789256810.913335 2222203 1705260 3572 2138 0 2217548 0 846352
1789256811.914600 2222203 1705260 3572 2138 0 2217548 0 846352
1789256812.914461 2222203 1705260 3572 2138 0 2217548 0 846352
1789256813.914470 2222203 1705260 3572 2138 0 2217548 0 846352
1789256814.914476 2222203 1705260 3572 2138 0 2217548 0 846352
1789256815.914570 2222203 1705260 3572 2138 0 2217548 0 846352
1789256816.914611 2222203 1705260 3572 2138 0 2217548 0 846352
1789256817.914506 2222203 1705260 3572 2138 0 2217548 0 846352
1789256818.914634 2222203 1705260 3572 2138 0 2217548 0 846352
1789256819.914690 2222203 1705260 3572 2138 0 2217548 0 846352
1789256820.914603 2222203 1705260 3572 2138 0 2217548 0 846352
1789256821.914695 2222203 1705260 3572 2138 0 2217548 0 846352
1789256822.914587 2222203 1705260 3572 2138 0 2217548 0 846352
1789256823.914451 2222203 1705260 3572 2138 0 2217548 0 846352
1789256824.914704 2222203 1705260 3572 2138 0 2217548 0 846352
1789256825.914389 2222203 1705260 3572 2138 0 2217548 0 846352
1789256826.914363 2222203 1705260 3572 2138 0 2217548 0 846352
1789256827.914687 2222203 1705612 3572 2138 0 2217548 0 846352
1789256828.914640 2222203 1705612 3572 2138 0 2217548 0 846352
1789256829.914672 2222203 1705612 3572 2138 0 2217548 0 846352
1789256830.914635 2222203 1705612 3572 2138 0 2217548 0 846352
1789256831.914418 2222203 1705612 3572 2138 0 2217548 0 846352
1789256832.913649 2222203 1705612 3572 2138 0 2217548 0 846352
1789256833.914628 2222203 1705612 3572 2138 0 2217548 0 846352
1789256834.914503 2222203 1705612 3572 2138 0 2217548 0 846352
1789256835.914710 2222203 1705612 3572 2138 0 2217548 0 846352
1789256836.914301 2222203 1705612 3572 2138 0 2217548 0 846352
1789256837.913977 2222203 1705612 3572 2138 0 2217548 0 846352
1789256838.913684 2222203 1705948 3572 2138 0 2217548 0 846352
1789256839.913371 2222203 1705948 3572 2138 0 2217548 0 846352
1789256840.913836 2222203 1705948 3572 2138 0 2217548 0 846352
1789256841.914173 2222203 1705948 3572 2138 0 2217548 0 846352
1789256842.913838 2222203 1705948 3572 2138 0 2217548 0 846352
1789256843.914393 2222203 1705948 3572 2138 0 2217548 0 846352
1789256844.914770 2222203 1705948 3572 2138 0 2217548 0 846352
1789256845.914691 2222203 1705948 3572 2138 0 2217548 0 846352
1789256846.914695 2222203 1705948 3572 2138 0 2217548 0 846352
1789256847.914615 2222203 1705948 3572 2138 0 2217548 0 846352
1789256848.914419 2222203 1705948 3572 2138 0 2217548 0 846352
1789256849.914164 2222203 1705948 3572 2138 0 2217548 0 846352
1789256850.914648 2222203 1705948 3572 2138 0 2217548 0 846352
1789256851.914487 2222203 1705948 3572 2138 0 2217548 0 846352
1789256852.914339 2222203 1705948 3572 2138 0 2217548 0 846352
1789256853.914709 2222203 1705948 3572 2138 0 2217548 0 846352
1789256854.914603 2222203 1705948 3572 2138 0 2217548 0 846352
1789256855.914943 2222203 1705948 3572 2138 0 2217548 0 846352
1789256856.916559 2222203 1705948 3572 2138 0 2217548 0 846352
1789256857.914674 2222203 1705948 3572 2138 0 2217548 0 846352
1789256858.914671 2222203 1706268 3572 2138 0 2217548 0 846352
1789256859.914489 2222203 1706268 3572 2138 0 2217548 0 846352
1789256860.914614 2222203 1706268 3572 2138 0 2217548 0 846352
1789256861.914017 2222203 1706268 3572 2138 0 2217548 0 846352
1789256862.913490 2222203 1706268 3572 2138 0 2217548 0 846352
1789256863.914963 2222203 1706268 3572 2138 0 2217548 0 846352
1789256864.914612 2222203 1706268 3572 2138 0 2217548 0 846352
1789256865.914226 2222203 1706268 3572 2138 0 2217548 0 846352
1789256866.914603 2222203 1706268 3572 2138 0 2217548 0 846352
1789256867.914376 2222203 1706268 3572 2138 0 2217548 0 846352
1789256868.914593 2222203 1706572 3572 2138 0 2217548 0 846352
1789256869.914326 2222203 1706572 3572 2138 0 2217548 0 846352
1789256870.914708 2222203 1706572 3572 2138 0 2217548 0 846352
1789256871.914639 2222203 1706572 3572 2138 0 2217548 0 846352
1789256872.914842 2222203 1706572 3572 2138 0 2217548 0 846352
1789256873.914284 2222203 1706572 3572 2138 0 2217548 0 846352
1789256874.914596 2222203 1706572 3572 2138 0 2217548 0 846352
1789256875.914690 2222203 1706572 3572 2138 0 2217548 0 846352
1789256876.914668 2222203 1706572 3572 2138 0 2217548 0 846352
1789256877.914696 2222203 1706572 3572 2138 0 2217548 0 846352
1789256878.914438 2222203 1706572 3572 2138 0 2217548 0 846352
1789256879.914625 2222203 1706572 3572 2138 0 2217548 0 846352
1789256880.914647 2222203 1706572 3572 2138 0 2217548 0 846352
1789256881.914618 2222203 1706572 3572 2138 0 2217548 0 846352
1789256882.914607 2222203 1706572 3572 2138 0 2217548 0 846352
1789256883.914688 2222203 1706572 3572 2138 0 2217548 0 846352
1789256884.914726 2222203 1706572 3572 2138 0 2217548 0 846352
1789256885.913963 2222203 1706572 3572 2138 0 2217548 0 846352
1789256886.913802 2222203 1706572 3572 2138 0 2217548 0 846352
1789256887.913338 2222203 1706572 3572 2138 0 2217548 0 846352
1789256888.914812 2222203 1706572 3572 2138 0 2217548 0 846352
1789256889.914650 2222203 1706860 3572 2138 0 2217548 0 846352
1789256890.914675 2222203 1706860 3572 2138 0 2217548 0 846352
1789256891.914559 2222203 1706860 3572 2138 0 2217548 0 846352
1789256892.914654 2222203 1706860 3572 2138 0 2217548 0 846352
1789256893.914565 2222203 1706860 3572 2138 0 2217548 0 846352
1789256894.914532 2222203 1706860 3572 2138 0 2217548 0 846352
1789256895.914660 2222203 1706860 3572 2138 0 2217548 0 846352
1789256896.914032 2222203 1706860 3572 2138 0 2217548 0 846352
1789256897.914654 2222203 1706860 3572 2138 0 2217548 0 846352
1789256898.914766 2222203 1706860 3572 2138 0 2217548 0 846352
1789256899.938876 2222203 1707132 3572 2138 0 2217548 0 846352
1789256900.914666 2222203 1707132 3572 2138 0 2217548 0 846352
1789256901.914434 2222203 1707132 3572 2138 0 2217548 0 846352
1789256902.914622 2222203 1707132 3572 2138 0 2217548 0 846352
1789256903.914540 2222203 1707132 3572 2138 0 2217548 0 846352
1789256904.914636 2222203 1707132 3572 2138 0 2217548 0 846352
1789256905.914350 2222203 1707132 3572 2138 0 2217548 0 846352
1789256906.914567 2222203 1707132 3572 2138 0 2217548 0 846352
1789256907.914711 2222203 1707132 3572 2138 0 2217548 0 846352
1789256908.914577 2222203 1707132 3572 2138 0 2217548 0 846352
1789256909.914792 2222203 1707132 3572 2138 0 2217548 0 846352
1789256910.914461 2222203 1707132 3572 2138 0 2217548 0 846352
1789256911.914633 2222203 1707132 3572 2138 0 2217548 0 846352
1789256912.914690 2222203 1707132 3572 2138 0 2217548 0 846352
1789256913.914761 2222203 1707132 3572 2138 0 2217548 0 846352
1789256914.914713 2222203 1707132 3572 2138 0 2217548 0 846352
1789256915.914589 2222203 1707132 3572 2138 0 2217548 0 846352
1789256916.914669 2222203 1707132 3572 2138 0 2217548 0 846352
1789256917.914768 2222203 1707132 3572 2138 0 2217548 0 846352
1789256918.914479 2222203 1707132 3572 2138 0 2217548 0 846352
1789256919.914676 2222203 1707132 3572 2138 0 2217548 0 846352
1789256920.914133 2222203 1707388 3572 2138 0 2217548 0 846352
1789256921.913868 2222203 1707388 3572 2138 0 2217548 0 846352
1789256922.913730 2222203 1707388 3572 2138 0 2217548 0 846352
1789256923.913700 2222203 1707388 3572 2138 0 2217548 0 846352
1789256924.914183 2222203 1707388 3572 2138 0 2217548 0 846352
1789256925.914695 2222203 1707388 3572 2138 0 2217548 0 846352
1789256926.914510 2222203 1707388 3572 2138 0 2217548 0 846352
1789256927.914083 2222203 1707388 3572 2138 0 2217548 0 846352
1789256928.914251 2222203 1707388 3572 2138 0 2217548 0 846352
1789256929.913500 2222203 1707388 3572 2138 0 2217548 0 846352
1789256930.914102 2222203 1707628 3572 2138 0 2217548 0 846352
1789256931.914557 2222203 1707628 3572 2138 0 2217548 0 846352
1789256932.914607 2222203 1707628 3572 2138 0 2217548 0 846352
1789256933.914127 2222203 1707628 3572 2138 0 2217548 0 846352
1789256934.913793 2222203 1707628 3572 2138 0 2217548 0 846352
1789256935.913559 2222203 1707628 3572 2138 0 2217548 0 846352
1789256936.913528 2222203 1707628 3572 2138 0 2217548 0 846352
1789256937.913450 2222203 1707628 3572 2138 0 2217548 0 846352
1789256938.914845 2222203 1707628 3572 2138 0 2217548 0 846352
1789256939.914666 2222203 1707628 3572 2138 0 2217548 0 846352
1789256940.914337 2222203 1707628 3572 2138 0 2217548 0 846352
1789256941.914407 2222203 1707628 3572 2138 0 2217548 0 846352
1789256942.914559 2222203 1707628 3572 2138 0 2217548 0 846352
1789256943.914381 2222203 1707628 3572 2138 0 2217548 0 846352
1789256944.915691 2222203 1707628 3572 2138 0 2217548 0 846352
1789256945.914392 2222203 1707628 3572 2138 0 2217548 0 846352
1789256946.914656 2222203 1707628 3572 2138 0 2217548 0 846352
1789256947.914671 2222203 1707628 3572 2138 0 2217548 0 846352
1789256948.914336 2222203 1707628 3572 2138 0 2217548 0 846352
1789256949.914285 2222203 1707628 3572 2138 0 2217548 0 846352
1789256950.914549 2222203 1707852 3572 2138 0 2217548 0 846352
1789256951.914291 2222203 1707852 3572 2138 0 2217548 0 846352
1789256952.914633 2222203 1707852 3572 2138 0 2217548 0 846352
1789256953.914606 2222203 1707852 3572 2138 0 2217548 0 846352
1789256954.915541 2222203 1707852 3572 2138 0 2217548 0 846352
1789256955.914519 2222203 1707852 3572 2138 0 2217548 0 846352
1789256956.914675 2222203 1707852 3572 2138 0 2217548 0 846352
1789256957.914662 2222203 1707852 3572 2138 0 2217548 0 846352
1789256958.914614 2222203 1707852 3572 2138 0 2217548 0 846352
1789256959.913957 2222203 1707852 3572 2138 0 2217548 0 846352
1789256960.913810 2222203 1707852 3572 2138 0 2217548 0 846352
1789256961.913530 2222203 1708060 3572 2138 0 2217548 0 846352
1789256962.913554 2222203 1708060 3572 2138 0 2217548 0 846352
1789256963.914306 2222203 1708060 3572 2138 0 2217548 0 846352
1789256964.914844 2222203 1708060 3572 2138 0 2217548 0 846352
1789256965.913747 2222203 1708060 3572 2138 0 2217548 0 846352
1789256966.913680 2222203 1708060 3572 2138 0 2217548 0 846352
1789256967.913563 2222203 1708060 3572 2138 0 2217548 0 846352
1789256968.914841 2222203 1708060 3572 2138 0 2217548 0 846352
1789256969.914667 2222203 1708060 3572 2138 0 2217548 0 846352
1789256970.914329 2222203 1708060 3572 2138 0 2217548 0 846352
1789256971.914688 2222203 1708060 3572 2138 0 2217548 0 846352
1789256972.914545 2222203 1708060 3572 2138 0 2217548 0 846352
1789256973.914602 2222203 1708060 3572 2138 0 2217548 0 846352
1789256974.915326 2222203 1708060 3572 2138 0 2217548 0 846352
1789256975.913560 2222203 1708060 3572 2138 0 2217548 0 846352
1789256976.914600 2222203 1708060 3572 2138 0 2217548 0 846352
1789256977.913917 2222203 1708060 3572 2138 0 2217548 0 846352
1789256978.915127 2222203 1708060 3572 2138 0 2217548 0 846352
1789256979.914370 2222203 1708060 3572 2138 0 2217548 0 846352
1789256980.914463 2222203 1708060 3572 2138 0 2217548 0 846352
1789256981.914670 2222203 1708252 3572 2138 0 2217548 0 846352
1789256982.914581 2222203 1708252 3572 2138 0 2217548 0 846352
1789256983.914648 2222203 1708252 3572 2138 0 2217548 0 846352
1789256984.916339 2222203 1708252 3572 2138 0 2217548 0 846352
1789256985.914206 2222203 1708252 3572 2138 0 2217548 0 846352
1789256986.914412 2222203 1708252 3572 2138 0 2217548 0 846352
1789256987.914631 2222203 1708252 3572 2138 0 2217548 0 846352
1789256988.914231 2222203 1708252 3572 2138 0 2217548 0 846352
1789256989.914408 2222203 1708252 3572 2138 0 2217548 0 846352
1789256990.915254 2222203 1708252 3572 2138 0 2217548 0 846352
1789256991.914481 2222203 1708428 3572 2138 0 2217548 0 846352
1789256992.914510 2222203 1708428 3572 2138 0 2217548 0 846352
1789256993.914505 2222203 1708428 3572 2138 0 2217548 0 846352
1789256994.915672 2222203 1708428 3572 2138 0 2217548 0 846352
1789256995.914037 2222203 1708428 3572 2138 0 2217548 0 846352
1789256996.914934 2222203 1708428 3572 2138 0 2217548 0 846352
1789256997.913438 2222203 1708428 3572 2138 0 2217548 0 846352
1789256998.913767 2222203 1708428 3572 2138 0 2217548 0 846352
1789256999.914879 2222203 1708428 3572 2138 0 2217548 0 846352
1789257000.914667 2222203 1708428 3572 2138 0 2217548 0 846352
1789257001.914672 2222203 1708428 3572 2138 0 2217548 0 846352
1789257002.915097 2222203 1708428 3572 2138 0 2217548 0 846352
1789257003.914337 2222203 1708428 3572 2138 0 2217548 0 846352
1789257004.915069 2222203 1708428 3572 2138 0 2217548 0 846352
1789257005.913721 2222203 1708428 3572 2138 0 2217548 0 846352
1789257006.914723 2222203 1708428 3572 2138 0 2217548 0 846352
1789257007.914664 2222203 1708428 3572 2138 0 2217548 0 846352
1789257008.914181 2222203 1708428 3572 2138 0 2217548 0 846352
1789257009.914604 2222203 1708428 3572 2138 0 2217548 0 846352
1789257010.914447 2222203 1708428 3572 2138 0 2217548 0 846352
