# start_epoch=1788086435.368143  page_size=4096  cachestat=ok  fields=size,resident,shared,text,lib,data,dt,pagecache
1788086436.373354 71564 31457 2740 1589 0 67583 0 86354
1788086437.378494 72332 39469 2741 1589 0 68351 0 121790
1788086438.377633 72332 37999 2741 1589 0 68351 0 155439
1788086439.378950 73228 38286 2789 1589 0 69247 0 177603
1788086440.379413 73228 48422 2789 1589 0 69247 0 184666
1788086441.381413 73228 43735 2789 1589 0 69247 0 219084
1788086442.382147 73228 38944 2789 1589 0 69247 0 231852
1788086443.383944 73228 40987 2789 1589 0 69247 0 260650
1788086444.385510 73228 44386 2789 1589 0 69247 0 283775
1788086445.385711 74252 48417 2789 1589 0 70271 0 289600
1788086446.388091 74252 46850 2789 1589 0 70271 0 325082
1788086447.382965 74252 48956 2789 1589 0 70271 0 324379
1788086448.388610 74252 48225 2789 1589 0 70271 0 332126
1788086449.391023 75532 43046 2789 1589 0 71551 0 373093
1788086450.392482 75532 49526 2789 1589 0 71551 0 396694
1788086451.393042 75532 41292 2789 1589 0 71551 0 409742
1788086452.395325 75532 49728 2789 1589 0 71551 0 444969
1788086453.395686 75532 41498 2789 1589 0 71551 0 451305
1788086454.396635 75532 31137 2789 1589 0 71551 0 468437
1788086455.389328 79629 28974 2789 1589 0 75647 0 470216
1788086456.389512 81165 30001 2789 1589 0 77183 0 469186
1788086457.387963 81165 30022 2789 1589 0 77183 0 441551
1788086458.388142 81165 30534 2789 1589 0 77183 0 441552
1788086459.388158 81165 29519 2789 1589 0 77183 0 441553
1788086460.388187 81165 29595 2789 1589 0 77183 0 441553
1788086461.388186 81165 30279 2789 1589 0 77183 0 441553
1788086462.388254 81165 30212 2789 1589 0 77183 0 441554
1788086463.388191 81165 30212 2789 1589 0 77183 0 441555
1788086464.388059 81165 30212 2789 1589 0 77183 0 441555
1788086465.388078 81165 30212 2789 1589 0 77183 0 441556
1788086466.393379 82957 23348 2789 1589 0 78975 0 564315
1788086467.387955 82957 22824 2789 1589 0 78975 0 441544
1788086468.387837 82957 22824 2789 1589 0 78975 0 441545
1788086469.387755 82957 22657 2789 1589 0 78975 0 425329
1788086470.387968 82957 22011 2789 1589 0 78975 0 441546
1788086471.388006 82957 22628 2789 1589 0 78975 0 441546
1788086472.387927 82957 23000 2789 1589 0 78975 0 441547
1788086473.387967 82957 23000 2789 1589 0 78975 0 441548
1788086474.386894 87054 25168 2821 1589 0 83071 0 423515
1788086475.386948 173582 131042 2821 1589 0 169599 0 423515
1788086476.386977 304654 239586 2821 1589 0 300671 0 423515
1788086477.387018 414222 349154 2821 1589 0 410239 0 423515
1788086478.387164 565262 458210 2821 1589 0 561279 0 423515
1788086479.387049 667662 567266 2821 1589 0 663679 0 423515
1788086480.387225 789518 673250 2821 1589 0 785535 0 423515
1788086481.387139 920590 782306 2821 1589 0 916607 0 423515
1788086482.387031 930831 850679 2821 1589 0 926847 0 423515
1788086483.387035 930831 850679 2821 1589 0 926847 0 423515
1788086484.387055 930831 850679 2821 1589 0 926847 0 423515
1788086485.387194 930831 850679 2821 1589 0 926847 0 423515
1788086486.387288 930831 850679 2821 1589 0 926847 0 423515
1788086487.387257 934928 850669 2821 1589 0 930943 0 423515
1788086488.387073 934928 850669 2821 1589 0 930943 0 423515
1788086489.386911 934928 850669 2821 1589 0 930943 0 423515
1788086490.387010 934928 850669 2821 1589 0 930943 0 423515
1788086491.386940 939025 850670 2821 1589 0 935039 0 423515
1788086492.386908 939025 850670 2821 1589 0 935039 0 423515
1788086493.386937 939025 850670 2821 1589 0 935039 0 423515
1788086494.386940 939025 850670 2821 1589 0 935039 0 423515
1788086495.386967 939025 850670 2821 1589 0 935039 0 423515
1788086496.387107 939025 850670 2821 1589 0 935039 0 423515
1788086497.386965 939025 850670 2821 1589 0 935039 0 423515
1788086498.386931 939025 850670 2821 1589 0 935039 0 423515
1788086499.387019 939025 850670 2821 1589 0 935039 0 423515
1788086500.387096 939025 850670 2821 1589 0 935039 0 423515
1788086501.386964 939025 850670 2821 1589 0 935039 0 423515
1788086502.387045 939025 850670 2821 1589 0 935039 0 423515
1788086503.386975 939025 850670 2821 1589 0 935039 0 423515
1788086504.386949 939025 850670 2821 1589 0 935039 0 423515
1788086505.386939 939025 850670 2821 1589 0 935039 0 423515
1788086506.387205 939025 850670 2821 1589 0 935039 0 423515
1788086507.387189 939025 850670 2821 1589 0 935039 0 423515
1788086508.387372 939025 850670 2821 1589 0 935039 0 423515
1788086509.387051 939025 850670 2821 1589 0 935039 0 423515
1788086510.387227 939025 850670 2821 1589 0 935039 0 423515
1788086511.387141 939025 850670 2821 1589 0 935039 0 423515
1788086512.387094 939025 850670 2821 1589 0 935039 0 423515
1788086513.386997 939025 850670 2821 1589 0 935039 0 423515
1788086514.387289 939025 850670 2821 1589 0 935039 0 423515
1788086515.387324 939025 850670 2821 1589 0 935039 0 423515
1788086516.387179 939025 850670 2821 1589 0 935039 0 423515
1788086517.387072 939025 850670 2821 1589 0 935039 0 423515
1788086518.387162 939025 850670 2821 1589 0 935039 0 423515
1788086519.387070 939025 850670 2821 1589 0 935039 0 423515
1788086520.387245 939025 850670 2821 1589 0 935039 0 423515
1788086521.386994 939025 850670 2821 1589 0 935039 0 423515
1788086522.387186 939025 850670 2821 1589 0 935039 0 423515
1788086523.387169 939025 850670 2821 1589 0 935039 0 423515
1788086524.387172 939025 850670 2821 1589 0 935039 0 423515
1788086525.387237 939025 850670 2821 1589 0 935039 0 423515
1788086526.387115 939025 850670 2821 1589 0 935039 0 423515
1788086527.387079 939025 850670 2821 1589 0 935039 0 423515
1788086528.387174 939025 850670 2821 1589 0 935039 0 423515
1788086529.386981 939025 850670 2821 1589 0 935039 0 423515
1788086530.387056 939025 850670 2821 1589 0 935039 0 423515
1788086531.387163 939025 850670 2821 1589 0 935039 0 423515
1788086532.387199 939025 850670 2821 1589 0 935039 0 423515
1788086533.387108 939025 850828 2821 1589 0 935039 0 423515
1788086534.387081 939025 850828 2821 1589 0 935039 0 423515
1788086535.386933 939025 850828 2821 1589 0 935039 0 423515
1788086536.387061 939025 850828 2821 1589 0 935039 0 423515
1788086537.387034 939025 850828 2821 1589 0 935039 0 423515
1788086538.387001 939025 850828 2821 1589 0 935039 0 423515
1788086539.386988 939025 850828 2821 1589 0 935039 0 423515
1788086540.387200 939025 850828 2821 1589 0 935039 0 423515
1788086541.387202 939025 850828 2821 1589 0 935039 0 423515
1788086542.387082 939025 850828 2821 1589 0 935039 0 423515
1788086543.387224 939025 850828 2821 1589 0 935039 0 423515
1788086544.386943 939025 850828 2821 1589 0 935039 0 423515
1788086545.387118 939025 850828 2821 1589 0 935039 0 423515
1788086546.387061 939025 850828 2821 1589 0 935039 0 423515
1788086547.387081 939025 850828 2821 1589 0 935039 0 423515
1788086548.387179 939025 850828 2821 1589 0 935039 0 423515
1788086549.387106 939025 850828 2821 1589 0 935039 0 423515
1788086550.387298 939025 850828 2821 1589 0 935039 0 423515
1788086551.387122 939025 850828 2821 1589 0 935039 0 423515
1788086552.387136 939025 850828 2821 1589 0 935039 0 423515
1788086553.387136 939025 850828 2821 1589 0 935039 0 423515
1788086554.393086 939025 850828 2821 1589 0 935039 0 423515
1788086555.387054 939025 850828 2821 1589 0 935039 0 423515
1788086556.387116 939025 850828 2821 1589 0 935039 0 423515
1788086557.387166 939025 850828 2821 1589 0 935039 0 423515
1788086558.389324 939025 850828 2821 1589 0 935039 0 423515
1788086559.387219 939025 850828 2821 1589 0 935039 0 423515
1788086560.387174 939025 850828 2821 1589 0 935039 0 423515
1788086561.387191 939025 850828 2821 1589 0 935039 0 423515
1788086562.387087 939025 850828 2821 1589 0 935039 0 423515
1788086563.387558 939025 850828 2821 1589 0 935039 0 423515
1788086564.387018 939025 850828 2821 1589 0 935039 0 423515
1788086565.387093 939025 850828 2821 1589 0 935039 0 423515
1788086566.387010 939025 850828 2821 1589 0 935039 0 423515
1788086567.387207 939025 850828 2821 1589 0 935039 0 423515
1788086568.387151 939025 850828 2821 1589 0 935039 0 423515
1788086569.387109 939025 850828 2821 1589 0 935039 0 423515
1788086570.387119 939025 850828 2821 1589 0 935039 0 423515
1788086571.387038 939025 850828 2821 1589 0 935039 0 423515
1788086572.387357 939025 850828 2821 1589 0 935039 0 423515
1788086573.386996 939025 850828 2821 1589 0 935039 0 423515
1788086574.386998 939025 850828 2821 1589 0 935039 0 423515
1788086575.386990 939025 850828 2821 1589 0 935039 0 423515
1788086576.387199 939025 850828 2821 1589 0 935039 0 423515
1788086577.387238 939025 850828 2821 1589 0 935039 0 423515
1788086578.387151 939025 850828 2821 1589 0 935039 0 423515
1788086579.387095 939025 850828 2821 1589 0 935039 0 423515
1788086580.387091 939025 850828 2821 1589 0 935039 0 423515
1788086581.387164 939025 850828 2821 1589 0 935039 0 423515
1788086582.387195 939025 850828 2821 1589 0 935039 0 423515
1788086583.389007 939025 850828 2821 1589 0 935039 0 423515
1788086584.386985 939025 850835 2821 1589 0 935039 0 423515
1788086585.387188 939025 850835 2821 1589 0 935039 0 423515
1788086586.387217 939025 850835 2821 1589 0 935039 0 423515
1788086587.387204 939025 850835 2821 1589 0 935039 0 423515
1788086588.387083 939025 850835 2821 1589 0 935039 0 423515
1788086589.387109 939025 850835 2821 1589 0 935039 0 423515
1788086590.387096 939025 850835 2821 1589 0 935039 0 423515
1788086591.387091 939025 850835 2821 1589 0 935039 0 423515
1788086592.387123 939025 850835 2821 1589 0 935039 0 423515
1788086593.386978 939025 850835 2821 1589 0 935039 0 423515
1788086594.387232 939025 850835 2821 1589 0 935039 0 423515
1788086595.387181 939025 851312 2821 1589 0 935039 0 423515
1788086596.387140 939025 851312 2821 1589 0 935039 0 423515
1788086597.387143 939025 851312 2821 1589 0 935039 0 423515
1788086598.387089 939025 851312 2821 1589 0 935039 0 423515
1788086599.387058 939025 851312 2821 1589 0 935039 0 423515
1788086600.386970 939025 851312 2821 1589 0 935039 0 423515
1788086601.387090 939025 851312 2821 1589 0 935039 0 423515
1788086602.387008 939025 851312 2821 1589 0 935039 0 423515
1788086603.387170 939025 851312 2821 1589 0 935039 0 423515
1788086604.387227 939025 851312 2821 1589 0 935039 0 423515
1788086605.387088 939025 851350 2821 1589 0 935039 0 423515
1788086606.387150 939025 851350 2821 1589 0 935039 0 423515
1788086607.387153 939025 851350 2821 1589 0 935039 0 423515
1788086608.387164 939025 851350 2821 1589 0 935039 0 423515
1788086609.387126 939025 851350 2821 1589 0 935039 0 423515
1788086610.386997 939025 851350 2821 1589 0 935039 0 423515
1788086611.387036 939025 851350 2821 1589 0 935039 0 423515
1788086612.387219 939025 851350 2821 1589 0 935039 0 423515
1788086613.387153 939025 851350 2821 1589 0 935039 0 423515
1788086614.387132 939025 851350 2821 1589 0 935039 0 423515
1788086615.387206 939025 851350 2821 1589 0 935039 0 423515
1788086616.387129 939025 851350 2821 1589 0 935039 0 423515
1788086617.387147 939025 851350 2821 1589 0 935039 0 423515
1788086618.387117 939025 851350 2821 1589 0 935039 0 423515
1788086619.387121 939025 851350 2821 1589 0 935039 0 423515
1788086620.387048 939025 851350 2821 1589 0 935039 0 423515
1788086621.387134 939025 851350 2821 1589 0 935039 0 423515
1788086622.387215 939025 851350 2821 1589 0 935039 0 423515
1788086623.386958 939025 851350 2821 1589 0 935039 0 423515
1788086624.387182 939025 851350 2821 1589 0 935039 0 423515
1788086625.387139 939025 851350 2821 1589 0 935039 0 423515
1788086626.387066 939025 851350 2821 1589 0 935039 0 423515
1788086627.387062 939025 851350 2821 1589 0 935039 0 423515
1788086628.387203 939025 851350 2821 1589 0 935039 0 423515
1788086629.387010 939025 851350 2821 1589 0 935039 0 423515
1788086630.387273 939025 851350 2821 1589 0 935039 0 423515
1788086631.387334 939025 851350 2821 1589 0 935039 0 423515
1788086632.387198 939025 851350 2821 1589 0 935039 0 423515
1788086633.387120 939025 851350 2821 1589 0 935039 0 423515
1788086634.387328 939025 851350 2821 1589 0 935039 0 423515
1788086635.387360 939025 851350 2821 1589 0 935039 0 423515
1788086636.387143 939025 851350 2821 1589 0 935039 0 423515
1788086637.387034 939025 851350 2821 1589 0 935039 0 423515
1788086638.387374 939025 851350 2821 1589 0 935039 0 423515
