# start_epoch=1788086174.881208  page_size=4096  cachestat=ok  fields=size,resident,shared,text,lib,data,dt,pagecache
1788086175.882315 46988 24729 2641 1589 0 43007 0 19053
1788086176.882927 56844 27528 2769 1589 0 52863 0 31241
1788086177.884667 56844 32630 2769 1589 0 52863 0 57324
1788086178.883556 56844 32192 2833 1589 0 52863 0 43448
1788086179.884188 56844 27823 2833 1589 0 52863 0 55633
1788086180.886630 58252 32468 2849 1589 0 54271 0 85844
1788086181.889585 58252 34759 2849 1589 0 54271 0 112035
1788086182.885650 59020 30794 2850 1589 0 55039 0 78757
1788086183.886264 59020 30794 2850 1589 0 55039 0 90946
1788086184.886956 59020 31759 2850 1589 0 55039 0 103133
1788086185.889067 59020 32271 2850 1589 0 55039 0 132909
1788086186.899982 59020 33351 2850 1589 0 55039 0 151622
1788086187.890359 59020 32615 2850 1589 0 55039 0 145531
1788086188.903433 59916 37235 2850 1589 0 55935 0 175039
1788086189.890837 59916 35707 2850 1589 0 55935 0 157718
1788086190.890228 59916 33422 2850 1589 0 55935 0 147709
1788086191.893891 59916 34927 2850 1589 0 55935 0 195943
1788086192.906146 59916 35026 2850 1589 0 55935 0 215389
1788086193.898923 60812 33135 2850 1589 0 56831 0 208130
1788086194.892950 60812 35478 2850 1589 0 56831 0 220317
1788086195.898475 60812 36637 2850 1589 0 56831 0 246252
1788086196.891623 60812 34597 2850 1589 0 56831 0 191549
1788086197.894193 60812 35531 2850 1589 0 56831 0 239784
1788086198.894724 60812 34641 2850 1589 0 56831 0 251972
1788086199.896418 60812 36108 2850 1589 0 56831 0 276630
1788086200.893377 60812 34841 2850 1589 0 56831 0 224554
1788086201.894114 60812 32357 2850 1589 0 56831 0 236738
1788086202.896664 60812 33673 2850 1589 0 56831 0 284971
1788086203.899182 60812 37138 2850 1589 0 56831 0 314478
1788086204.897587 61836 32138 2850 1589 0 57855 0 297161
1788086205.896491 61836 36789 2850 1589 0 57855 0 286591
1788086206.897191 61836 32524 2850 1589 0 57855 0 298777
1788086207.898671 61836 38172 2850 1589 0 57855 0 325421
1788086208.900367 61836 34764 2850 1589 0 57855 0 344355
1788086209.898889 61836 34937 2850 1589 0 57855 0 335457
1788086210.899527 61836 37018 2850 1589 0 57855 0 347645
1788086211.900050 61836 39867 2850 1589 0 57855 0 337292
1788086212.901448 61836 35750 2850 1589 0 57855 0 361442
1788086213.901048 61836 33683 2850 1589 0 57855 0 361695
1788086214.901440 61836 36499 2850 1589 0 57855 0 360280
1788086215.904400 61836 35616 2850 1589 0 57855 0 386075
1788086216.907481 61836 39918 2850 1589 0 57855 0 415328
1788086217.908896 61836 38135 2850 1589 0 57855 0 399442
1788086218.904220 61836 33620 2850 1589 0 57855 0 382663
1788086219.904927 61836 33152 2850 1589 0 57855 0 394850
1788086220.906518 61836 33671 2850 1589 0 57855 0 420994
1788086221.907508 61836 34111 2850 1589 0 57855 0 444378
1788086222.907098 63116 33335 2850 1589 0 59135 0 433184
1788086223.907800 63116 34040 2850 1589 0 59135 0 445374
1788086224.907192 63116 34665 2850 1589 0 59135 0 432625
1788086225.907877 63116 38917 2850 1589 0 59135 0 454172
1788086226.910594 63116 35561 2850 1589 0 59135 0 476019
1788086227.909190 63116 34529 2850 1589 0 59135 0 467633
1788086228.909875 63116 36845 2850 1589 0 59135 0 479822
1788086229.910583 63116 24492 2850 1589 0 59135 0 492011
1788086230.910459 63116 35766 2850 1589 0 59135 0 489823
1788086231.909673 63116 36150 2850 1589 0 59135 0 473768
1788086232.909993 63116 32733 2850 1589 0 59135 0 480730
1788086233.907744 63116 37404 2850 1589 0 59135 0 489716
1788086234.909465 63116 38646 2850 1589 0 59135 0 516903
1788086235.911002 63116 35526 2850 1589 0 59135 0 539259
1788086236.909943 63116 36953 2850 1589 0 59135 0 528830
1788086237.909646 63116 36479 2850 1589 0 59135 0 529923
1788086238.908707 63116 36036 2850 1589 0 59135 0 511389
1788086239.910064 63116 38018 2850 1589 0 59135 0 537182
1788086240.910767 63116 36551 2850 1589 0 59135 0 544889
1788086241.911227 63116 34337 2850 1589 0 59135 0 557080
1788086242.913696 63116 39765 2850 1589 0 59135 0 592110
1788086243.913587 63116 37957 2850 1589 0 59135 0 582408
1788086244.915370 63116 36139 2850 1589 0 59135 0 614482
1788086245.917302 63116 36353 2850 1589 0 59135 0 623862
1788086246.917724 63116 34069 2850 1589 0 59135 0 608625
1788086247.914853 63116 36021 2850 1589 0 59135 0 626897
1788086248.913930 69260 38595 2850 1589 0 65279 0 606476
1788086249.913911 69260 35535 2850 1589 0 65279 0 612938
1788086250.914465 70796 38141 2850 1589 0 66815 0 620092
1788086251.916588 70796 37874 2850 1589 0 66815 0 658766
1788086252.914079 70796 38010 2850 1589 0 66815 0 623325
1788086253.916117 70796 40074 2850 1589 0 66815 0 657461
1788086254.916993 70796 38027 2850 1589 0 66815 0 669653
1788086255.910770 74893 32449 2850 1589 0 70911 0 663485
1788086256.911557 74893 33349 2850 1589 0 70911 0 663486
1788086257.911054 74893 33754 2850 1589 0 70911 0 663486
1788086258.909197 74893 33578 2850 1589 0 70911 0 625233
1788086259.908790 74893 33691 2850 1589 0 70911 0 617576
1788086260.908378 74893 33504 2850 1589 0 70911 0 612022
1788086261.908439 74893 33463 2850 1589 0 70911 0 604591
1788086262.908015 74893 33377 2850 1589 0 70911 0 595266
1788086263.907862 74893 33247 2850 1589 0 70911 0 587499
1788086264.907319 74893 33147 2850 1589 0 70911 0 582244
1788086265.907440 74893 33147 2850 1589 0 70911 0 582245
1788086266.907055 74893 33545 2850 1589 0 70911 0 571728
1788086267.907323 74893 33487 2850 1589 0 70911 0 583041
1788086268.907428 74893 33201 2850 1589 0 70911 0 583041
1788086269.907300 74893 33340 2850 1589 0 70911 0 583042
1788086270.906332 74893 33776 2850 1589 0 70911 0 560197
1788086271.906380 74893 33776 2850 1589 0 70911 0 560198
1788086272.906332 74893 33079 2850 1589 0 70911 0 560199
1788086273.905821 74893 33196 2850 1589 0 70911 0 551447
1788086274.906381 74893 33187 2850 1589 0 70911 0 560201
1788086275.906141 74893 33508 2850 1589 0 70911 0 560202
1788086276.906193 74893 33508 2850 1589 0 70911 0 560202
1788086277.906169 74893 33315 2850 1589 0 70911 0 560203
1788086278.906166 74893 33315 2850 1589 0 70911 0 560204
1788086279.906509 74893 33019 2850 1589 0 70911 0 560205
1788086280.906317 74893 33156 2850 1589 0 70911 0 560206
1788086281.909150 74893 34786 2850 1589 0 70911 0 629357
1788086282.903904 74893 34587 2850 1589 0 70911 0 503306
1788086283.904398 74893 34587 2850 1589 0 70911 0 516697
1788086284.903600 151694 118442 2866 1589 0 147711 0 488670
1788086285.903058 303758 242346 2866 1589 0 299775 0 488670
1788086286.902996 413326 367274 2866 1589 0 409343 0 488670
1788086287.903086 564366 491178 2866 1589 0 560383 0 488670
1788086288.905162 672911 541627 2866 1589 0 668927 0 488670
1788086289.903232 672911 541627 2866 1589 0 668927 0 488670
1788086290.902920 672911 541627 2866 1589 0 668927 0 488670
1788086291.902985 677008 541631 2866 1589 0 673023 0 488670
1788086292.903100 677008 541631 2866 1589 0 673023 0 488670
1788086293.903113 677008 541631 2866 1589 0 673023 0 488670
1788086294.902930 681105 541631 2866 1589 0 677119 0 488670
1788086295.902951 681105 541631 2866 1589 0 677119 0 488670
1788086296.903184 681105 541631 2866 1589 0 677119 0 488670
1788086297.903116 681105 541631 2866 1589 0 677119 0 488670
1788086298.903336 681105 541631 2866 1589 0 677119 0 488670
1788086299.902975 681105 541631 2866 1589 0 677119 0 488670
1788086300.903063 681105 541631 2866 1589 0 677119 0 488670
1788086301.903171 681105 541631 2866 1589 0 677119 0 488670
1788086302.903188 681105 541631 2866 1589 0 677119 0 488670
1788086303.903170 681105 541631 2866 1589 0 677119 0 488670
1788086304.903177 681105 541631 2866 1589 0 677119 0 488670
1788086305.903099 681105 541631 2866 1589 0 677119 0 488670
1788086306.903500 681105 541631 2866 1589 0 677119 0 488670
1788086307.903179 681105 541631 2866 1589 0 677119 0 488670
1788086308.903119 681105 541631 2866 1589 0 677119 0 488670
1788086309.903090 681105 541631 2866 1589 0 677119 0 488670
1788086310.903086 681105 541631 2866 1589 0 677119 0 488670
1788086311.903195 681105 541631 2866 1589 0 677119 0 488670
1788086312.902951 681105 541631 2866 1589 0 677119 0 488670
1788086313.902998 681105 541631 2866 1589 0 677119 0 488670
1788086314.903137 681105 541631 2866 1589 0 677119 0 488670
1788086315.903170 681105 541631 2866 1589 0 677119 0 488670
1788086316.903144 681105 541631 2866 1589 0 677119 0 488670
1788086317.902880 681105 541631 2866 1589 0 677119 0 488670
1788086318.903140 681105 541631 2866 1589 0 677119 0 488670
1788086319.902814 681105 541631 2866 1589 0 677119 0 488670
1788086320.903229 681105 541631 2866 1589 0 677119 0 488670
1788086321.903002 681105 541631 2866 1589 0 677119 0 488670
1788086322.902964 681105 541631 2866 1589 0 677119 0 488670
1788086323.902903 681105 541631 2866 1589 0 677119 0 488670
1788086324.902949 681105 541631 2866 1589 0 677119 0 488670
1788086325.903369 681105 541631 2866 1589 0 677119 0 488670
1788086326.903216 681105 541631 2866 1589 0 677119 0 488670
1788086327.903432 681105 541631 2866 1589 0 677119 0 488670
1788086328.902977 681105 541631 2866 1589 0 677119 0 488670
1788086329.902958 681105 541631 2866 1589 0 677119 0 488670
1788086330.903254 681105 541631 2866 1589 0 677119 0 488670
1788086331.902993 681105 541631 2866 1589 0 677119 0 488670
1788086332.902863 681105 541631 2866 1589 0 677119 0 488670
1788086333.903152 681105 541631 2866 1589 0 677119 0 488670
1788086334.903206 681105 541631 2866 1589 0 677119 0 488670
1788086335.902931 681105 541631 2866 1589 0 677119 0 488670
1788086336.903014 681105 541631 2866 1589 0 677119 0 488670
1788086337.902994 681105 541631 2866 1589 0 677119 0 488670
1788086338.903118 681105 541631 2866 1589 0 677119 0 488670
1788086339.902940 681105 541631 2866 1589 0 677119 0 488670
1788086340.904343 681105 541631 2866 1589 0 677119 0 488670
1788086341.903063 681105 541631 2866 1589 0 677119 0 488670
1788086342.903001 681105 541631 2866 1589 0 677119 0 488670
1788086343.903304 681105 541631 2866 1589 0 677119 0 488670
1788086344.903171 681105 541631 2866 1589 0 677119 0 488670
1788086345.902788 681105 541631 2866 1589 0 677119 0 488670
1788086346.903108 681105 541631 2866 1589 0 677119 0 488670
1788086347.902940 681105 541631 2866 1589 0 677119 0 488670
1788086348.903007 681105 541631 2866 1589 0 677119 0 488670
1788086349.903241 681105 541631 2866 1589 0 677119 0 488670
1788086350.903078 681105 541631 2866 1589 0 677119 0 488670
1788086351.903128 681105 541631 2866 1589 0 677119 0 488670
1788086352.902948 681105 541631 2866 1589 0 677119 0 488670
1788086353.903177 681105 541631 2866 1589 0 677119 0 488670
1788086354.903198 681105 541631 2866 1589 0 677119 0 488670
1788086355.902974 681105 541631 2866 1589 0 677119 0 488670
1788086356.902958 681105 541631 2866 1589 0 677119 0 488670
1788086357.903303 681105 541631 2866 1589 0 677119 0 488670
1788086358.903293 681105 541631 2866 1589 0 677119 0 488670
1788086359.902983 681105 541631 2866 1589 0 677119 0 488670
1788086360.903323 681105 541631 2866 1589 0 677119 0 488670
1788086361.903183 681105 541631 2866 1589 0 677119 0 488670
1788086362.903048 681105 541631 2866 1589 0 677119 0 488670
1788086363.903041 681105 541631 2866 1589 0 677119 0 488670
1788086364.903099 681105 541631 2866 1589 0 677119 0 488670
1788086365.902950 681105 541631 2866 1589 0 677119 0 488670
1788086366.903004 681105 541631 2866 1589 0 677119 0 488670
1788086367.902912 681105 541631 2866 1589 0 677119 0 488670
1788086368.902907 681105 541631 2866 1589 0 677119 0 488670
1788086369.903691 681105 541631 2866 1589 0 677119 0 488670
1788086370.903169 681105 541631 2866 1589 0 677119 0 488670
1788086371.903063 681105 541631 2866 1589 0 677119 0 488670
1788086372.903003 681105 541631 2866 1589 0 677119 0 488670
1788086373.903398 681105 541631 2866 1589 0 677119 0 488670
1788086374.903013 681105 541631 2866 1589 0 677119 0 488670
1788086375.903428 681105 541631 2866 1589 0 677119 0 488670
1788086376.902933 681105 541631 2866 1589 0 677119 0 488670
1788086377.902907 681105 541631 2866 1589 0 677119 0 488670
1788086378.903185 681105 541631 2866 1589 0 677119 0 488670
1788086379.903129 681105 541631 2866 1589 0 677119 0 488670
1788086380.903186 681105 541631 2866 1589 0 677119 0 488670
1788086381.903145 681105 541631 2866 1589 0 677119 0 488670
1788086382.902982 681105 541631 2866 1589 0 677119 0 488670
1788086383.903081 681105 541631 2866 1589 0 677119 0 488670
1788086384.903098 681105 541631 2866 1589 0 677119 0 488670
1788086385.902933 681105 541631 2866 1589 0 677119 0 488670
1788086386.902948 681105 541631 2866 1589 0 677119 0 488670
1788086387.903145 681105 541631 2866 1589 0 677119 0 488670
1788086388.903256 681105 541631 2866 1589 0 677119 0 488670
1788086389.903115 681105 541631 2866 1589 0 677119 0 488670
1788086390.903213 681105 541631 2866 1589 0 677119 0 488670
1788086391.903096 681105 541631 2866 1589 0 677119 0 488670
1788086392.902846 681105 541631 2866 1589 0 677119 0 488670
1788086393.902980 681105 541631 2866 1589 0 677119 0 488670
1788086394.902947 681105 541631 2866 1589 0 677119 0 488670
1788086395.902905 681105 541631 2866 1589 0 677119 0 488670
1788086396.903190 681105 541631 2866 1589 0 677119 0 488670
1788086397.902920 681105 541631 2866 1589 0 677119 0 488670
1788086398.903073 681105 541631 2866 1589 0 677119 0 488670
1788086399.903072 681105 541631 2866 1589 0 677119 0 488670
1788086400.904079 681105 541631 2866 1589 0 677119 0 488670
1788086401.902988 681105 541631 2866 1589 0 677119 0 488670
1788086402.903274 681105 541631 2866 1589 0 677119 0 488670
1788086403.902958 681105 541631 2866 1589 0 677119 0 488670
1788086404.903114 681105 541631 2866 1589 0 677119 0 488670
1788086405.903087 681105 541631 2866 1589 0 677119 0 488670
1788086406.903051 681105 541631 2866 1589 0 677119 0 488670
1788086407.903042 681105 541631 2866 1589 0 677119 0 488670
1788086408.903110 681105 541631 2866 1589 0 677119 0 488670
1788086409.902953 681105 541631 2866 1589 0 677119 0 488670
1788086410.903090 681105 541631 2866 1589 0 677119 0 488670
1788086411.902923 681105 541631 2866 1589 0 677119 0 488670
1788086412.903055 681105 541631 2866 1589 0 677119 0 488670
1788086413.903069 681105 541631 2866 1589 0 677119 0 488670
1788086414.902942 681105 541631 2866 1589 0 677119 0 488670
1788086415.903065 681105 541631 2866 1589 0 677119 0 488670
1788086416.902953 681105 541631 2866 1589 0 677119 0 488670
1788086417.903105 681105 541631 2866 1589 0 677119 0 488670
1788086418.903002 681105 541631 2866 1589 0 677119 0 488670
1788086419.902968 681105 541631 2866 1589 0 677119 0 488670
1788086420.903063 681105 541631 2866 1589 0 677119 0 488670
1788086421.902922 681105 541631 2866 1589 0 677119 0 488670
1788086422.902866 681105 541631 2866 1589 0 677119 0 488670
1788086423.902884 681105 541631 2866 1589 0 677119 0 488670
1788086424.903152 681105 541631 2866 1589 0 677119 0 488670
1788086425.903004 681105 541631 2866 1589 0 677119 0 488670
1788086426.902898 681105 541631 2866 1589 0 677119 0 488670
1788086427.903005 681105 541631 2866 1589 0 677119 0 488670
1788086428.903476 681105 541631 2866 1589 0 677119 0 488670
1788086429.903168 681105 541631 2866 1589 0 677119 0 488670
1788086430.903143 681105 541631 2866 1589 0 677119 0 488670
1788086431.902941 681105 541631 2866 1589 0 677119 0 488670
1788086432.903180 681105 541631 2866 1589 0 677119 0 488670
1788086433.903092 681105 541631 2866 1589 0 677119 0 488670
1788086434.903061 681105 541631 2866 1589 0 677119 0 488670
