# start_epoch=1786801439.612623  page_size=4096  cachestat=ok  fields=size,resident,shared,text,lib,data,dt,pagecache
1786801440.613924 442950 29358 3108 2109 0 438348 0 19056
1786801441.614389 452813 30504 3244 2109 0 448204 0 31221
1786801442.615434 453581 33328 3244 2109 0 448972 0 43387
1786801443.616193 453581 30240 3244 2109 0 448972 0 55556
1786801444.617941 454228 33289 3331 2109 0 449612 0 85764
1786801445.620561 454228 32368 3331 2109 0 449612 0 97934
1786801446.619395 454228 38026 3331 2109 0 449612 0 107257
1786801447.619606 454228 35064 3331 2109 0 449612 0 115073
1786801448.620391 454228 33434 3331 2109 0 449612 0 124168
1786801449.620672 454996 33174 3331 2109 0 450380 0 133263
1786801450.621361 454996 32780 3331 2109 0 450380 0 145432
1786801451.632470 454996 38052 3331 2109 0 450380 0 174207
1786801452.626052 454996 36685 3331 2109 0 450380 0 182803
1786801453.622298 454996 35656 3331 2109 0 450380 0 169245
1786801454.627987 454996 34788 3331 2109 0 450380 0 216433
1786801455.625121 454996 33037 3331 2109 0 450380 0 208018
1786801456.620981 462036 39183 3331 2109 0 457420 0 181341
1786801457.624628 462036 32984 3331 2109 0 457420 0 208210
1786801458.627142 462036 35031 3331 2109 0 457420 0 241722
1786801459.627765 462036 35148 3331 2109 0 457420 0 253889
1786801460.627336 462932 35125 3331 2109 0 458316 0 244762
1786801461.623400 462932 35123 3331 2109 0 458316 0 236947
1786801462.629715 462932 37028 3331 2109 0 458316 0 285160
1786801463.630253 463956 40805 3331 2109 0 459340 0 297327
1786801464.630955 463956 35723 3331 2109 0 459340 0 309497
1786801465.632554 463956 42139 3331 2109 0 459340 0 321662
1786801466.631067 463956 33204 3331 2109 0 459340 0 310756
1786801467.634780 463956 37900 3331 2109 0 459340 0 374957
1786801468.636143 463956 35858 3331 2109 0 459340 0 397661
1786801469.633160 463956 34074 3331 2109 0 459340 0 347399
1786801470.633899 463956 35906 3331 2109 0 459340 0 359567
1786801471.634662 463956 35993 3331 2109 0 459340 0 371736
1786801472.632468 463956 36390 3331 2109 0 459340 0 348152
1786801473.634124 463956 40291 3331 2109 0 459340 0 365844
1786801474.636966 463956 38811 3331 2109 0 459340 0 411281
1786801475.637448 463956 36346 3331 2109 0 459340 0 418329
1786801476.636911 463956 38219 3331 2109 0 459340 0 409146
1786801477.637641 465236 36244 3331 2109 0 460620 0 421315
1786801478.636757 465236 40221 3331 2109 0 460620 0 406035
1786801479.637170 465236 36339 3331 2109 0 460620 0 414926
1786801480.637897 465236 39079 3331 2109 0 460620 0 427095
1786801481.638158 465236 39409 3331 2109 0 460620 0 447712
1786801482.650444 465236 37143 3331 2109 0 460620 0 465245
1786801483.640244 465236 34186 3331 2109 0 460620 0 465028
1786801484.640313 465236 36549 3331 2109 0 460620 0 471278
1786801485.641699 465236 36799 3331 2109 0 460620 0 489365
1786801486.640787 465236 37676 3331 2109 0 460620 0 472886
1786801487.642194 465236 41391 3331 2109 0 460620 0 497750
1786801488.642398 465236 39578 3331 2109 0 460620 0 500669
1786801489.643669 465236 36981 3331 2109 0 460620 0 522307
1786801490.643166 465236 39549 3331 2109 0 460620 0 515428
1786801491.643802 465236 37768 3331 2109 0 460620 0 527596
1786801492.644640 465236 39104 3331 2109 0 460620 0 539764
1786801493.645190 465236 37090 3331 2109 0 460620 0 551934
1786801494.655250 465236 40416 3331 2109 0 460620 0 720423
1786801495.647504 465236 41417 3331 2109 0 460620 0 592756
1786801496.644264 465236 35933 3331 2109 0 460620 0 533596
1786801497.645751 465236 39464 3331 2109 0 460620 0 559703
1786801498.646460 465236 35574 3331 2109 0 460620 0 571872
1786801499.647186 465236 37639 3331 2109 0 460620 0 584041
1786801500.648916 465236 41130 3331 2109 0 460620 0 612998
1786801501.649112 466772 39130 3331 2109 0 462156 0 619609
1786801502.649640 466772 39959 3331 2109 0 462156 0 627646
1786801503.647403 466772 35990 3331 2109 0 462156 0 587515
1786801504.648173 466772 39986 3331 2109 0 462156 0 599684
1786801505.648435 466772 36667 3331 2109 0 462156 0 603664
1786801506.650691 466772 42315 3331 2109 0 462156 0 657554
1786801507.651006 466772 40779 3331 2109 0 462156 0 648547
1786801508.651489 466772 37895 3331 2109 0 462156 0 656876
1786801509.650771 466772 38965 3331 2109 0 462156 0 647437
1786801510.651563 466772 36741 3331 2109 0 462156 0 659606
1786801511.652348 466772 40909 3331 2109 0 462156 0 671775
1786801512.645407 470869 31556 3331 2109 0 466252 0 665588
1786801513.641900 470869 31783 3331 2109 0 466252 0 649509
1786801514.642534 470869 31313 3331 2109 0 466252 0 649510
1786801515.641536 470869 31725 3331 2109 0 466252 0 649511
1786801516.641283 470869 31746 3331 2109 0 466252 0 649512
1786801517.641393 470869 31680 3331 2109 0 466252 0 649513
1786801518.641451 470869 31692 3331 2109 0 466252 0 649514
1786801519.641552 470869 31692 3331 2109 0 466252 0 649515
1786801520.639900 470869 32201 3331 2109 0 466252 0 611984
1786801521.641040 470869 32339 3331 2109 0 466252 0 639409
1786801522.641030 470869 32420 3331 2109 0 466252 0 639410
1786801523.641179 470869 32420 3331 2109 0 466252 0 639411
1786801524.641087 470869 32137 3331 2109 0 466252 0 639412
1786801525.641114 470869 32253 3331 2109 0 466252 0 639413
1786801526.641081 470869 32697 3331 2109 0 466252 0 639414
1786801527.641196 470869 32697 3331 2109 0 466252 0 639415
1786801528.641167 470869 32697 3331 2109 0 466252 0 639416
1786801529.641082 470869 32634 3331 2109 0 466252 0 639417
1786801530.641054 470869 32666 3331 2109 0 466252 0 639418
1786801531.635779 470869 33616 3331 2109 0 466252 0 522035
1786801532.636638 472661 33872 3331 2109 0 468044 0 540061
1786801533.636560 472661 33768 3331 2109 0 468044 0 540062
1786801534.636725 472661 33768 3331 2109 0 468044 0 540063
1786801535.636693 472661 33302 3331 2109 0 468044 0 540064
1786801536.636690 472661 33302 3331 2109 0 468044 0 540065
1786801537.637672 504925 77859 3354 2109 0 500300 0 488710
1786801538.634404 595037 173062 3354 2109 0 590412 0 488710
1786801539.634421 699997 269657 3354 2109 0 695372 0 488710
1786801540.634252 809565 364554 3354 2109 0 804940 0 488710
1786801541.634362 878685 459816 3354 2109 0 874060 0 488710
1786801542.634774 966749 554917 3354 2109 0 962124 0 488710
1786801543.634867 970846 555420 3354 2109 0 966220 0 488710
1786801544.634432 970846 555420 3354 2109 0 966220 0 488710
1786801545.634387 970846 555420 3354 2109 0 966220 0 488710
1786801546.634394 970846 555916 3354 2109 0 966220 0 488710
1786801547.634333 974943 555911 3354 2109 0 970316 0 488710
1786801548.634342 974943 555911 3354 2109 0 970316 0 488710
1786801549.634719 974943 555911 3354 2109 0 970316 0 488710
1786801550.634550 974943 555911 3354 2109 0 970316 0 488710
1786801551.634519 979033 555904 3347 2109 0 974412 0 488710
1786801552.634580 979033 555904 3347 2109 0 974412 0 488710
1786801553.634243 979033 555904 3347 2109 0 974412 0 488710
1786801554.634445 979033 555904 3347 2109 0 974412 0 488710
1786801555.634468 979033 555904 3347 2109 0 974412 0 488710
1786801556.634498 979033 556384 3347 2109 0 974412 0 488710
1786801557.634585 979033 556384 3347 2109 0 974412 0 488710
1786801558.634484 979033 556384 3347 2109 0 974412 0 488710
1786801559.634476 979033 556384 3347 2109 0 974412 0 488710
1786801560.635052 979033 556384 3347 2109 0 974412 0 488710
1786801561.634539 979033 556384 3347 2109 0 974412 0 488710
1786801562.636182 979033 556384 3347 2109 0 974412 0 488710
1786801563.634402 979033 556384 3347 2109 0 974412 0 488710
1786801564.634529 979033 556384 3347 2109 0 974412 0 488710
1786801565.634532 979033 556384 3347 2109 0 974412 0 488710
1786801566.634792 979033 556384 3347 2109 0 974412 0 488710
1786801567.634480 979033 556384 3347 2109 0 974412 0 488710
1786801568.634350 979033 556384 3347 2109 0 974412 0 488710
1786801569.634397 979033 556384 3347 2109 0 974412 0 488710
1786801570.634431 979033 556384 3347 2109 0 974412 0 488710
1786801571.634349 979033 556384 3347 2109 0 974412 0 488710
1786801572.634439 979033 556384 3347 2109 0 974412 0 488710
1786801573.634553 979033 556384 3347 2109 0 974412 0 488710
1786801574.634798 979033 556384 3347 2109 0 974412 0 488710
1786801575.634533 979033 556384 3347 2109 0 974412 0 488710
1786801576.634379 979033 556384 3347 2109 0 974412 0 488710
1786801577.634592 979033 556848 3347 2109 0 974412 0 488710
1786801578.634395 979033 556848 3347 2109 0 974412 0 488710
1786801579.634396 979033 556848 3347 2109 0 974412 0 488710
1786801580.634580 979033 556848 3347 2109 0 974412 0 488710
1786801581.634472 979033 556848 3347 2109 0 974412 0 488710
1786801582.634431 979033 556848 3347 2109 0 974412 0 488710
1786801583.634318 979033 556848 3347 2109 0 974412 0 488710
1786801584.634423 979033 556848 3347 2109 0 974412 0 488710
1786801585.634372 979033 556848 3347 2109 0 974412 0 488710
1786801586.634317 979033 556848 3347 2109 0 974412 0 488710
1786801587.634524 979033 557296 3347 2109 0 974412 0 488710
1786801588.634472 979033 557296 3347 2109 0 974412 0 488710
1786801589.634482 979033 557296 3347 2109 0 974412 0 488710
1786801590.634466 979033 557296 3347 2109 0 974412 0 488710
1786801591.634401 979033 557296 3347 2109 0 974412 0 488710
1786801592.634402 979033 557296 3347 2109 0 974412 0 488710
1786801593.634457 979033 557296 3347 2109 0 974412 0 488710
1786801594.634514 979033 557296 3347 2109 0 974412 0 488710
1786801595.634620 979033 557296 3347 2109 0 974412 0 488710
1786801596.634452 979033 557296 3347 2109 0 974412 0 488710
1786801597.634545 979033 557296 3347 2109 0 974412 0 488710
1786801598.634457 979033 557296 3347 2109 0 974412 0 488710
1786801599.634457 979033 557296 3347 2109 0 974412 0 488710
1786801600.634416 979033 557296 3347 2109 0 974412 0 488710
1786801601.634416 979033 557296 3347 2109 0 974412 0 488710
1786801602.634586 979033 557296 3347 2109 0 974412 0 488710
1786801603.634506 979033 557296 3347 2109 0 974412 0 488710
1786801604.634507 979033 557296 3347 2109 0 974412 0 488710
1786801605.634488 979033 557296 3347 2109 0 974412 0 488710
1786801606.634498 979033 557296 3347 2109 0 974412 0 488710
1786801607.634746 979033 557296 3347 2109 0 974412 0 488710
1786801608.634398 979033 557728 3347 2109 0 974412 0 488710
1786801609.634506 979033 557728 3347 2109 0 974412 0 488710
1786801610.634411 979033 557728 3347 2109 0 974412 0 488710
1786801611.634455 979033 557728 3347 2109 0 974412 0 488710
1786801612.634438 979033 557728 3347 2109 0 974412 0 488710
1786801613.634426 979033 557728 3347 2109 0 974412 0 488710
1786801614.634403 979033 557728 3347 2109 0 974412 0 488710
1786801615.634376 979033 557728 3347 2109 0 974412 0 488710
1786801616.634333 979033 557728 3347 2109 0 974412 0 488710
1786801617.634709 979033 557728 3347 2109 0 974412 0 488710
1786801618.634467 979033 558144 3347 2109 0 974412 0 488710
1786801619.634589 979033 558144 3347 2109 0 974412 0 488710
1786801620.634474 979033 558144 3347 2109 0 974412 0 488710
1786801621.634406 979033 558144 3347 2109 0 974412 0 488710
1786801622.634402 979033 558144 3347 2109 0 974412 0 488710
1786801623.634391 979033 558144 3347 2109 0 974412 0 488710
1786801624.634637 979033 558144 3347 2109 0 974412 0 488710
1786801625.634299 979033 558144 3347 2109 0 974412 0 488710
1786801626.634541 979033 558144 3347 2109 0 974412 0 488710
1786801627.634493 979033 558144 3347 2109 0 974412 0 488710
1786801628.634402 979033 558144 3347 2109 0 974412 0 488710
1786801629.634368 979033 558144 3347 2109 0 974412 0 488710
1786801630.634359 979033 558144 3347 2109 0 974412 0 488710
1786801631.634378 979033 558144 3347 2109 0 974412 0 488710
1786801632.634499 979033 558144 3347 2109 0 974412 0 488710
1786801633.634472 979033 558144 3347 2109 0 974412 0 488710
1786801634.634504 979033 558144 3347 2109 0 974412 0 488710
1786801635.634304 979033 558144 3347 2109 0 974412 0 488710
1786801636.634388 979033 558144 3347 2109 0 974412 0 488710
1786801637.634325 979033 558144 3347 2109 0 974412 0 488710
1786801638.634360 979033 558544 3347 2109 0 974412 0 488710
1786801639.634261 979033 558544 3347 2109 0 974412 0 488710
1786801640.634485 979033 558544 3347 2109 0 974412 0 488710
1786801641.634450 979033 558544 3347 2109 0 974412 0 488710
1786801642.634447 979033 558544 3347 2109 0 974412 0 488710
1786801643.634406 979033 558544 3347 2109 0 974412 0 488710
1786801644.634362 979033 558544 3347 2109 0 974412 0 488710
1786801645.634356 979033 558544 3347 2109 0 974412 0 488710
1786801646.634314 979033 558544 3347 2109 0 974412 0 488710
1786801647.634560 979033 558544 3347 2109 0 974412 0 488710
1786801648.634488 979033 558544 3347 2109 0 974412 0 488710
1786801649.634484 979033 558928 3347 2109 0 974412 0 488710
1786801650.634525 979033 558928 3347 2109 0 974412 0 488710
1786801651.634494 979033 558928 3347 2109 0 974412 0 488710
1786801652.634350 979033 558928 3347 2109 0 974412 0 488710
1786801653.634391 979033 558928 3347 2109 0 974412 0 488710
1786801654.634260 979033 558928 3347 2109 0 974412 0 488710
1786801655.634476 979033 558928 3347 2109 0 974412 0 488710
1786801656.634499 979033 558928 3347 2109 0 974412 0 488710
1786801657.634429 979033 558928 3347 2109 0 974412 0 488710
1786801658.634449 979033 558928 3347 2109 0 974412 0 488710
1786801659.634379 979033 558928 3347 2109 0 974412 0 488710
1786801660.634379 979033 558928 3347 2109 0 974412 0 488710
1786801661.634373 979033 558928 3347 2109 0 974412 0 488710
1786801662.634589 979033 558928 3347 2109 0 974412 0 488710
1786801663.634516 979033 558928 3347 2109 0 974412 0 488710
1786801664.634457 979033 558928 3347 2109 0 974412 0 488710
1786801665.634496 979033 558928 3347 2109 0 974412 0 488710
1786801666.634560 979033 558928 3347 2109 0 974412 0 488710
1786801667.634503 979033 558928 3347 2109 0 974412 0 488710
1786801668.634360 979033 558928 3347 2109 0 974412 0 488710
1786801669.634555 979033 559296 3347 2109 0 974412 0 488710
1786801670.634595 979033 559296 3347 2109 0 974412 0 488710
1786801671.634512 979033 559296 3347 2109 0 974412 0 488710
1786801672.634523 979033 559296 3347 2109 0 974412 0 488710
1786801673.634461 979033 559296 3347 2109 0 974412 0 488710
1786801674.634405 979033 559296 3347 2109 0 974412 0 488710
1786801675.634394 979033 559296 3347 2109 0 974412 0 488710
1786801676.634377 979033 559296 3347 2109 0 974412 0 488710
1786801677.634527 979033 559296 3347 2109 0 974412 0 488710
1786801678.634531 979033 559296 3347 2109 0 974412 0 488710
1786801679.634549 979033 559648 3347 2109 0 974412 0 488710
1786801680.634614 979033 559648 3347 2109 0 974412 0 488710
1786801681.634473 979033 559648 3347 2109 0 974412 0 488710
1786801682.634311 979033 559648 3347 2109 0 974412 0 488710
