# start_epoch=1786773729.503921  page_size=4096  cachestat=ok  fields=size,resident,shared,text,lib,data,dt,pagecache
1786773730.508328 466893 45885 3249 2109 0 462284 0 63943
1786773731.510391 467796 46200 3256 2109 0 463180 0 98222
1786773732.512601 467796 45966 3256 2109 0 463180 0 132757
1786773733.515004 467796 42613 3256 2109 0 463180 0 166013
1786773734.516903 468820 42803 3320 2109 0 464204 0 200590
1786773735.519386 468820 42453 3320 2109 0 464204 0 235191
1786773736.521246 468820 43288 3320 2109 0 464204 0 269793
1786773737.523426 468820 41588 3320 2109 0 464204 0 303882
1786773738.525573 470100 42613 3320 2109 0 465484 0 338227
1786773739.527687 470100 41211 3320 2109 0 465484 0 372828
1786773740.529896 470100 44554 3320 2109 0 465484 0 407429
1786773741.532058 470100 40806 3320 2109 0 465484 0 441518
1786773742.526403 476373 36214 3336 2109 0 471756 0 454578
1786773743.526328 477141 36654 3336 2109 0 472524 0 454578
1786773744.526386 477141 36727 3336 2109 0 472524 0 454579
1786773745.526377 477141 36727 3336 2109 0 472524 0 454580
1786773746.526342 477141 36727 3336 2109 0 472524 0 454580
1786773747.525644 477141 36727 3336 2109 0 472524 0 437864
1786773748.526388 477141 36727 3336 2109 0 472524 0 454581
1786773749.526346 477141 36727 3336 2109 0 472524 0 454582
1786773750.526377 477141 36689 3336 2109 0 472524 0 454583
1786773751.525920 479061 37044 3336 2109 0 474444 0 448538
1786773752.525909 479061 37556 3336 2109 0 474444 0 448538
1786773753.526109 479061 37120 3336 2109 0 474444 0 448539
1786773754.528741 480341 37809 3336 2109 0 475724 0 448539
1786773755.525994 480341 37811 3336 2109 0 475724 0 448540
1786773756.525892 480341 37811 3336 2109 0 475724 0 448541
1786773757.525918 480341 37811 3336 2109 0 475724 0 448541
1786773758.525952 480341 37811 3336 2109 0 475724 0 448542
1786773759.525949 480341 37090 3336 2109 0 475724 0 448543
1786773760.525421 481877 36380 3336 2109 0 477260 0 442528
1786773761.524667 487005 53411 3375 2109 0 482380 0 423475
1786773762.524556 572509 142137 3375 2109 0 567884 0 423475
1786773763.524558 661085 229444 3375 2109 0 656460 0 423475
1786773764.524533 754269 315641 3375 2109 0 749644 0 423475
1786773765.524645 879197 401397 3375 2109 0 874572 0 423475
1786773766.524593 964701 487026 3375 2109 0 960076 0 423475
1786773767.524574 1067101 569697 3375 2109 0 1062476 0 423475
1786773768.524591 1067101 655830 3375 2109 0 1062476 0 423475
1786773769.524614 1186909 740821 3375 2109 0 1182284 0 423475
1786773770.524560 1317981 828754 3375 2109 0 1313356 0 423475
1786773771.526695 1328222 866466 3375 2109 0 1323596 0 423475
1786773772.524129 1328222 866466 3375 2109 0 1323596 0 423475
1786773773.524124 1328222 866466 3375 2109 0 1323596 0 423475
1786773774.524260 1328222 866466 3375 2109 0 1323596 0 423475
1786773775.524360 1328222 866466 3375 2109 0 1323596 0 423475
1786773776.524134 1328222 866466 3375 2109 0 1323596 0 423475
1786773777.524614 1332319 866459 3375 2109 0 1327692 0 423475
1786773778.524563 1332319 866459 3375 2109 0 1327692 0 423475
1786773779.524334 1332319 866459 3375 2109 0 1327692 0 423475
1786773780.524600 1332319 866459 3375 2109 0 1327692 0 423475
1786773781.524532 1332319 866459 3375 2109 0 1327692 0 423475
1786773782.524539 1332319 866459 3375 2109 0 1327692 0 423475
1786773783.524523 1336409 866452 3368 2109 0 1331788 0 423475
1786773784.524536 1336409 866452 3368 2109 0 1331788 0 423475
1786773785.524554 1336409 866452 3368 2109 0 1331788 0 423475
1786773786.524513 1336409 866452 3368 2109 0 1331788 0 423475
1786773787.524540 1336409 866452 3368 2109 0 1331788 0 423475
1786773788.524599 1336409 866452 3368 2109 0 1331788 0 423475
1786773789.524526 1336409 866921 3368 2109 0 1331788 0 423475
1786773790.524579 1336409 866921 3368 2109 0 1331788 0 423475
1786773791.524574 1336409 866921 3368 2109 0 1331788 0 423475
1786773792.524583 1336409 866921 3368 2109 0 1331788 0 423475
1786773793.524582 1336409 866921 3368 2109 0 1331788 0 423475
1786773794.524543 1336409 866921 3368 2109 0 1331788 0 423475
1786773795.524595 1336409 866921 3368 2109 0 1331788 0 423475
1786773796.524559 1336409 866921 3368 2109 0 1331788 0 423475
1786773797.524721 1336409 866921 3368 2109 0 1331788 0 423475
1786773798.524573 1336409 866921 3368 2109 0 1331788 0 423475
1786773799.524559 1336409 866921 3368 2109 0 1331788 0 423475
1786773800.524594 1336409 866921 3368 2109 0 1331788 0 423475
1786773801.524602 1336409 866921 3368 2109 0 1331788 0 423475
1786773802.524611 1336409 866921 3368 2109 0 1331788 0 423475
1786773803.524671 1336409 866921 3368 2109 0 1331788 0 423475
1786773804.524571 1336409 866921 3368 2109 0 1331788 0 423475
1786773805.524511 1336409 866921 3368 2109 0 1331788 0 423475
1786773806.524527 1336409 866921 3368 2109 0 1331788 0 423475
1786773807.524772 1336409 866921 3368 2109 0 1331788 0 423475
1786773808.524570 1336409 866921 3368 2109 0 1331788 0 423475
1786773809.524601 1336409 866921 3368 2109 0 1331788 0 423475
1786773810.524597 1336409 866921 3368 2109 0 1331788 0 423475
1786773811.524615 1336409 866921 3368 2109 0 1331788 0 423475
1786773812.524577 1336409 866921 3368 2109 0 1331788 0 423475
1786773813.524535 1336409 866921 3368 2109 0 1331788 0 423475
1786773814.524592 1336409 866921 3368 2109 0 1331788 0 423475
1786773815.524621 1336409 866921 3368 2109 0 1331788 0 423475
1786773816.524385 1336409 866921 3368 2109 0 1331788 0 423475
1786773817.524569 1336409 866921 3368 2109 0 1331788 0 423475
1786773818.524714 1336409 866921 3368 2109 0 1331788 0 423475
1786773819.524559 1336409 866921 3368 2109 0 1331788 0 423475
1786773820.524571 1336409 866921 3368 2109 0 1331788 0 423475
1786773821.524609 1336409 866921 3368 2109 0 1331788 0 423475
1786773822.524735 1336409 866921 3368 2109 0 1331788 0 423475
1786773823.524567 1336409 866921 3368 2109 0 1331788 0 423475
1786773824.524526 1336409 866921 3368 2109 0 1331788 0 423475
1786773825.524527 1336409 866921 3368 2109 0 1331788 0 423475
1786773826.524769 1336409 866921 3368 2109 0 1331788 0 423475
1786773827.524561 1336409 866921 3368 2109 0 1331788 0 423475
1786773828.524524 1336409 866921 3368 2109 0 1331788 0 423475
1786773829.524633 1336409 866921 3368 2109 0 1331788 0 423475
1786773830.524563 1336409 866921 3368 2109 0 1331788 0 423475
1786773831.524558 1336409 866921 3368 2109 0 1331788 0 423475
1786773832.524602 1336409 866921 3368 2109 0 1331788 0 423475
1786773833.524589 1336409 866921 3368 2109 0 1331788 0 423475
1786773834.524566 1336409 866921 3368 2109 0 1331788 0 423475
1786773835.524714 1336409 866921 3368 2109 0 1331788 0 423475
1786773836.524536 1336409 866921 3368 2109 0 1331788 0 423475
1786773837.524558 1336409 866921 3368 2109 0 1331788 0 423475
1786773838.524522 1336409 866921 3368 2109 0 1331788 0 423475
1786773839.524579 1336409 866921 3368 2109 0 1331788 0 423475
1786773840.524556 1336409 866921 3368 2109 0 1331788 0 423475
1786773841.524543 1336409 866928 3368 2109 0 1331788 0 423475
1786773842.524603 1336409 866928 3368 2109 0 1331788 0 423475
1786773843.524583 1336409 866928 3368 2109 0 1331788 0 423475
1786773844.524580 1336409 866928 3368 2109 0 1331788 0 423475
1786773845.524575 1336409 866928 3368 2109 0 1331788 0 423475
1786773846.524600 1336409 866928 3368 2109 0 1331788 0 423475
1786773847.524594 1336409 866928 3368 2109 0 1331788 0 423475
1786773848.524590 1336409 866928 3368 2109 0 1331788 0 423475
1786773849.524583 1336409 866928 3368 2109 0 1331788 0 423475
1786773850.524596 1336409 866928 3368 2109 0 1331788 0 423475
1786773851.524580 1336409 867077 3368 2109 0 1331788 0 423475
1786773852.524752 1336409 867077 3368 2109 0 1331788 0 423475
1786773853.524634 1336409 867077 3368 2109 0 1331788 0 423475
1786773854.526314 1336409 867077 3368 2109 0 1331788 0 423475
1786773855.524605 1336409 867077 3368 2109 0 1331788 0 423475
1786773856.524769 1336409 867077 3368 2109 0 1331788 0 423475
1786773857.524477 1336409 867077 3368 2109 0 1331788 0 423475
1786773858.524540 1336409 867077 3368 2109 0 1331788 0 423475
1786773859.524566 1336409 867077 3368 2109 0 1331788 0 423475
1786773860.525440 1336409 867077 3368 2109 0 1331788 0 423475
1786773861.524587 1336409 867415 3368 2109 0 1331788 0 423475
1786773862.524351 1336409 867415 3368 2109 0 1331788 0 423475
1786773863.524605 1336409 867415 3368 2109 0 1331788 0 423475
1786773864.524593 1336409 867415 3368 2109 0 1331788 0 423475
1786773865.524615 1336409 867415 3368 2109 0 1331788 0 423475
1786773866.524570 1336409 867415 3368 2109 0 1331788 0 423475
1786773867.524591 1336409 867415 3368 2109 0 1331788 0 423475
1786773868.525179 1336409 867415 3368 2109 0 1331788 0 423475
1786773869.524634 1336409 867415 3368 2109 0 1331788 0 423475
1786773870.524614 1336409 867415 3368 2109 0 1331788 0 423475
1786773871.524566 1336409 867415 3368 2109 0 1331788 0 423475
1786773872.524641 1336409 867415 3368 2109 0 1331788 0 423475
1786773873.524584 1336409 867415 3368 2109 0 1331788 0 423475
1786773874.524587 1336409 867415 3368 2109 0 1331788 0 423475
1786773875.524589 1336409 867415 3368 2109 0 1331788 0 423475
1786773876.524609 1336409 867415 3368 2109 0 1331788 0 423475
1786773877.524573 1336409 867415 3368 2109 0 1331788 0 423475
1786773878.524543 1336409 867415 3368 2109 0 1331788 0 423475
1786773879.524580 1336409 867415 3368 2109 0 1331788 0 423475
1786773880.524557 1336409 867415 3368 2109 0 1331788 0 423475
1786773881.524704 1336409 867415 3368 2109 0 1331788 0 423475
1786773882.533361 1336409 867911 3368 2109 0 1331788 0 423475
1786773883.524580 1336409 867911 3368 2109 0 1331788 0 423475
1786773884.524631 1336409 867911 3368 2109 0 1331788 0 423475
1786773885.524620 1336409 867911 3368 2109 0 1331788 0 423475
1786773886.524623 1336409 867911 3368 2109 0 1331788 0 423475
1786773887.524641 1336409 867911 3368 2109 0 1331788 0 423475
1786773888.524599 1336409 867911 3368 2109 0 1331788 0 423475
1786773889.524670 1336409 867911 3368 2109 0 1331788 0 423475
1786773890.524630 1336409 867911 3368 2109 0 1331788 0 423475
1786773891.524612 1336409 867911 3368 2109 0 1331788 0 423475
1786773892.524595 1336409 868391 3368 2109 0 1331788 0 423475
1786773893.524619 1336409 868391 3368 2109 0 1331788 0 423475
1786773894.524636 1336409 868391 3368 2109 0 1331788 0 423475
1786773895.524693 1336409 868391 3368 2109 0 1331788 0 423475
1786773896.524456 1336409 868391 3368 2109 0 1331788 0 423475
1786773897.524634 1336409 868391 3368 2109 0 1331788 0 423475
1786773898.524590 1336409 868391 3368 2109 0 1331788 0 423475
1786773899.524574 1336409 868391 3368 2109 0 1331788 0 423475
1786773900.524521 1336409 868391 3368 2109 0 1331788 0 423475
1786773901.524599 1336409 868391 3368 2109 0 1331788 0 423475
1786773902.524591 1336409 868391 3368 2109 0 1331788 0 423475
1786773903.524590 1336409 868391 3368 2109 0 1331788 0 423475
1786773904.524598 1336409 868391 3368 2109 0 1331788 0 423475
1786773905.524626 1336409 868391 3368 2109 0 1331788 0 423475
1786773906.524596 1336409 868391 3368 2109 0 1331788 0 423475
1786773907.524583 1336409 868391 3368 2109 0 1331788 0 423475
1786773908.524557 1336409 868391 3368 2109 0 1331788 0 423475
1786773909.524540 1336409 868391 3368 2109 0 1331788 0 423475
1786773910.524595 1336409 868391 3368 2109 0 1331788 0 423475
1786773911.524478 1336409 868391 3368 2109 0 1331788 0 423475
1786773912.536351 1336409 868855 3368 2109 0 1331788 0 423475
1786773913.524590 1336409 868855 3368 2109 0 1331788 0 423475
1786773914.524640 1336409 868855 3368 2109 0 1331788 0 423475
1786773915.524607 1336409 868855 3368 2109 0 1331788 0 423475
1786773916.524574 1336409 868855 3368 2109 0 1331788 0 423475
1786773917.524600 1336409 868855 3368 2109 0 1331788 0 423475
1786773918.524533 1336409 868855 3368 2109 0 1331788 0 423475
1786773919.524537 1336409 868855 3368 2109 0 1331788 0 423475
1786773920.524554 1336409 868855 3368 2109 0 1331788 0 423475
1786773921.525064 1336409 868855 3368 2109 0 1331788 0 423475
1786773922.524517 1336409 869303 3368 2109 0 1331788 0 423475
1786773923.524527 1336409 869303 3368 2109 0 1331788 0 423475
1786773924.524764 1336409 869303 3368 2109 0 1331788 0 423475
1786773925.524661 1336409 869303 3368 2109 0 1331788 0 423475
1786773926.524448 1336409 869303 3368 2109 0 1331788 0 423475
1786773927.524530 1336409 869303 3368 2109 0 1331788 0 423475
1786773928.524598 1336409 869303 3368 2109 0 1331788 0 423475
1786773929.524540 1336409 869303 3368 2109 0 1331788 0 423475
1786773930.524558 1336409 869303 3368 2109 0 1331788 0 423475
1786773931.524528 1336409 869303 3368 2109 0 1331788 0 423475
1786773932.524650 1336409 869303 3368 2109 0 1331788 0 423475
1786773933.524565 1336409 869303 3368 2109 0 1331788 0 423475
1786773934.524558 1336409 869303 3368 2109 0 1331788 0 423475
1786773935.524808 1336409 869303 3368 2109 0 1331788 0 423475
1786773936.524590 1336409 869303 3368 2109 0 1331788 0 423475
1786773937.524578 1336409 869303 3368 2109 0 1331788 0 423475
1786773938.524433 1336409 869303 3368 2109 0 1331788 0 423475
1786773939.524541 1336409 869303 3368 2109 0 1331788 0 423475
1786773940.524561 1336409 869303 3368 2109 0 1331788 0 423475
1786773941.524563 1336409 869303 3368 2109 0 1331788 0 423475
1786773942.524571 1336409 869303 3368 2109 0 1331788 0 423475
1786773943.524563 1336409 869735 3368 2109 0 1331788 0 423475
1786773944.524571 1336409 869735 3368 2109 0 1331788 0 423475
1786773945.524621 1336409 869735 3368 2109 0 1331788 0 423475
1786773946.524593 1336409 869735 3368 2109 0 1331788 0 423475
1786773947.524581 1336409 869735 3368 2109 0 1331788 0 423475
1786773948.524584 1336409 869735 3368 2109 0 1331788 0 423475
1786773949.524564 1336409 869735 3368 2109 0 1331788 0 423475
1786773950.524469 1336409 869735 3368 2109 0 1331788 0 423475
