# start_epoch=1786157563.093366  page_size=4096  cachestat=ok  fields=size,resident,shared,text,lib,data,dt,pagecache
1786157564.094712 48524 27750 2639 1589 0 44543 0 19053
1786157565.096619 59148 31285 2736 1589 0 55167 0 50350
1786157566.097413 59148 33334 2736 1589 0 55167 0 62599
1786157567.098092 59148 32894 2800 1589 0 55167 0 76145
1786157568.099958 59788 33786 2816 1589 0 55807 0 107699
1786157569.099470 60556 34419 2816 1589 0 56575 0 102150
1786157570.100263 60556 34679 2816 1589 0 56575 0 114912
1786157571.100818 60556 36411 2816 1589 0 56575 0 127931
1786157572.102579 60556 36967 2816 1589 0 56575 0 156925
1786157573.111497 66700 42374 2816 1589 0 62719 0 161516
1786157574.110626 66700 33910 2816 1589 0 62719 0 158796
1786157575.103450 66700 34676 2816 1589 0 62719 0 171048
1786157576.104509 66700 34934 2816 1589 0 62719 0 199105
1786157577.118738 66700 35872 2816 1589 0 62719 0 202230
1786157578.110831 67596 34320 2816 1589 0 63615 0 211357
1786157579.103708 67596 35120 2816 1589 0 63615 0 185853
1786157580.104557 67596 35778 2816 1589 0 63615 0 198104
1786157581.106848 67596 35158 2816 1589 0 63615 0 246399
1786157582.107655 67596 38438 2816 1589 0 63615 0 258650
1786157583.110107 67596 38418 2816 1589 0 63615 0 285887
1786157584.108866 68492 37514 2816 1589 0 64511 0 274496
1786157585.108972 68492 38914 2816 1589 0 64511 0 272310
1786157586.111715 68492 40806 2816 1589 0 64511 0 319070
1786157587.111959 69516 41626 2816 1589 0 65535 0 332599
1786157588.112836 69516 41105 2816 1589 0 65535 0 344082
1786157589.118188 69516 41410 2816 1589 0 65535 0 449697
1786157590.112904 69516 40946 2816 1589 0 65535 0 347807
1786157591.113377 69516 41947 2816 1589 0 65535 0 359528
1786157592.117368 69516 42295 2816 1589 0 65535 0 431306
1786157593.114803 69516 38338 2816 1589 0 65535 0 384856
1786157594.115384 69516 42865 2816 1589 0 65535 0 397106
1786157595.116199 69516 40924 2816 1589 0 65535 0 409357
1786157596.116573 69516 43155 2816 1589 0 65535 0 421607
1786157597.115868 69516 36413 2816 1589 0 65535 0 411245
1786157598.115977 69516 42489 2816 1589 0 65535 0 415128
1786157599.117640 69516 36707 2816 1589 0 65535 0 451744
1786157600.118535 69516 40576 2816 1589 0 65535 0 463995
1786157601.117808 69516 38526 2816 1589 0 65535 0 450669
1786157602.119967 69516 38990 2816 1589 0 65535 0 488495
1786157603.120455 69516 36191 2816 1589 0 65535 0 500746
1786157604.120936 70796 42628 2816 1589 0 66815 0 512997
1786157605.123129 70796 42646 2816 1589 0 66815 0 540745
1786157606.122030 70796 39798 2816 1589 0 66815 0 523121
1786157607.123197 70796 40645 2816 1589 0 66815 0 530397
1786157608.124957 70796 38525 2816 1589 0 66815 0 538528
1786157609.121851 70796 40481 2816 1589 0 66815 0 531221
1786157610.123545 70796 38299 2816 1589 0 66815 0 558627
1786157611.124581 70796 40960 2816 1589 0 66815 0 570878
1786157612.125301 70796 39160 2816 1589 0 66815 0 583130
1786157613.126024 70796 40651 2816 1589 0 66815 0 595381
1786157614.126293 70796 40082 2816 1589 0 66815 0 607631
1786157615.127340 70796 40892 2816 1589 0 66815 0 619883
1786157616.127879 70796 40919 2816 1589 0 66815 0 632133
1786157617.128243 70796 40762 2816 1589 0 66815 0 644385
1786157618.131164 70796 41137 2816 1589 0 66815 0 644696
1786157619.133397 70796 39650 2816 1589 0 66815 0 687243
1786157620.131218 70796 42490 2816 1589 0 66815 0 669776
1786157621.132338 70796 39663 2816 1589 0 66815 0 678768
1786157622.134119 70796 43072 2816 1589 0 66815 0 705787
1786157623.135823 70796 35584 2816 1589 0 66815 0 716503
1786157624.136247 70796 43320 2816 1589 0 66815 0 728756
1786157625.137063 70796 34093 2816 1589 0 66815 0 740751
1786157626.133894 70796 42902 2816 1589 0 66815 0 733699
1786157627.138359 70796 41797 2816 1589 0 66815 0 765509
1786157628.137959 71820 44343 2816 1589 0 67839 0 778782
1786157629.131015 71820 41073 2816 1589 0 67839 0 770453
1786157630.133501 71820 41570 2816 1589 0 67839 0 770453
1786157631.129953 71820 41570 2816 1589 0 67839 0 770454
1786157632.129132 71820 33143 2816 1589 0 67839 0 775521
1786157633.137782 73356 35527 2816 1589 0 69375 0 740070
1786157634.138255 73356 42516 2816 1589 0 69375 0 768305
1786157635.137156 73356 38895 2816 1589 0 69375 0 783370
1786157636.138002 73356 42239 2816 1589 0 69375 0 794215
1786157637.138770 73356 41805 2816 1589 0 69375 0 804497
1786157638.138779 73356 43639 2816 1589 0 69375 0 816067
1786157639.135084 73356 44763 2816 1589 0 69375 0 811540
1786157640.142212 73356 38353 2816 1589 0 69375 0 823794
1786157641.143095 73356 41570 2816 1589 0 69375 0 836044
1786157642.143020 73356 39282 2816 1589 0 69375 0 854168
1786157643.144887 73356 43060 2816 1589 0 69375 0 869601
1786157644.132879 73356 42097 2816 1589 0 69375 0 881849
1786157645.140769 73356 39271 2816 1589 0 69375 0 881850
1786157646.132764 73356 38859 2816 1589 0 69375 0 881851
1786157647.134507 73356 36900 2816 1589 0 69375 0 894103
1786157648.140673 73356 36901 2816 1589 0 69375 0 894103
1786157649.137996 73356 36901 2816 1589 0 69375 0 894104
1786157650.137160 73356 36901 2816 1589 0 69375 0 894106
1786157651.134614 73356 36901 2816 1589 0 69375 0 894106
1786157652.134672 73356 37341 2816 1589 0 69375 0 894107
1786157653.139426 73356 38047 2816 1589 0 69375 0 834431
1786157654.140767 73356 45167 2816 1589 0 69375 0 855213
1786157655.141570 73356 40814 2816 1589 0 69375 0 864624
1786157656.141906 73356 44657 2816 1589 0 69375 0 869702
1786157657.141992 73356 40374 2816 1589 0 69375 0 878093
1786157658.137646 73356 43870 2816 1589 0 69375 0 885877
1786157659.152316 73356 42724 2816 1589 0 69375 0 910172
1786157660.147874 73356 41692 2816 1589 0 69375 0 912580
1786157661.148020 73356 42362 2816 1589 0 69375 0 935463
1786157662.145363 75148 34730 2816 1589 0 71167 0 894371
1786157663.149444 75148 42939 2816 1589 0 71167 0 940150
1786157664.150076 75148 38931 2816 1589 0 71167 0 952401
1786157665.150993 75148 43357 2816 1589 0 71167 0 964651
1786157666.152804 75148 43200 2816 1589 0 71167 0 994924
1786157667.153496 75148 41912 2816 1589 0 71167 0 1005930
1786157668.150411 75148 43705 2816 1589 0 71167 0 986154
1786157669.151879 75148 39139 2816 1589 0 71167 0 987759
1786157670.152345 75148 42027 2816 1589 0 71167 0 994051
1786157671.151612 75148 36353 2816 1589 0 71167 0 982058
1786157672.152138 75148 42349 2816 1589 0 71167 0 989733
1786157673.152609 75148 37717 2816 1589 0 71167 0 997555
1786157674.152928 75148 41879 2816 1589 0 71167 0 1003778
1786157675.154353 75148 40705 2816 1589 0 71167 0 1026264
1786157676.154885 75148 40542 2816 1589 0 71167 0 1038516
1786157677.155724 75148 39673 2816 1589 0 71167 0 1050767
1786157678.156699 75148 44387 2816 1589 0 71167 0 1063019
1786157679.158271 75148 43118 2816 1589 0 71167 0 1092304
1786157680.158147 75148 40180 2816 1589 0 71167 0 1100205
1786157681.159093 75148 42180 2816 1589 0 71167 0 1108871
1786157682.164807 75148 43501 2816 1589 0 71167 0 1121890
1786157683.145108 75148 36311 2816 1589 0 71167 0 1097770
1786157684.145405 75148 36288 2816 1589 0 71167 0 1112023
1786157685.153968 75148 45373 2816 1589 0 71167 0 1084982
1786157686.153404 75148 38399 2816 1589 0 71167 0 1092749
1786157687.154238 75148 41992 2816 1589 0 71167 0 1100528
1786157688.154071 75148 38949 2816 1589 0 71167 0 1095828
1786157689.153629 75148 43306 2816 1589 0 71167 0 1093580
1786157690.155148 75148 38418 2816 1589 0 71167 0 1137412
1786157691.156160 75148 44475 2816 1589 0 71167 0 1149663
1786157692.156012 75148 40471 2816 1589 0 71167 0 1161914
1786157693.156870 75148 45036 2816 1589 0 71167 0 1174165
1786157694.158048 75148 40446 2816 1589 0 71167 0 1186417
1786157695.158344 75148 44458 2816 1589 0 71167 0 1198669
1786157696.150797 75148 40337 2816 1589 0 71167 0 1210918
1786157697.151013 75148 40294 2816 1589 0 71167 0 1210919
1786157698.154127 75148 39931 2816 1589 0 71167 0 1210920
1786157699.154214 75148 40103 2816 1589 0 71167 0 1223171
1786157700.153244 75148 40159 2816 1589 0 71167 0 1223171
1786157701.150204 75148 40412 2816 1589 0 71167 0 1223172
1786157702.150343 75148 39858 2816 1589 0 71167 0 1223173
1786157703.166386 77196 40554 2816 1589 0 73215 0 1195411
1786157704.161924 77196 41338 2816 1589 0 73215 0 1180329
1786157705.160749 77196 44157 2816 1589 0 73215 0 1147309
1786157706.164609 77196 41120 2816 1589 0 73215 0 1214401
1786157707.162076 77196 42188 2816 1589 0 73215 0 1221292
1786157708.164058 77196 39995 2816 1589 0 73215 0 1223486
1786157709.164485 77196 42913 2816 1589 0 73215 0 1232236
1786157710.164285 77196 42997 2816 1589 0 73215 0 1240114
1786157711.163873 77196 36527 2816 1589 0 73215 0 1253297
1786157712.148694 81293 32340 2816 1589 0 77311 0 1238918
1786157713.148628 81293 32340 2816 1589 0 77311 0 1238919
1786157714.148802 81293 32340 2816 1589 0 77311 0 1238920
1786157715.148751 81293 31918 2816 1589 0 77311 0 1238921
1786157716.147785 81293 32041 2816 1589 0 77311 0 1215844
1786157717.148781 81293 32170 2816 1589 0 77311 0 1238922
1786157718.148785 81293 32104 2816 1589 0 77311 0 1238923
1786157719.148798 81293 32104 2816 1589 0 77311 0 1238924
1786157720.148712 81293 32475 2816 1589 0 77311 0 1238925
1786157721.148781 81293 32380 2816 1589 0 77311 0 1238926
1786157722.148429 81293 32380 2816 1589 0 77311 0 1224706
1786157723.146338 81293 32782 2816 1589 0 77311 0 1183915
1786157724.146135 81293 32794 2816 1589 0 77311 0 1175868
1786157725.145786 81293 32342 2816 1589 0 77311 0 1170393
1786157726.145297 81293 32354 2816 1589 0 77311 0 1160124
1786157727.145257 81293 32355 2816 1589 0 77311 0 1154657
1786157728.144602 81293 32491 2816 1589 0 77311 0 1147304
1786157729.144164 81293 32182 2816 1589 0 77311 0 1137022
1786157730.144018 81293 32198 2816 1589 0 77311 0 1131542
1786157731.144000 81293 32199 2816 1589 0 77311 0 1126741
1786157732.144052 81293 32199 2816 1589 0 77311 0 1126742
1786157733.143599 81293 31812 2816 1589 0 77311 0 1114787
1786157734.143044 81293 31910 2816 1589 0 77311 0 1106426
1786157735.142712 81293 31941 2816 1589 0 77311 0 1099312
1786157736.142247 81293 32023 2816 1589 0 77311 0 1091781
1786157737.141818 81293 31509 2816 1589 0 77311 0 1082659
1786157738.141590 81293 31608 2816 1589 0 77311 0 1074986
1786157739.141843 81293 31794 2816 1589 0 77311 0 1074987
1786157740.141153 81293 31592 2816 1589 0 77311 0 1064570
1786157741.140829 81293 31943 2816 1589 0 77311 0 1057123
1786157742.141145 81293 31677 2816 1589 0 77311 0 1065549
1786157743.141163 81293 31505 2816 1589 0 77311 0 1065550
1786157744.141158 81293 31619 2816 1589 0 77311 0 1065551
1786157745.141045 81293 31844 2816 1589 0 77311 0 1064911
1786157746.140857 81293 32338 2816 1589 0 77311 0 1060246
1786157747.140605 81293 32307 2816 1589 0 77311 0 1056429
1786157748.139406 81293 32307 2816 1589 0 77311 0 1023023
1786157749.140718 81293 32307 2816 1589 0 77311 0 1056430
1786157750.140675 81293 32307 2816 1589 0 77311 0 1056430
1786157751.140784 81293 32307 2816 1589 0 77311 0 1056431
1786157752.140936 81293 32307 2816 1589 0 77311 0 1056431
1786157753.140676 81293 31854 2816 1589 0 77311 0 1056432
1786157754.140130 81293 32071 2816 1589 0 77311 0 1037230
1786157755.140630 81293 31779 2816 1589 0 77311 0 1056433
1786157756.140766 83853 32291 2816 1589 0 79871 0 1056433
1786157757.140948 83853 32291 2816 1589 0 79871 0 1056434
1786157758.140964 83853 32291 2816 1589 0 79871 0 1056434
1786157759.153722 83853 33254 2816 1589 0 79871 0 1348175
1786157760.138767 83853 33671 2816 1589 0 79871 0 1012207
1786157761.138669 83853 33671 2816 1589 0 79871 0 1012209
1786157762.138383 83853 33671 2816 1589 0 79871 0 1012210
1786157763.138422 83853 32989 2816 1589 0 79871 0 1010740
1786157764.138514 83853 32998 2816 1589 0 79871 0 1010741
1786157765.138496 83853 32481 2816 1589 0 79871 0 1010742
1786157766.138505 83853 32481 2816 1589 0 79871 0 1010743
1786157767.138470 83853 31766 2816 1589 0 79871 0 1010744
1786157768.138537 83853 31766 2816 1589 0 79871 0 1010745
1786157769.140909 83853 31449 2816 1589 0 79871 0 1010746
1786157770.139290 83853 31754 2816 1589 0 79871 0 993432
1786157771.138441 83853 31492 2816 1589 0 79871 0 1010748
1786157772.138440 83853 31366 2816 1589 0 79871 0 1010749
1786157773.138625 83853 31446 2816 1589 0 79871 0 1010750
1786157774.138232 83853 31446 2816 1589 0 79871 0 1005069
1786157775.138585 83853 31446 2816 1589 0 79871 0 1010752
1786157776.138527 83853 31696 2816 1589 0 79871 0 1010753
1786157777.138293 83853 31698 2816 1589 0 79871 0 1003665
1786157778.138548 83853 33235 2816 1589 0 79871 0 1009282
1786157779.137064 181646 132748 2832 1589 0 177663 0 976421
1786157780.137006 311182 259724 2832 1589 0 307199 0 976421
1786157781.137195 424334 386700 2832 1589 0 420351 0 976421
1786157782.137136 577934 514188 2832 1589 0 573951 0 976421
1786157783.137142 676238 639628 2832 1589 0 672255 0 976421
1786157784.137092 927118 764556 2832 1589 0 923135 0 976421
1786157785.144369 933262 888972 2832 1589 0 929279 0 976421
1786157786.137192 1097102 1012364 2832 1589 0 1093119 0 976421
1786157787.137113 1304975 1072255 2832 1589 0 1300991 0 976421
1786157788.137188 1304975 1072255 2832 1589 0 1300991 0 976421
1786157789.137052 1304975 1072255 2832 1589 0 1300991 0 976421
1786157790.137247 1304975 1072255 2832 1589 0 1300991 0 976421
1786157791.137399 1304975 1072255 2832 1589 0 1300991 0 976421
1786157792.137344 1304975 1072255 2832 1589 0 1300991 0 976421
1786157793.137321 1309072 1072247 2832 1589 0 1305087 0 976421
1786157794.137168 1309072 1072247 2832 1589 0 1305087 0 976421
1786157795.137027 1309072 1072247 2832 1589 0 1305087 0 976421
1786157796.137184 1309072 1072247 2832 1589 0 1305087 0 976421
1786157797.137070 1309072 1072247 2832 1589 0 1305087 0 976421
1786157798.137219 1309072 1072247 2832 1589 0 1305087 0 976421
1786157799.137115 1313169 1072248 2832 1589 0 1309183 0 976421
1786157800.137228 1313169 1072248 2832 1589 0 1309183 0 976421
1786157801.137082 1313169 1072248 2832 1589 0 1309183 0 976421
1786157802.136892 1313169 1072248 2832 1589 0 1309183 0 976421
1786157803.137065 1313169 1072248 2832 1589 0 1309183 0 976421
1786157804.137272 1313169 1072248 2832 1589 0 1309183 0 976421
1786157805.136986 1313169 1072248 2832 1589 0 1309183 0 976421
1786157806.137148 1313169 1072248 2832 1589 0 1309183 0 976421
1786157807.137228 1313169 1072248 2832 1589 0 1309183 0 976421
1786157808.137118 1313169 1072248 2832 1589 0 1309183 0 976421
1786157809.137110 1313169 1072248 2832 1589 0 1309183 0 976421
1786157810.137045 1313169 1072248 2832 1589 0 1309183 0 976421
1786157811.137012 1313169 1072248 2832 1589 0 1309183 0 976421
1786157812.136989 1313169 1072248 2832 1589 0 1309183 0 976421
1786157813.136986 1313169 1072248 2832 1589 0 1309183 0 976421
1786157814.137252 1313169 1072248 2832 1589 0 1309183 0 976421
1786157815.137166 1313169 1072248 2832 1589 0 1309183 0 976421
1786157816.137097 1313169 1072248 2832 1589 0 1309183 0 976421
1786157817.137045 1313169 1072248 2832 1589 0 1309183 0 976421
1786157818.137209 1313169 1072248 2832 1589 0 1309183 0 976421
1786157819.137152 1313169 1072248 2832 1589 0 1309183 0 976421
1786157820.137098 1313169 1072248 2832 1589 0 1309183 0 976421
1786157821.137039 1313169 1072248 2832 1589 0 1309183 0 976421
1786157822.137011 1313169 1072248 2832 1589 0 1309183 0 976421
1786157823.137213 1313169 1072248 2832 1589 0 1309183 0 976421
1786157824.137196 1313169 1072248 2832 1589 0 1309183 0 976421
1786157825.137202 1313169 1072248 2832 1589 0 1309183 0 976421
1786157826.137165 1313169 1072248 2832 1589 0 1309183 0 976421
1786157827.137191 1313169 1072248 2832 1589 0 1309183 0 976421
1786157828.137245 1313169 1072248 2832 1589 0 1309183 0 976421
1786157829.137066 1313169 1072248 2832 1589 0 1309183 0 976421
1786157830.137060 1313169 1072248 2832 1589 0 1309183 0 976421
1786157831.137322 1313169 1072248 2832 1589 0 1309183 0 976421
1786157832.137293 1313169 1072248 2832 1589 0 1309183 0 976421
1786157833.137424 1313169 1072248 2832 1589 0 1309183 0 976421
1786157834.137301 1313169 1072248 2832 1589 0 1309183 0 976421
1786157835.137544 1313169 1072248 2832 1589 0 1309183 0 976421
1786157836.137160 1313169 1072248 2832 1589 0 1309183 0 976421
1786157837.137136 1313169 1072248 2832 1589 0 1309183 0 976421
1786157838.137187 1313169 1072248 2832 1589 0 1309183 0 976421
1786157839.137222 1313169 1072248 2832 1589 0 1309183 0 976421
1786157840.137270 1313169 1072248 2832 1589 0 1309183 0 976421
1786157841.138100 1313169 1072248 2832 1589 0 1309183 0 976421
1786157842.137166 1313169 1072248 2832 1589 0 1309183 0 976421
1786157843.137161 1313169 1072248 2832 1589 0 1309183 0 976421
1786157844.137114 1313169 1072248 2832 1589 0 1309183 0 976421
1786157845.137196 1313169 1072248 2832 1589 0 1309183 0 976421
1786157846.137163 1313169 1072248 2832 1589 0 1309183 0 976421
1786157847.137592 1313169 1072248 2832 1589 0 1309183 0 976421
1786157848.137243 1313169 1072248 2832 1589 0 1309183 0 976421
1786157849.137138 1313169 1072248 2832 1589 0 1309183 0 976421
1786157850.136974 1313169 1072248 2832 1589 0 1309183 0 976421
1786157851.137079 1313169 1072248 2832 1589 0 1309183 0 976421
1786157852.137001 1313169 1072248 2832 1589 0 1309183 0 976421
1786157853.137254 1313169 1072248 2832 1589 0 1309183 0 976421
1786157854.136952 1313169 1072248 2832 1589 0 1309183 0 976421
1786157855.136957 1313169 1072248 2832 1589 0 1309183 0 976421
1786157856.137199 1313169 1072248 2832 1589 0 1309183 0 976421
1786157857.137210 1313169 1072263 2832 1589 0 1309183 0 976421
1786157858.137142 1313169 1072263 2832 1589 0 1309183 0 976421
1786157859.137340 1313169 1072263 2832 1589 0 1309183 0 976421
1786157860.137054 1313169 1072263 2832 1589 0 1309183 0 976421
1786157861.136895 1313169 1072263 2832 1589 0 1309183 0 976421
1786157862.136839 1313169 1072263 2832 1589 0 1309183 0 976421
1786157863.139449 1313169 1072263 2832 1589 0 1309183 0 976421
1786157864.137267 1313169 1072263 2832 1589 0 1309183 0 976421
1786157865.137619 1313169 1072263 2832 1589 0 1309183 0 976421
1786157866.137069 1313169 1072263 2832 1589 0 1309183 0 976421
1786157867.137265 1313169 1072263 2832 1589 0 1309183 0 976421
1786157868.137229 1313169 1072263 2832 1589 0 1309183 0 976421
1786157869.137198 1313169 1072263 2832 1589 0 1309183 0 976421
1786157870.137158 1313169 1072263 2832 1589 0 1309183 0 976421
1786157871.137218 1313169 1072263 2832 1589 0 1309183 0 976421
1786157872.137210 1313169 1072263 2832 1589 0 1309183 0 976421
1786157873.137288 1313169 1072263 2832 1589 0 1309183 0 976421
1786157874.137290 1313169 1072263 2832 1589 0 1309183 0 976421
1786157875.137284 1313169 1072263 2832 1589 0 1309183 0 976421
1786157876.137225 1313169 1072263 2832 1589 0 1309183 0 976421
1786157877.136986 1313169 1072263 2832 1589 0 1309183 0 976421
1786157878.137168 1313169 1072263 2832 1589 0 1309183 0 976421
1786157879.137222 1313169 1072263 2832 1589 0 1309183 0 976421
1786157880.137038 1313169 1072263 2832 1589 0 1309183 0 976421
1786157881.137342 1313169 1072263 2832 1589 0 1309183 0 976421
1786157882.137393 1313169 1072263 2832 1589 0 1309183 0 976421
1786157883.137184 1313169 1072263 2832 1589 0 1309183 0 976421
1786157884.137166 1313169 1072263 2832 1589 0 1309183 0 976421
1786157885.137156 1313169 1072263 2832 1589 0 1309183 0 976421
1786157886.137349 1313169 1072263 2832 1589 0 1309183 0 976421
1786157887.137089 1313169 1072263 2832 1589 0 1309183 0 976421
1786157888.137064 1313169 1072263 2832 1589 0 1309183 0 976421
1786157889.137053 1313169 1072263 2832 1589 0 1309183 0 976421
1786157890.137225 1313169 1072263 2832 1589 0 1309183 0 976421
1786157891.137204 1313169 1072263 2832 1589 0 1309183 0 976421
1786157892.137225 1313169 1072263 2832 1589 0 1309183 0 976421
1786157893.137095 1313169 1072263 2832 1589 0 1309183 0 976421
1786157894.137126 1313169 1072263 2832 1589 0 1309183 0 976421
1786157895.137124 1313169 1072263 2832 1589 0 1309183 0 976421
1786157896.137192 1313169 1072263 2832 1589 0 1309183 0 976421
1786157897.137153 1313169 1072263 2832 1589 0 1309183 0 976421
1786157898.137290 1313169 1072263 2832 1589 0 1309183 0 976421
1786157899.137334 1313169 1072263 2832 1589 0 1309183 0 976421
1786157900.137181 1313169 1072263 2832 1589 0 1309183 0 976421
1786157901.137184 1313169 1072263 2832 1589 0 1309183 0 976421
1786157902.137179 1313169 1072263 2832 1589 0 1309183 0 976421
1786157903.137646 1313169 1072263 2832 1589 0 1309183 0 976421
1786157904.137087 1313169 1072263 2832 1589 0 1309183 0 976421
1786157905.137072 1313169 1072263 2832 1589 0 1309183 0 976421
1786157906.137198 1313169 1072263 2832 1589 0 1309183 0 976421
1786157907.137224 1313169 1072263 2832 1589 0 1309183 0 976421
1786157908.137138 1313169 1072263 2832 1589 0 1309183 0 976421
1786157909.136987 1313169 1072263 2832 1589 0 1309183 0 976421
1786157910.137079 1313169 1072263 2832 1589 0 1309183 0 976421
1786157911.136847 1313169 1072263 2832 1589 0 1309183 0 976421
1786157912.136908 1313169 1072263 2832 1589 0 1309183 0 976421
1786157913.137010 1313169 1072263 2832 1589 0 1309183 0 976421
1786157914.137002 1313169 1072263 2832 1589 0 1309183 0 976421
1786157915.137436 1313169 1072263 2832 1589 0 1309183 0 976421
1786157916.137132 1313169 1072263 2832 1589 0 1309183 0 976421
1786157917.137059 1313169 1072263 2832 1589 0 1309183 0 976421
1786157918.137123 1313169 1072263 2832 1589 0 1309183 0 976421
1786157919.137106 1313169 1072263 2832 1589 0 1309183 0 976421
1786157920.137013 1313169 1072263 2832 1589 0 1309183 0 976421
1786157921.137232 1313169 1072263 2832 1589 0 1309183 0 976421
1786157922.137070 1313169 1072263 2832 1589 0 1309183 0 976421
1786157923.137384 1313169 1072263 2832 1589 0 1309183 0 976421
1786157924.136865 1313169 1072263 2832 1589 0 1309183 0 976421
1786157925.137253 1313169 1072263 2832 1589 0 1309183 0 976421
1786157926.137158 1313169 1072263 2832 1589 0 1309183 0 976421
1786157927.137070 1313169 1072263 2832 1589 0 1309183 0 976421
1786157928.136964 1313169 1072263 2832 1589 0 1309183 0 976421
1786157929.137053 1313169 1072263 2832 1589 0 1309183 0 976421
1786157930.137228 1313169 1072263 2832 1589 0 1309183 0 976421
1786157931.137035 1313169 1072263 2832 1589 0 1309183 0 976421
1786157932.137251 1313169 1072263 2832 1589 0 1309183 0 976421
1786157933.137143 1313169 1072263 2832 1589 0 1309183 0 976421
1786157934.137250 1313169 1072263 2832 1589 0 1309183 0 976421
1786157935.137094 1313169 1072263 2832 1589 0 1309183 0 976421
1786157936.137191 1313169 1072263 2832 1589 0 1309183 0 976421
1786157937.136995 1313169 1072263 2832 1589 0 1309183 0 976421
1786157938.137023 1313169 1072263 2832 1589 0 1309183 0 976421
1786157939.136944 1313169 1072263 2832 1589 0 1309183 0 976421
1786157940.137036 1313169 1072263 2832 1589 0 1309183 0 976421
1786157941.137249 1313169 1072263 2832 1589 0 1309183 0 976421
1786157942.137032 1313169 1072263 2832 1589 0 1309183 0 976421
1786157943.136992 1313169 1072263 2832 1589 0 1309183 0 976421
1786157944.137003 1313169 1072263 2832 1589 0 1309183 0 976421
1786157945.137023 1313169 1072263 2832 1589 0 1309183 0 976421
1786157946.137010 1313169 1072263 2832 1589 0 1309183 0 976421
1786157947.136929 1313169 1072263 2832 1589 0 1309183 0 976421
1786157948.137239 1313169 1072263 2832 1589 0 1309183 0 976421
1786157949.137270 1313169 1072263 2832 1589 0 1309183 0 976421
1786157950.137080 1313169 1072263 2832 1589 0 1309183 0 976421
1786157951.137160 1313169 1072263 2832 1589 0 1309183 0 976421
1786157952.137042 1313169 1072263 2832 1589 0 1309183 0 976421
1786157953.137023 1313169 1072263 2832 1589 0 1309183 0 976421
1786157954.136988 1313169 1072263 2832 1589 0 1309183 0 976421
1786157955.136987 1313169 1072263 2832 1589 0 1309183 0 976421
1786157956.136981 1313169 1072263 2832 1589 0 1309183 0 976421
1786157957.137138 1313169 1072263 2832 1589 0 1309183 0 976421
1786157958.137125 1313169 1072263 2832 1589 0 1309183 0 976421
1786157959.137157 1313169 1072263 2832 1589 0 1309183 0 976421
1786157960.137108 1313169 1072263 2832 1589 0 1309183 0 976421
1786157961.137147 1313169 1072263 2832 1589 0 1309183 0 976421
1786157962.136989 1313169 1072263 2832 1589 0 1309183 0 976421
1786157963.137074 1313169 1072263 2832 1589 0 1309183 0 976421
1786157964.137013 1313169 1072263 2832 1589 0 1309183 0 976421
1786157965.137081 1313169 1072263 2832 1589 0 1309183 0 976421
1786157966.137158 1313169 1072263 2832 1589 0 1309183 0 976421
1786157967.137050 1313169 1072263 2832 1589 0 1309183 0 976421
1786157968.137136 1313169 1072263 2832 1589 0 1309183 0 976421
1786157969.137024 1313169 1072263 2832 1589 0 1309183 0 976421
1786157970.137008 1313169 1072263 2832 1589 0 1309183 0 976421
1786157971.136994 1313169 1072263 2832 1589 0 1309183 0 976421
1786157972.136936 1313169 1072263 2832 1589 0 1309183 0 976421
1786157973.137201 1313169 1072263 2832 1589 0 1309183 0 976421
1786157974.137022 1313169 1072263 2832 1589 0 1309183 0 976421
1786157975.136870 1313169 1072263 2832 1589 0 1309183 0 976421
1786157976.137153 1313169 1072263 2832 1589 0 1309183 0 976421
1786157977.137059 1313169 1072263 2832 1589 0 1309183 0 976421
1786157978.137092 1313169 1072263 2832 1589 0 1309183 0 976421
1786157979.136944 1313169 1072263 2832 1589 0 1309183 0 976421
1786157980.136876 1313169 1072263 2832 1589 0 1309183 0 976421
1786157981.136919 1313169 1072263 2832 1589 0 1309183 0 976421
1786157982.137074 1313169 1072263 2832 1589 0 1309183 0 976421
1786157983.137078 1313169 1072263 2832 1589 0 1309183 0 976421
1786157984.137057 1313169 1072263 2832 1589 0 1309183 0 976421
1786157985.137112 1313169 1072263 2832 1589 0 1309183 0 976421
1786157986.137138 1313169 1072263 2832 1589 0 1309183 0 976421
1786157987.137025 1313169 1072263 2832 1589 0 1309183 0 976421
1786157988.137035 1313169 1072263 2832 1589 0 1309183 0 976421
1786157989.137050 1313169 1072263 2832 1589 0 1309183 0 976421
1786157990.137276 1313169 1072263 2832 1589 0 1309183 0 976421
1786157991.137319 1313169 1072263 2832 1589 0 1309183 0 976421
1786157992.137201 1313169 1072263 2832 1589 0 1309183 0 976421
1786157993.137236 1313169 1072263 2832 1589 0 1309183 0 976421
1786157994.137068 1313169 1072263 2832 1589 0 1309183 0 976421
1786157995.137005 1313169 1072263 2832 1589 0 1309183 0 976421
1786157996.137015 1313169 1072263 2832 1589 0 1309183 0 976421
1786157997.136851 1313169 1072263 2832 1589 0 1309183 0 976421
1786157998.137142 1313169 1072263 2832 1589 0 1309183 0 976421
1786157999.137092 1313169 1072263 2832 1589 0 1309183 0 976421
1786158000.137121 1313169 1072263 2832 1589 0 1309183 0 976421
1786158001.137012 1313169 1072263 2832 1589 0 1309183 0 976421
1786158002.137068 1313169 1072263 2832 1589 0 1309183 0 976421
1786158003.137139 1313169 1072263 2832 1589 0 1309183 0 976421
1786158004.137120 1313169 1072263 2832 1589 0 1309183 0 976421
1786158005.137070 1313169 1072263 2832 1589 0 1309183 0 976421
1786158006.136967 1313169 1072263 2832 1589 0 1309183 0 976421
1786158007.137118 1313169 1072263 2832 1589 0 1309183 0 976421
1786158008.137226 1313169 1072263 2832 1589 0 1309183 0 976421
1786158009.137314 1313169 1072263 2832 1589 0 1309183 0 976421
1786158010.137065 1313169 1072263 2832 1589 0 1309183 0 976421
1786158011.137107 1313169 1072263 2832 1589 0 1309183 0 976421
1786158012.137082 1313169 1072263 2832 1589 0 1309183 0 976421
1786158013.137106 1313169 1072263 2832 1589 0 1309183 0 976421
1786158014.136922 1313169 1072263 2832 1589 0 1309183 0 976421
1786158015.137165 1313169 1072263 2832 1589 0 1309183 0 976421
1786158016.137253 1313169 1072263 2832 1589 0 1309183 0 976421
1786158017.137064 1313169 1072263 2832 1589 0 1309183 0 976421
1786158018.137107 1313169 1072263 2832 1589 0 1309183 0 976421
1786158019.137053 1313169 1072263 2832 1589 0 1309183 0 976421
1786158020.137024 1313169 1072263 2832 1589 0 1309183 0 976421
1786158021.137090 1313169 1072263 2832 1589 0 1309183 0 976421
1786158022.137014 1313169 1072263 2832 1589 0 1309183 0 976421
1786158023.136959 1313169 1072263 2832 1589 0 1309183 0 976421
1786158024.137035 1313169 1072263 2832 1589 0 1309183 0 976421
1786158025.137067 1313169 1072263 2832 1589 0 1309183 0 976421
1786158026.137115 1313169 1072263 2832 1589 0 1309183 0 976421
1786158027.137024 1313169 1072263 2832 1589 0 1309183 0 976421
1786158028.136992 1313169 1072263 2832 1589 0 1309183 0 976421
1786158029.137049 1313169 1072263 2832 1589 0 1309183 0 976421
1786158030.137040 1313169 1072263 2832 1589 0 1309183 0 976421
1786158031.137013 1313169 1072263 2832 1589 0 1309183 0 976421
1786158032.137111 1313169 1072263 2832 1589 0 1309183 0 976421
1786158033.136926 1313169 1072263 2832 1589 0 1309183 0 976421
1786158034.137078 1313169 1072263 2832 1589 0 1309183 0 976421
1786158035.137361 1313169 1072263 2832 1589 0 1309183 0 976421
1786158036.137090 1313169 1072263 2832 1589 0 1309183 0 976421
1786158037.137044 1313169 1072263 2832 1589 0 1309183 0 976421
1786158038.137034 1313169 1072263 2832 1589 0 1309183 0 976421
1786158039.137067 1313169 1072263 2832 1589 0 1309183 0 976421
1786158040.137152 1313169 1072263 2832 1589 0 1309183 0 976421
1786158041.137164 1313169 1072263 2832 1589 0 1309183 0 976421
1786158042.137180 1313169 1072263 2832 1589 0 1309183 0 976421
1786158043.137122 1313169 1072263 2832 1589 0 1309183 0 976421
1786158044.137127 1313169 1072263 2832 1589 0 1309183 0 976421
1786158045.137103 1313169 1072263 2832 1589 0 1309183 0 976421
1786158046.138711 1313169 1072263 2832 1589 0 1309183 0 976421
1786158047.137227 1313169 1072263 2832 1589 0 1309183 0 976421
1786158048.137043 1313169 1072263 2832 1589 0 1309183 0 976421
1786158049.137180 1313169 1072263 2832 1589 0 1309183 0 976421
1786158050.137296 1313169 1072263 2832 1589 0 1309183 0 976421
1786158051.137256 1313169 1072263 2832 1589 0 1309183 0 976421
1786158052.137140 1313169 1072263 2832 1589 0 1309183 0 976421
1786158053.137146 1313169 1072263 2832 1589 0 1309183 0 976421
1786158054.137354 1313169 1072263 2832 1589 0 1309183 0 976421
1786158055.137135 1313169 1072263 2832 1589 0 1309183 0 976421
1786158056.137090 1313169 1072263 2832 1589 0 1309183 0 976421
1786158057.137380 1313169 1072263 2832 1589 0 1309183 0 976421
1786158058.137260 1313169 1072263 2832 1589 0 1309183 0 976421
1786158059.137180 1313169 1072263 2832 1589 0 1309183 0 976421
1786158060.137197 1313169 1072263 2832 1589 0 1309183 0 976421
1786158061.137191 1313169 1072263 2832 1589 0 1309183 0 976421
1786158062.142601 1313169 1072263 2832 1589 0 1309183 0 976421
1786158063.137245 1313169 1072263 2832 1589 0 1309183 0 976421
1786158064.137034 1313169 1072263 2832 1589 0 1309183 0 976421
1786158065.137062 1313169 1072263 2832 1589 0 1309183 0 976421
1786158066.137160 1313169 1072263 2832 1589 0 1309183 0 976421
1786158067.137231 1313169 1072263 2832 1589 0 1309183 0 976421
1786158068.137418 1313169 1072263 2832 1589 0 1309183 0 976421
1786158069.137113 1313169 1072263 2832 1589 0 1309183 0 976421
1786158070.137163 1313169 1072263 2832 1589 0 1309183 0 976421
1786158071.137194 1313169 1072263 2832 1589 0 1309183 0 976421
1786158072.137275 1313169 1072263 2832 1589 0 1309183 0 976421
1786158073.137254 1313169 1072263 2832 1589 0 1309183 0 976421
1786158074.137350 1313169 1072263 2832 1589 0 1309183 0 976421
1786158075.137296 1313169 1072263 2832 1589 0 1309183 0 976421
1786158076.137289 1313169 1072263 2832 1589 0 1309183 0 976421
1786158077.137460 1313169 1072263 2832 1589 0 1309183 0 976421
1786158078.137308 1313169 1072263 2832 1589 0 1309183 0 976421
1786158079.137214 1313169 1072263 2832 1589 0 1309183 0 976421
1786158080.137257 1313169 1072263 2832 1589 0 1309183 0 976421
1786158081.137111 1313169 1072263 2832 1589 0 1309183 0 976421
1786158082.137397 1313169 1072263 2832 1589 0 1309183 0 976421
1786158083.137457 1313169 1072263 2832 1589 0 1309183 0 976421
1786158084.137360 1313169 1072263 2832 1589 0 1309183 0 976421
1786158085.137306 1313169 1072263 2832 1589 0 1309183 0 976421
1786158086.137389 1313169 1072263 2832 1589 0 1309183 0 976421
1786158087.137204 1313169 1072263 2832 1589 0 1309183 0 976421
1786158088.137209 1313169 1072263 2832 1589 0 1309183 0 976421
1786158089.137216 1313169 1072263 2832 1589 0 1309183 0 976421
1786158090.137488 1313169 1072263 2832 1589 0 1309183 0 976421
1786158091.137284 1313169 1072263 2832 1589 0 1309183 0 976421
1786158092.137328 1313169 1072263 2832 1589 0 1309183 0 976421
1786158093.137103 1313169 1072263 2832 1589 0 1309183 0 976421
