# start_epoch=1786790118.756358  page_size=4096  cachestat=ok  fields=size,resident,shared,text,lib,data,dt,pagecache
1786790119.759082 51724 32197 2705 1589 0 47743 0 43474
1786790120.758548 57612 34035 2770 1589 0 53631 0 43556
1786790121.759115 57612 31971 2770 1589 0 53631 0 55806
1786790122.761338 58252 34986 2850 1589 0 54271 0 86096
1786790123.762051 58252 32471 2850 1589 0 54271 0 98348
1786790124.763219 59020 37070 2850 1589 0 55039 0 117983
1786790125.764170 59020 36557 2850 1589 0 55039 0 134295
1786790126.764814 59020 32912 2850 1589 0 55039 0 146545
1786790127.765616 59020 33457 2850 1589 0 55039 0 158796
1786790128.766220 59020 33200 2850 1589 0 55039 0 171045
1786790129.767584 65164 36062 2850 1589 0 61183 0 199116
1786790130.768450 65164 31305 2850 1589 0 61183 0 211370
1786790131.769296 65164 35531 2850 1589 0 61183 0 223620
1786790132.769508 66060 32549 2850 1589 0 62079 0 235871
1786790133.773018 66060 37212 2850 1589 0 62079 0 246419
1786790134.788920 66060 39781 2850 1589 0 62079 0 276215
1786790135.787492 66060 39254 2850 1589 0 62079 0 288211
1786790136.788654 66060 39479 2850 1589 0 62079 0 301196
1786790137.788180 66060 40260 2850 1589 0 62079 0 293175
1786790138.783288 66060 40577 2850 1589 0 62079 0 302960
1786790139.774421 66956 41503 2850 1589 0 62975 0 332890
1786790140.774828 67980 43379 2850 1589 0 63999 0 329390
1786790141.775397 67980 34904 2850 1589 0 63999 0 341641
1786790142.775916 67980 37510 2850 1589 0 63999 0 353891
1786790143.777954 67980 38337 2850 1589 0 63999 0 363829
1786790144.778492 67980 37953 2850 1589 0 63999 0 380350
1786790145.779875 67980 41024 2850 1589 0 63999 0 412081
1786790146.780204 67980 42929 2850 1589 0 63999 0 427146
1786790147.779984 69260 36944 2850 1589 0 65279 0 422106
1786790148.778953 69260 41840 2850 1589 0 65279 0 418085
1786790149.780388 70284 38233 2850 1589 0 66303 0 446608
1786790150.784453 70284 43885 2850 1589 0 66303 0 479697
1786790151.784895 70284 37918 2850 1589 0 66303 0 494507
1786790152.783800 70284 44672 2850 1589 0 66303 0 483293
1786790153.784311 70284 43386 2850 1589 0 66303 0 499382
1786790154.784631 70284 34078 2850 1589 0 66303 0 510593
1786790155.785043 70284 44461 2850 1589 0 66303 0 522843
1786790156.785772 70284 40607 2850 1589 0 66303 0 535093
1786790157.789541 70284 44785 2850 1589 0 66303 0 567673
1786790158.790297 70284 42806 2850 1589 0 66303 0 583248
1786790159.788079 70284 40833 2850 1589 0 66303 0 571537
1786790160.790470 70284 44245 2850 1589 0 66303 0 612357
1786790161.790023 70284 43835 2850 1589 0 66303 0 608597
1786790162.785215 70284 44454 2850 1589 0 66303 0 620847
1786790163.789957 70284 44842 2850 1589 0 66303 0 589510
1786790164.791982 70284 43560 2850 1589 0 66303 0 599571
1786790165.789850 70284 40534 2850 1589 0 66303 0 611822
1786790166.791499 70284 37552 2850 1589 0 66303 0 638618
1786790167.792373 71820 39248 2850 1589 0 67839 0 650871
1786790168.792891 71820 40354 2850 1589 0 67839 0 663122
1786790169.796293 71820 42791 2850 1589 0 67839 0 675371
1786790170.797041 71820 40466 2850 1589 0 67839 0 687622
1786790171.798019 71820 42580 2850 1589 0 67839 0 699872
1786790172.798645 71820 41335 2850 1589 0 67839 0 712123
1786790173.790216 71820 41842 2850 1589 0 67839 0 724375
1786790174.790004 71820 41842 2850 1589 0 67839 0 724375
1786790175.790609 71820 41875 2850 1589 0 67839 0 724375
1786790176.802503 71820 42218 2850 1589 0 67839 0 711480
1786790177.801551 71820 42966 2850 1589 0 67839 0 760331
1786790178.799999 71820 40512 2850 1589 0 67839 0 730938
1786790179.800269 71820 42487 2850 1589 0 67839 0 737780
1786790180.800652 71820 40186 2850 1589 0 67839 0 745638
1786790181.802171 71820 42151 2850 1589 0 67839 0 772259
1786790182.802928 71820 42419 2850 1589 0 67839 0 782973
1786790183.803519 71820 43026 2850 1589 0 67839 0 794713
1786790184.800413 71820 38803 2850 1589 0 67839 0 769750
1786790185.804706 71820 43117 2850 1589 0 67839 0 816909
1786790186.804248 71820 42680 2850 1589 0 67839 0 809858
1786790187.804952 71820 42073 2850 1589 0 67839 0 822109
1786790188.800702 71820 43086 2850 1589 0 67839 0 834360
1786790189.795377 71820 43252 2850 1589 0 67839 0 834360
1786790190.795058 71820 43252 2850 1589 0 67839 0 834360
1786790191.807081 71820 42943 2850 1589 0 67839 0 856480
1786790192.800317 73612 34238 2850 1589 0 69631 0 801062
1786790193.800979 73612 35257 2850 1589 0 69631 0 811006
1786790194.805838 73612 38892 2850 1589 0 69631 0 844605
1786790195.805593 73612 42347 2850 1589 0 69631 0 855127
1786790196.804639 73612 45426 2850 1589 0 69631 0 868240
1786790197.804323 73612 37745 2850 1589 0 69631 0 862945
1786790198.804814 73612 41946 2850 1589 0 69631 0 875194
1786790199.805342 73612 39325 2850 1589 0 69631 0 887445
1786790200.810184 73612 40970 2850 1589 0 69631 0 921814
1786790201.808575 73612 42321 2850 1589 0 69631 0 937648
1786790202.810018 73612 44430 2850 1589 0 69631 0 960306
1786790203.812236 73612 36121 2850 1589 0 69631 0 943532
1786790204.805924 73612 36121 2850 1589 0 69631 0 943533
1786790205.802141 73612 32090 2850 1589 0 69631 0 955784
1786790206.798053 73612 32090 2850 1589 0 69631 0 955784
1786790207.799631 73612 32090 2850 1589 0 69631 0 955785
1786790208.800216 73612 32090 2850 1589 0 69631 0 955786
1786790209.799985 73612 32090 2850 1589 0 69631 0 955787
1786790210.799976 73612 32647 2850 1589 0 69631 0 955787
1786790211.799751 73612 32007 2850 1589 0 69631 0 955788
1786790212.799730 73612 32008 2850 1589 0 69631 0 955789
1786790213.810670 73612 36703 2850 1589 0 69631 0 919499
1786790214.810705 73612 41678 2850 1589 0 69631 0 935443
1786790215.811928 73612 37435 2850 1589 0 69631 0 938141
1786790216.812955 73612 41529 2850 1589 0 69631 0 954632
1786790217.811407 73612 39722 2850 1589 0 69631 0 948001
1786790218.812793 73612 42171 2850 1589 0 69631 0 958903
1786790219.813300 73612 39403 2850 1589 0 69631 0 969754
1786790220.813495 73612 44013 2850 1589 0 69631 0 963823
1786790221.815019 73612 41217 2850 1589 0 69631 0 988424
1786790222.816047 73612 44274 2850 1589 0 69631 0 1012713
1786790223.817320 73612 42353 2850 1589 0 69631 0 1022441
1786790224.818025 73612 44250 2850 1589 0 69631 0 1037215
1786790225.817729 73612 36808 2850 1589 0 69631 0 1029906
1786790226.818192 73612 43605 2850 1589 0 69631 0 1042158
1786790227.818896 73612 39673 2850 1589 0 69631 0 1054408
1786790228.819609 73612 44188 2850 1589 0 69631 0 1066659
1786790229.820355 73612 42452 2850 1589 0 69631 0 1078911
1786790230.807117 73612 42296 2850 1589 0 69631 0 1091162
1786790231.816672 73612 42110 2850 1589 0 69631 0 1091163
1786790232.820263 73612 43679 2850 1589 0 69631 0 1079309
1786790233.820951 73612 44427 2850 1589 0 69631 0 1086809
1786790234.821263 73612 44136 2850 1589 0 69631 0 1094059
1786790235.822947 73612 44595 2850 1589 0 69631 0 1126190
1786790236.823600 73612 41591 2850 1589 0 69631 0 1133419
1786790237.822707 73612 43667 2850 1589 0 69631 0 1113745
1786790238.822928 73612 41849 2850 1589 0 69631 0 1123621
1786790239.824698 73612 44200 2850 1589 0 69631 0 1147890
1786790240.824426 73612 41485 2850 1589 0 69631 0 1159886
1786790241.821583 73612 43530 2850 1589 0 69631 0 1134813
1786790242.826511 73612 37492 2850 1589 0 69631 0 1181833
1786790243.827060 73612 43273 2850 1589 0 69631 0 1193060
1786790244.812805 73612 40309 2850 1589 0 69631 0 1184218
1786790245.811384 73612 39878 2850 1589 0 69631 0 1184219
1786790246.812019 73612 39818 2850 1589 0 69631 0 1184220
1786790247.823414 73612 37782 2850 1589 0 69631 0 1196471
1786790248.812146 73612 37883 2850 1589 0 69631 0 1196472
1786790249.814437 73612 37949 2850 1589 0 69631 0 1196473
1786790250.826030 75660 40612 2850 1589 0 71679 0 1171572
1786790251.826514 75660 43458 2850 1589 0 71679 0 1176355
1786790252.826979 75660 40367 2850 1589 0 71679 0 1183245
1786790253.827481 75660 45715 2850 1589 0 71679 0 1191407
1786790254.827577 75660 39181 2850 1589 0 71679 0 1197524
1786790255.826526 75660 45101 2850 1589 0 71679 0 1203361
1786790256.827926 75660 38934 2850 1589 0 71679 0 1204122
1786790257.828359 75660 41901 2850 1589 0 71679 0 1209472
1786790258.829187 75660 39304 2850 1589 0 71679 0 1221722
1786790259.829722 75660 40589 2850 1589 0 71679 0 1233972
1786790260.830401 75660 36326 2850 1589 0 71679 0 1246223
1786790261.831033 75660 40697 2850 1589 0 71679 0 1258474
1786790262.816772 79757 32299 2850 1589 0 75775 0 1252028
1786790263.811174 79757 32037 2850 1589 0 75775 0 1252029
1786790264.811167 79757 31872 2850 1589 0 75775 0 1252030
1786790265.811117 79757 32133 2850 1589 0 75775 0 1252030
1786790266.811154 79757 32114 2850 1589 0 75775 0 1252031
1786790267.811040 79757 32114 2850 1589 0 75775 0 1252031
1786790268.811138 79757 32023 2850 1589 0 75775 0 1252032
1786790269.808799 79757 32427 2850 1589 0 75775 0 1201107
1786790270.808398 79757 32932 2850 1589 0 75775 0 1194019
1786790271.808137 79757 32626 2850 1589 0 75775 0 1187956
1786790272.807933 79757 32626 2850 1589 0 75775 0 1182621
1786790273.807742 79757 32184 2850 1589 0 75775 0 1175804
1786790274.807420 79757 31912 2850 1589 0 75775 0 1167660
1786790275.807349 79757 32009 2850 1589 0 75775 0 1167660
1786790276.806970 79757 32098 2850 1589 0 75775 0 1159348
1786790277.806717 79757 31715 2850 1589 0 75775 0 1151219
1786790278.806462 79757 31976 2850 1589 0 75775 0 1142280
1786790279.806351 79757 31848 2850 1589 0 75775 0 1142281
1786790280.805881 79757 31672 2850 1589 0 75775 0 1133946
1786790281.805888 79757 32040 2850 1589 0 75775 0 1127526
1786790282.805490 79757 31916 2850 1589 0 75775 0 1121105
1786790283.805499 79757 31916 2850 1589 0 75775 0 1121106
1786790284.804814 79757 31882 2850 1589 0 75775 0 1108815
1786790285.804846 79757 31963 2850 1589 0 75775 0 1108816
1786790286.804405 79757 31751 2850 1589 0 75775 0 1099560
1786790287.804497 79757 31778 2850 1589 0 75775 0 1099561
1786790288.804245 79757 31778 2850 1589 0 75775 0 1093017
1786790289.804157 79757 31778 2850 1589 0 75775 0 1093018
1786790290.803425 79757 31788 2850 1589 0 75775 0 1066219
1786790291.803849 79757 31375 2850 1589 0 75775 0 1081019
1786790292.803967 79757 31527 2850 1589 0 75775 0 1090542
1786790293.804119 79757 31276 2850 1589 0 75775 0 1090542
1786790294.804109 79757 31396 2850 1589 0 75775 0 1090543
1786790295.803456 79757 31432 2850 1589 0 75775 0 1070191
1786790296.802959 79757 30367 2850 1589 0 75775 0 1068222
1786790297.805255 79757 30647 2850 1589 0 75775 0 1120867
1786790298.805701 79757 31394 2850 1589 0 75775 0 1120867
1786790299.805422 79757 31255 2850 1589 0 75775 0 1120868
1786790300.805366 79757 31255 2850 1589 0 75775 0 1120868
1786790301.804166 79757 31256 2850 1589 0 75775 0 1093054
1786790302.805831 79757 31256 2850 1589 0 75775 0 1120869
1786790303.805231 79757 31256 2850 1589 0 75775 0 1120870
1786790304.805405 79757 31249 2850 1589 0 75775 0 1120870
1786790305.805360 79757 31127 2850 1589 0 75775 0 1120871
1786790306.805634 79757 31129 2850 1589 0 75775 0 1120871
1786790307.805515 79757 31045 2850 1589 0 75775 0 1120871
1786790308.814579 79757 30885 2850 1589 0 75775 0 1120872
1786790309.809050 82317 32270 2850 1589 0 78335 0 1209485
1786790310.801412 82317 32071 2850 1589 0 78335 0 1029467
1786790311.801432 82317 32071 2850 1589 0 78335 0 1029468
1786790312.801490 82317 32071 2850 1589 0 78335 0 1029469
1786790313.801515 82317 32071 2850 1589 0 78335 0 1029470
1786790314.801848 82317 31738 2850 1589 0 78335 0 1029471
1786790315.801511 82317 31738 2850 1589 0 78335 0 1029472
1786790316.801432 82317 30411 2850 1589 0 78335 0 1029473
1786790317.801405 82317 30004 2850 1589 0 78335 0 1029473
1786790318.801594 82317 30323 2850 1589 0 78335 0 1029474
1786790319.801457 82317 30371 2850 1589 0 78335 0 1029475
1786790320.801458 82317 30465 2850 1589 0 78335 0 1029476
1786790321.801389 82317 30296 2850 1589 0 78335 0 1029477
1786790322.801355 82317 30172 2850 1589 0 78335 0 1029478
1786790323.801489 82317 30396 2850 1589 0 78335 0 1029478
1786790324.800421 82317 31949 2850 1589 0 78335 0 1004917
1786790325.800386 82317 31951 2850 1589 0 78335 0 1004918
1786790326.800347 82317 31951 2850 1589 0 78335 0 1004919
1786790327.800346 82317 31951 2850 1589 0 78335 0 1004919
1786790328.800433 82317 31951 2850 1589 0 78335 0 1004920
1786790329.800308 82317 31951 2850 1589 0 78335 0 1004921
1786790330.800257 82317 30418 2850 1589 0 78335 0 1004922
1786790331.800297 82317 30198 2850 1589 0 78335 0 1004552
1786790332.800363 82317 30454 2850 1589 0 78335 0 1004924
1786790333.800606 82317 30454 2850 1589 0 78335 0 1004925
1786790334.800310 82317 30292 2850 1589 0 78335 0 1004926
1786790335.800282 82317 30159 2850 1589 0 78335 0 1004927
1786790336.800275 82317 30190 2850 1589 0 78335 0 1004927
1786790337.800285 82317 30192 2850 1589 0 78335 0 1004928
1786790338.799294 86414 35571 2866 1589 0 82431 0 976502
1786790339.799166 206222 159366 2866 1589 0 202239 0 976502
1786790340.799325 363406 286342 2866 1589 0 359423 0 976502
1786790341.799285 489870 412806 2866 1589 0 485887 0 976502
1786790342.799295 676238 538758 2866 1589 0 672255 0 976502
1786790343.799220 796046 662150 2866 1589 0 792063 0 976502
1786790344.799190 927118 790469 2866 1589 0 923135 0 976502
1786790345.799182 1097102 915397 2866 1589 0 1093119 0 976502
1786790346.799155 1104270 1040837 2866 1589 0 1100287 0 976502
1786790347.799191 1304975 1072051 2866 1589 0 1300991 0 976502
1786790348.799235 1304975 1072051 2866 1589 0 1300991 0 976502
1786790349.799264 1304975 1072051 2866 1589 0 1300991 0 976502
1786790350.799640 1304975 1072051 2866 1589 0 1300991 0 976502
1786790351.799313 1304975 1072051 2866 1589 0 1300991 0 976502
1786790352.799530 1304975 1072051 2866 1589 0 1300991 0 976502
1786790353.799247 1309072 1072050 2866 1589 0 1305087 0 976502
1786790354.799063 1309072 1072608 2866 1589 0 1305087 0 976502
1786790355.799134 1309072 1072608 2866 1589 0 1305087 0 976502
1786790356.799335 1309072 1072608 2866 1589 0 1305087 0 976502
1786790357.799285 1309072 1072608 2866 1589 0 1305087 0 976502
1786790358.799175 1313169 1072608 2866 1589 0 1309183 0 976502
1786790359.799276 1313169 1072608 2866 1589 0 1309183 0 976502
1786790360.799287 1313169 1072608 2866 1589 0 1309183 0 976502
1786790361.799265 1313169 1072608 2866 1589 0 1309183 0 976502
1786790362.799239 1313169 1072608 2866 1589 0 1309183 0 976502
1786790363.799242 1313169 1072608 2866 1589 0 1309183 0 976502
1786790364.799379 1313169 1072914 2866 1589 0 1309183 0 976502
1786790365.799307 1313169 1072914 2866 1589 0 1309183 0 976502
1786790366.799134 1313169 1072914 2866 1589 0 1309183 0 976502
1786790367.799255 1313169 1072914 2866 1589 0 1309183 0 976502
1786790368.799422 1313169 1072914 2866 1589 0 1309183 0 976502
1786790369.799224 1313169 1072914 2866 1589 0 1309183 0 976502
1786790370.799213 1313169 1072914 2866 1589 0 1309183 0 976502
1786790371.799201 1313169 1072914 2866 1589 0 1309183 0 976502
1786790372.799271 1313169 1072914 2866 1589 0 1309183 0 976502
1786790373.799391 1313169 1072914 2866 1589 0 1309183 0 976502
1786790374.799084 1313169 1072914 2866 1589 0 1309183 0 976502
1786790375.799147 1313169 1072914 2866 1589 0 1309183 0 976502
1786790376.799279 1313169 1072914 2866 1589 0 1309183 0 976502
1786790377.799274 1313169 1072914 2866 1589 0 1309183 0 976502
1786790378.799155 1313169 1072914 2866 1589 0 1309183 0 976502
1786790379.799190 1313169 1072914 2866 1589 0 1309183 0 976502
1786790380.799189 1313169 1072914 2866 1589 0 1309183 0 976502
1786790381.799349 1313169 1072914 2866 1589 0 1309183 0 976502
1786790382.799193 1313169 1072914 2866 1589 0 1309183 0 976502
1786790383.799299 1313169 1072914 2866 1589 0 1309183 0 976502
1786790384.799262 1313169 1072914 2866 1589 0 1309183 0 976502
1786790385.799262 1313169 1074072 2866 1589 0 1309183 0 976502
1786790386.799095 1313169 1074072 2866 1589 0 1309183 0 976502
1786790387.799288 1313169 1074072 2866 1589 0 1309183 0 976502
1786790388.799303 1313169 1074072 2866 1589 0 1309183 0 976502
1786790389.799169 1313169 1074072 2866 1589 0 1309183 0 976502
1786790390.799117 1313169 1074072 2866 1589 0 1309183 0 976502
1786790391.799333 1313169 1074072 2866 1589 0 1309183 0 976502
1786790392.799312 1313169 1074072 2866 1589 0 1309183 0 976502
1786790393.799215 1313169 1074072 2866 1589 0 1309183 0 976502
1786790394.799256 1313169 1074072 2866 1589 0 1309183 0 976502
1786790395.799150 1313169 1074580 2866 1589 0 1309183 0 976502
1786790396.799130 1313169 1074580 2866 1589 0 1309183 0 976502
1786790397.799104 1313169 1074580 2866 1589 0 1309183 0 976502
1786790398.799395 1313169 1074580 2866 1589 0 1309183 0 976502
1786790399.799247 1313169 1074580 2866 1589 0 1309183 0 976502
1786790400.799258 1313169 1074580 2866 1589 0 1309183 0 976502
1786790401.799268 1313169 1074580 2866 1589 0 1309183 0 976502
1786790402.799333 1313169 1074580 2866 1589 0 1309183 0 976502
1786790403.799136 1313169 1074580 2866 1589 0 1309183 0 976502
1786790404.799106 1313169 1074580 2866 1589 0 1309183 0 976502
1786790405.799079 1313169 1074580 2866 1589 0 1309183 0 976502
1786790406.799062 1313169 1074580 2866 1589 0 1309183 0 976502
1786790407.799264 1313169 1074580 2866 1589 0 1309183 0 976502
1786790408.800349 1313169 1074580 2866 1589 0 1309183 0 976502
1786790409.799191 1313169 1074580 2866 1589 0 1309183 0 976502
1786790410.799213 1313169 1074580 2866 1589 0 1309183 0 976502
1786790411.799157 1313169 1074580 2866 1589 0 1309183 0 976502
1786790412.799261 1313169 1074580 2866 1589 0 1309183 0 976502
1786790413.799152 1313169 1074580 2866 1589 0 1309183 0 976502
1786790414.799203 1313169 1074580 2866 1589 0 1309183 0 976502
1786790415.799985 1313169 1074580 2866 1589 0 1309183 0 976502
1786790416.799360 1313169 1074580 2866 1589 0 1309183 0 976502
1786790417.799222 1313169 1074580 2866 1589 0 1309183 0 976502
1786790418.799380 1313169 1074580 2866 1589 0 1309183 0 976502
1786790419.799218 1313169 1074580 2866 1589 0 1309183 0 976502
1786790420.799224 1313169 1074580 2866 1589 0 1309183 0 976502
1786790421.799103 1313169 1074580 2866 1589 0 1309183 0 976502
1786790422.798999 1313169 1074580 2866 1589 0 1309183 0 976502
1786790423.799016 1313169 1074580 2866 1589 0 1309183 0 976502
1786790424.799226 1313169 1074580 2866 1589 0 1309183 0 976502
1786790425.799168 1313169 1074580 2866 1589 0 1309183 0 976502
1786790426.799177 1313169 1074580 2866 1589 0 1309183 0 976502
1786790427.799319 1313169 1074580 2866 1589 0 1309183 0 976502
1786790428.799294 1313169 1074580 2866 1589 0 1309183 0 976502
1786790429.799096 1313169 1074580 2866 1589 0 1309183 0 976502
1786790430.799041 1313169 1074580 2866 1589 0 1309183 0 976502
1786790431.798927 1313169 1074580 2866 1589 0 1309183 0 976502
1786790432.799379 1313169 1074580 2866 1589 0 1309183 0 976502
1786790433.799231 1313169 1074580 2866 1589 0 1309183 0 976502
1786790434.799266 1313169 1074580 2866 1589 0 1309183 0 976502
1786790435.799204 1313169 1074580 2866 1589 0 1309183 0 976502
1786790436.799155 1313169 1074580 2866 1589 0 1309183 0 976502
1786790437.799035 1313169 1074580 2866 1589 0 1309183 0 976502
1786790438.799116 1313169 1074580 2866 1589 0 1309183 0 976502
1786790439.799010 1313169 1074580 2866 1589 0 1309183 0 976502
1786790440.799052 1313169 1074580 2866 1589 0 1309183 0 976502
1786790441.799077 1313169 1074580 2866 1589 0 1309183 0 976502
1786790442.799257 1313169 1074580 2866 1589 0 1309183 0 976502
1786790443.799112 1313169 1074580 2866 1589 0 1309183 0 976502
1786790444.799168 1313169 1074580 2866 1589 0 1309183 0 976502
1786790445.799079 1313169 1074580 2866 1589 0 1309183 0 976502
1786790446.799075 1313169 1074580 2866 1589 0 1309183 0 976502
1786790447.799008 1313169 1074580 2866 1589 0 1309183 0 976502
1786790448.799262 1313169 1074580 2866 1589 0 1309183 0 976502
1786790449.799250 1313169 1074580 2866 1589 0 1309183 0 976502
1786790450.799216 1313169 1074580 2866 1589 0 1309183 0 976502
1786790451.799245 1313169 1074580 2866 1589 0 1309183 0 976502
1786790452.799231 1313169 1074580 2866 1589 0 1309183 0 976502
1786790453.803121 1313169 1074580 2866 1589 0 1309183 0 976502
1786790454.799168 1313169 1074580 2866 1589 0 1309183 0 976502
1786790455.799344 1313169 1074580 2866 1589 0 1309183 0 976502
1786790456.799299 1313169 1074684 2866 1589 0 1309183 0 976502
1786790457.799204 1313169 1074684 2866 1589 0 1309183 0 976502
1786790458.799285 1313169 1074684 2866 1589 0 1309183 0 976502
1786790459.800272 1313169 1074684 2866 1589 0 1309183 0 976502
1786790460.799270 1313169 1074684 2866 1589 0 1309183 0 976502
1786790461.799316 1313169 1074684 2866 1589 0 1309183 0 976502
1786790462.799207 1313169 1074684 2866 1589 0 1309183 0 976502
1786790463.799517 1313169 1074684 2866 1589 0 1309183 0 976502
1786790464.799169 1313169 1074684 2866 1589 0 1309183 0 976502
1786790465.800101 1313169 1074684 2866 1589 0 1309183 0 976502
1786790466.799103 1313169 1074684 2866 1589 0 1309183 0 976502
1786790467.799340 1313169 1075548 2866 1589 0 1309183 0 976502
1786790468.799502 1313169 1075548 2866 1589 0 1309183 0 976502
1786790469.799021 1313169 1075548 2866 1589 0 1309183 0 976502
1786790470.799187 1313169 1075548 2866 1589 0 1309183 0 976502
1786790471.800048 1313169 1075548 2866 1589 0 1309183 0 976502
1786790472.799117 1313169 1075548 2866 1589 0 1309183 0 976502
1786790473.801666 1313169 1075548 2866 1589 0 1309183 0 976502
1786790474.799143 1313169 1075548 2866 1589 0 1309183 0 976502
1786790475.799182 1313169 1075548 2866 1589 0 1309183 0 976502
1786790476.799252 1313169 1075548 2866 1589 0 1309183 0 976502
1786790477.799719 1313169 1075548 2866 1589 0 1309183 0 976502
1786790478.799307 1313169 1075548 2866 1589 0 1309183 0 976502
1786790479.799079 1313169 1075548 2866 1589 0 1309183 0 976502
1786790480.799068 1313169 1075548 2866 1589 0 1309183 0 976502
1786790481.799252 1313169 1075548 2866 1589 0 1309183 0 976502
1786790482.799223 1313169 1075548 2866 1589 0 1309183 0 976502
1786790483.799436 1313169 1075548 2866 1589 0 1309183 0 976502
1786790484.799330 1313169 1075548 2866 1589 0 1309183 0 976502
1786790485.799167 1313169 1075548 2866 1589 0 1309183 0 976502
1786790486.799937 1313169 1075548 2866 1589 0 1309183 0 976502
1786790487.799255 1313169 1075548 2866 1589 0 1309183 0 976502
1786790488.799418 1313169 1075548 2866 1589 0 1309183 0 976502
1786790489.803183 1313169 1075548 2866 1589 0 1309183 0 976502
1786790490.798973 1313169 1075548 2866 1589 0 1309183 0 976502
1786790491.799225 1313169 1075548 2866 1589 0 1309183 0 976502
1786790492.799400 1313169 1075548 2866 1589 0 1309183 0 976502
1786790493.799502 1313169 1075548 2866 1589 0 1309183 0 976502
1786790494.799203 1313169 1075548 2866 1589 0 1309183 0 976502
1786790495.799241 1313169 1075548 2866 1589 0 1309183 0 976502
1786790496.799266 1313169 1075548 2866 1589 0 1309183 0 976502
1786790497.799100 1313169 1075548 2866 1589 0 1309183 0 976502
1786790498.799181 1313169 1075548 2866 1589 0 1309183 0 976502
1786790499.799292 1313169 1075548 2866 1589 0 1309183 0 976502
1786790500.799271 1313169 1075548 2866 1589 0 1309183 0 976502
1786790501.799218 1313169 1075548 2866 1589 0 1309183 0 976502
1786790502.799091 1313169 1075548 2866 1589 0 1309183 0 976502
1786790503.799199 1313169 1075548 2866 1589 0 1309183 0 976502
1786790504.799194 1313169 1075548 2866 1589 0 1309183 0 976502
1786790505.799312 1313169 1075548 2866 1589 0 1309183 0 976502
1786790506.799050 1313169 1075548 2866 1589 0 1309183 0 976502
1786790507.799329 1313169 1075548 2866 1589 0 1309183 0 976502
1786790508.799477 1313169 1075548 2866 1589 0 1309183 0 976502
1786790509.799344 1313169 1075548 2866 1589 0 1309183 0 976502
1786790510.799085 1313169 1075548 2866 1589 0 1309183 0 976502
1786790511.799142 1313169 1075548 2866 1589 0 1309183 0 976502
1786790512.799373 1313169 1075548 2866 1589 0 1309183 0 976502
1786790513.799307 1313169 1075548 2866 1589 0 1309183 0 976502
1786790514.799102 1313169 1075548 2866 1589 0 1309183 0 976502
1786790515.799101 1313169 1075548 2866 1589 0 1309183 0 976502
1786790516.799256 1313169 1075548 2866 1589 0 1309183 0 976502
1786790517.799263 1313169 1075548 2866 1589 0 1309183 0 976502
1786790518.799213 1313169 1075548 2866 1589 0 1309183 0 976502
1786790519.799320 1313169 1075548 2866 1589 0 1309183 0 976502
1786790520.799138 1313169 1075548 2866 1589 0 1309183 0 976502
1786790521.799310 1313169 1075548 2866 1589 0 1309183 0 976502
1786790522.799165 1313169 1075548 2866 1589 0 1309183 0 976502
1786790523.799114 1313169 1075548 2866 1589 0 1309183 0 976502
1786790524.799314 1313169 1075548 2866 1589 0 1309183 0 976502
1786790525.799202 1313169 1075548 2866 1589 0 1309183 0 976502
1786790526.799064 1313169 1075548 2866 1589 0 1309183 0 976502
1786790527.799278 1313169 1075548 2866 1589 0 1309183 0 976502
1786790528.799276 1313169 1075548 2866 1589 0 1309183 0 976502
1786790529.799162 1313169 1075548 2866 1589 0 1309183 0 976502
1786790530.798998 1313169 1075548 2866 1589 0 1309183 0 976502
1786790531.799255 1313169 1075548 2866 1589 0 1309183 0 976502
1786790532.799419 1313169 1075548 2866 1589 0 1309183 0 976502
1786790533.800122 1313169 1075548 2866 1589 0 1309183 0 976502
1786790534.799031 1313169 1075548 2866 1589 0 1309183 0 976502
1786790535.799160 1313169 1075548 2866 1589 0 1309183 0 976502
1786790536.799242 1313169 1075548 2866 1589 0 1309183 0 976502
1786790537.799324 1313169 1075548 2866 1589 0 1309183 0 976502
1786790538.799195 1313169 1075548 2866 1589 0 1309183 0 976502
1786790539.799077 1313169 1075548 2866 1589 0 1309183 0 976502
1786790540.799410 1313169 1075548 2866 1589 0 1309183 0 976502
1786790541.799117 1313169 1075548 2866 1589 0 1309183 0 976502
1786790542.799167 1313169 1075548 2866 1589 0 1309183 0 976502
1786790543.799355 1313169 1075548 2866 1589 0 1309183 0 976502
1786790544.799221 1313169 1075548 2866 1589 0 1309183 0 976502
1786790545.799386 1313169 1075548 2866 1589 0 1309183 0 976502
1786790546.799227 1313169 1075548 2866 1589 0 1309183 0 976502
1786790547.799130 1313169 1075548 2866 1589 0 1309183 0 976502
1786790548.799723 1313169 1075548 2866 1589 0 1309183 0 976502
1786790549.799327 1313169 1075548 2866 1589 0 1309183 0 976502
1786790550.799112 1313169 1075548 2866 1589 0 1309183 0 976502
1786790551.799268 1313169 1075548 2866 1589 0 1309183 0 976502
1786790552.799222 1313169 1075548 2866 1589 0 1309183 0 976502
1786790553.799291 1313169 1075548 2866 1589 0 1309183 0 976502
1786790554.799006 1313169 1075548 2866 1589 0 1309183 0 976502
1786790555.799133 1313169 1075548 2866 1589 0 1309183 0 976502
1786790556.799170 1313169 1075548 2866 1589 0 1309183 0 976502
1786790557.799295 1313169 1075548 2866 1589 0 1309183 0 976502
1786790558.799133 1313169 1075548 2866 1589 0 1309183 0 976502
1786790559.799362 1313169 1075548 2866 1589 0 1309183 0 976502
1786790560.799253 1313169 1075548 2866 1589 0 1309183 0 976502
1786790561.799340 1313169 1075548 2866 1589 0 1309183 0 976502
1786790562.799079 1313169 1075548 2866 1589 0 1309183 0 976502
1786790563.799073 1313169 1075548 2866 1589 0 1309183 0 976502
1786790564.799198 1313169 1075548 2866 1589 0 1309183 0 976502
1786790565.799183 1313169 1075548 2866 1589 0 1309183 0 976502
1786790566.799009 1313169 1075548 2866 1589 0 1309183 0 976502
1786790567.799278 1313169 1075548 2866 1589 0 1309183 0 976502
1786790568.799269 1313169 1075548 2866 1589 0 1309183 0 976502
1786790569.799213 1313169 1075548 2866 1589 0 1309183 0 976502
1786790570.799060 1313169 1075548 2866 1589 0 1309183 0 976502
1786790571.799286 1313169 1075548 2866 1589 0 1309183 0 976502
1786790572.799747 1313169 1075548 2866 1589 0 1309183 0 976502
1786790573.799038 1313169 1075548 2866 1589 0 1309183 0 976502
1786790574.799035 1313169 1075548 2866 1589 0 1309183 0 976502
1786790575.799292 1313169 1075548 2866 1589 0 1309183 0 976502
1786790576.799246 1313169 1075548 2866 1589 0 1309183 0 976502
1786790577.799363 1313169 1075548 2866 1589 0 1309183 0 976502
1786790578.799083 1313169 1075548 2866 1589 0 1309183 0 976502
1786790579.799163 1313169 1075548 2866 1589 0 1309183 0 976502
1786790580.799213 1313169 1075548 2866 1589 0 1309183 0 976502
1786790581.799140 1313169 1075548 2866 1589 0 1309183 0 976502
1786790582.799052 1313169 1075548 2866 1589 0 1309183 0 976502
1786790583.799280 1313169 1075548 2866 1589 0 1309183 0 976502
1786790584.799233 1313169 1075548 2866 1589 0 1309183 0 976502
1786790585.799198 1313169 1075548 2866 1589 0 1309183 0 976502
1786790586.798943 1313169 1075548 2866 1589 0 1309183 0 976502
1786790587.799136 1313169 1075548 2866 1589 0 1309183 0 976502
1786790588.799590 1313169 1075548 2866 1589 0 1309183 0 976502
1786790589.799132 1313169 1075548 2866 1589 0 1309183 0 976502
1786790590.798991 1313169 1075548 2866 1589 0 1309183 0 976502
1786790591.799387 1313169 1075548 2866 1589 0 1309183 0 976502
1786790592.799347 1313169 1075548 2866 1589 0 1309183 0 976502
1786790593.799164 1313169 1075548 2866 1589 0 1309183 0 976502
1786790594.798986 1313169 1075548 2866 1589 0 1309183 0 976502
1786790595.799191 1313169 1075548 2866 1589 0 1309183 0 976502
1786790596.799249 1313169 1075548 2866 1589 0 1309183 0 976502
1786790597.799140 1313169 1075548 2866 1589 0 1309183 0 976502
1786790598.799116 1313169 1075548 2866 1589 0 1309183 0 976502
1786790599.799237 1313169 1075548 2866 1589 0 1309183 0 976502
1786790600.799193 1313169 1075548 2866 1589 0 1309183 0 976502
1786790601.799214 1313169 1075548 2866 1589 0 1309183 0 976502
1786790602.799139 1313169 1075548 2866 1589 0 1309183 0 976502
1786790603.799158 1313169 1075548 2866 1589 0 1309183 0 976502
1786790604.799203 1313169 1075548 2866 1589 0 1309183 0 976502
1786790605.799164 1313169 1075548 2866 1589 0 1309183 0 976502
1786790606.799091 1313169 1075548 2866 1589 0 1309183 0 976502
1786790607.799242 1313169 1075548 2866 1589 0 1309183 0 976502
1786790608.799312 1313169 1075548 2866 1589 0 1309183 0 976502
1786790609.799355 1313169 1075548 2866 1589 0 1309183 0 976502
1786790610.799003 1313169 1075548 2866 1589 0 1309183 0 976502
1786790611.799166 1313169 1075548 2866 1589 0 1309183 0 976502
1786790612.799234 1313169 1075548 2866 1589 0 1309183 0 976502
1786790613.799212 1313169 1075548 2866 1589 0 1309183 0 976502
1786790614.799039 1313169 1075548 2866 1589 0 1309183 0 976502
1786790615.799337 1313169 1075548 2866 1589 0 1309183 0 976502
1786790616.799271 1313169 1075548 2866 1589 0 1309183 0 976502
1786790617.799474 1313169 1075548 2866 1589 0 1309183 0 976502
1786790618.799206 1313169 1075548 2866 1589 0 1309183 0 976502
1786790619.799382 1313169 1075548 2866 1589 0 1309183 0 976502
