# start_epoch=1786790621.242135  page_size=4096  cachestat=ok  fields=size,resident,shared,text,lib,data,dt,pagecache
1786790622.246210 70924 41859 2738 1589 0 66943 0 62656
1786790623.248111 70924 34671 2738 1589 0 66943 0 94887
1786790624.249793 70924 40216 2738 1589 0 66943 0 123256
1786790625.251908 71820 44024 2802 1589 0 67839 0 159369
1786790626.253805 71820 35494 2802 1589 0 67839 0 191612
1786790627.255608 72844 39112 2802 1589 0 68863 0 221473
1786790628.257685 72844 43508 2802 1589 0 68863 0 256451
1786790629.259667 72844 36766 2802 1589 0 68863 0 288749
1786790630.260797 74124 48676 2802 1589 0 70143 0 318405
1786790631.263643 74124 45758 2802 1589 0 70143 0 353589
1786790632.259318 74124 39047 2802 1589 0 70143 0 384353
1786790633.267390 74124 48170 2802 1589 0 70143 0 416893
1786790634.269254 75660 42181 2802 1589 0 71679 0 448936
1786790635.271183 75660 35717 2802 1589 0 71679 0 481234
1786790636.273137 75660 48379 2802 1589 0 71679 0 513775
1786790637.275003 75660 44490 2802 1589 0 71679 0 545051
1786790638.276978 75660 40376 2802 1589 0 71679 0 577350
1786790639.278781 77452 46847 2802 1589 0 73471 0 609634
1786790640.280588 77452 42997 2802 1589 0 73471 0 641195
1786790641.275242 77452 51930 2802 1589 0 73471 0 658091
1786790642.284606 77452 44458 2802 1589 0 73471 0 706260
1786790643.286633 77452 46140 2802 1589 0 73471 0 738815
1786790644.286607 79500 52806 2802 1589 0 75519 0 770346
1786790645.290611 79500 49742 2802 1589 0 75519 0 804677
1786790646.292719 79500 44872 2802 1589 0 75519 0 837232
1786790647.294508 79500 39374 2802 1589 0 75519 0 870043
1786790648.281693 79500 52808 2802 1589 0 75519 0 884317
1786790649.281090 84237 35893 2802 1589 0 80255 0 876002
1786790650.281652 85005 36531 2802 1589 0 81023 0 890350
1786790651.281729 85005 36531 2802 1589 0 81023 0 890350
1786790652.281652 85005 36220 2802 1589 0 81023 0 890351
1786790653.281667 85005 36531 2802 1589 0 81023 0 890351
1786790654.281672 85005 36084 2802 1589 0 81023 0 890352
1786790655.281451 85005 36513 2802 1589 0 81023 0 890353
1786790656.281571 85005 36526 2802 1589 0 81023 0 890353
1786790657.281535 85005 36526 2802 1589 0 81023 0 890353
1786790658.281505 85005 36526 2802 1589 0 81023 0 888808
1786790659.281554 88205 37864 2802 1589 0 84223 0 884106
1786790660.281547 88205 37864 2802 1589 0 84223 0 884107
1786790661.281410 88205 37864 2802 1589 0 84223 0 884107
1786790662.281437 88205 37864 2802 1589 0 84223 0 884107
1786790663.281418 88205 37957 2802 1589 0 84223 0 884108
1786790664.281254 88205 37743 2802 1589 0 84223 0 884109
1786790665.282117 88205 37743 2802 1589 0 84223 0 884109
1786790666.281247 88205 37915 2802 1589 0 84223 0 884109
1786790667.281515 88205 38092 2802 1589 0 84223 0 884110
1786790668.281350 88205 38090 2802 1589 0 84223 0 884111
1786790669.280693 89741 23542 2802 1589 0 85759 0 866350
1786790670.280991 89741 22577 2802 1589 0 85759 0 877888
1786790671.281657 89741 23260 2802 1589 0 85759 0 877888
1786790672.280927 89741 23625 2802 1589 0 85759 0 877889
1786790673.280998 89741 23625 2802 1589 0 85759 0 877889
1786790674.281041 89741 23727 2802 1589 0 85759 0 877890
1786790675.281196 89741 23727 2802 1589 0 85759 0 877891
1786790676.281144 89741 23727 2802 1589 0 85759 0 877891
1786790677.281246 89741 23727 2802 1589 0 85759 0 877891
1786790678.281238 89741 23727 2802 1589 0 85759 0 877892
1786790679.280777 91533 23665 2802 1589 0 87551 0 871668
1786790680.282814 93581 24178 2802 1589 0 89599 0 871669
1786790681.281034 93581 24178 2802 1589 0 89599 0 871669
1786790682.280607 93581 24503 2802 1589 0 89599 0 871669
1786790683.280891 93581 24503 2802 1589 0 89599 0 871670
1786790684.280713 93581 24111 2802 1589 0 89599 0 871671
1786790685.280772 93581 23657 2802 1589 0 89599 0 871671
1786790686.280671 93581 24047 2802 1589 0 89599 0 871672
1786790687.280775 93581 24077 2802 1589 0 89599 0 871672
1786790688.280581 93581 24077 2802 1589 0 89599 0 871673
1786790689.281049 93581 23223 2802 1589 0 89599 0 865448
1786790690.280150 96141 23735 2802 1589 0 92159 0 865449
1786790691.279485 147854 101115 2834 1589 0 143871 0 846194
1786790692.279990 276878 211707 2834 1589 0 272895 0 846194
1786790693.280219 370062 322743 2834 1589 0 366079 0 846194
1786790694.279481 496526 433335 2834 1589 0 492543 0 846194
1786790695.279570 680846 543927 2834 1589 0 676863 0 846194
1786790696.279427 802702 651447 2834 1589 0 798719 0 846194
1786790697.279691 802702 761527 2834 1589 0 798719 0 846194
1786790698.279352 939918 871095 2834 1589 0 935935 0 846194
1786790699.279334 1103758 981175 2834 1589 0 1099775 0 846194
1786790700.279388 1307534 1090743 2834 1589 0 1303551 0 846194
1786790701.279470 1307534 1198775 2834 1589 0 1303551 0 846194
1786790702.279601 1545102 1308855 2834 1589 0 1541119 0 846194
1786790703.279606 1545102 1415107 2834 1589 0 1541119 0 846194
1786790704.281280 1545102 1506745 2834 1589 0 1541119 0 846194
1786790705.279617 1820046 1596945 3007 1589 0 1816063 0 846194
1786790706.279631 1820046 1687310 3007 1589 0 1816063 0 846194
1786790707.279411 1824143 1688712 3007 1589 0 1820159 0 846194
1786790708.279269 1824143 1688712 3007 1589 0 1820159 0 846194
1786790709.279484 1824143 1688712 3007 1589 0 1820159 0 846194
1786790710.279642 1824143 1688712 3007 1589 0 1820159 0 846194
1786790711.279425 1824143 1688712 3007 1589 0 1820159 0 846194
1786790712.279371 1824143 1688712 3007 1589 0 1820159 0 846194
1786790713.279329 1824143 1688712 3007 1589 0 1820159 0 846194
1786790714.279442 1824143 1688712 3007 1589 0 1820159 0 846194
1786790715.279383 1824143 1688712 3007 1589 0 1820159 0 846194
1786790716.279292 1828240 1688717 3007 1589 0 1824255 0 846194
1786790717.279445 1828240 1688717 3007 1589 0 1824255 0 846194
1786790718.279650 1828240 1688717 3007 1589 0 1824255 0 846194
1786790719.279426 1828240 1688717 3007 1589 0 1824255 0 846194
1786790720.279456 1828240 1688717 3007 1589 0 1824255 0 846194
1786790721.279366 1828240 1688717 3007 1589 0 1824255 0 846194
1786790722.279464 1828240 1688717 3007 1589 0 1824255 0 846194
1786790723.279343 1828240 1688717 3007 1589 0 1824255 0 846194
1786790724.279383 1828240 1688717 3007 1589 0 1824255 0 846194
1786790725.279311 1832337 1688717 3007 1589 0 1828351 0 846194
1786790726.279645 1832337 1688717 3007 1589 0 1828351 0 846194
1786790727.279607 1832337 1688717 3007 1589 0 1828351 0 846194
1786790728.279650 1832337 1688717 3007 1589 0 1828351 0 846194
1786790729.279604 1832337 1688717 3007 1589 0 1828351 0 846194
1786790730.279590 1832337 1688717 3007 1589 0 1828351 0 846194
1786790731.279413 1832337 1688717 3007 1589 0 1828351 0 846194
1786790732.279310 1832337 1688717 3007 1589 0 1828351 0 846194
1786790733.279378 1832337 1688717 3007 1589 0 1828351 0 846194
1786790734.279454 1832337 1688717 3007 1589 0 1828351 0 846194
1786790735.279543 1832337 1688717 3007 1589 0 1828351 0 846194
1786790736.279592 1832337 1688717 3007 1589 0 1828351 0 846194
1786790737.279401 1832337 1688717 3007 1589 0 1828351 0 846194
1786790738.279570 1832337 1688717 3007 1589 0 1828351 0 846194
1786790739.279418 1832337 1688717 3007 1589 0 1828351 0 846194
1786790740.279365 1832337 1688717 3007 1589 0 1828351 0 846194
1786790741.279349 1832337 1688717 3007 1589 0 1828351 0 846194
1786790742.279519 1832337 1688717 3007 1589 0 1828351 0 846194
1786790743.279508 1832337 1688717 3007 1589 0 1828351 0 846194
1786790744.279446 1832337 1688717 3007 1589 0 1828351 0 846194
1786790745.279376 1832337 1688717 3007 1589 0 1828351 0 846194
1786790746.279520 1832337 1688717 3007 1589 0 1828351 0 846194
1786790747.279394 1832337 1688717 3007 1589 0 1828351 0 846194
1786790748.303871 1832337 1688717 3007 1589 0 1828351 0 846194
1786790749.279354 1832337 1688717 3007 1589 0 1828351 0 846194
1786790750.279421 1832337 1688717 3007 1589 0 1828351 0 846194
1786790751.279540 1832337 1688717 3007 1589 0 1828351 0 846194
1786790752.279426 1832337 1688717 3007 1589 0 1828351 0 846194
1786790753.279415 1832337 1688717 3007 1589 0 1828351 0 846194
1786790754.279523 1832337 1688717 3007 1589 0 1828351 0 846194
1786790755.279439 1832337 1688717 3007 1589 0 1828351 0 846194
1786790756.279410 1832337 1688717 3007 1589 0 1828351 0 846194
1786790757.279443 1832337 1688717 3007 1589 0 1828351 0 846194
1786790758.279331 1832337 1688717 3007 1589 0 1828351 0 846194
1786790759.279539 1832337 1688717 3007 1589 0 1828351 0 846194
1786790760.279623 1832337 1688717 3007 1589 0 1828351 0 846194
1786790761.279459 1832337 1688717 3007 1589 0 1828351 0 846194
1786790762.279594 1832337 1688717 3007 1589 0 1828351 0 846194
1786790763.279392 1832337 1688717 3007 1589 0 1828351 0 846194
1786790764.279384 1832337 1688717 3007 1589 0 1828351 0 846194
1786790765.279322 1832337 1688717 3007 1589 0 1828351 0 846194
1786790766.279314 1832337 1688717 3007 1589 0 1828351 0 846194
1786790767.279483 1832337 1688717 3007 1589 0 1828351 0 846194
1786790768.279330 1832337 1688717 3007 1589 0 1828351 0 846194
1786790769.279526 1832337 1688717 3007 1589 0 1828351 0 846194
1786790770.279421 1832337 1688717 3007 1589 0 1828351 0 846194
1786790771.279390 1832337 1688717 3007 1589 0 1828351 0 846194
1786790772.279577 1832337 1688717 3007 1589 0 1828351 0 846194
1786790773.279903 1832337 1688717 3007 1589 0 1828351 0 846194
1786790774.279370 1832337 1688717 3007 1589 0 1828351 0 846194
1786790775.279934 1832337 1688717 3007 1589 0 1828351 0 846194
1786790776.279419 1832337 1688717 3007 1589 0 1828351 0 846194
1786790777.279314 1832337 1688717 3007 1589 0 1828351 0 846194
1786790778.279257 1832337 1688717 3007 1589 0 1828351 0 846194
1786790779.279222 1832337 1688717 3007 1589 0 1828351 0 846194
1786790780.279492 1832337 1688717 3007 1589 0 1828351 0 846194
1786790781.279341 1832337 1688717 3007 1589 0 1828351 0 846194
1786790782.279442 1832337 1688717 3007 1589 0 1828351 0 846194
1786790783.279429 1832337 1688717 3007 1589 0 1828351 0 846194
1786790784.279306 1832337 1688717 3007 1589 0 1828351 0 846194
1786790785.279348 1832337 1688717 3007 1589 0 1828351 0 846194
1786790786.279517 1832337 1688717 3007 1589 0 1828351 0 846194
1786790787.279910 1832337 1688717 3007 1589 0 1828351 0 846194
1786790788.279331 1832337 1688717 3007 1589 0 1828351 0 846194
1786790789.279454 1832337 1688717 3007 1589 0 1828351 0 846194
1786790790.279381 1832337 1688717 3007 1589 0 1828351 0 846194
1786790791.279598 1832337 1688717 3007 1589 0 1828351 0 846194
1786790792.279998 1832337 1688717 3007 1589 0 1828351 0 846194
1786790793.279469 1832337 1688717 3007 1589 0 1828351 0 846194
1786790794.279680 1832337 1688717 3007 1589 0 1828351 0 846194
1786790795.279774 1832337 1688717 3007 1589 0 1828351 0 846194
1786790796.279621 1832337 1688717 3007 1589 0 1828351 0 846194
1786790797.279710 1832337 1688717 3007 1589 0 1828351 0 846194
1786790798.279627 1832337 1688717 3007 1589 0 1828351 0 846194
1786790799.279489 1832337 1688717 3007 1589 0 1828351 0 846194
1786790800.279417 1832337 1688717 3007 1589 0 1828351 0 846194
1786790801.279626 1832337 1688717 3007 1589 0 1828351 0 846194
1786790802.280263 1832337 1688717 3007 1589 0 1828351 0 846194
1786790803.279700 1832337 1688717 3007 1589 0 1828351 0 846194
1786790804.279536 1832337 1688717 3007 1589 0 1828351 0 846194
1786790805.280181 1832337 1689220 3007 1589 0 1828351 0 846194
1786790806.279783 1832337 1689220 3007 1589 0 1828351 0 846194
1786790807.280055 1832337 1689220 3007 1589 0 1828351 0 846194
1786790808.279426 1832337 1689220 3007 1589 0 1828351 0 846194
1786790809.279669 1832337 1689220 3007 1589 0 1828351 0 846194
1786790810.280250 1832337 1689220 3007 1589 0 1828351 0 846194
1786790811.279678 1832337 1689220 3007 1589 0 1828351 0 846194
1786790812.279621 1832337 1689220 3007 1589 0 1828351 0 846194
1786790813.280243 1832337 1689220 3007 1589 0 1828351 0 846194
1786790814.279510 1832337 1689220 3007 1589 0 1828351 0 846194
1786790815.279405 1832337 1689220 3007 1589 0 1828351 0 846194
1786790816.279597 1832337 1689220 3007 1589 0 1828351 0 846194
1786790817.279459 1832337 1689220 3007 1589 0 1828351 0 846194
1786790818.279636 1832337 1689220 3007 1589 0 1828351 0 846194
1786790819.279631 1832337 1689220 3007 1589 0 1828351 0 846194
1786790820.280049 1832337 1689220 3007 1589 0 1828351 0 846194
1786790821.279554 1832337 1689220 3007 1589 0 1828351 0 846194
1786790822.280139 1832337 1689220 3007 1589 0 1828351 0 846194
1786790823.279600 1832337 1689220 3007 1589 0 1828351 0 846194
1786790824.280196 1832337 1689220 3007 1589 0 1828351 0 846194
1786790825.279516 1832337 1689220 3007 1589 0 1828351 0 846194
1786790826.279738 1832337 1689220 3007 1589 0 1828351 0 846194
1786790827.279652 1832337 1689220 3007 1589 0 1828351 0 846194
1786790828.279698 1832337 1689220 3007 1589 0 1828351 0 846194
1786790829.279568 1832337 1689220 3007 1589 0 1828351 0 846194
1786790830.279595 1832337 1689220 3007 1589 0 1828351 0 846194
1786790831.279502 1832337 1689220 3007 1589 0 1828351 0 846194
1786790832.279702 1832337 1689220 3007 1589 0 1828351 0 846194
1786790833.279456 1832337 1689220 3007 1589 0 1828351 0 846194
1786790834.279627 1832337 1689220 3007 1589 0 1828351 0 846194
1786790835.279569 1832337 1689220 3007 1589 0 1828351 0 846194
1786790836.279674 1832337 1689220 3007 1589 0 1828351 0 846194
1786790837.279603 1832337 1689220 3007 1589 0 1828351 0 846194
1786790838.279705 1832337 1689220 3007 1589 0 1828351 0 846194
1786790839.279584 1832337 1689220 3007 1589 0 1828351 0 846194
1786790840.280284 1832337 1689220 3007 1589 0 1828351 0 846194
1786790841.279391 1832337 1689220 3007 1589 0 1828351 0 846194
1786790842.279429 1832337 1689220 3007 1589 0 1828351 0 846194
1786790843.279600 1832337 1689220 3007 1589 0 1828351 0 846194
1786790844.279594 1832337 1689220 3007 1589 0 1828351 0 846194
1786790845.279578 1832337 1689220 3007 1589 0 1828351 0 846194
1786790846.279585 1832337 1689220 3007 1589 0 1828351 0 846194
1786790847.279613 1832337 1689220 3007 1589 0 1828351 0 846194
1786790848.279461 1832337 1689220 3007 1589 0 1828351 0 846194
1786790849.279479 1832337 1689220 3007 1589 0 1828351 0 846194
1786790850.279630 1832337 1689220 3007 1589 0 1828351 0 846194
1786790851.279505 1832337 1689220 3007 1589 0 1828351 0 846194
1786790852.279691 1832337 1689220 3007 1589 0 1828351 0 846194
1786790853.279594 1832337 1689220 3007 1589 0 1828351 0 846194
1786790854.280349 1832337 1689220 3007 1589 0 1828351 0 846194
1786790855.279525 1832337 1689220 3007 1589 0 1828351 0 846194
1786790856.279538 1832337 1689220 3007 1589 0 1828351 0 846194
1786790857.279449 1832337 1689220 3007 1589 0 1828351 0 846194
1786790858.279620 1832337 1689220 3007 1589 0 1828351 0 846194
1786790859.279450 1832337 1689220 3007 1589 0 1828351 0 846194
1786790860.279642 1832337 1689220 3007 1589 0 1828351 0 846194
1786790861.279576 1832337 1689220 3007 1589 0 1828351 0 846194
1786790862.279600 1832337 1689220 3007 1589 0 1828351 0 846194
1786790863.279678 1832337 1689220 3007 1589 0 1828351 0 846194
1786790864.279520 1832337 1689220 3007 1589 0 1828351 0 846194
1786790865.279423 1832337 1689220 3007 1589 0 1828351 0 846194
1786790866.279413 1832337 1689220 3007 1589 0 1828351 0 846194
1786790867.279390 1832337 1689220 3007 1589 0 1828351 0 846194
1786790868.279742 1832337 1689220 3007 1589 0 1828351 0 846194
1786790869.279705 1832337 1689220 3007 1589 0 1828351 0 846194
1786790870.279634 1832337 1689220 3007 1589 0 1828351 0 846194
1786790871.279522 1832337 1689220 3007 1589 0 1828351 0 846194
1786790872.280010 1832337 1689220 3007 1589 0 1828351 0 846194
1786790873.279490 1832337 1689220 3007 1589 0 1828351 0 846194
1786790874.280118 1832337 1689220 3007 1589 0 1828351 0 846194
1786790875.279367 1832337 1689220 3007 1589 0 1828351 0 846194
1786790876.279612 1832337 1689220 3007 1589 0 1828351 0 846194
1786790877.279533 1832337 1689220 3007 1589 0 1828351 0 846194
1786790878.279710 1832337 1689220 3007 1589 0 1828351 0 846194
1786790879.279479 1832337 1689220 3007 1589 0 1828351 0 846194
1786790880.279431 1832337 1689220 3007 1589 0 1828351 0 846194
1786790881.279506 1832337 1689220 3007 1589 0 1828351 0 846194
1786790882.279427 1832337 1689220 3007 1589 0 1828351 0 846194
1786790883.279495 1832337 1689220 3007 1589 0 1828351 0 846194
1786790884.279394 1832337 1689220 3007 1589 0 1828351 0 846194
1786790885.279682 1832337 1689220 3007 1589 0 1828351 0 846194
1786790886.279362 1832337 1689220 3007 1589 0 1828351 0 846194
1786790887.279740 1832337 1689220 3007 1589 0 1828351 0 846194
1786790888.279351 1832337 1689220 3007 1589 0 1828351 0 846194
1786790889.279527 1832337 1689220 3007 1589 0 1828351 0 846194
1786790890.279518 1832337 1689220 3007 1589 0 1828351 0 846194
1786790891.279755 1832337 1689220 3007 1589 0 1828351 0 846194
1786790892.279495 1832337 1689220 3007 1589 0 1828351 0 846194
1786790893.279751 1832337 1689220 3007 1589 0 1828351 0 846194
1786790894.279578 1832337 1689220 3007 1589 0 1828351 0 846194
1786790895.279809 1832337 1689220 3007 1589 0 1828351 0 846194
1786790896.279365 1832337 1689220 3007 1589 0 1828351 0 846194
1786790897.279481 1832337 1689220 3007 1589 0 1828351 0 846194
1786790898.279625 1832337 1689220 3007 1589 0 1828351 0 846194
1786790899.279416 1832337 1689220 3007 1589 0 1828351 0 846194
1786790900.279372 1832337 1689220 3007 1589 0 1828351 0 846194
1786790901.279344 1832337 1689220 3007 1589 0 1828351 0 846194
1786790902.279596 1832337 1689220 3007 1589 0 1828351 0 846194
1786790903.279496 1832337 1689220 3007 1589 0 1828351 0 846194
1786790904.279542 1832337 1689220 3007 1589 0 1828351 0 846194
1786790905.279476 1832337 1689220 3007 1589 0 1828351 0 846194
1786790906.279487 1832337 1689220 3007 1589 0 1828351 0 846194
1786790907.279568 1832337 1689220 3007 1589 0 1828351 0 846194
1786790908.279399 1832337 1689220 3007 1589 0 1828351 0 846194
1786790909.279381 1832337 1689220 3007 1589 0 1828351 0 846194
1786790910.279490 1832337 1689220 3007 1589 0 1828351 0 846194
1786790911.279492 1832337 1689220 3007 1589 0 1828351 0 846194
1786790912.279391 1832337 1689220 3007 1589 0 1828351 0 846194
1786790913.279501 1832337 1689220 3007 1589 0 1828351 0 846194
1786790914.279395 1832337 1689220 3007 1589 0 1828351 0 846194
1786790915.279331 1832337 1689220 3007 1589 0 1828351 0 846194
1786790916.279761 1832337 1689220 3007 1589 0 1828351 0 846194
1786790917.279255 1832337 1689220 3007 1589 0 1828351 0 846194
1786790918.279369 1832337 1689220 3007 1589 0 1828351 0 846194
1786790919.279615 1832337 1689220 3007 1589 0 1828351 0 846194
1786790920.279535 1832337 1689220 3007 1589 0 1828351 0 846194
1786790921.279532 1832337 1689220 3007 1589 0 1828351 0 846194
1786790922.279483 1832337 1689220 3007 1589 0 1828351 0 846194
1786790923.279423 1832337 1689220 3007 1589 0 1828351 0 846194
1786790924.279403 1832337 1689220 3007 1589 0 1828351 0 846194
1786790925.279329 1832337 1689220 3007 1589 0 1828351 0 846194
1786790926.280254 1832337 1689220 3007 1589 0 1828351 0 846194
1786790927.279472 1832337 1689220 3007 1589 0 1828351 0 846194
1786790928.279456 1832337 1689220 3007 1589 0 1828351 0 846194
1786790929.279387 1832337 1689220 3007 1589 0 1828351 0 846194
1786790930.279369 1832337 1689898 3007 1589 0 1828351 0 846194
1786790931.279547 1832337 1689898 3007 1589 0 1828351 0 846194
1786790932.279352 1832337 1689898 3007 1589 0 1828351 0 846194
1786790933.279334 1832337 1689898 3007 1589 0 1828351 0 846194
1786790934.279320 1832337 1689898 3007 1589 0 1828351 0 846194
1786790935.279461 1832337 1689898 3007 1589 0 1828351 0 846194
1786790936.279538 1832337 1689898 3007 1589 0 1828351 0 846194
1786790937.279410 1832337 1689898 3007 1589 0 1828351 0 846194
1786790938.279413 1832337 1689898 3007 1589 0 1828351 0 846194
1786790939.279422 1832337 1689898 3007 1589 0 1828351 0 846194
1786790940.279335 1832337 1690021 3007 1589 0 1828351 0 846194
1786790941.279430 1832337 1690021 3007 1589 0 1828351 0 846194
1786790942.279308 1832337 1690021 3007 1589 0 1828351 0 846194
1786790943.279500 1832337 1690021 3007 1589 0 1828351 0 846194
1786790944.279437 1832337 1690021 3007 1589 0 1828351 0 846194
1786790945.279635 1832337 1690021 3007 1589 0 1828351 0 846194
1786790946.279545 1832337 1690021 3007 1589 0 1828351 0 846194
1786790947.279402 1832337 1690021 3007 1589 0 1828351 0 846194
1786790948.279395 1832337 1690021 3007 1589 0 1828351 0 846194
1786790949.279325 1832337 1690021 3007 1589 0 1828351 0 846194
1786790950.279425 1832337 1690021 3007 1589 0 1828351 0 846194
1786790951.279576 1832337 1690021 3007 1589 0 1828351 0 846194
1786790952.279521 1832337 1690021 3007 1589 0 1828351 0 846194
1786790953.279422 1832337 1690021 3007 1589 0 1828351 0 846194
1786790954.279407 1832337 1690021 3007 1589 0 1828351 0 846194
1786790955.279371 1832337 1690021 3007 1589 0 1828351 0 846194
1786790956.279593 1832337 1690021 3007 1589 0 1828351 0 846194
1786790957.279373 1832337 1690021 3007 1589 0 1828351 0 846194
1786790958.279478 1832337 1690021 3007 1589 0 1828351 0 846194
1786790959.279398 1832337 1690021 3007 1589 0 1828351 0 846194
1786790960.279527 1832337 1690021 3007 1589 0 1828351 0 846194
1786790961.279507 1832337 1690021 3007 1589 0 1828351 0 846194
1786790962.279636 1832337 1690021 3007 1589 0 1828351 0 846194
1786790963.279419 1832337 1690021 3007 1589 0 1828351 0 846194
1786790964.279392 1832337 1690021 3007 1589 0 1828351 0 846194
1786790965.279414 1832337 1690021 3007 1589 0 1828351 0 846194
1786790966.279395 1832337 1690021 3007 1589 0 1828351 0 846194
1786790967.279315 1832337 1690021 3007 1589 0 1828351 0 846194
1786790968.279608 1832337 1690021 3007 1589 0 1828351 0 846194
1786790969.279462 1832337 1690021 3007 1589 0 1828351 0 846194
1786790970.279512 1832337 1690021 3007 1589 0 1828351 0 846194
1786790971.279620 1832337 1690021 3007 1589 0 1828351 0 846194
1786790972.279399 1832337 1690021 3007 1589 0 1828351 0 846194
1786790973.279368 1832337 1690021 3007 1589 0 1828351 0 846194
1786790974.283017 1832337 1690021 3007 1589 0 1828351 0 846194
1786790975.279295 1832337 1690021 3007 1589 0 1828351 0 846194
1786790976.279626 1832337 1690021 3007 1589 0 1828351 0 846194
1786790977.279593 1832337 1690021 3007 1589 0 1828351 0 846194
1786790978.280035 1832337 1690021 3007 1589 0 1828351 0 846194
1786790979.279246 1832337 1690021 3007 1589 0 1828351 0 846194
1786790980.279512 1832337 1690021 3007 1589 0 1828351 0 846194
1786790981.279395 1832337 1690021 3007 1589 0 1828351 0 846194
1786790982.279344 1832337 1690021 3007 1589 0 1828351 0 846194
1786790983.279408 1832337 1690021 3007 1589 0 1828351 0 846194
1786790984.279234 1832337 1690021 3007 1589 0 1828351 0 846194
1786790985.279461 1832337 1690021 3007 1589 0 1828351 0 846194
1786790986.279382 1832337 1690021 3007 1589 0 1828351 0 846194
1786790987.279524 1832337 1690021 3007 1589 0 1828351 0 846194
1786790988.279440 1832337 1690021 3007 1589 0 1828351 0 846194
1786790989.279229 1832337 1690021 3007 1589 0 1828351 0 846194
1786790990.279326 1832337 1690021 3007 1589 0 1828351 0 846194
1786790991.279416 1832337 1690021 3007 1589 0 1828351 0 846194
1786790992.279324 1832337 1690021 3007 1589 0 1828351 0 846194
1786790993.279566 1832337 1690021 3007 1589 0 1828351 0 846194
1786790994.279497 1832337 1690021 3007 1589 0 1828351 0 846194
1786790995.279538 1832337 1690021 3007 1589 0 1828351 0 846194
1786790996.279404 1832337 1690021 3007 1589 0 1828351 0 846194
1786790997.279411 1832337 1690021 3007 1589 0 1828351 0 846194
1786790998.279380 1832337 1690021 3007 1589 0 1828351 0 846194
1786790999.279329 1832337 1690021 3007 1589 0 1828351 0 846194
1786791000.279362 1832337 1690021 3007 1589 0 1828351 0 846194
1786791001.279396 1832337 1690021 3007 1589 0 1828351 0 846194
1786791002.279823 1832337 1690021 3007 1589 0 1828351 0 846194
1786791003.279452 1832337 1690021 3007 1589 0 1828351 0 846194
1786791004.279419 1832337 1690021 3007 1589 0 1828351 0 846194
1786791005.280001 1832337 1690021 3007 1589 0 1828351 0 846194
1786791006.279377 1832337 1690021 3007 1589 0 1828351 0 846194
1786791007.279338 1832337 1690021 3007 1589 0 1828351 0 846194
1786791008.279317 1832337 1690021 3007 1589 0 1828351 0 846194
1786791009.279314 1832337 1690021 3007 1589 0 1828351 0 846194
1786791010.279438 1832337 1690021 3007 1589 0 1828351 0 846194
1786791011.279489 1832337 1690021 3007 1589 0 1828351 0 846194
1786791012.279414 1832337 1690021 3007 1589 0 1828351 0 846194
1786791013.279428 1832337 1690021 3007 1589 0 1828351 0 846194
1786791014.279319 1832337 1690021 3007 1589 0 1828351 0 846194
1786791015.279273 1832337 1690021 3007 1589 0 1828351 0 846194
1786791016.279245 1832337 1690021 3007 1589 0 1828351 0 846194
