# start_epoch=1786295627.834868  page_size=4096  cachestat=ok  fields=size,resident,shared,text,lib,data,dt,pagecache
1786295628.835541 438848 28928 3188 2101 0 434249 0 19056
1786295629.835620 448711 30716 3324 2101 0 444105 0 31305
1786295630.836128 449479 35597 3324 2101 0 444873 0 43556
1786295631.836851 449479 31229 3324 2101 0 444873 0 55805
1786295632.850926 449479 37466 3393 2101 0 444873 0 84836
1786295633.837215 449479 34201 3456 2101 0 444873 0 68073
1786295634.837018 449479 32137 3456 2101 0 444873 0 80323
1786295635.848420 450126 37984 3463 2101 0 445513 0 108070
1786295636.852362 450126 36605 3463 2101 0 445513 0 113888
1786295637.838445 450126 32485 3463 2101 0 445513 0 104019
1786295638.838840 450126 38726 3463 2101 0 445513 0 116270
1786295639.851555 450126 38727 3463 2101 0 445513 0 141717
1786295640.851942 456270 35631 3463 2101 0 451657 0 148848
1786295641.838303 456270 39735 3463 2101 0 451657 0 140772
1786295642.838689 456270 34705 3463 2101 0 451657 0 150814
1786295643.839014 456270 34699 3463 2101 0 451657 0 163065
1786295644.852564 456270 37274 3463 2101 0 451657 0 186464
1786295645.839306 456270 39110 3463 2101 0 451657 0 175314
1786295646.839457 457038 33128 3463 2101 0 452425 0 185862
1786295647.839942 457038 33124 3463 2101 0 452425 0 198113
1786295648.840430 457038 34268 3463 2101 0 452425 0 210365
1786295649.853300 457038 38901 3463 2101 0 452425 0 235812
1786295650.851739 457038 38267 3463 2101 0 452425 0 243455
1786295651.840908 457038 36765 3463 2101 0 452425 0 232591
1786295652.840898 457038 39269 3463 2101 0 452425 0 243829
1786295653.841563 457038 33212 3463 2101 0 452425 0 256079
1786295654.852878 457038 41456 3463 2101 0 452425 0 283318
1786295655.853511 457038 39627 3463 2101 0 452425 0 291728
1786295656.854207 457038 36211 3463 2101 0 452425 0 296904
1786295657.839193 457038 34736 3463 2101 0 452425 0 289090
1786295658.842687 457038 37089 3463 2101 0 452425 0 300319
1786295659.854144 457038 40458 3463 2101 0 452425 0 326790
1786295660.856468 457038 37271 3463 2101 0 452425 0 333675
1786295661.842873 457038 36576 3463 2101 0 452425 0 323806
1786295662.843349 457038 36642 3463 2101 0 452425 0 336057
1786295663.843661 457038 36401 3463 2101 0 452425 0 348308
1786295664.857699 457934 39396 3463 2101 0 453321 0 372774
1786295665.858169 457934 36706 3463 2101 0 453321 0 376591
1786295666.844015 457934 40077 3463 2101 0 453321 0 367320
1786295667.844208 458830 39117 3463 2101 0 454217 0 377817
1786295668.855343 458830 43475 3463 2101 0 454217 0 406848
1786295669.873448 458830 41485 3463 2101 0 454217 0 413210
1786295670.844570 458830 36943 3463 2101 0 454217 0 402317
1786295671.848265 458830 38492 3463 2101 0 454217 0 410820
1786295672.875120 458830 38737 3463 2101 0 454217 0 431915
1786295673.848632 458830 37715 3463 2101 0 454217 0 421603
1786295674.862418 458830 40283 3463 2101 0 454217 0 449610
1786295675.849068 458830 35604 3463 2101 0 454217 0 431879
1786295676.849415 458830 38944 3463 2101 0 454217 0 444130
1786295677.859714 458830 39456 3463 2101 0 454217 0 466761
1786295678.845826 458830 37354 3463 2101 0 454217 0 456379
1786295679.846538 458830 41856 3463 2101 0 454217 0 468627
1786295680.846919 459854 35904 3463 2101 0 455241 0 474964
1786295681.857765 459854 42314 3463 2101 0 455241 0 501355
1786295682.858392 459854 44618 3463 2101 0 455241 0 506602
1786295683.847099 459854 38451 3463 2101 0 455241 0 495471
1786295684.847465 459854 44138 3463 2101 0 455241 0 507723
1786295685.861576 459854 44477 3463 2101 0 455241 0 517557
1786295686.858729 459854 42171 3463 2101 0 455241 0 544029
1786295687.859860 459854 44616 3463 2101 0 455241 0 551928
1786295688.848117 459854 37791 3463 2101 0 455241 0 542058
1786295689.848497 459854 44437 3463 2101 0 455241 0 554309
1786295690.859297 459854 40417 3463 2101 0 455241 0 566560
1786295691.860010 459854 42021 3463 2101 0 455241 0 584072
1786295692.861411 459854 44593 3463 2101 0 455241 0 587830
1786295693.848897 459854 42032 3463 2101 0 455241 0 579913
1786295694.852745 459854 37964 3463 2101 0 455241 0 589195
1786295695.853044 459854 38293 3463 2101 0 455241 0 599664
1786295696.865272 459854 40381 3463 2101 0 455241 0 669834
1786295697.851949 459854 42036 3463 2101 0 455241 0 622455
1786295698.850005 459854 41516 3463 2101 0 455241 0 621748
1786295699.851008 459854 41534 3463 2101 0 455241 0 633998
1786295700.867920 459854 41535 3463 2101 0 455241 0 663029
1786295701.869505 459854 37997 3463 2101 0 455241 0 666321
1786295702.851183 459854 45027 3463 2101 0 455241 0 658502
1786295703.854712 461134 40996 3463 2101 0 456521 0 658637
1786295704.868034 461134 44081 3463 2101 0 456521 0 732771
1786295705.867105 461134 44593 3463 2101 0 456521 0 690419
1786295706.851547 461134 35821 3463 2101 0 456521 0 676224
1786295707.851823 461134 43030 3463 2101 0 456521 0 688475
1786295708.856024 461134 38469 3463 2101 0 456521 0 696754
1786295709.855708 461134 38084 3463 2101 0 456521 0 705554
1786295710.866592 461134 40642 3463 2101 0 456521 0 728185
1786295711.856165 461134 42570 3463 2101 0 456521 0 736852
1786295712.856589 461134 38008 3463 2101 0 456521 0 730058
1786295713.856893 461134 39984 3463 2101 0 456521 0 742309
1786295714.869125 461134 41286 3463 2101 0 456521 0 769548
1786295715.862774 461134 37514 3463 2101 0 456521 0 774375
1786295716.857750 461134 40901 3463 2101 0 456521 0 750790
1786295717.858016 461134 39513 3463 2101 0 456521 0 759734
1786295718.867842 461134 43105 3463 2101 0 456521 0 784669
1786295719.867406 461134 39884 3463 2101 0 456521 0 789358
1786295720.853727 461134 40704 3463 2101 0 456521 0 778844
1786295721.854372 461134 41475 3463 2101 0 456521 0 788622
1786295722.864808 461134 41209 3463 2101 0 456521 0 800875
1786295723.871289 461134 41209 3463 2101 0 456521 0 825114
1786295724.859679 461134 37200 3463 2101 0 456521 0 829943
1786295725.859424 461134 40632 3463 2101 0 456521 0 823146
1786295726.859820 462158 38318 3463 2101 0 457545 0 835396
1786295727.868768 462158 41340 3463 2101 0 457545 0 861611
1786295728.860238 462158 38534 3463 2101 0 457545 0 847647
1786295729.860603 462158 41618 3463 2101 0 457545 0 859897
1786295730.860039 463694 38166 3463 2101 0 459081 0 852007
1786295731.869762 463694 41767 3463 2101 0 459081 0 869329
1786295732.853000 463694 45138 3463 2101 0 459081 0 860164
1786295733.861379 463694 34863 3463 2101 0 459081 0 868885
1786295734.856581 463694 36474 3463 2101 0 459081 0 877048
1786295735.857759 463694 40473 3463 2101 0 459081 0 885429
1786295736.872042 463694 41497 3463 2101 0 459081 0 948477
1786295737.854962 463694 40467 3463 2101 0 459081 0 894066
1786295738.862381 463694 37728 3463 2101 0 459081 0 902229
1786295739.862916 463694 44404 3463 2101 0 459081 0 909714
1786295740.871738 463694 45940 3463 2101 0 459081 0 938233
1786295741.869421 463694 42976 3463 2101 0 459081 0 945620
1786295742.873319 463694 43000 3463 2101 0 459081 0 954285
1786295743.858719 463694 39462 3463 2101 0 459081 0 946465
1786295744.859233 463694 45173 3463 2101 0 459081 0 958714
1786295745.869634 463694 42887 3463 2101 0 459081 0 970966
1786295746.871135 463694 44424 3463 2101 0 459081 0 996669
1786295747.871993 463694 41911 3463 2101 0 459081 0 1005079
1786295748.854694 463694 43326 3463 2101 0 459081 0 973079
1786295749.870234 463694 47427 3463 2101 0 459081 0 1002001
1786295750.872122 463694 47172 3463 2101 0 459081 0 1003428
1786295751.867180 463694 43299 3463 2101 0 459081 0 1011327
1786295752.865113 463694 43478 3463 2101 0 459081 0 999534
1786295753.859305 463694 41889 3463 2101 0 459081 0 1007031
1786295754.876272 463694 44389 3463 2101 0 459081 0 1070812
1786295755.872317 463694 43067 3463 2101 0 459081 0 1036093
1786295756.860217 463694 43839 3463 2101 0 459081 0 1021331
1786295757.865528 463694 35645 3463 2101 0 459081 0 1028027
1786295758.865839 463694 42592 3463 2101 0 459081 0 1040277
1786295759.878558 463694 42657 3463 2101 0 459081 0 1065468
1786295760.866665 463694 39248 3463 2101 0 459081 0 1052528
1786295761.866937 463694 45291 3463 2101 0 459081 0 1064779
1786295762.879455 463694 44805 3463 2101 0 459081 0 1095053
1786295763.879707 463694 41206 3463 2101 0 459081 0 1099406
1786295764.859232 463694 41207 3463 2101 0 459081 0 1089281
1786295765.853271 463694 41207 3463 2101 0 459081 0 1089281
1786295766.874149 465486 40797 3463 2101 0 460873 0 1079344
1786295767.861755 465486 43117 3463 2101 0 460873 0 1071524
1786295768.867420 465486 37225 3463 2101 0 460873 0 1078209
1786295769.867839 465486 37513 3463 2101 0 460873 0 1084584
1786295770.876860 465486 44431 3463 2101 0 460873 0 1153136
1786295771.867899 465486 42382 3463 2101 0 460873 0 1110864
1786295772.861441 465486 41864 3463 2101 0 460873 0 1098950
1786295773.863043 465486 43176 3463 2101 0 460873 0 1111202
1786295774.874177 465486 47218 3463 2101 0 460873 0 1137185
1786295775.876318 465486 44416 3463 2101 0 460873 0 1196114
1786295776.875341 465486 42047 3463 2101 0 460873 0 1146170
1786295777.868906 465486 45716 3463 2101 0 460873 0 1133232
1786295778.869339 465486 43666 3463 2101 0 460873 0 1145482
1786295779.881943 465486 44435 3463 2101 0 460873 0 1172970
1786295780.881667 465486 42687 3463 2101 0 460873 0 1178059
1786295781.870594 465486 45754 3463 2101 0 460873 0 1169982
1786295782.871414 465486 41642 3463 2101 0 460873 0 1182233
1786295783.883611 465486 43769 3463 2101 0 460873 0 1209472
1786295784.863251 465486 45274 3463 2101 0 460873 0 1194484
1786295785.855141 465486 45274 3463 2101 0 460873 0 1194484
1786295786.855208 465486 45274 3463 2101 0 460873 0 1194484
1786295787.863623 465486 44737 3463 2101 0 460873 0 1171055
1786295788.881346 465486 44737 3463 2101 0 460873 0 1188030
1786295789.870357 465486 46273 3463 2101 0 460873 0 1177139
1786295790.866912 465486 49360 3463 2101 0 460873 0 1182162
1786295791.860456 465486 49134 3463 2101 0 460873 0 1188022
1786295792.880041 465486 49391 3463 2101 0 460873 0 1213469
1786295793.878083 465486 49771 3463 2101 0 460873 0 1214810
1786295794.852291 465486 49728 3463 2101 0 460873 0 1206478
1786295795.853418 465486 39525 3463 2101 0 460873 0 1193001
1786295796.853234 465486 39525 3463 2101 0 460873 0 1185755
1786295797.853321 465486 39525 3463 2101 0 460873 0 1178481
1786295798.851893 465486 39525 3463 2101 0 460873 0 1172236
1786295799.853255 465486 39525 3463 2101 0 460873 0 1172236
1786295800.853283 465486 39525 3463 2101 0 460873 0 1166368
1786295801.853422 465486 39525 3463 2101 0 460873 0 1160098
1786295802.853132 465486 39525 3463 2101 0 460873 0 1160098
1786295803.852857 465486 39525 3463 2101 0 460873 0 1152257
1786295804.852860 465486 39525 3463 2101 0 460873 0 1152257
1786295805.853053 465486 39525 3463 2101 0 460873 0 1152257
1786295806.853122 465486 39525 3463 2101 0 460873 0 1152257
1786295807.852645 465486 39525 3463 2101 0 460873 0 1152257
1786295808.852957 465486 39525 3463 2101 0 460873 0 1152257
1786295809.852993 465486 39525 3463 2101 0 460873 0 1152257
1786295810.852900 465486 39525 3463 2101 0 460873 0 1152257
1786295811.852498 465486 40030 3463 2101 0 460873 0 1128219
1786295812.852362 465486 40033 3463 2101 0 460873 0 1121293
1786295813.853284 465486 39162 3463 2101 0 460873 0 1163354
1786295814.853150 465486 39162 3463 2101 0 460873 0 1163355
1786295815.852780 465486 39162 3463 2101 0 460873 0 1163355
1786295816.853196 465486 39162 3463 2101 0 460873 0 1163355
1786295817.852936 465486 39162 3463 2101 0 460873 0 1163355
1786295818.853202 465486 39162 3463 2101 0 460873 0 1163355
1786295819.853218 465486 39162 3463 2101 0 460873 0 1163355
1786295820.853214 465486 39162 3463 2101 0 460873 0 1163355
1786295821.853410 465486 39673 3463 2101 0 460873 0 1163355
1786295822.850377 467534 40204 3463 2101 0 462921 0 1067581
1786295823.851389 467534 40204 3463 2101 0 462921 0 1067584
1786295824.852482 467534 40204 3463 2101 0 462921 0 1114422
1786295825.852611 467534 40204 3463 2101 0 462921 0 1114422
1786295826.852146 467534 40204 3463 2101 0 462921 0 1114422
1786295827.852228 467534 40204 3463 2101 0 462921 0 1114422
1786295828.852385 467534 40204 3463 2101 0 462921 0 1114422
1786295829.852312 467534 40204 3463 2101 0 462921 0 1114422
1786295830.852531 467534 40204 3463 2101 0 462921 0 1114422
1786295831.852398 467534 40204 3463 2101 0 462921 0 1114422
1786295832.852581 467534 40204 3463 2101 0 462921 0 1114422
1786295833.852143 467534 39752 3463 2101 0 462921 0 1009221
1786295834.850860 467534 39752 3463 2101 0 462921 0 1009222
1786295835.850907 467534 39752 3463 2101 0 462921 0 1009222
1786295836.856568 467534 39752 3463 2101 0 462921 0 1009222
1786295837.851180 467534 39752 3463 2101 0 462921 0 1009222
1786295838.850969 467534 39752 3463 2101 0 462921 0 1009222
1786295839.850707 467534 39752 3463 2101 0 462921 0 1009222
1786295840.850676 467541 42547 3470 2101 0 462921 0 976342
1786295841.850424 561237 146461 3470 2101 0 556617 0 976342
1786295842.850202 690773 250418 3470 2101 0 686153 0 976342
1786295843.850569 802389 355266 3470 2101 0 797769 0 976342
1786295844.850557 871509 455832 3470 2101 0 866889 0 976342
1786295845.850730 957525 557747 3470 2101 0 952905 0 976342
1786295846.850727 1055829 658981 3470 2101 0 1051209 0 976342
1786295847.850443 1175637 757469 3470 2101 0 1171017 0 976342
1786295848.850288 1312853 861394 3470 2101 0 1308233 0 976342
1786295849.850294 1476693 963594 3470 2101 0 1472073 0 976342
1786295850.850456 1483861 1066146 3470 2101 0 1479241 0 976342
1786295851.850299 1485910 1091876 3470 2101 0 1481289 0 976342
1786295852.850652 1485910 1092308 3470 2101 0 1481289 0 976342
1786295853.850493 1485910 1092308 3470 2101 0 1481289 0 976342
1786295854.850042 1485910 1092308 3470 2101 0 1481289 0 976342
1786295855.850505 1485910 1092308 3470 2101 0 1481289 0 976342
1786295856.850730 1485910 1092308 3470 2101 0 1481289 0 976342
1786295857.851026 1485910 1092308 3470 2101 0 1481289 0 976342
1786295858.850643 1487959 1092293 3470 2101 0 1483337 0 976342
1786295859.850424 1487959 1092293 3470 2101 0 1483337 0 976342
1786295860.850382 1487959 1092293 3470 2101 0 1483337 0 976342
1786295861.850131 1487959 1092293 3470 2101 0 1483337 0 976342
1786295862.850516 1487959 1092293 3470 2101 0 1483337 0 976342
1786295863.850217 1487959 1092293 3470 2101 0 1483337 0 976342
1786295864.850367 1487959 1092293 3470 2101 0 1483337 0 976342
1786295865.850429 1487959 1092293 3470 2101 0 1483337 0 976342
1786295866.850705 1490001 1092287 3463 2101 0 1485385 0 976342
1786295867.849951 1490001 1092287 3463 2101 0 1485385 0 976342
1786295868.850710 1490001 1092287 3463 2101 0 1485385 0 976342
1786295869.850403 1490001 1092287 3463 2101 0 1485385 0 976342
1786295870.850166 1490001 1092287 3463 2101 0 1485385 0 976342
1786295871.850297 1490001 1092287 3463 2101 0 1485385 0 976342
1786295872.850221 1490001 1092703 3463 2101 0 1485385 0 976342
1786295873.850190 1490001 1092703 3463 2101 0 1485385 0 976342
1786295874.850311 1490001 1092703 3463 2101 0 1485385 0 976342
1786295875.850341 1490001 1092703 3463 2101 0 1485385 0 976342
1786295876.850313 1490001 1092703 3463 2101 0 1485385 0 976342
1786295877.850166 1490001 1092703 3463 2101 0 1485385 0 976342
1786295878.850571 1490001 1092703 3463 2101 0 1485385 0 976342
1786295879.850780 1490001 1092703 3463 2101 0 1485385 0 976342
1786295880.850378 1490001 1092703 3463 2101 0 1485385 0 976342
1786295881.850302 1490001 1092703 3463 2101 0 1485385 0 976342
1786295882.850488 1490001 1092703 3463 2101 0 1485385 0 976342
1786295883.850432 1490001 1093103 3463 2101 0 1485385 0 976342
1786295884.850398 1490001 1093103 3463 2101 0 1485385 0 976342
1786295885.850394 1490001 1093103 3463 2101 0 1485385 0 976342
1786295886.850407 1490001 1093103 3463 2101 0 1485385 0 976342
1786295887.850236 1490001 1093103 3463 2101 0 1485385 0 976342
1786295888.850321 1490001 1093103 3463 2101 0 1485385 0 976342
1786295889.850680 1490001 1093103 3463 2101 0 1485385 0 976342
1786295890.850374 1490001 1093103 3463 2101 0 1485385 0 976342
1786295891.850746 1490001 1093103 3463 2101 0 1485385 0 976342
1786295892.850723 1490001 1093103 3463 2101 0 1485385 0 976342
1786295893.850478 1490001 1093103 3463 2101 0 1485385 0 976342
1786295894.850320 1490001 1093103 3463 2101 0 1485385 0 976342
1786295895.850311 1490001 1093103 3463 2101 0 1485385 0 976342
1786295896.850239 1490001 1093103 3463 2101 0 1485385 0 976342
1786295897.850567 1490001 1093103 3463 2101 0 1485385 0 976342
1786295898.850496 1490001 1093103 3463 2101 0 1485385 0 976342
1786295899.850305 1490001 1093103 3463 2101 0 1485385 0 976342
1786295900.850385 1490001 1093103 3463 2101 0 1485385 0 976342
1786295901.850459 1490001 1093103 3463 2101 0 1485385 0 976342
1786295902.850270 1490001 1093103 3463 2101 0 1485385 0 976342
1786295903.850426 1490001 1093487 3463 2101 0 1485385 0 976342
1786295904.850208 1490001 1093487 3463 2101 0 1485385 0 976342
1786295905.850084 1490001 1093487 3463 2101 0 1485385 0 976342
1786295906.850458 1490001 1093487 3463 2101 0 1485385 0 976342
1786295907.850150 1490001 1093487 3463 2101 0 1485385 0 976342
1786295908.850333 1490001 1093487 3463 2101 0 1485385 0 976342
1786295909.850371 1490001 1093487 3463 2101 0 1485385 0 976342
1786295910.850546 1490001 1093487 3463 2101 0 1485385 0 976342
1786295911.850585 1490001 1093487 3463 2101 0 1485385 0 976342
1786295912.850400 1490001 1093487 3463 2101 0 1485385 0 976342
1786295913.850470 1490001 1093855 3463 2101 0 1485385 0 976342
1786295914.850566 1490001 1093855 3463 2101 0 1485385 0 976342
1786295915.850198 1490001 1093855 3463 2101 0 1485385 0 976342
1786295916.850756 1490001 1093855 3463 2101 0 1485385 0 976342
1786295917.850376 1490001 1093855 3463 2101 0 1485385 0 976342
1786295918.850474 1490001 1093855 3463 2101 0 1485385 0 976342
1786295919.850041 1490001 1093855 3463 2101 0 1485385 0 976342
1786295920.850335 1490001 1093855 3463 2101 0 1485385 0 976342
1786295921.850121 1490001 1093855 3463 2101 0 1485385 0 976342
1786295922.850200 1490001 1093855 3463 2101 0 1485385 0 976342
1786295923.850687 1490001 1093855 3463 2101 0 1485385 0 976342
1786295924.850467 1490001 1093855 3463 2101 0 1485385 0 976342
1786295925.850430 1490001 1093855 3463 2101 0 1485385 0 976342
1786295926.850161 1490001 1093855 3463 2101 0 1485385 0 976342
1786295927.850518 1490001 1093855 3463 2101 0 1485385 0 976342
1786295928.850161 1490001 1093855 3463 2101 0 1485385 0 976342
1786295929.850697 1490001 1093855 3463 2101 0 1485385 0 976342
1786295930.850590 1490001 1093855 3463 2101 0 1485385 0 976342
1786295931.850816 1490001 1093855 3463 2101 0 1485385 0 976342
1786295932.850405 1490001 1093855 3463 2101 0 1485385 0 976342
1786295933.850268 1490001 1093855 3463 2101 0 1485385 0 976342
1786295934.850330 1490001 1094207 3463 2101 0 1485385 0 976342
1786295935.850153 1490001 1094207 3463 2101 0 1485385 0 976342
1786295936.850556 1490001 1094207 3463 2101 0 1485385 0 976342
1786295937.850328 1490001 1094207 3463 2101 0 1485385 0 976342
1786295938.850397 1490001 1094207 3463 2101 0 1485385 0 976342
1786295939.850182 1490001 1094207 3463 2101 0 1485385 0 976342
1786295940.850068 1490001 1094207 3463 2101 0 1485385 0 976342
1786295941.850545 1490001 1094207 3463 2101 0 1485385 0 976342
1786295942.850497 1490001 1094207 3463 2101 0 1485385 0 976342
1786295943.850347 1490001 1094207 3463 2101 0 1485385 0 976342
1786295944.850441 1490001 1094543 3463 2101 0 1485385 0 976342
1786295945.850409 1490001 1094543 3463 2101 0 1485385 0 976342
1786295946.850443 1490001 1094543 3463 2101 0 1485385 0 976342
1786295947.850388 1490001 1094543 3463 2101 0 1485385 0 976342
1786295948.850446 1490001 1094543 3463 2101 0 1485385 0 976342
1786295949.851017 1490001 1094543 3463 2101 0 1485385 0 976342
1786295950.850216 1490001 1094543 3463 2101 0 1485385 0 976342
1786295951.850392 1490001 1094543 3463 2101 0 1485385 0 976342
1786295952.850041 1490001 1094543 3463 2101 0 1485385 0 976342
1786295953.849993 1490001 1094543 3463 2101 0 1485385 0 976342
1786295954.850501 1490001 1094543 3463 2101 0 1485385 0 976342
1786295955.850619 1490001 1094543 3463 2101 0 1485385 0 976342
1786295956.850656 1490001 1094543 3463 2101 0 1485385 0 976342
1786295957.850373 1490001 1094543 3463 2101 0 1485385 0 976342
1786295958.850306 1490001 1094543 3463 2101 0 1485385 0 976342
1786295959.850729 1490001 1094543 3463 2101 0 1485385 0 976342
1786295960.850270 1490001 1094543 3463 2101 0 1485385 0 976342
1786295961.850103 1490001 1094543 3463 2101 0 1485385 0 976342
1786295962.850185 1490001 1094543 3463 2101 0 1485385 0 976342
1786295963.850543 1490001 1094543 3463 2101 0 1485385 0 976342
1786295964.850402 1490001 1094543 3463 2101 0 1485385 0 976342
1786295965.850308 1490001 1094863 3463 2101 0 1485385 0 976342
1786295966.850552 1490001 1094863 3463 2101 0 1485385 0 976342
1786295967.850890 1490001 1094863 3463 2101 0 1485385 0 976342
1786295968.850822 1490001 1094863 3463 2101 0 1485385 0 976342
1786295969.850557 1490001 1094863 3463 2101 0 1485385 0 976342
1786295970.850481 1490001 1094863 3463 2101 0 1485385 0 976342
1786295971.850576 1490001 1094863 3463 2101 0 1485385 0 976342
1786295972.850352 1490001 1094863 3463 2101 0 1485385 0 976342
1786295973.850458 1490001 1094863 3463 2101 0 1485385 0 976342
1786295974.850426 1490001 1094863 3463 2101 0 1485385 0 976342
1786295975.850463 1490001 1095167 3463 2101 0 1485385 0 976342
1786295976.850422 1490001 1095167 3463 2101 0 1485385 0 976342
1786295977.850909 1490001 1095167 3463 2101 0 1485385 0 976342
1786295978.850375 1490001 1095167 3463 2101 0 1485385 0 976342
1786295979.850298 1490001 1095167 3463 2101 0 1485385 0 976342
1786295980.850770 1490001 1095167 3463 2101 0 1485385 0 976342
1786295981.850318 1490001 1095167 3463 2101 0 1485385 0 976342
1786295982.850498 1490001 1095167 3463 2101 0 1485385 0 976342
1786295983.850301 1490001 1095167 3463 2101 0 1485385 0 976342
1786295984.850137 1490001 1095167 3463 2101 0 1485385 0 976342
1786295985.850660 1490001 1095167 3463 2101 0 1485385 0 976342
1786295986.850444 1490001 1095167 3463 2101 0 1485385 0 976342
1786295987.850607 1490001 1095167 3463 2101 0 1485385 0 976342
1786295988.850962 1490001 1095167 3463 2101 0 1485385 0 976342
1786295989.850792 1490001 1095167 3463 2101 0 1485385 0 976342
1786295990.850775 1490001 1095167 3463 2101 0 1485385 0 976342
1786295991.850802 1490001 1095167 3463 2101 0 1485385 0 976342
1786295992.850391 1490001 1095167 3463 2101 0 1485385 0 976342
1786295993.850238 1490001 1095167 3463 2101 0 1485385 0 976342
1786295994.850495 1490001 1095167 3463 2101 0 1485385 0 976342
1786295995.850717 1490001 1095455 3463 2101 0 1485385 0 976342
1786295996.851183 1490001 1095455 3463 2101 0 1485385 0 976342
1786295997.850742 1490001 1095455 3463 2101 0 1485385 0 976342
1786295998.850548 1490001 1095455 3463 2101 0 1485385 0 976342
1786295999.850185 1490001 1095455 3463 2101 0 1485385 0 976342
1786296000.850787 1490001 1095455 3463 2101 0 1485385 0 976342
1786296001.850712 1490001 1095455 3463 2101 0 1485385 0 976342
1786296002.850510 1490001 1095455 3463 2101 0 1485385 0 976342
1786296003.850304 1490001 1095455 3463 2101 0 1485385 0 976342
1786296004.851108 1490001 1095455 3463 2101 0 1485385 0 976342
1786296005.850621 1490001 1095727 3463 2101 0 1485385 0 976342
1786296006.855833 1490001 1095727 3463 2101 0 1485385 0 976342
1786296007.850412 1490001 1095727 3463 2101 0 1485385 0 976342
1786296008.850307 1490001 1095727 3463 2101 0 1485385 0 976342
1786296009.850329 1490001 1095727 3463 2101 0 1485385 0 976342
1786296010.850283 1490001 1095727 3463 2101 0 1485385 0 976342
1786296011.850475 1490001 1095727 3463 2101 0 1485385 0 976342
1786296012.850433 1490001 1095727 3463 2101 0 1485385 0 976342
1786296013.850331 1490001 1095727 3463 2101 0 1485385 0 976342
1786296014.850538 1490001 1095727 3463 2101 0 1485385 0 976342
1786296015.850444 1490001 1095727 3463 2101 0 1485385 0 976342
1786296016.850574 1490001 1095727 3463 2101 0 1485385 0 976342
1786296017.850832 1490001 1095727 3463 2101 0 1485385 0 976342
1786296018.850421 1490001 1095727 3463 2101 0 1485385 0 976342
1786296019.850404 1490001 1095727 3463 2101 0 1485385 0 976342
1786296020.850085 1490001 1095727 3463 2101 0 1485385 0 976342
1786296021.850266 1490001 1095727 3463 2101 0 1485385 0 976342
1786296022.850557 1490001 1095727 3463 2101 0 1485385 0 976342
1786296023.850381 1490001 1095727 3463 2101 0 1485385 0 976342
1786296024.851264 1490001 1095727 3463 2101 0 1485385 0 976342
1786296025.850420 1490001 1095727 3463 2101 0 1485385 0 976342
1786296026.850191 1490001 1095983 3463 2101 0 1485385 0 976342
1786296027.850466 1490001 1095983 3463 2101 0 1485385 0 976342
1786296028.850622 1490001 1095983 3463 2101 0 1485385 0 976342
1786296029.850311 1490001 1095983 3463 2101 0 1485385 0 976342
1786296030.850868 1490001 1095983 3463 2101 0 1485385 0 976342
1786296031.850507 1490001 1095983 3463 2101 0 1485385 0 976342
1786296032.850299 1490001 1095983 3463 2101 0 1485385 0 976342
1786296033.850273 1490001 1095983 3463 2101 0 1485385 0 976342
1786296034.850445 1490001 1095983 3463 2101 0 1485385 0 976342
1786296035.850441 1490001 1095983 3463 2101 0 1485385 0 976342
1786296036.850275 1490001 1096223 3463 2101 0 1485385 0 976342
1786296037.850441 1490001 1096223 3463 2101 0 1485385 0 976342
1786296038.849557 1490001 1096223 3463 2101 0 1485385 0 976342
1786296039.850021 1490001 1096223 3463 2101 0 1485385 0 976342
1786296040.850116 1490001 1096223 3463 2101 0 1485385 0 976342
1786296041.850501 1490001 1096223 3463 2101 0 1485385 0 976342
1786296042.850662 1490001 1096223 3463 2101 0 1485385 0 976342
1786296043.851029 1490001 1096223 3463 2101 0 1485385 0 976342
1786296044.849889 1490001 1096223 3463 2101 0 1485385 0 976342
1786296045.850382 1490001 1096223 3463 2101 0 1485385 0 976342
1786296046.850457 1490001 1096223 3463 2101 0 1485385 0 976342
1786296047.850453 1490001 1096223 3463 2101 0 1485385 0 976342
1786296048.850200 1490001 1096223 3463 2101 0 1485385 0 976342
1786296049.850331 1490001 1096223 3463 2101 0 1485385 0 976342
1786296050.849612 1490001 1096223 3463 2101 0 1485385 0 976342
1786296051.850140 1490001 1096223 3463 2101 0 1485385 0 976342
1786296052.850297 1490001 1096223 3463 2101 0 1485385 0 976342
1786296053.850195 1490001 1096223 3463 2101 0 1485385 0 976342
1786296054.850292 1490001 1096223 3463 2101 0 1485385 0 976342
1786296055.850510 1490001 1096223 3463 2101 0 1485385 0 976342
1786296056.850938 1490001 1096223 3463 2101 0 1485385 0 976342
1786296057.850527 1490001 1096447 3463 2101 0 1485385 0 976342
1786296058.850079 1490001 1096447 3463 2101 0 1485385 0 976342
1786296059.850359 1490001 1096447 3463 2101 0 1485385 0 976342
1786296060.850346 1490001 1096447 3463 2101 0 1485385 0 976342
1786296061.850450 1490001 1096447 3463 2101 0 1485385 0 976342
1786296062.850345 1490001 1096447 3463 2101 0 1485385 0 976342
1786296063.850317 1490001 1096447 3463 2101 0 1485385 0 976342
1786296064.850206 1490001 1096447 3463 2101 0 1485385 0 976342
1786296065.850847 1490001 1096447 3463 2101 0 1485385 0 976342
1786296066.850287 1490001 1096447 3463 2101 0 1485385 0 976342
1786296067.850455 1490001 1096655 3463 2101 0 1485385 0 976342
1786296068.850204 1490001 1096655 3463 2101 0 1485385 0 976342
1786296069.850440 1490001 1096655 3463 2101 0 1485385 0 976342
1786296070.850237 1490001 1096655 3463 2101 0 1485385 0 976342
1786296071.850149 1490001 1096655 3463 2101 0 1485385 0 976342
1786296072.850471 1490001 1096655 3463 2101 0 1485385 0 976342
1786296073.850422 1490001 1096655 3463 2101 0 1485385 0 976342
1786296074.850663 1490001 1096655 3463 2101 0 1485385 0 976342
1786296075.850422 1490001 1096655 3463 2101 0 1485385 0 976342
1786296076.850959 1490001 1096655 3463 2101 0 1485385 0 976342
1786296077.850317 1490001 1096655 3463 2101 0 1485385 0 976342
1786296078.850436 1490001 1096655 3463 2101 0 1485385 0 976342
1786296079.850582 1490001 1096655 3463 2101 0 1485385 0 976342
1786296080.850717 1490001 1096655 3463 2101 0 1485385 0 976342
1786296081.850158 1490001 1096655 3463 2101 0 1485385 0 976342
1786296082.850257 1490001 1096655 3463 2101 0 1485385 0 976342
1786296083.850227 1490001 1096655 3463 2101 0 1485385 0 976342
1786296084.850580 1490001 1096655 3463 2101 0 1485385 0 976342
1786296085.850302 1490001 1096655 3463 2101 0 1485385 0 976342
1786296086.850455 1490001 1096655 3463 2101 0 1485385 0 976342
1786296087.850424 1490001 1096847 3463 2101 0 1485385 0 976342
1786296088.850171 1490001 1096847 3463 2101 0 1485385 0 976342
1786296089.850233 1490001 1096847 3463 2101 0 1485385 0 976342
1786296090.850594 1490001 1096847 3463 2101 0 1485385 0 976342
1786296091.850202 1490001 1096847 3463 2101 0 1485385 0 976342
1786296092.850523 1490001 1096847 3463 2101 0 1485385 0 976342
1786296093.850188 1490001 1096847 3463 2101 0 1485385 0 976342
1786296094.849976 1490001 1096847 3463 2101 0 1485385 0 976342
1786296095.850221 1490001 1096847 3463 2101 0 1485385 0 976342
1786296096.850277 1490001 1096847 3463 2101 0 1485385 0 976342
1786296097.850642 1490001 1096847 3463 2101 0 1485385 0 976342
1786296098.850527 1490001 1097023 3463 2101 0 1485385 0 976342
1786296099.850313 1490001 1097023 3463 2101 0 1485385 0 976342
1786296100.850244 1490001 1097023 3463 2101 0 1485385 0 976342
1786296101.850464 1490001 1097023 3463 2101 0 1485385 0 976342
1786296102.850562 1490001 1097023 3463 2101 0 1485385 0 976342
1786296103.850164 1490001 1097023 3463 2101 0 1485385 0 976342
1786296104.850517 1490001 1097023 3463 2101 0 1485385 0 976342
1786296105.850402 1490001 1097023 3463 2101 0 1485385 0 976342
1786296106.850416 1490001 1097023 3463 2101 0 1485385 0 976342
1786296107.850299 1490001 1097023 3463 2101 0 1485385 0 976342
1786296108.850281 1490001 1097023 3463 2101 0 1485385 0 976342
1786296109.850301 1490001 1097023 3463 2101 0 1485385 0 976342
1786296110.850463 1490001 1097023 3463 2101 0 1485385 0 976342
1786296111.850528 1490001 1097023 3463 2101 0 1485385 0 976342
1786296112.850376 1490001 1097023 3463 2101 0 1485385 0 976342
1786296113.850461 1490001 1097023 3463 2101 0 1485385 0 976342
1786296114.834956 0 0 0 0 0 0 0 0
