# start_epoch=1786116615.338010  page_size=4096  cachestat=ok  fields=size,resident,shared,text,lib,data,dt,pagecache
1786116616.339259 46988 25639 2577 1589 0 43007 0 19053
1786116617.340088 56844 28881 2738 1589 0 52863 0 31219
1786116618.340783 57612 31705 2738 1589 0 53631 0 43386
1786116619.341480 57612 30233 2802 1589 0 53631 0 55571
1786116620.343120 58252 30766 2818 1589 0 54271 0 85761
1786116621.344818 58252 38851 2818 1589 0 54271 0 112402
1786116622.343962 59020 29757 2818 1589 0 55039 0 90901
1786116623.345534 59020 34124 2818 1589 0 55039 0 116325
1786116624.345709 59020 34715 2818 1589 0 55039 0 124410
1786116625.345570 59020 31292 2818 1589 0 55039 0 133258
1786116626.346529 59020 34992 2818 1589 0 55039 0 145427
1786116627.356875 59020 35005 2818 1589 0 55039 0 169321
1786116628.345981 59020 31473 2818 1589 0 55039 0 135454
1786116629.347516 59020 34677 2818 1589 0 55039 0 147621
1786116630.349430 59020 33405 2818 1589 0 55039 0 195832
1786116631.350040 59020 35288 2818 1589 0 55039 0 208002
1786116632.350081 59916 33908 2818 1589 0 55935 0 205655
1786116633.349166 59916 33945 2818 1589 0 55935 0 193492
1786116634.352220 59916 36038 2818 1589 0 55935 0 241704
1786116635.353074 59916 37774 2818 1589 0 55935 0 261091
1786116636.354327 59916 37803 2818 1589 0 55935 0 279806
1786116637.353837 59916 37662 2818 1589 0 55935 0 269149
1786116638.353726 59916 33830 2818 1589 0 55935 0 260310
1786116639.356535 59916 37982 2818 1589 0 55935 0 303675
1786116640.354936 59916 35420 2818 1589 0 55935 0 297309
1786116641.355448 66060 37350 2818 1589 0 62079 0 309475
1786116642.354887 67084 37069 2818 1589 0 63103 0 298547
1786116643.355256 67084 38420 2818 1589 0 63103 0 307859
1786116644.360597 67084 40137 2818 1589 0 63103 0 387354
1786116645.359143 67084 40081 2818 1589 0 63103 0 364186
1786116646.359809 67084 40646 2818 1589 0 63103 0 375843
1786116647.367622 67084 38681 2818 1589 0 63103 0 465532
1786116648.361210 67084 40233 2818 1589 0 63103 0 373355
1786116649.362511 67084 33210 2818 1589 0 63103 0 393506
1786116650.361845 67084 38745 2818 1589 0 63103 0 384585
1786116651.362625 67084 36873 2818 1589 0 63103 0 396754
1786116652.363394 67084 36962 2818 1589 0 63103 0 408922
1786116653.361084 67084 40861 2818 1589 0 63103 0 396219
1786116654.361754 68364 41876 2818 1589 0 64383 0 404105
1786116655.363065 68364 38461 2818 1589 0 64383 0 431592
1786116656.363615 68364 35132 2818 1589 0 64383 0 438085
1786116657.367338 68364 37204 2818 1589 0 64383 0 470716
1786116658.367914 68364 35338 2818 1589 0 64383 0 480076
1786116659.366923 69260 35232 2818 1589 0 65279 0 462069
1786116660.367108 69260 35356 2818 1589 0 65279 0 449671
1786116661.366670 69260 35681 2818 1589 0 65279 0 458452
1786116662.368210 69260 36534 2818 1589 0 65279 0 485364
1786116663.368843 69260 34385 2818 1589 0 65279 0 497533
1786116664.369953 69260 40286 2818 1589 0 65279 0 526020
1786116665.368632 69260 37934 2818 1589 0 65279 0 535381
1786116666.368466 69260 36594 2818 1589 0 65279 0 516318
1786116667.368261 69260 37131 2818 1589 0 65279 0 524838
1786116668.371049 69260 33207 2818 1589 0 65279 0 530767
1786116669.368212 69260 38907 2818 1589 0 65279 0 536530
1786116670.369031 69260 37054 2818 1589 0 65279 0 548698
1786116671.369851 69260 38755 2818 1589 0 65279 0 560866
1786116672.370215 70796 36549 2818 1589 0 66815 0 573034
1786116673.371269 70796 40548 2818 1589 0 66815 0 585202
1786116674.370465 70796 38571 2818 1589 0 66815 0 562554
1786116675.371407 70796 39679 2818 1589 0 66815 0 576943
1786116676.372537 70796 39818 2818 1589 0 66815 0 597150
1786116677.370393 70796 37284 2818 1589 0 66815 0 575794
1786116678.371321 70796 40055 2818 1589 0 66815 0 587964
1786116679.371321 70796 36020 2818 1589 0 66815 0 596703
1786116680.372039 70796 40194 2818 1589 0 66815 0 591918
1786116681.374265 70796 32719 2818 1589 0 66815 0 635625
1786116682.373960 70796 40271 2818 1589 0 66815 0 631580
1786116683.375437 70796 36558 2818 1589 0 66815 0 659961
1786116684.377558 70796 41522 2818 1589 0 66815 0 687938
1786116685.376996 70796 40111 2818 1589 0 66815 0 661851
1786116686.378637 70796 33095 2818 1589 0 66815 0 699647
1786116687.368529 74893 30969 2818 1589 0 70911 0 628761
1786116688.369158 74893 30946 2818 1589 0 70911 0 641232
1786116689.368208 74893 30963 2818 1589 0 70911 0 623247
1786116690.368611 74893 31040 2818 1589 0 70911 0 641234
1786116691.368638 74893 31040 2818 1589 0 70911 0 641235
1786116692.368976 74893 31040 2818 1589 0 70911 0 641235
1786116693.369177 74893 31040 2818 1589 0 70911 0 641236
1786116694.366807 74893 31547 2818 1589 0 70911 0 602564
1786116695.366395 74893 31644 2818 1589 0 70911 0 591763
1786116696.365460 74893 32325 2818 1589 0 70911 0 572568
1786116697.366175 74893 32393 2818 1589 0 70911 0 581851
1786116698.365476 74893 32309 2818 1589 0 70911 0 571781
1786116699.365984 74893 32326 2818 1589 0 70911 0 581987
1786116700.365997 74893 32326 2818 1589 0 70911 0 581988
1786116701.365929 74893 32070 2818 1589 0 70911 0 581989
1786116702.367086 74893 31930 2818 1589 0 70911 0 581990
1786116703.365839 74893 31925 2818 1589 0 70911 0 581991
1786116704.365856 74893 31925 2818 1589 0 70911 0 581992
1786116705.365903 74893 31925 2818 1589 0 70911 0 581993
1786116706.365892 74893 32402 2818 1589 0 70911 0 581994
1786116707.365899 74893 32483 2818 1589 0 70911 0 581995
1786116708.365871 74893 32477 2818 1589 0 70911 0 581996
1786116709.367017 74893 33821 2818 1589 0 70911 0 606909
1786116710.362716 76685 34026 2818 1589 0 72703 0 516509
1786116711.361752 80782 39739 2834 1589 0 76799 0 488683
1786116712.361742 200590 152172 2834 1589 0 196607 0 488683
1786116713.361390 305550 265324 2834 1589 0 301567 0 488683
1786116714.361690 415118 379500 2834 1589 0 411135 0 488683
1786116715.361704 566158 492652 2834 1589 0 562175 0 488683
1786116716.365369 674703 542849 2834 1589 0 670719 0 488683
1786116717.361482 674703 542849 2834 1589 0 670719 0 488683
1786116718.361743 674703 542849 2834 1589 0 670719 0 488683
1786116719.361663 678800 542854 2834 1589 0 674815 0 488683
1786116720.361587 678800 542854 2834 1589 0 674815 0 488683
1786116721.361393 678800 542854 2834 1589 0 674815 0 488683
1786116722.361718 682897 542856 2834 1589 0 678911 0 488683
1786116723.361728 682897 542856 2834 1589 0 678911 0 488683
1786116724.361926 682897 542856 2834 1589 0 678911 0 488683
1786116725.361743 682897 542856 2834 1589 0 678911 0 488683
1786116726.361409 682897 542856 2834 1589 0 678911 0 488683
1786116727.361776 682897 542856 2834 1589 0 678911 0 488683
1786116728.361909 682897 542856 2834 1589 0 678911 0 488683
1786116729.361824 682897 542856 2834 1589 0 678911 0 488683
1786116730.361669 682897 542856 2834 1589 0 678911 0 488683
1786116731.361480 682897 542856 2834 1589 0 678911 0 488683
1786116732.362252 682897 542856 2834 1589 0 678911 0 488683
1786116733.361805 682897 542856 2834 1589 0 678911 0 488683
1786116734.361787 682897 542856 2834 1589 0 678911 0 488683
1786116735.361566 682897 542856 2834 1589 0 678911 0 488683
1786116736.361743 682897 542856 2834 1589 0 678911 0 488683
1786116737.361740 682897 542856 2834 1589 0 678911 0 488683
1786116738.361718 682897 542856 2834 1589 0 678911 0 488683
1786116739.361741 682897 542856 2834 1589 0 678911 0 488683
1786116740.361716 682897 542856 2834 1589 0 678911 0 488683
1786116741.361734 682897 542856 2834 1589 0 678911 0 488683
1786116742.361542 682897 542856 2834 1589 0 678911 0 488683
1786116743.361727 682897 542856 2834 1589 0 678911 0 488683
1786116744.361732 682897 542856 2834 1589 0 678911 0 488683
1786116745.362307 682897 542856 2834 1589 0 678911 0 488683
1786116746.361765 682897 542856 2834 1589 0 678911 0 488683
1786116747.361485 682897 542856 2834 1589 0 678911 0 488683
1786116748.361773 682897 542856 2834 1589 0 678911 0 488683
1786116749.361704 682897 542856 2834 1589 0 678911 0 488683
1786116750.361709 682897 542856 2834 1589 0 678911 0 488683
1786116751.361734 682897 542856 2834 1589 0 678911 0 488683
1786116752.361805 682897 542856 2834 1589 0 678911 0 488683
1786116753.361886 682897 542856 2834 1589 0 678911 0 488683
1786116754.361734 682897 542856 2834 1589 0 678911 0 488683
1786116755.361777 682897 542856 2834 1589 0 678911 0 488683
1786116756.364975 682897 542856 2834 1589 0 678911 0 488683
1786116757.362428 682897 542856 2834 1589 0 678911 0 488683
1786116758.361775 682897 542856 2834 1589 0 678911 0 488683
1786116759.361663 682897 542856 2834 1589 0 678911 0 488683
1786116760.361763 682897 542856 2834 1589 0 678911 0 488683
1786116761.361832 682897 542856 2834 1589 0 678911 0 488683
1786116762.361831 682897 542856 2834 1589 0 678911 0 488683
1786116763.361496 682897 542856 2834 1589 0 678911 0 488683
1786116764.361731 682897 542856 2834 1589 0 678911 0 488683
1786116765.361790 682897 542856 2834 1589 0 678911 0 488683
1786116766.361846 682897 542856 2834 1589 0 678911 0 488683
1786116767.361770 682897 542856 2834 1589 0 678911 0 488683
1786116768.361748 682897 542856 2834 1589 0 678911 0 488683
1786116769.361632 682897 542856 2834 1589 0 678911 0 488683
1786116770.361739 682897 542856 2834 1589 0 678911 0 488683
1786116771.361502 682897 542856 2834 1589 0 678911 0 488683
1786116772.361757 682897 542856 2834 1589 0 678911 0 488683
1786116773.361748 682897 542856 2834 1589 0 678911 0 488683
1786116774.361715 682897 542856 2834 1589 0 678911 0 488683
1786116775.364452 682897 542856 2834 1589 0 678911 0 488683
1786116776.361859 682897 542856 2834 1589 0 678911 0 488683
1786116777.361793 682897 542856 2834 1589 0 678911 0 488683
1786116778.361818 682897 542856 2834 1589 0 678911 0 488683
1786116779.361732 682897 542856 2834 1589 0 678911 0 488683
1786116780.361721 682897 542856 2834 1589 0 678911 0 488683
1786116781.361732 682897 542856 2834 1589 0 678911 0 488683
1786116782.361656 682897 542856 2834 1589 0 678911 0 488683
1786116783.361810 682897 542856 2834 1589 0 678911 0 488683
1786116784.361872 682897 542856 2834 1589 0 678911 0 488683
1786116785.361739 682897 542856 2834 1589 0 678911 0 488683
1786116786.361749 682897 542856 2834 1589 0 678911 0 488683
1786116787.361477 682897 542856 2834 1589 0 678911 0 488683
1786116788.361460 682897 542856 2834 1589 0 678911 0 488683
1786116789.361810 682897 542856 2834 1589 0 678911 0 488683
1786116790.361748 682897 542856 2834 1589 0 678911 0 488683
1786116791.361762 682897 542856 2834 1589 0 678911 0 488683
1786116792.361788 682897 542856 2834 1589 0 678911 0 488683
1786116793.361790 682897 542856 2834 1589 0 678911 0 488683
1786116794.361720 682897 542856 2834 1589 0 678911 0 488683
1786116795.361670 682897 542856 2834 1589 0 678911 0 488683
1786116796.361776 682897 542856 2834 1589 0 678911 0 488683
1786116797.361488 682897 542856 2834 1589 0 678911 0 488683
1786116798.361439 682897 542856 2834 1589 0 678911 0 488683
1786116799.361553 682897 542856 2834 1589 0 678911 0 488683
1786116800.361817 682897 542856 2834 1589 0 678911 0 488683
1786116801.361790 682897 542856 2834 1589 0 678911 0 488683
1786116802.361420 682897 542856 2834 1589 0 678911 0 488683
1786116803.361743 682897 542856 2834 1589 0 678911 0 488683
1786116804.361659 682897 542856 2834 1589 0 678911 0 488683
1786116805.361758 682897 542856 2834 1589 0 678911 0 488683
1786116806.361668 682897 542856 2834 1589 0 678911 0 488683
1786116807.361721 682897 542856 2834 1589 0 678911 0 488683
1786116808.361669 682897 542856 2834 1589 0 678911 0 488683
1786116809.361758 682897 542856 2834 1589 0 678911 0 488683
1786116810.361504 682897 542856 2834 1589 0 678911 0 488683
1786116811.361703 682897 542856 2834 1589 0 678911 0 488683
1786116812.361688 682897 542856 2834 1589 0 678911 0 488683
1786116813.361390 682897 542856 2834 1589 0 678911 0 488683
1786116814.361709 682897 542856 2834 1589 0 678911 0 488683
1786116815.361668 682897 542856 2834 1589 0 678911 0 488683
1786116816.361681 682897 542856 2834 1589 0 678911 0 488683
1786116817.361479 682897 542856 2834 1589 0 678911 0 488683
1786116818.361731 682897 542856 2834 1589 0 678911 0 488683
1786116819.361387 682897 542856 2834 1589 0 678911 0 488683
1786116820.361682 682897 542856 2834 1589 0 678911 0 488683
1786116821.361660 682897 542856 2834 1589 0 678911 0 488683
1786116822.361696 682897 542856 2834 1589 0 678911 0 488683
1786116823.361714 682897 542856 2834 1589 0 678911 0 488683
1786116824.361669 682897 542856 2834 1589 0 678911 0 488683
1786116825.361803 682897 542856 2834 1589 0 678911 0 488683
1786116826.361668 682897 542856 2834 1589 0 678911 0 488683
1786116827.361718 682897 542856 2834 1589 0 678911 0 488683
1786116828.361704 682897 542856 2834 1589 0 678911 0 488683
1786116829.361404 682897 542856 2834 1589 0 678911 0 488683
1786116830.361646 682897 542856 2834 1589 0 678911 0 488683
1786116831.361705 682897 542856 2834 1589 0 678911 0 488683
1786116832.361678 682897 542856 2834 1589 0 678911 0 488683
1786116833.361678 682897 542856 2834 1589 0 678911 0 488683
1786116834.361839 682897 542856 2834 1589 0 678911 0 488683
1786116835.361490 682897 542856 2834 1589 0 678911 0 488683
1786116836.361701 682897 542856 2834 1589 0 678911 0 488683
1786116837.361789 682897 542856 2834 1589 0 678911 0 488683
1786116838.361424 682897 542856 2834 1589 0 678911 0 488683
1786116839.361753 682897 542856 2834 1589 0 678911 0 488683
1786116840.361423 682897 542856 2834 1589 0 678911 0 488683
1786116841.361720 682897 542856 2834 1589 0 678911 0 488683
1786116842.361680 682897 542856 2834 1589 0 678911 0 488683
1786116843.361483 682897 542856 2834 1589 0 678911 0 488683
1786116844.361620 682897 542856 2834 1589 0 678911 0 488683
1786116845.361760 682897 542856 2834 1589 0 678911 0 488683
1786116846.361573 682897 542856 2834 1589 0 678911 0 488683
1786116847.361416 682897 542856 2834 1589 0 678911 0 488683
1786116848.361744 682897 542856 2834 1589 0 678911 0 488683
1786116849.361714 682897 542856 2834 1589 0 678911 0 488683
1786116850.361390 682897 542856 2834 1589 0 678911 0 488683
1786116851.361396 682897 542856 2834 1589 0 678911 0 488683
1786116852.361653 682897 542856 2834 1589 0 678911 0 488683
1786116853.361387 682897 542856 2834 1589 0 678911 0 488683
1786116854.361799 682897 542856 2834 1589 0 678911 0 488683
1786116855.361705 682897 542856 2834 1589 0 678911 0 488683
1786116856.361396 682897 542856 2834 1589 0 678911 0 488683
1786116857.361685 682897 542856 2834 1589 0 678911 0 488683
1786116858.361711 682897 542856 2834 1589 0 678911 0 488683
1786116859.361714 682897 542856 2834 1589 0 678911 0 488683
1786116860.361696 682897 542856 2834 1589 0 678911 0 488683
1786116861.361709 682897 542856 2834 1589 0 678911 0 488683
1786116862.361741 682897 542856 2834 1589 0 678911 0 488683
1786116863.361634 682897 542856 2834 1589 0 678911 0 488683
1786116864.362140 682897 542856 2834 1589 0 678911 0 488683
