# start_epoch=1786851854.390585  page_size=4096  cachestat=ok  fields=size,resident,shared,text,lib,data,dt,pagecache
1786851855.390829 262499 27640 7653 99 0 248506 0 1
1786851856.390761 262499 27640 7653 99 0 248506 0 1
1786851857.395287 2932277 74583 54748 99 0 258106 0 78199
1786851858.396192 2955849 99789 79969 99 0 258106 0 95380
1786851859.401614 3002673 104578 84779 99 0 258106 0 142909
1786851860.400203 3025700 84898 65101 99 0 258106 0 164495
1786851861.403751 3061843 125910 106111 99 0 258106 0 208778
1786851862.405670 3108119 111700 91944 99 0 258106 0 225509
1786851863.405003 3143771 154986 135241 99 0 258106 0 253411
1786851864.404413 3180504 209383 189663 99 0 258106 0 292035
1786851865.410554 3208736 187586 168097 99 0 258106 0 345511
1786851866.409820 3224197 198672 179158 99 0 258106 0 343090
1786851867.410469 3224197 215553 196036 99 0 258106 0 351208
1786851868.410252 3182864 77489 57993 99 0 258106 0 326908
1786851869.412609 3223858 108527 89070 99 0 258106 0 366761
1786851870.415377 3291361 177742 158280 99 0 258106 0 425557
1786851871.416649 3338027 288369 268904 99 0 258106 0 432774
1786851872.414790 3304512 185292 165827 99 0 258106 0 427252
1786851873.414243 3304512 192781 173314 99 0 258106 0 421716
1786851874.417554 3315159 138725 119424 99 0 258106 0 445588
1786851875.420520 3354703 167069 147768 99 0 258106 0 495136
1786851876.417911 3349255 157551 137850 99 0 258106 0 476996
1786851877.415452 3385988 209516 189815 99 0 258106 0 499717
1786851878.423254 3387087 161364 141862 99 0 258106 0 529694
1786851879.453169 3387040 162992 143397 99 0 258106 0 536439
1786851880.422018 3464677 230111 209298 99 0 280122 0 572767
1786851881.424006 3487873 268714 248648 99 0 280122 0 596491
1786851882.424110 3455452 177561 156786 99 0 280122 0 561143
1786851883.426840 3500375 229348 208617 99 0 280122 0 595259
1786851884.434556 3532489 248782 226566 99 0 281658 0 626098
1786851885.435027 3531878 252226 230714 99 0 281658 0 612105
1786851886.426820 3542130 281070 259550 99 0 281658 0 640583
1786851887.426627 3488681 166589 146353 99 0 281658 0 599006
1786851888.431492 3572377 252589 232352 99 0 281658 0 679763
1786851889.438312 3543212 230286 208198 99 0 281658 0 642648
1786851890.443955 3579614 277573 256604 99 0 281658 0 699099
1786851891.436990 3635351 284160 262085 99 0 281658 0 768284
1786851892.429687 3533346 145105 123030 99 0 281658 0 650130
1786851893.440713 3586699 220011 197935 99 0 281658 0 709039
1786851894.444381 3617637 257394 235308 99 0 281658 0 716879
1786851895.445310 3608025 262104 241137 99 0 281658 0 731483
1786851896.448918 3631453 308339 286230 99 0 281658 0 767237
1786851897.446215 3692817 279600 257233 99 0 281658 0 825882
1786851898.431696 3565397 119270 96935 99 0 281658 0 684145
1786851899.433732 3601067 183880 161543 99 0 281658 0 716336
1786851900.475090 3607222 195036 172659 99 0 281658 0 731228
1786851901.440990 3653329 256034 233651 99 0 281658 0 747633
1786851902.440488 3737184 276694 254331 99 0 281658 0 862783
1786851903.443267 3838628 334326 311979 99 0 281658 0 903718
1786851904.439760 3720022 249112 226764 99 0 281658 0 817558
1786851905.454268 3692236 234859 211323 99 0 283194 0 815109
1786851906.455438 3712564 289838 264757 99 0 284730 0 822821
1786851907.458065 3755624 340541 315067 99 0 284730 0 859723
1786851908.467654 3808219 292598 267188 99 0 284730 0 955175
1786851909.435583 3695118 155932 130580 99 0 284730 0 796472
1786851910.439939 3738438 218431 193078 99 0 284730 0 868343
1786851911.462358 3793330 251178 227108 99 0 284730 0 857485
1786851912.442849 3763153 271461 246257 99 0 284730 0 875745
1786851913.443730 3763153 305187 279949 99 0 284730 0 886986
1786851914.453370 3905711 293935 268774 99 0 284730 0 1010297
1786851915.440962 3740078 135579 110417 99 0 284730 0 844075
1786851916.448214 3804406 223292 200421 99 0 284730 0 918215
1786851917.446234 3838486 251331 228453 99 0 284730 0 929673
1786851918.461257 3819957 238611 214577 99 0 284730 0 924689
1786851919.464802 3843865 288164 265431 99 0 284730 0 960489
1786851920.475927 3845657 325682 301443 99 0 286522 0 968405
1786851921.455907 3966368 300324 276094 99 0 286522 0 1050767
1786851922.446932 3813704 177672 154210 99 0 286522 0 915463
1786851923.456116 4952735 247655 225474 99 0 286522 0 970637
1786851924.454539 3851390 208576 186470 99 0 286522 0 943580
1786851925.447354 3879578 255177 233033 99 0 286522 0 985761
1786851926.448103 3888947 302777 279767 99 0 286522 0 1005783
1786851927.447569 3934542 343676 321823 99 0 286522 0 1045390
1786851928.457984 4017531 335645 312707 99 0 286522 0 1128045
1786851929.447578 3854021 163874 142049 99 0 286522 0 949456
1786851930.450749 3904270 223792 201995 99 0 286522 0 1001818
1786851931.456690 3939048 257552 234155 99 0 286522 0 1042298
1786851932.486230 3939048 299777 276367 99 0 286522 0 1052487
1786851933.458846 4080612 370744 347334 99 0 286522 0 1152852
1786851934.451308 3911044 174469 151059 99 0 286522 0 1010428
1786851935.453702 3951141 245585 222712 99 0 286522 0 1052332
1786851936.475884 3995788 257550 234607 99 0 286522 0 1095212
1786851937.472459 3960341 244675 220606 99 0 286522 0 1053846
1786851938.478277 3992283 297756 273689 99 0 286522 0 1114061
1786851939.462991 4025041 340131 316063 99 0 286522 0 1123169
1786851940.451190 3891813 100643 76583 99 0 286522 0 998621
1786851941.470631 3922878 131463 107412 99 0 286522 0 1024598
1786851942.458007 4033223 271394 247341 99 0 286522 0 1121980
1786851943.461710 4031203 270945 247579 99 0 286522 0 1140674
1786851944.472186 4009904 267687 244314 99 0 286522 0 1108003
1786851945.454456 4025220 305965 282614 99 0 286522 0 1138112
1786851946.467879 4165490 336220 312888 99 0 286522 0 1273404
1786851947.455988 3996571 163999 143002 99 0 286522 0 1094835
1786851948.459101 4047216 239773 218775 99 0 286522 0 1138097
1786851949.461196 4082286 276315 253497 99 0 286522 0 1194862
1786851950.477363 4055554 252738 229886 99 0 286522 0 1145439
1786851951.485117 4095887 303124 280266 99 0 286522 0 1208718
1786851952.470827 4115682 352013 329154 99 0 286522 0 1237253
1786851953.456316 4012076 113993 91155 99 0 286522 0 1113967
1786851954.461333 4077302 215537 192701 99 0 286522 0 1170414
1786851955.460187 4074506 214483 191938 99 0 286522 0 1156554
1786851956.454823 4076444 201010 176217 99 0 286522 0 1168772
1786851957.457279 4128586 275526 250774 99 0 286522 0 1178130
1786851958.459999 4137630 299937 275106 99 0 286522 0 1225268
1786851959.458663 4149697 355298 330452 99 0 286522 0 1244586
1786851960.455956 3991635 124729 102267 99 0 286522 0 1086395
1786851961.458423 3995141 123343 100881 99 0 286522 0 1077833
1786851962.454518 3993468 211273 188791 99 0 286522 0 1084350
1786851963.458129 4029351 335713 313230 99 0 286522 0 1131293
1786851964.467864 4178557 313135 290188 99 0 286522 0 1285785
1786851965.467927 4192436 406239 382159 99 0 286522 0 1287166
1786851966.456764 4015833 187086 163002 99 0 286522 0 1125525
1786851967.453783 3964834 147138 123044 99 0 286522 0 1051540
1786851968.455442 3985996 222122 198021 99 0 286522 0 1089309
1786851969.457344 4019410 292876 268079 99 0 286522 0 1113006
1786851970.457964 4043955 367847 343049 99 0 286522 0 1152369
1786851971.461308 4073512 432272 407475 99 0 286522 0 1177484
1786851972.462660 4113694 490193 467187 99 0 286522 0 1211878
1786851973.444560 3815537 48642 23815 99 0 286522 0 905397
1786851974.445280 3816450 115128 90306 99 0 286522 0 907450
1786851975.447925 3863306 189304 164477 99 0 286522 0 950818
1786851976.436555 3878789 217933 193145 99 0 286522 0 963994
1786851977.433299 3878789 248083 223289 99 0 286522 0 967145
1786851978.433501 3878789 278836 254041 99 0 286522 0 971027
1786851979.447105 3878789 313395 289577 99 0 286522 0 972310
1786851980.429243 3783083 59150 35263 99 0 286522 0 863836
1786851981.443429 3777309 103861 79741 99 0 286522 0 889249
1786851982.444182 3806587 131202 107071 99 0 286522 0 904226
1786851983.445607 3835734 154551 131884 99 0 286522 0 929757
1786851984.445459 3835734 225571 201699 99 0 286522 0 929032
1786851985.448212 3862429 276060 252231 99 0 286522 0 959121
1786851986.451042 3894182 333935 309996 99 0 286522 0 1003099
1786851987.439461 3919419 382848 358200 99 0 286522 0 1008516
1786851988.435405 3919419 416415 391768 99 0 286522 0 1010434
1786851989.431576 3877680 214583 191167 99 0 286522 0 930063
1786851990.427537 3706112 80516 53471 99 0 293178 0 831364
1786851991.452468 3812288 139088 105678 99 0 343738 0 836785
1786851992.425919 3759237 101196 75119 99 0 346298 0 796741
1786851993.427430 3759237 142321 107231 99 0 346298 0 832034
1786851994.427737 3759237 142012 107231 99 0 346298 0 838012
1786851995.484861 3779834 159910 127896 99 0 346298 0 797876
1786851996.421084 3664717 46237 18711 99 0 346298 0 687579
1786851997.423559 3664717 92871 61703 99 0 346298 0 737518
1786851998.423650 3669325 101634 61703 99 0 350906 0 743374
1786851999.422542 3669325 121908 87159 99 0 350906 0 716470
1786852000.444244 3724936 155233 114582 99 0 350906 0 738125
1786852001.427246 3672397 141063 108775 99 0 353978 0 681908
1786852002.475583 3692994 172476 136112 99 0 353978 0 705296
1786852003.417662 3577762 62686 30364 99 0 353978 0 606859
1786852004.419306 3577762 104137 63228 99 0 353978 0 642888
1786852005.422299 3577762 98232 63228 99 0 353978 0 648894
1786852006.418849 3577762 127516 97196 99 0 353978 0 633655
1786852007.448213 3633373 176739 138891 99 0 353978 0 645998
1786852008.417296 3577762 148387 118572 99 0 353978 0 598816
1786852009.464543 3598359 176913 143317 99 0 353978 0 612454
1786852010.417219 3483226 72172 40084 99 0 353978 0 523455
1786852011.414972 3483226 112333 64724 99 0 353978 0 548358
1786852012.420490 3551689 111762 79261 99 0 353978 0 553668
1786852013.415186 3483226 141492 105716 99 0 353978 0 548492
1786852014.448485 3538837 201799 160088 99 0 353978 0 553459
1786852015.414596 3483226 162411 128292 99 0 353978 0 515507
1786852016.431345 3503823 186329 149525 99 0 353978 0 519310
1786852017.413538 3388487 84482 49105 99 0 353978 0 438865
1786852018.420199 3444098 119996 82469 99 0 353978 0 455402
1786852019.408855 3388487 98552 69361 99 0 353978 0 402590
1786852020.414137 3388487 145080 113343 99 0 353978 0 453625
1786852021.414089 3388487 152157 113343 99 0 353978 0 459474
1786852022.409365 3388487 166762 133135 99 0 353978 0 421408
1786852023.409792 3388487 168735 133135 99 0 353978 0 427449
1786852024.408628 3291468 86553 52244 99 0 353978 0 344010
1786852025.415645 3347079 130389 89352 99 0 353978 0 358959
1786852026.404590 3291468 106476 73300 99 0 353978 0 308835
1786852027.406781 3291468 153298 114884 99 0 353978 0 356612
1786852028.408858 3291468 156724 114884 99 0 353978 0 362496
1786852029.405255 3291468 172068 133716 99 0 353978 0 323292
1786852030.405559 3291468 170989 133716 99 0 353978 0 329499
1786852031.402243 3195510 95915 60654 99 0 353978 0 257423
1786852032.406260 3251121 145573 109742 99 0 353978 0 264936
1786852033.400758 3195510 110393 82078 99 0 353978 0 222651
1786852034.402325 3195510 153931 116446 99 0 353978 0 260660
1786852035.402694 3195510 152570 116446 99 0 353978 0 266570
1786852036.396240 3116442 55389 28305 99 0 358074 0 121888
1786852037.396546 3116442 84349 57265 99 0 358074 0 121888
1786852038.396539 3116442 113053 85969 99 0 358074 0 121888
1786852039.396324 3116442 138589 111505 99 0 358074 0 121888
1786852040.396432 3116442 152973 125889 99 0 358074 0 121888
1786852041.396423 3116442 152973 125889 99 0 358074 0 121888
1786852042.396404 3120539 152950 125889 99 0 362170 0 121888
1786852043.396557 3120539 152950 125889 99 0 362170 0 121888
1786852044.396360 3120539 152950 125889 99 0 362170 0 121888
1786852045.396506 3120539 152950 125889 99 0 362170 0 121888
1786852046.396468 3120539 152950 125889 99 0 362170 0 121888
1786852047.396285 3120539 152950 125889 99 0 362170 0 121888
1786852048.396437 3124636 152934 125889 99 0 366266 0 121888
1786852049.396481 3124636 152934 125889 99 0 366266 0 121888
1786852050.396376 3124636 152934 125889 99 0 366266 0 121888
1786852051.396581 3124636 152934 125889 99 0 366266 0 121888
1786852052.396460 3124636 152934 125889 99 0 366266 0 121888
1786852053.396405 3124636 152934 125889 99 0 366266 0 121888
1786852054.396305 3128733 152909 125889 99 0 370362 0 121888
1786852055.396509 3128733 152909 125889 99 0 370362 0 121888
1786852056.396439 3128733 152909 125889 99 0 370362 0 121888
1786852057.396302 3128733 152909 125889 99 0 370362 0 121888
1786852058.396411 3128733 152909 125889 99 0 370362 0 121888
1786852059.396598 3128733 152909 125889 99 0 370362 0 121888
1786852060.396565 3128733 152909 125889 99 0 370362 0 121888
1786852061.396357 3128733 152909 125889 99 0 370362 0 121888
1786852062.397524 3128733 152909 125889 99 0 370362 0 121888
1786852063.397595 3128733 152909 125889 99 0 370362 0 121888
1786852064.397423 3128733 152909 125889 99 0 370362 0 121888
1786852065.397554 3128733 152909 125889 99 0 370362 0 121888
1786852066.397534 3128733 152909 125889 99 0 370362 0 121888
1786852067.397368 3128733 152909 125889 99 0 370362 0 121888
1786852068.397544 3128733 152909 125889 99 0 370362 0 121888
1786852069.396490 3128733 152909 125889 99 0 370362 0 121888
1786852070.396493 3128733 152909 125889 99 0 370362 0 121888
1786852071.396254 3128733 152909 125889 99 0 370362 0 121888
1786852072.396278 3128733 152909 125889 99 0 370362 0 121888
1786852073.396376 3128733 152909 125889 99 0 370362 0 121888
1786852074.396349 3128733 152909 125889 99 0 370362 0 121888
1786852075.396494 3128733 152909 125889 99 0 370362 0 121888
1786852076.396310 3128733 152909 125889 99 0 370362 0 121888
1786852077.396502 3128733 152909 125889 99 0 370362 0 121888
1786852078.396474 3128733 152909 125889 99 0 370362 0 121888
1786852079.396324 3128733 152909 125889 99 0 370362 0 121888
1786852080.396418 3128733 152909 125889 99 0 370362 0 121888
1786852081.396374 3128733 152909 125889 99 0 370362 0 121888
1786852082.396490 3128733 152909 125889 99 0 370362 0 121888
1786852083.396560 3128733 152909 125889 99 0 370362 0 121888
1786852084.396600 3128733 152909 125889 99 0 370362 0 121888
1786852085.396520 3128733 152909 125889 99 0 370362 0 121888
1786852086.396521 3128733 152909 125889 99 0 370362 0 121888
1786852087.396482 3128733 152909 125889 99 0 370362 0 121888
1786852088.396272 3128733 152909 125889 99 0 370362 0 121888
1786852089.396400 3128733 152909 125889 99 0 370362 0 121888
1786852090.396396 3128733 152909 125889 99 0 370362 0 121888
1786852091.396551 3128733 152909 125889 99 0 370362 0 121888
1786852092.396497 3128733 152909 125889 99 0 370362 0 121888
1786852093.396502 3128733 152909 125889 99 0 370362 0 121888
1786852094.396550 3128733 152909 125889 99 0 370362 0 121888
1786852095.396421 3128733 152909 125889 99 0 370362 0 121888
1786852096.396442 3128733 152909 125889 99 0 370362 0 121888
1786852097.396416 3128733 152909 125889 99 0 370362 0 121888
1786852098.396312 3128733 152909 125889 99 0 370362 0 121888
1786852099.396546 3128733 152909 125889 99 0 370362 0 121888
1786852100.396509 3128733 152909 125889 99 0 370362 0 121888
1786852101.396507 3128733 152909 125889 99 0 370362 0 121888
1786852102.396604 3128733 153311 125889 99 0 370362 0 121888
1786852103.396455 3128733 153311 125889 99 0 370362 0 121888
1786852104.396370 3128733 153311 125889 99 0 370362 0 121888
1786852105.396452 3128733 153311 125889 99 0 370362 0 121888
1786852106.396336 3128733 153311 125889 99 0 370362 0 121888
1786852107.396591 3128733 153311 125889 99 0 370362 0 121888
1786852108.396460 3128733 153311 125889 99 0 370362 0 121888
1786852109.396541 3128733 153311 125889 99 0 370362 0 121888
1786852110.396328 3128733 153306 125889 99 0 370362 0 121888
