# start_epoch=1786842127.976403  page_size=4096  cachestat=ok  fields=size,resident,shared,text,lib,data,dt,pagecache
1786842128.976666 262499 27652 7665 99 0 248506 0 1
1786842129.976614 262499 27652 7665 99 0 248506 0 1
1786842130.982296 2932277 71882 52047 99 0 258106 0 66996
1786842131.983189 2955786 97931 78086 99 0 258106 0 109584
1786842132.984044 3002482 84164 64322 99 0 258106 0 117225
1786842133.985977 3038428 106059 86217 99 0 258106 0 165229
1786842134.987113 3048484 74463 54685 99 0 258106 0 174419
1786842135.991949 3084174 120291 100536 99 0 258106 0 227434
1786842136.991783 3120806 172753 152991 99 0 258106 0 256012
1786842137.997498 3156110 169323 149593 99 0 258106 0 307117
1786842138.994279 3200891 183660 163930 99 0 258106 0 312632
1786842139.994976 3200891 195457 175841 99 0 258106 0 324698
1786842140.995378 3159376 101033 81467 99 0 258106 0 302996
1786842141.998878 3225861 169865 150316 99 0 258106 0 354617
1786842142.998510 3227431 154371 134821 99 0 258106 0 369119
1786842143.998049 3264063 192305 172749 99 0 258106 0 380573
1786842145.002469 3222984 97761 78419 99 0 258106 0 365779
1786842146.003177 3288268 178899 159552 99 0 258106 0 429159
1786842147.001823 3289566 162706 143340 99 0 258106 0 427833
1786842148.001870 3326198 199998 180625 99 0 258106 0 447019
1786842149.006636 3284623 114901 95540 99 0 258106 0 427308
1786842150.008075 3366125 214753 195147 99 0 258106 0 496170
1786842151.009331 3391083 211079 191472 99 0 258106 0 523768
1786842152.004758 3382739 184546 164932 99 0 258106 0 496131
1786842153.006177 3382739 191796 172178 99 0 258106 0 511524
1786842154.002362 3382739 197037 177455 99 0 258106 0 511812
1786842155.012816 3393854 153050 133650 99 0 258106 0 542748
1786842156.012605 3434231 218147 198745 99 0 258106 0 574544
1786842157.015754 3495417 242313 222379 99 0 276026 0 616350
1786842158.020566 3486857 215185 193641 99 0 281658 0 599098
1786842159.029394 3520167 270647 249081 99 0 281658 0 631194
1786842160.013216 3499624 178975 157434 99 0 281658 0 572125
1786842161.013942 3502817 193821 172243 99 0 281658 0 584025
1786842162.050530 3529895 220605 199638 99 0 281658 0 621174
1786842163.021618 3542336 237590 215564 99 0 281658 0 635098
1786842164.026758 3561184 284245 262204 99 0 281658 0 675729
1786842165.033516 3454501 101136 78341 99 0 283194 0 587997
1786842166.016698 3520762 196932 171867 99 0 284730 0 650429
1786842167.053151 3518318 183233 158325 99 0 284730 0 663985
1786842168.020841 3554949 245318 220404 99 0 284730 0 651047
1786842169.024038 3646733 254425 229528 99 0 284730 0 767342
1786842170.019026 3561455 180796 155896 99 0 284730 0 671268
1786842171.057494 3564831 170076 144844 99 0 284730 0 681463
1786842172.027715 3612462 236338 211099 99 0 284730 0 718045
1786842173.017921 3612462 276974 251716 99 0 284730 0 726856
1786842174.023439 3731997 265813 241701 99 0 285370 0 783558
1786842175.024118 3622029 196144 172031 99 0 285370 0 748173
1786842176.023750 3751058 288317 264201 99 0 285370 0 788900
1786842177.024753 3662224 235149 209907 99 0 285370 0 760153
1786842178.041593 3700178 288604 263351 99 0 285370 0 821325
1786842179.028475 3708082 333466 308211 99 0 285370 0 843324
1786842180.026082 3658370 151541 126335 99 0 285370 0 775427
1786842181.026784 3675993 185768 159888 99 0 285370 0 791395
1786842182.029438 3713603 261498 235617 99 0 285370 0 833219
1786842183.046423 3740254 244332 219719 99 0 285370 0 838194
1786842184.049600 3767135 292850 267121 99 0 285370 0 870180
1786842185.035269 3800156 286213 260563 99 0 285370 0 916862
1786842186.027142 3679867 125137 99487 99 0 285370 0 789906
1786842187.031819 3752500 216042 194321 99 0 285370 0 873190
1786842188.047525 3784453 259698 237243 99 0 285370 0 890303
1786842189.050921 3789941 273005 249407 99 0 285370 0 904058
1786842190.057924 3815729 320559 296955 99 0 285370 0 953904
1786842191.028175 3712850 90820 67957 99 0 285370 0 814844
1786842192.031581 4858181 179504 156641 99 0 285370 0 871948
1786842193.052862 3773439 192634 169771 99 0 285370 0 887694
1786842194.090384 3783146 194620 172119 99 0 285370 0 879283
1786842195.046839 3858770 282973 259433 99 0 285370 0 940605
1786842196.038547 3935996 284483 260888 99 0 285370 0 1018448
1786842197.045009 4002643 385998 362401 99 0 285370 0 1102560
1786842198.025623 3889270 237567 214621 99 0 285370 0 971828
1786842199.035632 3857513 228950 205961 99 0 285370 0 967453
1786842200.035688 3909025 309672 286682 99 0 285370 0 984487
1786842201.052184 3876257 316567 293575 99 0 285370 0 1000363
1786842202.044491 4005551 309741 288878 99 0 285370 0 1116273
1786842203.048006 4058047 399196 376465 99 0 285370 0 1184498
1786842204.057539 4198729 540844 518106 99 0 285370 0 1272604
1786842205.042027 3929994 272166 249428 99 0 285370 0 1032368
1786842206.061542 3931078 279737 256940 99 0 285370 0 1051715
1786842207.065033 3937999 290215 267410 99 0 285370 0 1058413
1786842208.042320 3937999 340469 317671 99 0 285370 0 1056085
1786842209.035490 3859497 88971 66381 99 0 285370 0 952279
1786842210.040357 3908487 166740 145999 99 0 285370 0 1011163
1786842211.042694 3947368 203456 182796 99 0 285370 0 1041696
1786842212.057563 3950858 221517 198703 99 0 285370 0 1056547
1786842213.064581 3977438 265980 243082 99 0 285370 0 1088671
1786842214.048483 4033703 238012 215121 99 0 285370 0 1143451
1786842215.053495 4092383 342884 319992 99 0 285370 0 1203788
1786842216.046052 4009447 227501 204609 99 0 285370 0 1090234
1786842217.047329 4021576 267581 244064 99 0 285370 0 1122407
1786842218.069826 4004205 241352 216680 99 0 285370 0 1111828
1786842219.063824 4036407 306421 280363 99 0 287162 0 1134912
1786842220.076421 4060776 336846 312069 99 0 287162 0 1177305
1786842221.054521 4145865 322630 296735 99 0 287162 0 1221981
1786842222.045875 4001622 177361 153709 99 0 287162 0 1088036
1786842223.046856 4017670 193320 169667 99 0 287162 0 1106741
1786842224.116708 4026610 238315 214655 99 0 287162 0 1161572
1786842225.065898 4061934 268673 245399 99 0 287162 0 1156572
1786842226.048430 4063726 312848 288403 99 0 288954 0 1176273
1786842227.046792 4024201 179905 157034 99 0 288954 0 1108004
1786842228.050415 4071077 253181 231705 99 0 288954 0 1163520
1786842229.060860 5125319 229127 207907 99 0 288954 0 1142080
1786842230.046373 4079870 265946 242935 99 0 288954 0 1171620
1786842231.064294 4164214 281974 260960 99 0 288954 0 1225467
1786842232.047141 4033991 140741 119727 99 0 288954 0 1117967
1786842233.046435 4036152 176654 155640 99 0 288954 0 1122843
1786842234.045778 4041920 178227 152880 99 0 288954 0 1118658
1786842235.043738 4030762 181664 156307 99 0 288954 0 1118454
1786842236.043022 3977823 107764 82399 99 0 288954 0 1065133
1786842237.046457 4026310 225037 199671 99 0 288954 0 1115301
1786842238.049512 4067007 349644 324278 99 0 288954 0 1164003
1786842239.055358 4173530 329786 304420 99 0 288954 0 1242363
1786842240.040332 3963792 189723 165684 99 0 288954 0 1052536
1786842241.045007 4010583 196478 173391 99 0 288954 0 1087830
1786842242.039442 3914168 115493 90262 99 0 288954 0 1028053
1786842243.028012 3953510 164680 139445 99 0 288954 0 1058323
1786842244.026416 3953510 196645 171410 99 0 288954 0 1027937
1786842245.026883 3953510 239575 214340 99 0 288954 0 1036617
1786842246.027278 3953510 283833 258598 99 0 288954 0 1043244
1786842247.027777 3953510 321173 295938 99 0 288954 0 1055332
1786842248.035261 3837896 97524 73713 99 0 288954 0 950770
1786842249.039049 3864022 143100 118082 99 0 288954 0 983099
1786842250.039640 3898192 176590 151567 99 0 288954 0 994958
1786842251.038623 3950280 257342 232326 99 0 288954 0 995753
1786842252.040443 3962995 318574 293555 99 0 288954 0 1062706
1786842253.043029 3967751 378181 353208 99 0 288954 0 1086886
1786842254.044786 3981785 456792 431839 99 0 288954 0 1077126
1786842255.045878 4039836 539333 514199 99 0 288954 0 1129822
1786842256.033676 3782511 132182 107032 99 0 288954 0 899913
1786842257.031546 3803192 178174 153034 99 0 288954 0 879519
1786842258.034253 3832187 249771 224625 99 0 288954 0 921381
1786842259.022807 3860956 314678 289532 99 0 288954 0 953036
1786842260.023073 3860956 343438 319169 99 0 288954 0 952103
1786842261.024947 3860956 374158 349793 99 0 288954 0 936979
1786842262.014254 3702796 36910 13852 99 0 288954 0 776408
1786842263.016906 3735157 90303 60048 99 0 322234 0 832024
1786842264.020028 3759221 94497 60096 99 0 346298 0 837877
1786842265.016072 3759221 119318 89232 99 0 346298 0 816275
1786842266.039831 3814832 158027 123035 99 0 346298 0 833756
1786842267.014374 3759221 136831 109120 99 0 346298 0 779420
1786842268.061755 3779818 167122 136261 99 0 346298 0 800421
1786842269.011126 3664748 61943 32391 99 0 346298 0 706904
1786842270.012448 3667436 103327 61639 99 0 348986 0 737557
1786842271.012768 3669996 100076 61639 99 0 351546 0 743648
1786842272.012579 3677537 149333 116252 99 0 351546 0 737558
1786842273.023279 3725607 196914 159475 99 0 351546 0 743040
1786842274.010660 3669996 155666 126119 99 0 351546 0 702545
1786842275.023199 3690593 179416 146685 99 0 351546 0 708623
1786842276.007386 3575648 83771 50859 99 0 351546 0 635585
1786842277.022538 3631259 132019 91399 99 0 351546 0 646298
1786842278.008931 3575648 105450 71819 99 0 351546 0 600012
1786842279.007947 3575648 152557 110251 99 0 351546 0 643215
1786842280.008059 3575648 152658 110251 99 0 351546 0 649133
1786842281.027050 3596245 168097 129681 99 0 351546 0 608825
1786842282.000590 3480916 52464 17663 99 0 351546 0 492875
1786842283.003446 3480916 108960 64719 99 0 351546 0 548487
1786842284.003536 3480916 102134 64719 99 0 351546 0 554401
1786842285.002774 3480916 128718 95711 99 0 351546 0 535805
1786842286.011082 3536527 171708 132123 99 0 351546 0 550706
1786842287.001179 3480916 149868 117343 99 0 351546 0 501295
1786842288.041169 3503963 180811 143703 99 0 351546 0 519321
1786842288.999767 3384239 67420 34170 99 0 351546 0 417135
1786842290.001415 3384239 111156 66330 99 0 351546 0 451815
1786842291.001623 3384239 107723 66330 99 0 351546 0 457782
1786842292.001513 3384239 147834 109914 99 0 351546 0 456092
1786842293.005181 3439850 198452 155958 99 0 351546 0 456449
1786842293.996956 3384239 164061 129018 99 0 351546 0 418237
1786842295.029082 3404836 188665 149872 99 0 351546 0 422444
1786842295.993474 3289705 91230 53428 99 0 351546 0 346394
1786842297.007821 3345316 130894 91146 99 0 351546 0 359807
1786842297.991795 3289705 104666 73876 99 0 351546 0 310273
1786842298.994112 3289705 154894 114916 99 0 351546 0 357288
1786842299.994357 3289705 153272 114916 99 0 351546 0 363181
1786842301.015992 3305017 165842 131848 99 0 351546 0 318410
1786842301.987738 3199365 63899 33008 99 0 351546 0 226603
1786842302.989656 3199365 109847 69328 99 0 351546 0 266952
1786842303.993581 3199365 110868 69328 99 0 351546 0 272944
1786842304.989752 3199365 145842 108848 99 0 351546 0 265582
1786842306.011209 3254976 193523 152566 99 0 351546 0 270997
1786842306.990365 3199365 159256 125152 99 0 351546 0 221663
1786842307.984634 3112701 57419 24385 99 0 351546 0 126201
1786842308.984551 3116798 81686 48651 99 0 355642 0 124684
1786842309.984558 3116798 110566 77531 99 0 355642 0 124684
1786842310.984537 3116798 139494 106459 99 0 355642 0 124684
1786842311.984541 3116798 164262 131227 99 0 355642 0 124684
1786842312.982789 3116798 164262 131227 99 0 355642 0 124684
1786842313.982794 3120895 164189 131227 99 0 359738 0 124684
1786842314.982868 3120895 164189 131227 99 0 359738 0 124684
1786842315.982807 3120895 164189 131227 99 0 359738 0 124684
1786842316.985015 3120895 164189 131227 99 0 359738 0 124684
1786842317.982817 3120895 164189 131227 99 0 359738 0 124684
1786842318.982802 3120895 164189 131227 99 0 359738 0 124684
1786842319.982798 3124992 164160 131227 99 0 363834 0 124684
1786842320.982764 3124992 164160 131227 99 0 363834 0 124684
1786842321.982840 3124992 164160 131227 99 0 363834 0 124684
1786842322.982811 3124992 164160 131227 99 0 363834 0 124684
1786842323.982802 3124992 164161 131227 99 0 363834 0 124684
1786842324.982807 3124992 164161 131227 99 0 363834 0 124684
1786842325.982807 3129089 164148 131227 99 0 367930 0 124684
1786842326.982769 3129089 164148 131227 99 0 367930 0 124684
1786842327.982767 3129089 164148 131227 99 0 367930 0 124684
1786842328.982787 3129089 164148 131227 99 0 367930 0 124684
1786842329.982966 3129089 164148 131227 99 0 367930 0 124684
1786842330.982977 3129089 164148 131227 99 0 367930 0 124684
1786842331.982966 3129089 164148 131227 99 0 367930 0 124684
1786842332.983035 3129089 164148 131227 99 0 367930 0 124684
1786842333.983024 3129089 164148 131227 99 0 367930 0 124684
1786842334.983006 3129089 164148 131227 99 0 367930 0 124684
1786842335.982862 3129089 164148 131227 99 0 367930 0 124684
1786842336.982821 3129089 164148 131227 99 0 367930 0 124684
1786842337.982836 3129089 164148 131227 99 0 367930 0 124684
1786842338.982824 3129089 164148 131227 99 0 367930 0 124684
1786842339.982868 3129089 164148 131227 99 0 367930 0 124684
1786842340.982868 3129089 164148 131227 99 0 367930 0 124684
1786842341.982827 3129089 164148 131227 99 0 367930 0 124684
1786842342.982856 3129089 164148 131227 99 0 367930 0 124684
1786842343.982820 3129089 164148 131227 99 0 367930 0 124684
1786842344.982870 3129089 164148 131227 99 0 367930 0 124684
1786842345.982787 3129089 164148 131227 99 0 367930 0 124684
1786842346.982830 3129089 164148 131227 99 0 367930 0 124684
1786842347.982834 3129089 164148 131227 99 0 367930 0 124684
1786842348.982821 3129089 164148 131227 99 0 367930 0 124684
1786842349.982839 3129089 164148 131227 99 0 367930 0 124684
1786842350.982838 3129089 164148 131227 99 0 367930 0 124684
1786842351.982819 3129089 164148 131227 99 0 367930 0 124684
1786842352.982935 3129089 164148 131227 99 0 367930 0 124684
1786842353.982989 3129089 164148 131227 99 0 367930 0 124684
1786842354.982973 3129089 164148 131227 99 0 367930 0 124684
1786842355.982862 3129089 164148 131227 99 0 367930 0 124684
1786842356.982860 3129089 164148 131227 99 0 367930 0 124684
1786842357.982883 3129089 164148 131227 99 0 367930 0 124684
1786842358.982905 3129089 164148 131227 99 0 367930 0 124684
1786842359.982863 3129089 164148 131227 99 0 367930 0 124684
1786842360.982869 3129089 164148 131227 99 0 367930 0 124684
1786842361.982898 3129089 164148 131227 99 0 367930 0 124684
1786842362.982851 3129089 164148 131227 99 0 367930 0 124684
1786842363.982888 3129089 164148 131227 99 0 367930 0 124684
1786842364.982879 3129089 164148 131227 99 0 367930 0 124684
1786842365.982861 3129089 164148 131227 99 0 367930 0 124684
1786842366.982881 3129089 164148 131227 99 0 367930 0 124684
1786842367.983214 3129089 164148 131227 99 0 367930 0 124684
1786842368.982898 3129089 164148 131227 99 0 367930 0 124684
1786842369.982864 3129089 164148 131227 99 0 367930 0 124684
1786842370.982862 3129089 164148 131227 99 0 367930 0 124684
1786842371.982881 3129089 164148 131227 99 0 367930 0 124684
1786842372.982873 3129089 164148 131227 99 0 367930 0 124684
1786842373.982861 3129089 164148 131227 99 0 367930 0 124684
1786842374.982850 3129089 164148 131227 99 0 367930 0 124684
1786842375.982881 3129089 164148 131227 99 0 367930 0 124684
1786842376.982865 3129089 164148 131227 99 0 367930 0 124684
1786842377.982870 3129089 164148 131227 99 0 367930 0 124684
1786842378.982882 3129089 164148 131227 99 0 367930 0 124684
1786842379.982877 3129089 164148 131227 99 0 367930 0 124684
1786842380.982883 3129089 164148 131227 99 0 367930 0 124684
1786842381.982911 3129089 164148 131227 99 0 367930 0 124684
1786842382.982899 3129089 164148 131227 99 0 367930 0 124684
1786842383.982860 3129089 164148 131227 99 0 367930 0 124684
1786842384.982887 3129089 164148 131227 99 0 367930 0 124684
1786842385.982857 3129089 164190 131227 99 0 367930 0 124684
1786842386.982889 3129089 164190 131227 99 0 367930 0 124684
1786842387.982819 3129089 164184 131227 99 0 367930 0 124684
