# start_epoch=1786815574.454313  page_size=4096  cachestat=ok  fields=size,resident,shared,text,lib,data,dt,pagecache
1786815575.455509 442950 28360 3136 2109 0 438348 0 19056
1786815576.456071 452813 30676 3287 2109 0 448204 0 31245
1786815577.456642 453581 32888 3287 2109 0 448972 0 43433
1786815578.457267 453581 31344 3287 2109 0 448972 0 55621
1786815579.459887 454228 34447 3374 2109 0 449612 0 85850
1786815580.458392 454228 34069 3375 2109 0 449612 0 78755
1786815581.458968 454228 31237 3375 2109 0 449612 0 90944
1786815582.460528 454228 30377 3375 2109 0 449612 0 103131
1786815583.464627 454996 31033 3375 2109 0 450380 0 133342
1786815584.465280 454996 34297 3375 2109 0 450380 0 145529
1786815585.475570 454996 34777 3375 2109 0 450380 0 164833
1786815586.462405 454996 33807 3375 2109 0 450380 0 135501
1786815587.463077 454996 35596 3375 2109 0 450380 0 147688
1786815588.465993 454996 36621 3375 2109 0 450380 0 195920
1786815589.466820 454996 34090 3375 2109 0 450380 0 208107
1786815590.473312 455892 36397 3375 2109 0 451276 0 220295
1786815591.489248 455892 36397 3375 2109 0 451276 0 244207
1786815592.465556 455892 34696 3375 2109 0 451276 0 191536
1786815593.470179 455892 35237 3375 2109 0 451276 0 239770
1786815594.469900 455892 39491 3375 2109 0 451276 0 266837
1786815595.471101 455892 38323 3375 2109 0 451276 0 277664
1786815596.469479 455892 37175 3375 2109 0 451276 0 252810
1786815597.470308 455892 37679 3375 2109 0 451276 0 264230
1786815598.473075 455892 36943 3375 2109 0 451276 0 308113
1786815599.473854 456788 39434 3375 2109 0 452172 0 319277
1786815600.472359 456788 36601 3375 2109 0 452172 0 293572
1786815601.471523 462932 39285 3375 2109 0 458316 0 298780
1786815602.472140 462932 36387 3375 2109 0 458316 0 308107
1786815603.473498 462932 38435 3375 2109 0 458316 0 335460
1786815604.474272 462932 39035 3375 2109 0 458316 0 347649
1786815605.475122 463956 39561 3375 2109 0 459340 0 359841
1786815606.475945 463956 40147 3375 2109 0 459340 0 372031
1786815607.475456 463956 40169 3375 2109 0 459340 0 360160
1786815608.476280 463956 39974 3375 2109 0 459340 0 372349
1786815609.477313 463956 42086 3375 2109 0 459340 0 384536
1786815610.482000 463956 39929 3375 2109 0 459340 0 423240
1786815611.480919 463956 41831 3375 2109 0 459340 0 429539
1786815612.481615 463956 37291 3375 2109 0 459340 0 441469
1786815613.482443 463956 39950 3375 2109 0 459340 0 452888
1786815614.477470 463956 41617 3375 2109 0 459340 0 399178
1786815615.478480 463956 41961 3375 2109 0 459340 0 429394
1786815616.479685 463956 42727 3375 2109 0 459340 0 441585
1786815617.481171 463956 42556 3375 2109 0 459340 0 463202
1786815618.481812 463956 33118 3375 2109 0 459340 0 475391
1786815619.482603 463956 41985 3375 2109 0 459340 0 487579
1786815620.482936 463956 38224 3375 2109 0 459340 0 499768
1786815621.484138 463956 37642 3375 2109 0 459340 0 511957
1786815622.482123 465236 35824 3375 2109 0 460620 0 474645
1786815623.490263 465236 39920 3375 2109 0 460620 0 551482
1786815624.487164 465236 37689 3375 2109 0 460620 0 522052
1786815625.487895 465236 35977 3375 2109 0 460620 0 542481
1786815626.487542 465236 35822 3375 2109 0 460620 0 535174
1786815627.488212 465236 30816 3375 2109 0 460620 0 547363
1786815628.489007 465236 34274 3375 2109 0 460620 0 559552
1786815629.490096 465236 36381 3375 2109 0 460620 0 571742
1786815630.490565 466772 35439 3375 2109 0 462156 0 583931
1786815631.490332 466772 41125 3375 2109 0 462156 0 578063
1786815632.490157 466772 39191 3375 2109 0 462156 0 574408
1786815633.489325 466772 35697 3375 2109 0 462156 0 559337
1786815634.490602 466772 37118 3375 2109 0 462156 0 585075
1786815635.491374 466772 30540 3375 2109 0 462156 0 597264
1786815636.487433 466772 36952 3375 2109 0 462156 0 578488
1786815637.490713 466772 36915 3375 2109 0 462156 0 621637
1786815638.492063 466772 39038 3375 2109 0 462156 0 634669
1786815639.497076 466772 39809 3375 2109 0 462156 0 656970
1786815640.492711 466772 38483 3375 2109 0 462156 0 610121
1786815641.492887 466772 42581 3375 2109 0 462156 0 616408
1786815642.492804 466772 39828 3375 2109 0 462156 0 620165
1786815643.493499 466772 41959 3375 2109 0 462156 0 630042
1786815644.495077 466772 38413 3375 2109 0 462156 0 655400
1786815645.488575 470869 35390 3375 2109 0 466252 0 649234
1786815646.485783 470869 35381 3375 2109 0 466252 0 649235
1786815647.485774 470869 35724 3375 2109 0 466252 0 649236
1786815648.485750 470869 35537 3375 2109 0 466252 0 649236
1786815649.487430 470869 35537 3375 2109 0 466252 0 649237
1786815650.483992 470869 34491 3375 2109 0 466252 0 611110
1786815651.483477 470869 34504 3375 2109 0 466252 0 601887
1786815652.483225 470869 34878 3375 2109 0 466252 0 596348
1786815653.482704 470869 34918 3375 2109 0 466252 0 586036
1786815654.482467 470869 34918 3375 2109 0 466252 0 581007
1786815655.482306 470869 34885 3375 2109 0 466252 0 575980
1786815656.481926 470869 34771 3375 2109 0 466252 0 567623
1786815657.481454 470869 34771 3375 2109 0 466252 0 558503
1786815658.480432 470869 34673 3375 2109 0 466252 0 533544
1786815659.481933 470869 34677 3375 2109 0 466252 0 569591
1786815660.481939 470869 34677 3375 2109 0 466252 0 569592
1786815661.481091 470869 34675 3375 2109 0 466252 0 549515
1786815662.483008 470869 35758 3375 2109 0 466252 0 590225
1786815663.483066 470869 35467 3375 2109 0 466252 0 590226
1786815664.483003 470869 35467 3375 2109 0 466252 0 590227
1786815665.482973 470869 35498 3375 2109 0 466252 0 590228
1786815666.483221 470869 35498 3375 2109 0 466252 0 590229
1786815667.483011 470869 35407 3375 2109 0 466252 0 590231
1786815668.483053 470869 35407 3375 2109 0 466252 0 590231
1786815669.478864 470869 31383 3375 2109 0 466252 0 504563
1786815670.479743 470869 31382 3375 2109 0 466252 0 522590
1786815671.479732 470869 31264 3375 2109 0 466252 0 522591
1786815672.479724 470869 31738 3375 2109 0 466252 0 522592
1786815673.479785 470869 31738 3375 2109 0 466252 0 522592
1786815674.479735 470869 31226 3375 2109 0 466252 0 522594
1786815675.480888 503133 74295 3382 2109 0 498508 0 488707
1786815676.478069 593245 171612 3382 2109 0 588620 0 488707
1786815677.478080 698205 268274 3382 2109 0 693580 0 488707
1786815678.478085 809821 367316 3382 2109 0 805196 0 488707
1786815679.478024 878941 464143 3382 2109 0 874316 0 488707
1786815680.478035 969054 554577 3382 2109 0 964428 0 488707
1786815681.478101 969054 554577 3382 2109 0 964428 0 488707
1786815682.478036 969054 554915 3382 2109 0 964428 0 488707
1786815683.477723 969054 554915 3382 2109 0 964428 0 488707
1786815684.477960 973151 554903 3382 2109 0 968524 0 488707
1786815685.478006 973151 554903 3382 2109 0 968524 0 488707
1786815686.477993 973151 554903 3382 2109 0 968524 0 488707
1786815687.478035 973151 554903 3382 2109 0 968524 0 488707
1786815688.478001 977241 554896 3375 2109 0 972620 0 488707
1786815689.478003 977241 554896 3375 2109 0 972620 0 488707
1786815690.477984 977241 554896 3375 2109 0 972620 0 488707
1786815691.478348 977241 554896 3375 2109 0 972620 0 488707
1786815692.478167 977241 554896 3375 2109 0 972620 0 488707
1786815693.478151 977241 554896 3375 2109 0 972620 0 488707
1786815694.477983 977241 554896 3375 2109 0 972620 0 488707
1786815695.478048 977241 554896 3375 2109 0 972620 0 488707
1786815696.478138 977241 554896 3375 2109 0 972620 0 488707
1786815697.478094 977241 554896 3375 2109 0 972620 0 488707
1786815698.478098 977241 554896 3375 2109 0 972620 0 488707
1786815699.478044 977241 554896 3375 2109 0 972620 0 488707
1786815700.478077 977241 554896 3375 2109 0 972620 0 488707
1786815701.478083 977241 554896 3375 2109 0 972620 0 488707
1786815702.477957 977241 554896 3375 2109 0 972620 0 488707
1786815703.478075 977241 554896 3375 2109 0 972620 0 488707
1786815704.478098 977241 554896 3375 2109 0 972620 0 488707
1786815705.478116 977241 554896 3375 2109 0 972620 0 488707
1786815706.478062 977241 554896 3375 2109 0 972620 0 488707
1786815707.478073 977241 554896 3375 2109 0 972620 0 488707
1786815708.478066 977241 554896 3375 2109 0 972620 0 488707
1786815709.478050 977241 554896 3375 2109 0 972620 0 488707
1786815710.478053 977241 554896 3375 2109 0 972620 0 488707
1786815711.478039 977241 554896 3375 2109 0 972620 0 488707
1786815712.478067 977241 554896 3375 2109 0 972620 0 488707
1786815713.478261 977241 554896 3375 2109 0 972620 0 488707
1786815714.478121 977241 554896 3375 2109 0 972620 0 488707
1786815715.478128 977241 554896 3375 2109 0 972620 0 488707
1786815716.478068 977241 554896 3375 2109 0 972620 0 488707
1786815717.478098 977241 554896 3375 2109 0 972620 0 488707
1786815718.478123 977241 554896 3375 2109 0 972620 0 488707
1786815719.478077 977241 554896 3375 2109 0 972620 0 488707
1786815720.478126 977241 554896 3375 2109 0 972620 0 488707
1786815721.478106 977241 554896 3375 2109 0 972620 0 488707
1786815722.478314 977241 554896 3375 2109 0 972620 0 488707
1786815723.478159 977241 554896 3375 2109 0 972620 0 488707
1786815724.478077 977241 554896 3375 2109 0 972620 0 488707
1786815725.478138 977241 554896 3375 2109 0 972620 0 488707
1786815726.478123 977241 554896 3375 2109 0 972620 0 488707
1786815727.478137 977241 554896 3375 2109 0 972620 0 488707
1786815728.478137 977241 554896 3375 2109 0 972620 0 488707
1786815729.478151 977241 554896 3375 2109 0 972620 0 488707
1786815730.478160 977241 554896 3375 2109 0 972620 0 488707
1786815731.478115 977241 554896 3375 2109 0 972620 0 488707
1786815732.478141 977241 554896 3375 2109 0 972620 0 488707
1786815733.478121 977241 554906 3375 2109 0 972620 0 488707
1786815734.478157 977241 554906 3375 2109 0 972620 0 488707
1786815735.478164 977241 554906 3375 2109 0 972620 0 488707
1786815736.478154 977241 554906 3375 2109 0 972620 0 488707
1786815737.478142 977241 554906 3375 2109 0 972620 0 488707
1786815738.478073 977241 554906 3375 2109 0 972620 0 488707
1786815739.478167 977241 554906 3375 2109 0 972620 0 488707
1786815740.478166 977241 554906 3375 2109 0 972620 0 488707
1786815741.478141 977241 554906 3375 2109 0 972620 0 488707
1786815742.478120 977241 554906 3375 2109 0 972620 0 488707
1786815743.478061 977241 554906 3375 2109 0 972620 0 488707
1786815744.478130 977241 554911 3375 2109 0 972620 0 488707
1786815745.478166 977241 554911 3375 2109 0 972620 0 488707
1786815746.478061 977241 554911 3375 2109 0 972620 0 488707
1786815747.477963 977241 554911 3375 2109 0 972620 0 488707
1786815748.478096 977241 554911 3375 2109 0 972620 0 488707
1786815749.478148 977241 554911 3375 2109 0 972620 0 488707
1786815750.478142 977241 554911 3375 2109 0 972620 0 488707
1786815751.478043 977241 554911 3375 2109 0 972620 0 488707
1786815752.478099 977241 554911 3375 2109 0 972620 0 488707
1786815753.478091 977241 554911 3375 2109 0 972620 0 488707
1786815754.478135 977241 555452 3375 2109 0 972620 0 488707
1786815755.478120 977241 555452 3375 2109 0 972620 0 488707
1786815756.478194 977241 555452 3375 2109 0 972620 0 488707
1786815757.478120 977241 555452 3375 2109 0 972620 0 488707
1786815758.479319 977241 555452 3375 2109 0 972620 0 488707
1786815759.478140 977241 555452 3375 2109 0 972620 0 488707
1786815760.478156 977241 555452 3375 2109 0 972620 0 488707
1786815761.478099 977241 555452 3375 2109 0 972620 0 488707
1786815762.478092 977241 555452 3375 2109 0 972620 0 488707
1786815763.478143 977241 555452 3375 2109 0 972620 0 488707
1786815764.478063 977241 555452 3375 2109 0 972620 0 488707
1786815765.478075 977241 555452 3375 2109 0 972620 0 488707
1786815766.478123 977241 555452 3375 2109 0 972620 0 488707
1786815767.478045 977241 555452 3375 2109 0 972620 0 488707
1786815768.478144 977241 555452 3375 2109 0 972620 0 488707
1786815769.478121 977241 555452 3375 2109 0 972620 0 488707
1786815770.478142 977241 555452 3375 2109 0 972620 0 488707
1786815771.478126 977241 555452 3375 2109 0 972620 0 488707
1786815772.478094 977241 555452 3375 2109 0 972620 0 488707
1786815773.478088 977241 555452 3375 2109 0 972620 0 488707
1786815774.478089 977241 555948 3375 2109 0 972620 0 488707
1786815775.478095 977241 555948 3375 2109 0 972620 0 488707
1786815776.478076 977241 555948 3375 2109 0 972620 0 488707
1786815777.478101 977241 555948 3375 2109 0 972620 0 488707
1786815778.478144 977241 555948 3375 2109 0 972620 0 488707
1786815779.478140 977241 555948 3375 2109 0 972620 0 488707
1786815780.478144 977241 555948 3375 2109 0 972620 0 488707
1786815781.478149 977241 555948 3375 2109 0 972620 0 488707
1786815782.478083 977241 555948 3375 2109 0 972620 0 488707
1786815783.478124 977241 555948 3375 2109 0 972620 0 488707
1786815784.478085 977241 555948 3375 2109 0 972620 0 488707
1786815785.478137 977241 556428 3375 2109 0 972620 0 488707
1786815786.478076 977241 556428 3375 2109 0 972620 0 488707
1786815787.478058 977241 556428 3375 2109 0 972620 0 488707
1786815788.478049 977241 556428 3375 2109 0 972620 0 488707
1786815789.478051 977241 556428 3375 2109 0 972620 0 488707
1786815790.478062 977241 556428 3375 2109 0 972620 0 488707
1786815791.478140 977241 556428 3375 2109 0 972620 0 488707
1786815792.478109 977241 556428 3375 2109 0 972620 0 488707
1786815793.478056 977241 556428 3375 2109 0 972620 0 488707
1786815794.478057 977241 556428 3375 2109 0 972620 0 488707
1786815795.478028 977241 556428 3375 2109 0 972620 0 488707
1786815796.478033 977241 556428 3375 2109 0 972620 0 488707
1786815797.478106 977241 556428 3375 2109 0 972620 0 488707
1786815798.478075 977241 556428 3375 2109 0 972620 0 488707
1786815799.478113 977241 556428 3375 2109 0 972620 0 488707
1786815800.478106 977241 556428 3375 2109 0 972620 0 488707
1786815801.478039 977241 556428 3375 2109 0 972620 0 488707
1786815802.478138 977241 556428 3375 2109 0 972620 0 488707
1786815803.478076 977241 556428 3375 2109 0 972620 0 488707
1786815804.478107 977241 556428 3375 2109 0 972620 0 488707
1786815805.478109 977241 556892 3375 2109 0 972620 0 488707
1786815806.478029 977241 556892 3375 2109 0 972620 0 488707
1786815807.478069 977241 556892 3375 2109 0 972620 0 488707
1786815808.478051 977241 556892 3375 2109 0 972620 0 488707
1786815809.478293 977241 556892 3375 2109 0 972620 0 488707
1786815810.478107 977241 556892 3375 2109 0 972620 0 488707
1786815811.478070 977241 556892 3375 2109 0 972620 0 488707
1786815812.478094 977241 556892 3375 2109 0 972620 0 488707
1786815813.478065 977241 556892 3375 2109 0 972620 0 488707
1786815814.478059 977241 556892 3375 2109 0 972620 0 488707
1786815815.478064 977241 557340 3375 2109 0 972620 0 488707
1786815816.478071 977241 557340 3375 2109 0 972620 0 488707
1786815817.478100 977241 557340 3375 2109 0 972620 0 488707
1786815818.478101 977241 557340 3375 2109 0 972620 0 488707
1786815819.478088 977241 557340 3375 2109 0 972620 0 488707
1786815820.478069 977241 557340 3375 2109 0 972620 0 488707
1786815821.478075 977241 557340 3375 2109 0 972620 0 488707
1786815822.478057 977241 557340 3375 2109 0 972620 0 488707
1786815823.478059 977241 557340 3375 2109 0 972620 0 488707
1786815824.478037 977241 557340 3375 2109 0 972620 0 488707
1786815825.478072 977241 557340 3375 2109 0 972620 0 488707
1786815826.478093 977241 557340 3375 2109 0 972620 0 488707
1786815827.478125 977241 557340 3375 2109 0 972620 0 488707
1786815828.478084 977241 557340 3375 2109 0 972620 0 488707
1786815829.478071 977241 557340 3375 2109 0 972620 0 488707
1786815830.478103 977241 557340 3375 2109 0 972620 0 488707
