# start_epoch=1786815831.504836  page_size=4096  cachestat=ok  fields=size,resident,shared,text,lib,data,dt,pagecache
1786815832.510256 460372 31789 3282 2109 0 455756 0 81637
1786815833.512753 468308 39640 3283 2109 0 463692 0 123329
1786815834.514291 468308 42029 3283 2109 0 463692 0 148037
1786815835.515659 469204 48159 3283 2109 0 464588 0 166026
1786815836.517198 469204 42451 3331 2109 0 464588 0 189070
1786815837.518740 469204 45339 3331 2109 0 464588 0 213268
1786815838.520895 469204 45628 3331 2109 0 464588 0 249736
1786815839.521216 469204 46174 3331 2109 0 464588 0 256465
1786815840.523615 470228 49222 3331 2109 0 465612 0 291330
1786815841.525086 470228 46936 3331 2109 0 465612 0 315570
1786815842.524880 470228 49577 3331 2109 0 465612 0 308474
1786815843.530942 470228 49593 3331 2109 0 465612 0 356682
1786815844.528831 471508 51388 3331 2109 0 466892 0 376825
1786815845.530529 471508 45992 3331 2109 0 466892 0 401320
1786815846.532013 471508 47910 3331 2109 0 466892 0 425302
1786815847.533064 471508 47879 3331 2109 0 466892 0 442432
1786815848.534695 471508 40719 3331 2109 0 466892 0 466927
1786815849.536156 473044 51238 3331 2109 0 468428 0 490654
1786815850.527651 477141 35408 3331 2109 0 472524 0 464684
1786815851.527668 477141 36354 3331 2109 0 472524 0 463654
1786815852.526453 477141 36153 3331 2109 0 472524 0 435349
1786815853.526637 477141 36298 3331 2109 0 472524 0 441578
1786815854.526633 477141 36298 3331 2109 0 472524 0 441578
1786815855.526666 477141 36298 3331 2109 0 472524 0 441579
1786815856.526646 477141 36440 3331 2109 0 472524 0 441580
1786815857.526604 477141 36765 3331 2109 0 472524 0 441580
1786815858.526626 478933 37357 3331 2109 0 474316 0 441581
1786815859.526563 478933 37357 3331 2109 0 474316 0 441581
1786815860.526630 478933 37357 3331 2109 0 474316 0 441582
1786815861.526454 478933 37972 3331 2109 0 474316 0 441569
1786815862.526489 478933 37972 3331 2109 0 474316 0 441570
1786815863.526437 478933 37691 3331 2109 0 474316 0 441571
1786815864.526395 478933 37648 3331 2109 0 474316 0 441571
1786815865.526415 478933 37648 3331 2109 0 474316 0 441572
1786815866.526367 478933 37648 3331 2109 0 474316 0 441572
1786815867.526444 478933 37648 3331 2109 0 474316 0 441573
1786815868.526419 478933 37648 3331 2109 0 474316 0 441573
1786815869.526417 478933 36307 3331 2109 0 474316 0 441574
1786815870.525320 484061 47641 3370 2109 0 479436 0 423539
1786815871.525460 569565 135198 3370 2109 0 564940 0 423539
1786815872.525463 658141 224045 3370 2109 0 653516 0 423539
1786815873.525520 751325 312248 3370 2109 0 746700 0 423539
1786815874.525463 812253 400324 3370 2109 0 807628 0 423539
1786815875.525511 961757 487755 3370 2109 0 957132 0 423539
1786815876.525521 1064157 574015 3370 2109 0 1059532 0 423539
1786815877.525496 1064157 659632 3370 2109 0 1059532 0 423539
1786815878.525303 1183965 746138 3370 2109 0 1179340 0 423539
1786815879.525449 1315037 834070 3370 2109 0 1310412 0 423539
1786815880.528288 1325278 868147 3370 2109 0 1320652 0 423539
1786815881.525488 1325278 868147 3370 2109 0 1320652 0 423539
1786815882.525507 1325278 868147 3370 2109 0 1320652 0 423539
1786815883.525498 1325278 868147 3370 2109 0 1320652 0 423539
1786815884.525577 1325278 868147 3370 2109 0 1320652 0 423539
1786815885.525479 1325278 868147 3370 2109 0 1320652 0 423539
1786815886.525446 1329375 868147 3370 2109 0 1324748 0 423539
1786815887.525595 1329375 868193 3370 2109 0 1324748 0 423539
1786815888.525533 1329375 868193 3370 2109 0 1324748 0 423539
1786815889.525434 1329375 868193 3370 2109 0 1324748 0 423539
1786815890.525516 1329375 868193 3370 2109 0 1324748 0 423539
1786815891.525628 1329375 868193 3370 2109 0 1324748 0 423539
1786815892.525488 1333465 868186 3363 2109 0 1328844 0 423539
1786815893.525549 1333465 868186 3363 2109 0 1328844 0 423539
1786815894.525537 1333465 868186 3363 2109 0 1328844 0 423539
1786815895.525520 1333465 868186 3363 2109 0 1328844 0 423539
1786815896.525559 1333465 868186 3363 2109 0 1328844 0 423539
1786815897.525533 1333465 868186 3363 2109 0 1328844 0 423539
1786815898.525518 1333465 868186 3363 2109 0 1328844 0 423539
1786815899.525484 1333465 868186 3363 2109 0 1328844 0 423539
1786815900.525485 1333465 868186 3363 2109 0 1328844 0 423539
1786815901.525476 1333465 868186 3363 2109 0 1328844 0 423539
1786815902.525541 1333465 868186 3363 2109 0 1328844 0 423539
1786815903.525557 1333465 868186 3363 2109 0 1328844 0 423539
1786815904.525530 1333465 868186 3363 2109 0 1328844 0 423539
1786815905.525541 1333465 868186 3363 2109 0 1328844 0 423539
1786815906.525528 1333465 868186 3363 2109 0 1328844 0 423539
1786815907.525709 1333465 868186 3363 2109 0 1328844 0 423539
1786815908.525525 1333465 868186 3363 2109 0 1328844 0 423539
1786815909.525395 1333465 868186 3363 2109 0 1328844 0 423539
1786815910.525397 1333465 868186 3363 2109 0 1328844 0 423539
1786815911.525512 1333465 868186 3363 2109 0 1328844 0 423539
1786815912.525502 1333465 868186 3363 2109 0 1328844 0 423539
1786815913.525446 1333465 868186 3363 2109 0 1328844 0 423539
1786815914.525473 1333465 868186 3363 2109 0 1328844 0 423539
1786815915.525453 1333465 868186 3363 2109 0 1328844 0 423539
1786815916.525509 1333465 868186 3363 2109 0 1328844 0 423539
1786815917.526400 1333465 868186 3363 2109 0 1328844 0 423539
1786815918.525370 1333465 868186 3363 2109 0 1328844 0 423539
1786815919.525539 1333465 868186 3363 2109 0 1328844 0 423539
1786815920.525573 1333465 868186 3363 2109 0 1328844 0 423539
1786815921.525485 1333465 868186 3363 2109 0 1328844 0 423539
1786815922.525603 1333465 868186 3363 2109 0 1328844 0 423539
1786815923.525620 1333465 868186 3363 2109 0 1328844 0 423539
1786815924.525581 1333465 868186 3363 2109 0 1328844 0 423539
1786815925.525541 1333465 868186 3363 2109 0 1328844 0 423539
1786815926.525560 1333465 868186 3363 2109 0 1328844 0 423539
1786815927.525689 1333465 868186 3363 2109 0 1328844 0 423539
1786815928.525609 1333465 868186 3363 2109 0 1328844 0 423539
1786815929.525539 1333465 868186 3363 2109 0 1328844 0 423539
1786815930.525542 1333465 868186 3363 2109 0 1328844 0 423539
1786815931.525524 1333465 868186 3363 2109 0 1328844 0 423539
1786815932.525535 1333465 868186 3363 2109 0 1328844 0 423539
1786815933.525497 1333465 868186 3363 2109 0 1328844 0 423539
1786815934.525536 1333465 868186 3363 2109 0 1328844 0 423539
1786815935.525531 1333465 868186 3363 2109 0 1328844 0 423539
1786815936.525550 1333465 868186 3363 2109 0 1328844 0 423539
1786815937.525537 1333465 868186 3363 2109 0 1328844 0 423539
1786815938.525539 1333465 868186 3363 2109 0 1328844 0 423539
1786815939.525497 1333465 868186 3363 2109 0 1328844 0 423539
1786815940.525557 1333465 868186 3363 2109 0 1328844 0 423539
1786815941.525549 1333465 868186 3363 2109 0 1328844 0 423539
1786815942.525542 1333465 868186 3363 2109 0 1328844 0 423539
1786815943.525520 1333465 868186 3363 2109 0 1328844 0 423539
1786815944.525514 1333465 868186 3363 2109 0 1328844 0 423539
1786815945.525542 1333465 868186 3363 2109 0 1328844 0 423539
1786815946.525369 1333465 868186 3363 2109 0 1328844 0 423539
1786815947.525546 1333465 868186 3363 2109 0 1328844 0 423539
1786815948.525494 1333465 868199 3363 2109 0 1328844 0 423539
1786815949.525500 1333465 868199 3363 2109 0 1328844 0 423539
1786815950.525595 1333465 868199 3363 2109 0 1328844 0 423539
1786815951.525503 1333465 868199 3363 2109 0 1328844 0 423539
1786815952.525657 1333465 868199 3363 2109 0 1328844 0 423539
1786815953.525553 1333465 868199 3363 2109 0 1328844 0 423539
1786815954.525509 1333465 868199 3363 2109 0 1328844 0 423539
1786815955.525525 1333465 868199 3363 2109 0 1328844 0 423539
1786815956.525507 1333465 868199 3363 2109 0 1328844 0 423539
1786815957.525579 1333465 868199 3363 2109 0 1328844 0 423539
1786815958.525535 1333465 868199 3363 2109 0 1328844 0 423539
1786815959.525514 1333465 868697 3363 2109 0 1328844 0 423539
1786815960.525534 1333465 868697 3363 2109 0 1328844 0 423539
1786815961.525512 1333465 868697 3363 2109 0 1328844 0 423539
1786815962.525511 1333465 868697 3363 2109 0 1328844 0 423539
1786815963.525481 1333465 868697 3363 2109 0 1328844 0 423539
1786815964.525557 1333465 868697 3363 2109 0 1328844 0 423539
1786815965.525516 1333465 868697 3363 2109 0 1328844 0 423539
1786815966.525521 1333465 868697 3363 2109 0 1328844 0 423539
1786815967.525447 1333465 868697 3363 2109 0 1328844 0 423539
1786815968.525527 1333465 868697 3363 2109 0 1328844 0 423539
1786815969.526566 1333465 868697 3363 2109 0 1328844 0 423539
1786815970.525596 1333465 868697 3363 2109 0 1328844 0 423539
1786815971.525556 1333465 868697 3363 2109 0 1328844 0 423539
1786815972.525519 1333465 868697 3363 2109 0 1328844 0 423539
1786815973.525524 1333465 868697 3363 2109 0 1328844 0 423539
1786815974.525532 1333465 868697 3363 2109 0 1328844 0 423539
1786815975.525378 1333465 868697 3363 2109 0 1328844 0 423539
1786815976.525586 1333465 868697 3363 2109 0 1328844 0 423539
1786815977.525559 1333465 868697 3363 2109 0 1328844 0 423539
1786815978.525508 1333465 868697 3363 2109 0 1328844 0 423539
1786815979.525518 1333465 869193 3363 2109 0 1328844 0 423539
1786815980.525523 1333465 869193 3363 2109 0 1328844 0 423539
1786815981.525532 1333465 869193 3363 2109 0 1328844 0 423539
1786815982.525528 1333465 869193 3363 2109 0 1328844 0 423539
1786815983.526621 1333465 869193 3363 2109 0 1328844 0 423539
1786815984.525531 1333465 869193 3363 2109 0 1328844 0 423539
1786815985.525562 1333465 869193 3363 2109 0 1328844 0 423539
1786815986.525560 1333465 869193 3363 2109 0 1328844 0 423539
1786815987.525539 1333465 869193 3363 2109 0 1328844 0 423539
1786815988.525552 1333465 869193 3363 2109 0 1328844 0 423539
1786815989.525397 1333465 869193 3363 2109 0 1328844 0 423539
1786815990.525567 1333465 869193 3363 2109 0 1328844 0 423539
1786815991.525576 1333465 869193 3363 2109 0 1328844 0 423539
1786815992.525537 1333465 869193 3363 2109 0 1328844 0 423539
1786815993.525494 1333465 869193 3363 2109 0 1328844 0 423539
1786815994.525520 1333465 869193 3363 2109 0 1328844 0 423539
1786815995.525546 1333465 869193 3363 2109 0 1328844 0 423539
1786815996.525506 1333465 869193 3363 2109 0 1328844 0 423539
1786815997.527797 1333465 869193 3363 2109 0 1328844 0 423539
1786815998.528781 1333465 869193 3363 2109 0 1328844 0 423539
1786815999.528870 1333465 869193 3363 2109 0 1328844 0 423539
1786816000.528749 1333465 869673 3363 2109 0 1328844 0 423539
1786816001.528774 1333465 869673 3363 2109 0 1328844 0 423539
1786816002.528803 1333465 869673 3363 2109 0 1328844 0 423539
1786816003.528800 1333465 869673 3363 2109 0 1328844 0 423539
1786816004.528950 1333465 869673 3363 2109 0 1328844 0 423539
1786816005.528827 1333465 869673 3363 2109 0 1328844 0 423539
1786816006.528876 1333465 869673 3363 2109 0 1328844 0 423539
1786816007.528775 1333465 869673 3363 2109 0 1328844 0 423539
1786816008.528809 1333465 869673 3363 2109 0 1328844 0 423539
1786816009.528846 1333465 869673 3363 2109 0 1328844 0 423539
1786816010.528818 1333465 870137 3363 2109 0 1328844 0 423539
1786816011.528800 1333465 870137 3363 2109 0 1328844 0 423539
1786816012.528727 1333465 870137 3363 2109 0 1328844 0 423539
1786816013.528793 1333465 870137 3363 2109 0 1328844 0 423539
1786816014.528808 1333465 870137 3363 2109 0 1328844 0 423539
1786816015.528784 1333465 870137 3363 2109 0 1328844 0 423539
1786816016.528797 1333465 870137 3363 2109 0 1328844 0 423539
1786816017.528812 1333465 870137 3363 2109 0 1328844 0 423539
1786816018.528854 1333465 870137 3363 2109 0 1328844 0 423539
1786816019.528856 1333465 870137 3363 2109 0 1328844 0 423539
1786816020.528783 1333465 870137 3363 2109 0 1328844 0 423539
1786816021.528803 1333465 870137 3363 2109 0 1328844 0 423539
1786816022.528817 1333465 870137 3363 2109 0 1328844 0 423539
1786816023.525562 1333465 870137 3363 2109 0 1328844 0 423539
1786816024.525824 1333465 870137 3363 2109 0 1328844 0 423539
1786816025.525549 1333465 870137 3363 2109 0 1328844 0 423539
1786816026.525564 1333465 870137 3363 2109 0 1328844 0 423539
1786816027.525532 1333465 870137 3363 2109 0 1328844 0 423539
1786816028.525591 1333465 870137 3363 2109 0 1328844 0 423539
1786816029.525572 1333465 870137 3363 2109 0 1328844 0 423539
1786816030.525572 1333465 870585 3363 2109 0 1328844 0 423539
1786816031.525592 1333465 870585 3363 2109 0 1328844 0 423539
1786816032.525604 1333465 870585 3363 2109 0 1328844 0 423539
1786816033.525552 1333465 870585 3363 2109 0 1328844 0 423539
1786816034.525570 1333465 870585 3363 2109 0 1328844 0 423539
1786816035.526604 1333465 870585 3363 2109 0 1328844 0 423539
1786816036.525562 1333465 870585 3363 2109 0 1328844 0 423539
1786816037.525509 1333465 870585 3363 2109 0 1328844 0 423539
1786816038.525512 1333465 870585 3363 2109 0 1328844 0 423539
1786816039.525618 1333465 870585 3363 2109 0 1328844 0 423539
1786816040.525516 1333465 870585 3363 2109 0 1328844 0 423539
1786816041.525557 1333465 871017 3363 2109 0 1328844 0 423539
1786816042.525452 1333465 871017 3363 2109 0 1328844 0 423539
1786816043.525542 1333465 871017 3363 2109 0 1328844 0 423539
