# start_epoch=1789320683.327751  page_size=4096  cachestat=ok  fields=size,resident,shared,text,lib,data,dt,pagecache
1789320684.327994 260530 28352 8873 99 0 246458 0 1
1789320685.327948 260530 28352 8873 99 0 246458 0 1
1789320686.331075 2105139 56033 35716 99 0 254010 0 67609
1789320687.333606 2105139 78584 58266 99 0 254010 0 125458
1789320688.338049 3042695 189751 169378 99 0 258106 0 184138
1789320689.337440 3042695 206094 185721 99 0 258106 0 227084
1789320690.336416 2988901 80674 60337 99 0 258106 0 223383
1789320691.340570 3135968 232695 212348 99 0 258106 0 280157
1789320692.342578 3135968 275757 255410 99 0 258106 0 325524
1789320693.344483 3135968 314572 294257 99 0 258106 0 370365
1789320694.344195 3223896 188828 168551 99 0 258106 0 369330
1789320695.345683 3223896 205470 185191 99 0 258106 0 405019
1789320696.348501 3181875 92808 72536 99 0 258106 0 401474
1789320697.352059 3349018 254385 234113 99 0 258106 0 489987
1789320698.352387 3308455 219782 199479 99 0 258106 0 503779
1789320699.351521 3306616 222425 202120 99 0 258106 0 533972
1789320700.353207 3453658 328995 308690 99 0 258106 0 578628
1789320701.356295 3398815 238368 218133 99 0 258106 0 585018
1789320702.358372 3394787 245179 224944 99 0 258106 0 649146
1789320703.362180 3584187 449903 429668 99 0 258106 0 749971
1789320704.364684 3536445 373731 353494 99 0 258106 0 741826
1789320705.364228 3536445 397897 377656 99 0 258106 0 799833
1789320706.367071 3683502 516577 496333 99 0 258106 0 862118
1789320707.369469 3683502 542046 521800 99 0 258106 0 913353
1789320708.370387 3727626 362205 341793 99 0 258106 0 867343
1789320709.367227 3702917 385536 365124 99 0 258106 0 873670
1789320710.369104 3702917 422384 401972 99 0 258106 0 917545
1789320711.370854 3702917 463331 442919 99 0 258106 0 955198
1789320712.373295 3850002 600373 579961 99 0 258106 0 1003901
1789320713.373648 3850002 631771 611428 99 0 258106 0 1041464
1789320714.376847 3850002 663398 643055 99 0 258106 0 1096994
1789320715.376421 3866443 332565 312296 99 0 258106 0 992782
1789320716.378777 3852927 359848 339579 99 0 258106 0 1032446
1789320717.381044 3869927 427630 407570 99 0 258106 0 1084704
1789320718.382614 3864686 440654 420594 99 0 258106 0 1109731
1789320719.383027 3992276 535699 515598 99 0 258106 0 1134922
1789320720.384969 3987502 535461 515386 99 0 258106 0 1171761
1789320721.380294 3957822 527361 507276 99 0 258106 0 1186463
1789320722.381179 4104987 632112 612024 99 0 258106 0 1219983
1789320723.382459 4104987 640440 620349 99 0 258106 0 1232052
1789320724.382606 4104987 644917 624823 99 0 258106 0 1233179
1789320725.385014 4104987 658839 638745 99 0 258106 0 1240646
1789320726.377606 4104987 673933 653861 99 0 258106 0 1243202
1789320727.381784 3936389 254680 234621 99 0 258106 0 1119592
1789320728.381184 3923758 276724 256872 99 0 258106 0 1107129
1789320729.401434 3912942 275845 255472 99 0 258106 0 1166877
1789320730.379232 4012591 370774 350604 99 0 258106 0 1154000
1789320731.382525 4012591 405134 384956 99 0 258106 0 1195039
1789320732.384170 4012591 443433 423252 99 0 258106 0 1236902
1789320733.383641 4012591 485531 465344 99 0 258106 0 1272550
1789320734.385423 4159726 607581 587392 99 0 258106 0 1307040
1789320735.389438 4159726 633191 613060 99 0 258106 0 1356477
1789320736.393683 4053287 302402 282289 99 0 258106 0 1307031
1789320737.394445 4219424 430676 410563 99 0 258106 0 1356409
1789320738.393796 4171544 435738 415648 99 0 258106 0 1337297
1789320739.389663 4158575 441915 421808 99 0 258106 0 1370804
1789320740.392962 4119759 431721 411518 99 0 258106 0 1378652
1789320741.394259 4266838 563347 543139 99 0 258106 0 1446851
1789320742.388708 5474934 679175 659446 99 0 258106 0 1489084
1789320743.396338 4383851 701942 682202 99 0 262202 0 1491723
1789320744.384288 4383851 724053 704306 99 0 262202 0 1486955
1789320745.394370 4270462 363783 344106 99 0 262202 0 1359871
1789320746.394423 4241977 332373 312755 99 0 262202 0 1352138
1789320747.380341 4235718 355775 336158 99 0 262202 0 1330317
1789320748.386637 4182377 347893 328200 99 0 262202 0 1296793
1789320749.386945 4182377 379256 359562 99 0 262202 0 1294134
1789320750.386385 4182377 409975 390339 99 0 262202 0 1290760
1789320751.395640 4449900 410819 391190 99 0 262202 0 1384873
1789320752.390679 4164431 253825 234186 99 0 262202 0 1286187
1789320753.401287 4463576 490000 470373 99 0 262202 0 1534561
1789320754.389097 4131997 244206 224577 99 0 262202 0 1248068
1789320755.392171 4201148 464204 444575 99 0 262202 0 1311795
1789320756.387423 4172195 287710 268112 99 0 262202 0 1236991
1789320757.383408 4017175 231546 211944 99 0 262202 0 1136816
1789320758.376563 4073240 382920 363380 99 0 262202 0 1181824
1789320759.373157 4073240 498082 478539 99 0 262202 0 1181809
1789320760.368935 3934195 95034 67397 99 0 278074 0 1078810
1789320761.369105 3996924 106547 71590 99 0 340794 0 1080520
1789320762.368791 3996924 151733 119976 99 0 340794 0 1062297
1789320763.371230 3996924 154784 119976 99 0 340794 0 1068014
1789320764.370568 3901499 105471 73247 99 0 344634 0 975392
1789320765.365160 3905339 115720 73247 99 0 348474 0 981355
1789320766.364241 3905339 163986 121623 99 0 348474 0 963036
1789320767.361087 3904499 139563 105612 99 0 348474 0 869788
1789320768.361282 3806187 114849 74890 99 0 348474 0 876244
1789320769.361732 3874670 114782 81966 99 0 348474 0 881574
1789320770.360990 3806187 163715 123271 99 0 348474 0 863887
1789320771.355531 3706992 50613 17655 99 0 348474 0 725106
1789320772.360187 3706992 118022 76545 99 0 348474 0 777053
1789320773.358119 3709552 112237 78785 99 0 351034 0 723987
1789320774.388008 3752805 171887 131070 99 0 351034 0 765524
1789320775.352327 3610252 65482 31849 99 0 351034 0 638618
1789320776.361225 3665863 118917 80926 99 0 351034 0 678045
1789320777.352353 3613324 124272 93276 99 0 354106 0 637741
1789320778.360655 3656577 187250 148346 99 0 354106 0 668264
1789320779.348930 3514223 78845 45407 99 0 354106 0 551817
1789320780.356560 3569834 145197 104593 99 0 354106 0 581274
1789320781.348939 3514223 141065 105918 99 0 354106 0 550064
1789320782.356620 3557476 203864 163597 99 0 354106 0 570997
1789320783.348222 3415154 91688 56549 99 0 354106 0 462524
1789320784.351703 3470765 165718 125781 99 0 354106 0 484151
1789320785.345609 3415154 153220 118697 99 0 354106 0 462523
1789320786.345964 3415154 168723 128591 99 0 354106 0 471722
1789320787.342552 3316984 112212 74175 99 0 354106 0 380966
1789320788.342821 3316984 123925 83066 99 0 354106 0 387336
1789320789.341804 3316984 165328 124239 99 0 354106 0 362637
1789320790.342078 3364252 186604 150914 99 0 354106 0 368093
1789320791.341733 3225177 127886 84610 99 0 354106 0 289626
1789320792.342151 3225177 123598 84610 99 0 354106 0 295654
1789320793.338583 3225177 174083 133082 99 0 354106 0 277350
1789320794.333263 3125993 56389 24058 99 0 354106 0 135165
1789320795.344311 3154139 110863 72870 99 0 354106 0 166637
1789320796.332238 3104549 73020 40033 99 0 358202 0 109296
1789320797.332242 3104549 104220 71233 99 0 358202 0 109296
1789320798.332252 3104549 136316 103329 99 0 358202 0 109296
1789320799.332264 3104549 151116 118129 99 0 358202 0 109296
1789320800.332282 3104549 151116 118129 99 0 358202 0 109296
1789320801.332222 3108646 151117 118129 99 0 362298 0 109296
1789320802.332247 3108646 151117 118129 99 0 362298 0 109296
1789320803.332265 3108646 151117 118129 99 0 362298 0 109296
1789320804.332278 3108646 151117 118129 99 0 362298 0 109296
1789320805.333454 3112743 151110 118129 99 0 366394 0 109296
1789320806.333444 3112743 151110 118129 99 0 366394 0 109296
1789320807.333431 3112743 151110 118129 99 0 366394 0 109296
1789320808.333440 3112743 151110 118129 99 0 366394 0 109296
1789320809.333436 3112743 151110 118129 99 0 366394 0 109296
1789320810.332918 3116840 151076 118129 99 0 370490 0 109296
1789320811.332937 3116840 151076 118129 99 0 370490 0 109296
1789320812.332905 3116840 151076 118129 99 0 370490 0 109296
1789320813.332909 3116840 151076 118129 99 0 370490 0 109296
1789320814.332908 3116840 151076 118129 99 0 370490 0 109296
1789320815.332916 3116840 151076 118129 99 0 370490 0 109296
1789320816.332912 3116840 151076 118129 99 0 370490 0 109296
1789320817.332887 3116840 151076 118129 99 0 370490 0 109296
1789320818.332915 3116840 151076 118129 99 0 370490 0 109296
1789320819.332933 3116840 151076 118129 99 0 370490 0 109296
1789320820.332922 3116840 151076 118129 99 0 370490 0 109296
1789320821.332923 3116840 151076 118129 99 0 370490 0 109296
1789320822.332906 3116840 151076 118129 99 0 370490 0 109296
1789320823.332898 3116840 151076 118129 99 0 370490 0 109296
1789320824.332916 3116840 151076 118129 99 0 370490 0 109296
1789320825.332921 3116840 151076 118129 99 0 370490 0 109296
1789320826.332892 3116840 151076 118129 99 0 370490 0 109296
1789320827.332946 3116840 151076 118129 99 0 370490 0 109296
1789320828.332939 3116840 151076 118129 99 0 370490 0 109296
1789320829.332901 3116840 151076 118129 99 0 370490 0 109296
1789320830.332915 3116840 151076 118129 99 0 370490 0 109296
1789320831.332929 3116840 151076 118129 99 0 370490 0 109296
1789320832.332917 3116840 151076 118129 99 0 370490 0 109296
1789320833.332914 3116840 151076 118129 99 0 370490 0 109296
1789320834.332895 3116840 151076 118129 99 0 370490 0 109296
1789320835.332927 3116840 151076 118129 99 0 370490 0 109296
1789320836.332910 3116840 151076 118129 99 0 370490 0 109296
1789320837.332911 3116840 151076 118129 99 0 370490 0 109296
1789320838.332926 3116840 151076 118129 99 0 370490 0 109296
1789320839.332916 3116840 151076 118129 99 0 370490 0 109296
1789320840.332903 3116840 151076 118129 99 0 370490 0 109296
1789320841.332916 3116840 151076 118129 99 0 370490 0 109296
1789320842.332925 3116840 151076 118129 99 0 370490 0 109296
1789320843.332932 3116840 151076 118129 99 0 370490 0 109296
1789320844.332915 3116840 151076 118129 99 0 370490 0 109296
1789320845.332898 3116840 151076 118129 99 0 370490 0 109296
1789320846.332937 3116840 151076 118129 99 0 370490 0 109296
1789320847.332930 3116840 151076 118129 99 0 370490 0 109296
1789320848.332904 3116840 151076 118129 99 0 370490 0 109296
1789320849.332892 3116840 151076 118129 99 0 370490 0 109296
1789320850.332905 3116840 151076 118129 99 0 370490 0 109296
1789320851.332899 3116840 151076 118129 99 0 370490 0 109296
1789320852.332915 3116840 151076 118129 99 0 370490 0 109296
1789320853.332242 3116840 151076 118129 99 0 370490 0 109296
1789320854.332259 3116840 151076 118129 99 0 370490 0 109296
1789320855.332244 3116840 151076 118129 99 0 370490 0 109296
1789320856.332220 3116840 151076 118129 99 0 370490 0 109296
1789320857.332303 3116840 151076 118129 99 0 370490 0 109296
1789320858.332247 3116840 151076 118129 99 0 370490 0 109296
1789320859.332238 3116840 151076 118129 99 0 370490 0 109296
1789320860.332233 3116840 151076 118129 99 0 370490 0 109296
1789320861.332261 3116840 151076 118129 99 0 370490 0 109296
1789320862.332291 3116840 151076 118129 99 0 370490 0 109296
1789320863.332254 3116840 151076 118129 99 0 370490 0 109296
1789320864.332245 3116840 151076 118129 99 0 370490 0 109296
1789320865.332243 3116840 151076 118129 99 0 370490 0 109296
1789320866.332228 3116840 151069 118129 99 0 370490 0 109296
1789320867.332221 3116840 151069 118129 99 0 370490 0 109296
