# start_epoch=1786706786.549158  page_size=4096  cachestat=ok  fields=size,resident,shared,text,lib,data,dt,pagecache
1786706787.550484 432320 20655 3104 2101 0 427721 0 19056
1786706788.550228 438976 27823 3104 2101 0 434377 0 19056
1786706789.551947 448832 34200 3200 2101 0 444233 0 46039
1786706790.550756 448839 30140 3256 2101 0 444233 0 31307
1786706791.552272 449607 31497 3325 2101 0 445001 0 51890
1786706792.551254 449607 32229 3325 2101 0 445001 0 43574
1786706793.551364 449607 32237 3325 2101 0 445001 0 43574
1786706794.553191 449607 34028 3325 2101 0 445001 0 67997
1786706795.551998 449607 30173 3325 2101 0 445001 0 55824
1786706796.552034 449607 30685 3325 2101 0 445001 0 55824
1786706797.554072 449607 36077 3325 2101 0 445001 0 83831
1786706798.553514 449607 33079 3388 2101 0 445001 0 68074
1786706799.557314 450254 33352 3395 2101 0 445641 0 137104
1786706800.554014 450254 37016 3395 2101 0 445641 0 79518
1786706801.552913 450254 31872 3395 2101 0 445641 0 79519
1786706802.555152 450254 33936 3395 2101 0 445641 0 103174
1786706803.553584 450254 34676 3395 2101 0 445641 0 91769
1786706804.553488 450254 34676 3395 2101 0 445641 0 91769
1786706805.556007 450254 35445 3395 2101 0 445641 0 119008
1786706806.554109 450254 32326 3395 2101 0 445641 0 104020
1786706807.556388 450254 32583 3395 2101 0 445641 0 124859
1786706808.556370 450254 37308 3395 2101 0 445641 0 116272
1786706809.555611 450254 35252 3395 2101 0 445641 0 116272
1786706810.557624 450254 35274 3395 2101 0 445641 0 137879
1786706811.558142 450254 36299 3395 2101 0 445641 0 144535
1786706812.555202 450254 33860 3395 2101 0 445641 0 126308
1786706813.557969 450254 33860 3395 2101 0 445641 0 145867
1786706814.557983 450254 35908 3395 2101 0 445641 0 156363
1786706815.556552 450254 26874 3395 2101 0 445641 0 138558
1786706816.558408 450254 32381 3395 2101 0 445641 0 161445
1786706817.556088 450254 31564 3395 2101 0 445641 0 150808
1786706818.556168 450254 31612 3395 2101 0 445641 0 150808
1786706819.559245 450254 34279 3395 2101 0 445641 0 175999
1786706820.558285 450254 34381 3395 2101 0 445641 0 163058
1786706821.558103 450254 34381 3395 2101 0 445641 0 163058
1786706822.643533 451022 35574 3395 2101 0 446409 0 264012
1786706823.557164 451022 33510 3395 2101 0 446409 0 173609
1786706824.556957 451022 33510 3395 2101 0 446409 0 173609
1786706825.560429 451022 35095 3395 2101 0 446409 0 198032
1786706826.557665 451022 35607 3395 2101 0 446409 0 185859
1786706827.557603 451022 35607 3395 2101 0 446409 0 185859
1786706828.560847 451022 35625 3395 2101 0 446409 0 212842
1786706829.558045 451022 35121 3395 2101 0 446409 0 198109
1786706830.560652 451022 35121 3395 2101 0 446409 0 207465
1786706831.561427 451022 36657 3395 2101 0 446409 0 226116
1786706832.561892 451022 29719 3395 2101 0 446409 0 210359
1786706833.647464 451022 32240 3395 2101 0 446409 0 222252
1786706834.659451 451022 35595 3395 2101 0 446409 0 235806
1786706835.648740 451022 38249 3395 2101 0 446409 0 220333
1786706836.560073 451022 30569 3395 2101 0 446409 0 219317
1786706837.644444 451022 32889 3395 2101 0 446409 0 238876
1786706838.642687 451022 36738 3395 2101 0 446409 0 247068
1786706839.561871 451022 36746 3395 2101 0 446409 0 231567
1786706840.643775 451022 36750 3395 2101 0 446409 0 242731
1786706841.643477 451022 37262 3395 2101 0 446409 0 257526
1786706842.560260 451022 34703 3395 2101 0 446409 0 243818
1786706843.644944 451022 34703 3395 2101 0 446409 0 263377
1786706844.644313 451022 37783 3395 2101 0 446409 0 273105
1786706845.563122 451022 36405 3395 2101 0 446409 0 256068
1786706846.564054 451022 36661 3395 2101 0 446409 0 275883
1786706847.645951 451022 37685 3395 2101 0 446409 0 281771
1786706848.561057 451918 37255 3395 2101 0 447305 0 265588
1786706849.563498 451918 37767 3395 2101 0 447305 0 264575
1786706850.644552 451918 37768 3395 2101 0 447305 0 318806
1786706851.646915 451918 38792 3395 2101 0 447305 0 324438
1786706852.563263 458062 38520 3395 2101 0 453449 0 274796
1786706853.646434 458062 38976 3395 2101 0 453449 0 295891
1786706854.564678 458062 36753 3395 2101 0 453449 0 287048
1786706855.562038 458062 36753 3395 2101 0 453449 0 287048
1786706856.646850 458062 37045 3395 2101 0 453449 0 310959
1786706857.565646 458062 36525 3395 2101 0 453449 0 299298
1786706858.565385 458062 36525 3395 2101 0 453449 0 299298
1786706859.647361 458062 36583 3395 2101 0 453449 0 321417
1786706860.653841 458062 39920 3395 2101 0 453449 0 433776
1786706861.566091 458062 41439 3395 2101 0 453449 0 308187
1786706862.651179 458062 41937 3395 2101 0 453449 0 327490
1786706863.655659 458062 42413 3395 2101 0 453449 0 379888
1786706864.566755 458062 35390 3395 2101 0 453449 0 318314
1786706865.566007 458062 35390 3395 2101 0 453449 0 316817
1786706866.649623 458062 35703 3395 2101 0 453449 0 341497
1786706867.566184 458062 31564 3395 2101 0 453449 0 329067
1786706868.565892 458062 32076 3395 2101 0 453449 0 329067
1786706869.649173 458062 36747 3395 2101 0 453449 0 357074
1786706870.567687 458062 36492 3395 2101 0 453449 0 341317
1786706871.645855 458062 36492 3395 2101 0 453449 0 343836
1786706872.648386 458062 36492 3395 2101 0 453449 0 366252
1786706873.650106 458062 38261 3395 2101 0 453449 0 351273
1786706874.570786 458062 32605 3395 2101 0 453449 0 349654
1786706875.653013 458062 33300 3395 2101 0 453449 0 370237
1786706876.653839 458062 37768 3395 2101 0 453449 0 438529
1786706877.565142 458062 36756 3395 2101 0 453449 0 359921
1786706878.650766 458062 36606 3395 2101 0 453449 0 380760
1786706879.643667 458062 38143 3395 2101 0 453449 0 372171
1786706880.565672 458062 31975 3395 2101 0 453449 0 372171
1786706881.652625 458062 34639 3395 2101 0 453449 0 395826
1786706882.643211 458062 38460 3395 2101 0 453449 0 384422
1786706883.643107 458062 38839 3395 2101 0 453449 0 384422
1786706884.652499 458062 39097 3395 2101 0 453449 0 406285
1786706885.653888 458062 39097 3395 2101 0 453449 0 446065
1786706886.644729 458062 34070 3395 2101 0 453449 0 393951
1786706887.643253 458062 34070 3395 2101 0 453449 0 391531
1786706888.654034 458958 36121 3395 2101 0 454345 0 414674
1786706889.567230 458958 34472 3395 2101 0 454345 0 401775
1786706890.564731 458958 35095 3395 2101 0 454345 0 341095
1786706891.652415 458958 35098 3395 2101 0 454345 0 421002
1786706892.642477 458958 35102 3395 2101 0 454345 0 411645
1786706893.567793 458958 35102 3395 2101 0 454345 0 411645
1786706894.654905 458958 36358 3395 2101 0 454345 0 434532
1786706895.644472 458958 35075 3395 2101 0 454345 0 423897
1786706896.644571 458958 35075 3395 2101 0 454345 0 423897
1786706897.658989 458958 36611 3395 2101 0 454345 0 445248
1786706898.655773 459982 39944 3395 2101 0 455369 0 484517
1786706899.568547 459982 37557 3395 2101 0 455369 0 432146
1786706900.645183 459982 37557 3395 2101 0 455369 0 432146
1786706901.744661 459982 37724 3395 2101 0 455369 0 517805
1786706902.745034 459982 39772 3395 2101 0 455369 0 524577
1786706903.643685 459982 37204 3395 2101 0 455369 0 408683
1786706904.645826 459982 37593 3395 2101 0 455369 0 438685
1786706905.658327 459982 38105 3395 2101 0 455369 0 463108
1786706906.649827 459982 41192 3395 2101 0 455369 0 448078
1786706907.569276 459982 39648 3395 2101 0 455369 0 448079
1786706908.655254 459982 39648 3395 2101 0 455369 0 471990
1786706909.646609 459982 37072 3395 2101 0 455369 0 460329
1786706910.646547 459982 37072 3395 2101 0 455369 0 460329
1786706911.744037 459982 38104 3395 2101 0 455369 0 481680
1786706912.745638 459982 41184 3395 2101 0 455369 0 585098
1786706913.643054 459982 37611 3395 2101 0 455369 0 470271
1786706914.644306 459982 37611 3395 2101 0 455369 0 467302
1786706915.655517 459982 38108 3395 2101 0 455369 0 490957
1786706916.654463 459982 41447 3395 2101 0 455369 0 476253
1786706917.572847 459982 37847 3395 2101 0 455369 0 476254
1786706918.743216 459982 37730 3395 2101 0 455369 0 500933
1786706919.570951 459982 37270 3395 2101 0 455369 0 488504
1786706920.570901 459982 37270 3395 2101 0 455369 0 488504
1786706921.657667 459982 38581 3395 2101 0 455369 0 515487
1786706922.650173 459982 40647 3395 2101 0 455369 0 500755
1786706923.650236 459982 40647 3395 2101 0 455369 0 500755
1786706924.744630 459982 41225 3395 2101 0 455369 0 524666
1786706925.746276 459982 41799 3395 2101 0 455369 0 510283
1786706926.645851 459982 37942 3395 2101 0 455369 0 507808
1786706927.745655 459982 37942 3395 2101 0 455369 0 527879
1786706928.743959 459982 39482 3395 2101 0 455369 0 534279
1786706929.651100 459982 38974 3395 2101 0 455369 0 516360
1786706930.651137 459982 38974 3395 2101 0 455369 0 516360
1786706931.746172 459982 39486 3395 2101 0 455369 0 608097
1786706932.645073 459982 39430 3395 2101 0 455369 0 524953
1786706933.572446 459982 39430 3395 2101 0 455369 0 524953
1786706934.660068 459982 40425 3395 2101 0 455369 0 551168
1786706935.650370 459982 40496 3395 2101 0 455369 0 537205
1786706936.651430 459982 40496 3395 2101 0 455369 0 537205
1786706937.746837 459982 40338 3395 2101 0 455369 0 561372
1786706938.751196 459982 42555 3395 2101 0 455369 0 575733
1786706939.652933 459982 41028 3395 2101 0 455369 0 546826
1786706940.657080 459982 41028 3395 2101 0 455369 0 542731
1786706941.746584 459982 40526 3395 2101 0 455369 0 567410
1786706942.660111 459982 41935 3395 2101 0 455369 0 550884
1786706943.648617 459982 40903 3395 2101 0 455369 0 548928
1786706944.659992 459982 40912 3395 2101 0 455369 0 567975
1786706945.657892 459982 40912 3395 2101 0 455369 0 573095
1786706946.659492 461262 43279 3395 2101 0 456649 0 557084
1786706947.644799 461262 40462 3395 2101 0 456649 0 557084
1786706948.746579 461262 40718 3395 2101 0 456649 0 581251
1786706949.649858 461262 39278 3395 2101 0 456649 0 569333
1786706950.650830 461262 38678 3395 2101 0 456649 0 569333
1786706951.748031 461262 38693 3395 2101 0 456649 0 591964
1786706952.746447 461262 41258 3395 2101 0 456649 0 693595
1786706953.649780 461262 40683 3395 2101 0 456649 0 579284
1786706954.649864 461262 40683 3395 2101 0 456649 0 579284
1786706955.747532 461262 41749 3395 2101 0 456649 0 597426
1786706956.744891 461262 43286 3395 2101 0 456649 0 602802
1786706957.653947 461262 42091 3395 2101 0 456649 0 536419
1786706958.745640 461262 42030 3395 2101 0 456649 0 601913
1786706959.745836 461262 42095 3395 2101 0 456649 0 611385
1786706960.648785 461262 37736 3395 2101 0 456649 0 595116
1786706961.746447 461262 37768 3395 2101 0 456649 0 614675
1786706962.748368 461262 40852 3395 2101 0 456649 0 623891
1786706963.656575 461262 39386 3395 2101 0 456649 0 607368
1786706964.749201 461262 39428 3395 2101 0 456649 0 619035
1786706965.751897 461262 39941 3395 2101 0 456649 0 632815
1786706966.752509 461262 42609 3395 2101 0 456649 0 616900
1786706967.656322 461262 37997 3395 2101 0 456649 0 616901
1786706968.750746 461262 38144 3395 2101 0 456649 0 621626
1786706969.750606 461262 40259 3395 2101 0 456649 0 636823
1786706970.659609 461262 40771 3395 2101 0 456649 0 619801
1786706971.652699 461262 40824 3395 2101 0 456649 0 619801
1786706972.748950 461262 40833 3395 2101 0 456649 0 640128
1786706973.753050 461262 42882 3395 2101 0 456649 0 736538
1786706974.648177 461262 40771 3395 2101 0 456649 0 627196
1786706975.750013 461262 41027 3395 2101 0 456649 0 646755
1786706976.751542 461262 42052 3395 2101 0 456649 0 656483
1786706977.654839 461262 38943 3395 2101 0 456649 0 639447
1786706978.753579 461262 39008 3395 2101 0 456649 0 653764
1786706979.748309 461262 41462 3395 2101 0 456649 0 663870
1786706980.663784 461262 44481 3395 2101 0 456649 0 649068
1786706981.653652 461262 43409 3395 2101 0 456649 0 646568
1786706982.747805 461262 43793 3395 2101 0 456649 0 667407
1786706983.748942 461262 43793 3395 2101 0 456649 0 673039
1786706984.658961 461262 45581 3395 2101 0 456649 0 653609
1786706985.653622 461262 41487 3395 2101 0 456649 0 653610
1786706986.750010 461262 41982 3395 2101 0 456649 0 764010
1786706987.752835 461262 44023 3395 2101 0 456649 0 769386
1786706988.654618 461262 46324 3395 2101 0 456649 0 660618
1786706989.756311 461262 46583 3395 2101 0 456649 0 713043
1786706990.842461 461262 47102 3395 2101 0 456649 0 788127
1786706991.654464 461262 39907 3395 2101 0 456649 0 667655
1786706992.654306 461262 39907 3395 2101 0 456649 0 667655
1786706993.750140 461262 40180 3395 2101 0 456649 0 690542
1786706994.756013 461262 44339 3395 2101 0 456649 0 792177
1786706995.660043 461262 45849 3395 2101 0 456649 0 677610
1786706996.659753 461262 46360 3395 2101 0 456649 0 672304
1786706997.752723 461262 46869 3395 2101 0 456649 0 695959
1786706998.747751 461262 46935 3395 2101 0 456649 0 781865
1786706999.653775 461262 40773 3395 2101 0 456649 0 678983
1786707000.751296 461262 40289 3395 2101 0 456649 0 698542
1786707001.753973 461262 42358 3395 2101 0 456649 0 706990
1786707002.650262 461262 43966 3395 2101 0 456649 0 691234
1786707003.753429 461262 44222 3395 2101 0 456649 0 704782
1786707004.752168 461262 44222 3395 2101 0 456649 0 717961
1786707005.655730 461262 38228 3395 2101 0 456649 0 703484
1786707006.655200 461262 38228 3395 2101 0 456649 0 703484
1786707007.748485 461262 40697 3395 2101 0 456649 0 726371
1786707008.756995 461262 44252 3395 2101 0 456649 0 842183
1786707009.657187 461262 45818 3395 2101 0 456649 0 713013
1786707010.659467 461262 45818 3395 2101 0 456649 0 713013
1786707011.755239 461262 45802 3395 2101 0 456649 0 729020
1786707012.753229 461262 45802 3395 2101 0 456649 0 734140
1786707013.659033 461262 42459 3395 2101 0 456649 0 719664
1786707014.655917 461262 42400 3395 2101 0 456649 0 713788
1786707015.752562 461262 42403 3395 2101 0 456649 0 735907
1786707016.751549 461262 45482 3395 2101 0 456649 0 741027
1786707017.653287 461262 47619 3395 2101 0 456649 0 720126
1786707018.757612 461262 47622 3395 2101 0 456649 0 729182
1786707019.754310 461262 43248 3395 2101 0 456649 0 747621
1786707020.659740 461262 36285 3395 2101 0 456649 0 732377
1786707021.658157 461262 37823 3395 2101 0 456649 0 732377
1786707022.755337 461262 41811 3395 2101 0 456649 0 754752
1786707023.844403 461262 45253 3395 2101 0 456649 0 866602
1786707024.745444 461262 39894 3395 2101 0 456649 0 716328
1786707025.664687 461262 39894 3395 2101 0 456649 0 739004
1786707026.844615 461262 40918 3395 2101 0 456649 0 760867
1786707027.843608 461262 44481 3395 2101 0 456649 0 849821
1786707028.658980 461262 39993 3395 2101 0 456649 0 745022
1786707029.657416 461262 39993 3395 2101 0 456649 0 745022
1786707030.842740 461262 41270 3395 2101 0 456649 0 858883
1786707031.757531 461262 44674 3395 2101 0 456649 0 864003
1786707032.659636 461262 40143 3395 2101 0 456649 0 751028
1786707033.746254 461262 39724 3395 2101 0 456649 0 744799
1786707034.756771 461262 41777 3395 2101 0 456649 0 769735
1786707035.659997 461262 41344 3395 2101 0 456649 0 757053
1786707036.660870 461262 41344 3395 2101 0 456649 0 757053
1786707037.755533 461262 41637 3395 2101 0 456649 0 779172
1786707038.845397 461262 45896 3395 2101 0 456649 0 880813
1786707039.743697 461262 48464 3395 2101 0 456649 0 767010
1786707040.661494 461262 42614 3395 2101 0 456649 0 767011
1786707041.758101 462798 43670 3395 2101 0 458185 0 882185
1786707042.843718 462798 46242 3395 2101 0 458185 0 887305
1786707043.659214 462798 44259 3395 2101 0 458185 0 772949
1786707044.742576 462798 44259 3395 2101 0 458185 0 766394
1786707045.756587 462798 44284 3395 2101 0 458185 0 793123
1786707046.656330 462798 41538 3395 2101 0 458185 0 778647
1786707047.653832 462798 42049 3395 2101 0 458185 0 778647
1786707048.759074 462798 44273 3395 2101 0 458185 0 806142
1786707049.742683 462798 44016 3395 2101 0 458185 0 790898
1786707050.742766 462798 44016 3395 2101 0 458185 0 790898
1786707051.842831 462798 44273 3395 2101 0 458185 0 815065
1786707052.842979 462798 41818 3395 2101 0 458185 0 800423
1786707053.744394 462798 41818 3395 2101 0 458185 0 800424
1786707054.844718 462798 42124 3395 2101 0 458185 0 817859
1786707055.758694 462798 44172 3395 2101 0 458185 0 826563
1786707056.663047 462798 45204 3395 2101 0 458185 0 810550
1786707057.661727 462798 45796 3395 2101 0 458185 0 803693
1786707058.844590 462798 45796 3395 2101 0 458185 0 826324
1786707059.758800 462798 46913 3395 2101 0 458185 0 831444
1786707060.757290 462798 47093 3395 2101 0 458185 0 809116
1786707061.656074 462798 47093 3395 2101 0 458185 0 809117
1786707062.843306 462798 46873 3395 2101 0 458185 0 835076
1786707063.742339 462798 44660 3395 2101 0 458185 0 821367
1786707064.747394 462798 44660 3395 2101 0 458185 0 821367
1786707065.846641 462798 44674 3395 2101 0 458185 0 843742
1786707066.846198 462798 46213 3395 2101 0 458185 0 955587
1786707067.743257 462798 44254 3395 2101 0 458185 0 830979
1786707068.755922 462798 44191 3395 2101 0 458185 0 826024
1786707069.848780 462798 44575 3395 2101 0 458185 0 845072
1786707070.843967 462798 45600 3395 2101 0 458185 0 896154
1786707071.656432 462798 45925 3395 2101 0 458185 0 834856
1786707072.663914 462798 45925 3395 2101 0 458185 0 834856
1786707073.759367 462798 45925 3395 2101 0 458185 0 854415
1786707074.845019 462798 46841 3395 2101 0 458185 0 967411
1786707075.846123 462798 49409 3395 2101 0 458185 0 907053
1786707076.667791 462798 48395 3395 2101 0 458185 0 839950
1786707077.844372 462798 48021 3395 2101 0 458185 0 849600
1786707078.758010 462798 48842 3395 2101 0 458185 0 861032
1786707079.664421 462798 40180 3395 2101 0 458185 0 845019
1786707080.661564 462798 40180 3395 2101 0 458185 0 845019
1786707081.759789 462798 45105 3395 2101 0 458185 0 867906
1786707082.851812 462798 48231 3395 2101 0 458185 0 969011
1786707083.843496 462798 47499 3395 2101 0 458185 0 822084
1786707084.664718 462798 47661 3395 2101 0 458185 0 851454
1786707085.845717 462798 47664 3395 2101 0 458185 0 873061
1786707086.844724 462798 48688 3395 2101 0 458185 0 879461
1786707087.659629 462798 41333 3395 2101 0 458185 0 856485
1786707088.844711 462798 42840 3395 2101 0 458185 0 875532
1786707089.844895 462798 46954 3395 2101 0 458185 0 884492
1786707090.657833 462798 43952 3395 2101 0 458185 0 868736
1786707091.753226 462798 43952 3395 2101 0 458185 0 868736
1786707092.760328 462798 47545 3395 2101 0 458185 0 895975
1786707093.665100 462798 44193 3395 2101 0 458185 0 880987
1786707094.666946 462798 44193 3395 2101 0 458185 0 880987
1786707095.846594 462798 46395 3395 2101 0 458185 0 904386
1786707096.849003 462798 49536 3395 2101 0 458185 0 1018885
1786707097.667902 462798 47218 3395 2101 0 458185 0 890506
1786707098.846235 462798 47524 3395 2101 0 458185 0 897183
1786707099.853011 462798 47602 3395 2101 0 458185 0 1005658
1786707100.852506 462798 49655 3395 2101 0 458185 0 1010522
1786707101.743138 462798 44776 3395 2101 0 458185 0 898638
1786707102.665073 462798 44820 3395 2101 0 458185 0 891169
1786707103.847109 462798 46613 3395 2101 0 458185 0 914312
1786707104.848917 462798 49954 3395 2101 0 458185 0 919432
1786707105.662453 462798 45592 3395 2101 0 458185 0 895693
1786707106.847768 462798 46040 3395 2101 0 458185 0 915508
1786707107.847918 462798 48094 3395 2101 0 458185 0 924468
1786707108.751253 462798 43584 3395 2101 0 458185 0 907945
1786707109.751480 462798 44095 3395 2101 0 458185 0 907945
1786707110.852724 462798 46702 3395 2101 0 458185 0 932368
1786707111.851194 462798 49468 3395 2101 0 458185 0 917540
1786707112.745415 462798 47924 3395 2101 0 458185 0 917541
1786707113.757882 462798 47924 3395 2101 0 458185 0 917541
1786707114.853006 462798 47843 3395 2101 0 458185 0 1032322
1786707115.851109 462798 50674 3395 2101 0 458185 0 1037442
1786707116.666811 462798 48365 3395 2101 0 458185 0 922059
1786707117.667345 462798 48366 3395 2101 0 458185 0 914053
1786707118.847930 462798 48366 3395 2101 0 458185 0 937452
1786707119.848182 462798 50942 3395 2101 0 458185 0 990103
1786707120.748656 462798 48292 3395 2101 0 458185 0 922505
1786707121.745309 462798 48527 3395 2101 0 458185 0 920968
1786707122.847120 462798 48264 3395 2101 0 458185 0 948087
1786707123.742793 462798 44658 3395 2101 0 458185 0 933217
1786707124.744811 462798 44658 3395 2101 0 458185 0 933217
1786707125.851693 462798 46965 3395 2101 0 458185 0 954824
1786707126.852531 462798 50424 3395 2101 0 458185 0 1055928
1786707127.845054 462798 52300 3395 2101 0 458185 0 943149
1786707128.756151 462798 47118 3395 2101 0 458185 0 852020
1786707129.852247 464590 47283 3395 2101 0 459977 0 954924
1786707130.848310 464590 48819 3395 2101 0 459977 0 960044
1786707131.762741 464590 51586 3395 2101 0 459977 0 962444
1786707132.663121 464590 45947 3395 2101 0 459977 0 939691
1786707133.850192 464590 45780 3395 2101 0 459977 0 961042
1786707134.844978 464590 48349 3395 2101 0 459977 0 969964
1786707135.661412 464590 47060 3395 2101 0 459977 0 951942
1786707136.852893 464590 47060 3395 2101 0 459977 0 971757
1786707137.850124 464590 49109 3395 2101 0 459977 0 979949
1786707138.751762 464590 47838 3395 2101 0 459977 0 964192
1786707139.751669 464590 43182 3395 2101 0 459977 0 964192
1786707140.857372 464590 47820 3395 2101 0 459977 0 987335
1786707141.945572 464590 50999 3395 2101 0 459977 0 1102628
1786707142.755947 464590 48512 3395 2101 0 459977 0 973736
1786707143.747751 464590 48512 3395 2101 0 459977 0 971310
1786707144.852370 464590 48769 3395 2101 0 459977 0 993429
1786707145.849610 464590 51849 3395 2101 0 459977 0 998549
1786707146.761826 464590 52132 3395 2101 0 459977 0 978509
1786707147.744709 464590 52132 3395 2101 0 459977 0 978510
1786707148.859276 464590 52077 3395 2101 0 459977 0 1001653
1786707149.858186 464590 52077 3395 2101 0 459977 0 1007285
1786707150.663679 464590 48035 3395 2101 0 459977 0 982514
1786707151.663640 464590 48035 3395 2101 0 459977 0 982514
1786707152.851591 464590 49320 3395 2101 0 459977 0 1007705
1786707153.756335 464590 52400 3395 2101 0 459977 0 994763
1786707154.752319 464590 52400 3395 2101 0 459977 0 994763
1786707155.853087 464590 52431 3395 2101 0 459977 0 1015858
1786707156.944177 464590 52435 3395 2101 0 459977 0 1128447
1786707157.757122 464590 44530 3395 2101 0 459977 0 1004365
1786707158.745990 464590 44530 3395 2101 0 459977 0 1004365
1786707159.943539 464590 48156 3395 2101 0 459977 0 1112148
1786707160.667971 464590 51236 3395 2101 0 459977 0 1009106
1786707161.758648 464590 51054 3395 2101 0 459977 0 1009107
1786707162.846643 464590 51108 3395 2101 0 459977 0 1002471
1786707163.855651 464590 50784 3395 2101 0 459977 0 1026895
1786707164.853792 464590 51653 3395 2101 0 459977 0 1044262
1786707165.757570 464590 49284 3395 2101 0 459977 0 1010534
1786707166.853928 464590 49556 3395 2101 0 459977 0 1029837
1786707167.859144 464590 50745 3395 2101 0 459977 0 1149729
1786707168.846917 464590 53827 3395 2101 0 459977 0 1019717
1786707169.757797 464590 46392 3395 2101 0 459977 0 1019718
1786707170.943262 464590 48293 3395 2101 0 459977 0 1040813
1786707171.947738 464590 51962 3395 2101 0 459977 0 1142162
1786707172.763115 464590 52106 3395 2101 0 459977 0 1029645
1786707173.757591 464590 52114 3395 2101 0 459977 0 1029645
1786707174.946477 464590 52276 3395 2101 0 459977 0 1141361
1786707175.856961 464590 52276 3395 2101 0 459977 0 1146481
1786707176.847263 464590 55103 3395 2101 0 459977 0 1033401
1786707177.753656 464590 48375 3395 2101 0 459977 0 1033402
1786707178.854267 464590 48434 3395 2101 0 459977 0 1047188
1786707179.667425 464590 47361 3395 2101 0 459977 0 1036808
1786707180.664784 464590 47872 3395 2101 0 459977 0 1036808
1786707181.856455 464590 48370 3395 2101 0 459977 0 1058927
1786707182.746819 464590 50757 3395 2101 0 459977 0 1049057
1786707183.754010 464590 50757 3395 2101 0 459977 0 1049057
1786707184.859112 464590 50757 3395 2101 0 459977 0 1068360
1786707185.943737 464590 50627 3395 2101 0 459977 0 1073736
1786707186.944866 464590 53351 3395 2101 0 459977 0 1187737
1786707187.754071 464590 52652 3395 2101 0 459977 0 1058599
1786707188.745927 464590 53137 3395 2101 0 459977 0 1054899
1786707189.857059 464590 53399 3395 2101 0 459977 0 1077530
1786707190.856681 464590 53399 3395 2101 0 459977 0 1082394
1786707191.744540 464590 52880 3395 2101 0 459977 0 1063930
1786707192.761770 464590 52880 3395 2101 0 459977 0 1063930
1786707193.945466 464590 52890 3395 2101 0 459977 0 1086049
1786707194.942551 464590 53404 3395 2101 0 459977 0 1154763
1786707195.743303 464590 51097 3395 2101 0 459977 0 1071227
1786707196.854118 464590 51097 3395 2101 0 459977 0 1090786
1786707197.943706 464590 51097 3395 2101 0 459977 0 1098466
1786707198.761982 464590 52609 3395 2101 0 459977 0 1083477
1786707199.762014 464590 52609 3395 2101 0 459977 0 1083477
1786707200.950116 464590 53111 3395 2101 0 459977 0 1105596
1786707201.945164 464590 53758 3395 2101 0 459977 0 1218939
1786707202.751366 464590 52726 3395 2101 0 459977 0 1093074
1786707203.760298 464590 52726 3395 2101 0 459977 0 1084760
1786707204.944447 464590 52983 3395 2101 0 459977 0 1106623
1786707205.946442 464590 52983 3395 2101 0 459977 0 1112511
1786707206.758811 464590 55032 3395 2101 0 459977 0 1088226
1786707207.759280 464590 55032 3395 2101 0 459977 0 1088226
1786707208.950898 464590 55097 3395 2101 0 459977 0 1108553
1786707209.946971 464590 55097 3395 2101 0 459977 0 1215247
1786707210.668603 464590 52933 3395 2101 0 459977 0 1091227
1786707211.669255 464590 53444 3395 2101 0 459977 0 1091227
1786707212.946247 464590 53444 3395 2101 0 459977 0 1115650
1786707213.756206 464590 52428 3395 2101 0 459977 0 1103476
1786707214.750198 464590 52428 3395 2101 0 459977 0 1103476
1786707215.944817 464590 52115 3395 2101 0 459977 0 1125083
1786707216.947644 464590 52274 3395 2101 0 459977 0 1236108
1786707217.763192 464590 51618 3395 2101 0 459977 0 1113205
1786707218.763515 464590 51618 3395 2101 0 459977 0 1111587
1786707219.677206 464590 46638 3395 2101 0 459977 0 1123163
1786707220.647942 464590 46780 3395 2101 0 459977 0 1100656
1786707221.597752 464590 46780 3395 2101 0 459977 0 1100656
1786707222.597969 464590 46780 3395 2101 0 459977 0 1100656
1786707223.597644 464590 46780 3395 2101 0 459977 0 1099393
1786707224.597549 464590 46780 3395 2101 0 459977 0 1099393
1786707225.646043 464590 46780 3395 2101 0 459977 0 1153937
1786707226.642448 464590 46780 3395 2101 0 459977 0 1153937
1786707227.642227 464590 46780 3395 2101 0 459977 0 1153937
1786707228.643539 464590 46780 3395 2101 0 459977 0 1153937
1786707229.642305 464590 46780 3395 2101 0 459977 0 1153937
1786707230.600214 464590 46780 3395 2101 0 459977 0 1153937
1786707231.598928 466638 47945 3395 2101 0 462025 0 1083596
1786707232.596957 466638 47945 3395 2101 0 462025 0 1083596
1786707233.596996 466638 47945 3395 2101 0 462025 0 1083596
1786707234.597234 466638 47945 3395 2101 0 462025 0 1083596
1786707235.597451 466638 47945 3395 2101 0 462025 0 1083596
1786707236.597329 466638 47945 3395 2101 0 462025 0 1083596
1786707237.597233 466638 47945 3395 2101 0 462025 0 1083596
1786707238.597460 466638 47945 3395 2101 0 462025 0 1083596
1786707239.746307 466638 48269 3395 2101 0 462025 0 1064215
1786707240.596158 466638 48272 3395 2101 0 462025 0 1064217
1786707241.597718 466638 48272 3395 2101 0 462025 0 1064217
1786707242.596252 466638 48783 3395 2101 0 462025 0 1064217
1786707243.596183 466638 48783 3395 2101 0 462025 0 1064218
1786707244.597590 466638 47292 3395 2101 0 462025 0 1054412
1786707245.596217 466638 47292 3395 2101 0 462025 0 1054412
1786707246.596119 466638 47292 3395 2101 0 462025 0 1054412
1786707247.596181 466638 47292 3395 2101 0 462025 0 1054412
1786707248.596073 466638 47292 3395 2101 0 462025 0 1054412
1786707249.595622 466638 47292 3395 2101 0 462025 0 1054412
1786707250.595952 466638 47292 3395 2101 0 462025 0 1054412
1786707251.598287 466638 47292 3395 2101 0 462025 0 1054412
1786707252.595747 466638 47292 3395 2101 0 462025 0 1054412
1786707253.595792 466638 47292 3395 2101 0 462025 0 1054413
1786707254.663637 466638 48897 3395 2101 0 462025 0 994060
1786707255.596598 466638 48900 3395 2101 0 462025 0 994063
1786707256.593430 466638 48900 3395 2101 0 462025 0 994063
1786707257.593279 466638 48900 3395 2101 0 462025 0 994063
1786707258.593439 466638 48900 3395 2101 0 462025 0 994063
1786707259.593245 466638 48900 3395 2101 0 462025 0 994063
1786707260.593101 466638 48725 3395 2101 0 462025 0 994063
1786707261.594810 466638 48725 3395 2101 0 462025 0 994063
1786707262.593020 466638 49236 3395 2101 0 462025 0 994063
1786707263.592847 466638 49236 3395 2101 0 462025 0 994063
1786707264.593093 466638 49236 3395 2101 0 462025 0 994063
1786707265.593097 466638 49236 3395 2101 0 462025 0 994063
1786707266.663111 466645 58857 3434 2101 0 462025 0 976294
1786707267.662178 507093 103307 3434 2101 0 502473 0 976294
1786707268.662390 560341 149530 3434 2101 0 555721 0 976294
1786707269.661026 613589 192148 3434 2101 0 608969 0 976294
1786707270.661253 648917 234228 3434 2101 0 644297 0 976294
1786707271.662342 689877 277315 3434 2101 0 685257 0 976294
1786707272.662416 742101 319761 3434 2101 0 737481 0 976294
1786707273.662739 801493 363812 3434 2101 0 796873 0 976294
1786707274.661531 805077 407319 3434 2101 0 800457 0 976294
1786707275.663230 870613 452849 3434 2101 0 865993 0 976294
1786707276.662333 952533 498359 3434 2101 0 947913 0 976294
1786707277.662336 956629 543341 3434 2101 0 952009 0 976294
1786707278.663391 1054933 589322 3434 2101 0 1050313 0 976294
1786707279.663281 1054933 634265 3434 2101 0 1050313 0 976294
1786707280.662325 1174741 679697 3434 2101 0 1170121 0 976294
1786707281.662113 1174741 725619 3434 2101 0 1170121 0 976294
1786707282.662779 1174741 770497 3434 2101 0 1170121 0 976294
1786707283.661537 1305813 816374 3434 2101 0 1301193 0 976294
1786707284.663516 1311957 861728 3434 2101 0 1307337 0 976294
1786707285.663535 1311957 908091 3434 2101 0 1307337 0 976294
1786707286.662079 1475797 952373 3434 2101 0 1471177 0 976294
1786707287.663510 1475797 998183 3434 2101 0 1471177 0 976294
1786707288.664112 1475797 1042931 3426 2101 0 1471177 0 976294
1786707289.663261 1482965 1087671 3426 2101 0 1478345 0 976294
1786707290.660290 1485014 1095883 3426 2101 0 1480393 0 976294
1786707291.664209 1485014 1095883 3426 2101 0 1480393 0 976294
1786707292.661807 1485014 1095883 3426 2101 0 1480393 0 976294
1786707293.665858 1485014 1095997 3426 2101 0 1480393 0 976294
1786707294.663283 1485014 1095997 3426 2101 0 1480393 0 976294
1786707295.745549 1485014 1095997 3426 2101 0 1480393 0 976294
1786707296.661207 1485014 1095997 3426 2101 0 1480393 0 976294
1786707297.662257 1485014 1095997 3426 2101 0 1480393 0 976294
1786707298.662246 1485014 1095997 3426 2101 0 1480393 0 976294
1786707299.661052 1485014 1095997 3426 2101 0 1480393 0 976294
1786707300.661053 1485014 1095997 3426 2101 0 1480393 0 976294
1786707301.661330 1485014 1095997 3426 2101 0 1480393 0 976294
1786707302.664705 1485014 1095997 3426 2101 0 1480393 0 976294
1786707303.661723 1485014 1096115 3426 2101 0 1480393 0 976294
1786707304.662215 1485014 1096115 3426 2101 0 1480393 0 976294
1786707305.661500 1485014 1096115 3426 2101 0 1480393 0 976294
1786707306.663362 1485014 1096115 3426 2101 0 1480393 0 976294
1786707307.662114 1487063 1096115 3426 2101 0 1482441 0 976294
1786707308.661241 1487063 1096115 3426 2101 0 1482441 0 976294
1786707309.661120 1487063 1096115 3426 2101 0 1482441 0 976294
1786707310.662307 1487063 1096115 3426 2101 0 1482441 0 976294
1786707311.662951 1487063 1096115 3426 2101 0 1482441 0 976294
1786707312.661451 1487063 1096115 3426 2101 0 1482441 0 976294
1786707313.662249 1487063 1096115 3426 2101 0 1482441 0 976294
1786707314.662370 1487063 1096115 3426 2101 0 1482441 0 976294
1786707315.664229 1487063 1096115 3426 2101 0 1482441 0 976294
1786707316.663188 1487063 1096115 3426 2101 0 1482441 0 976294
1786707317.662208 1487063 1096115 3426 2101 0 1482441 0 976294
1786707318.663051 1487063 1096115 3426 2101 0 1482441 0 976294
1786707319.662318 1487063 1096115 3426 2101 0 1482441 0 976294
1786707320.661269 1487063 1096115 3426 2101 0 1482441 0 976294
1786707321.665162 1487063 1096115 3426 2101 0 1482441 0 976294
1786707322.662333 1487063 1096115 3426 2101 0 1482441 0 976294
1786707323.663062 1487063 1096115 3426 2101 0 1482441 0 976294
1786707324.663491 1489105 1096221 3419 2101 0 1484489 0 976294
1786707325.664203 1489105 1096221 3419 2101 0 1484489 0 976294
1786707326.663166 1489105 1096221 3419 2101 0 1484489 0 976294
1786707327.661081 1489105 1096221 3419 2101 0 1484489 0 976294
1786707328.662425 1489105 1096221 3419 2101 0 1484489 0 976294
1786707329.662385 1489105 1096221 3419 2101 0 1484489 0 976294
1786707330.742542 1489105 1096221 3419 2101 0 1484489 0 976294
1786707331.663321 1489105 1096221 3419 2101 0 1484489 0 976294
1786707332.664268 1489105 1096221 3419 2101 0 1484489 0 976294
1786707333.663148 1489105 1096221 3419 2101 0 1484489 0 976294
1786707334.663193 1489105 1096725 3419 2101 0 1484489 0 976294
1786707335.662138 1489105 1096725 3419 2101 0 1484489 0 976294
1786707336.663206 1489105 1096725 3419 2101 0 1484489 0 976294
1786707337.665362 1489105 1096725 3419 2101 0 1484489 0 976294
1786707338.662431 1489105 1096725 3419 2101 0 1484489 0 976294
1786707339.661650 1489105 1096725 3419 2101 0 1484489 0 976294
1786707340.662139 1489105 1096725 3419 2101 0 1484489 0 976294
1786707341.664608 1489105 1096725 3419 2101 0 1484489 0 976294
1786707342.662108 1489105 1096725 3419 2101 0 1484489 0 976294
1786707343.661179 1489105 1096725 3419 2101 0 1484489 0 976294
1786707344.662084 1489105 1096725 3419 2101 0 1484489 0 976294
1786707345.662151 1489105 1096725 3419 2101 0 1484489 0 976294
1786707346.662198 1489105 1096725 3419 2101 0 1484489 0 976294
1786707347.663117 1489105 1096725 3419 2101 0 1484489 0 976294
1786707348.663953 1489105 1096725 3419 2101 0 1484489 0 976294
1786707349.661606 1489105 1096725 3419 2101 0 1484489 0 976294
1786707350.662423 1489105 1096725 3419 2101 0 1484489 0 976294
1786707351.744189 1489105 1096725 3419 2101 0 1484489 0 976294
1786707352.662151 1489105 1096725 3419 2101 0 1484489 0 976294
1786707353.662501 1489105 1096725 3419 2101 0 1484489 0 976294
1786707354.662564 1489105 1097215 3419 2101 0 1484489 0 976294
1786707355.663378 1489105 1097215 3419 2101 0 1484489 0 976294
1786707356.661375 1489105 1097215 3419 2101 0 1484489 0 976294
1786707357.662421 1489105 1097215 3419 2101 0 1484489 0 976294
1786707358.661841 1489105 1097215 3419 2101 0 1484489 0 976294
1786707359.663404 1489105 1097215 3419 2101 0 1484489 0 976294
1786707360.663298 1489105 1097215 3419 2101 0 1484489 0 976294
1786707361.661433 1489105 1097215 3419 2101 0 1484489 0 976294
1786707362.662486 1489105 1097215 3419 2101 0 1484489 0 976294
1786707363.663753 1489105 1097215 3419 2101 0 1484489 0 976294
1786707364.662452 1489105 1097215 3419 2101 0 1484489 0 976294
1786707365.662513 1489105 1097691 3419 2101 0 1484489 0 976294
1786707366.661808 1489105 1097691 3419 2101 0 1484489 0 976294
1786707367.661904 1489105 1097691 3419 2101 0 1484489 0 976294
1786707368.663668 1489105 1097691 3419 2101 0 1484489 0 976294
1786707369.662586 1489105 1097691 3419 2101 0 1484489 0 976294
1786707370.663458 1489105 1097691 3419 2101 0 1484489 0 976294
1786707371.662606 1489105 1097691 3419 2101 0 1484489 0 976294
1786707372.663459 1489105 1097691 3419 2101 0 1484489 0 976294
1786707373.662432 1489105 1097691 3419 2101 0 1484489 0 976294
1786707374.662220 1489105 1097691 3419 2101 0 1484489 0 976294
1786707375.662330 1489105 1097691 3419 2101 0 1484489 0 976294
1786707376.666030 1489105 1097691 3419 2101 0 1484489 0 976294
1786707377.664948 1489105 1097691 3419 2101 0 1484489 0 976294
1786707378.662592 1489105 1097691 3419 2101 0 1484489 0 976294
1786707379.664648 1489105 1097691 3419 2101 0 1484489 0 976294
1786707380.663669 1489105 1097691 3419 2101 0 1484489 0 976294
1786707381.662541 1489105 1097691 3419 2101 0 1484489 0 976294
1786707382.662818 1489105 1097691 3419 2101 0 1484489 0 976294
1786707383.663500 1489105 1097691 3419 2101 0 1484489 0 976294
1786707384.662470 1489105 1097691 3419 2101 0 1484489 0 976294
1786707385.663139 1489105 1098153 3419 2101 0 1484489 0 976294
1786707386.664002 1489105 1098153 3419 2101 0 1484489 0 976294
1786707387.662737 1489105 1098153 3419 2101 0 1484489 0 976294
1786707388.662853 1489105 1098153 3419 2101 0 1484489 0 976294
1786707389.662725 1489105 1098153 3419 2101 0 1484489 0 976294
1786707390.747644 1489105 1098153 3419 2101 0 1484489 0 976294
1786707391.665143 1489745 1098204 3419 2101 0 1485129 0 976294
1786707392.662684 1489745 1098204 3419 2101 0 1485129 0 976294
1786707393.662613 1489745 1098204 3419 2101 0 1485129 0 976311
1786707394.663308 1489745 1098204 3419 2101 0 1485129 0 976311
1786707395.662475 1489745 1098652 3419 2101 0 1485129 0 976311
1786707396.661508 1489745 1098652 3419 2101 0 1485129 0 976311
1786707397.661689 1489745 1098652 3419 2101 0 1485129 0 976311
1786707398.661760 1489745 1098652 3419 2101 0 1485129 0 976311
1786707399.661458 1489745 1098652 3419 2101 0 1485129 0 976311
1786707400.661500 1489745 1098652 3419 2101 0 1485129 0 976311
1786707401.662550 1489745 1098652 3419 2101 0 1485129 0 976311
1786707402.662627 1489745 1098652 3419 2101 0 1485129 0 976311
1786707403.663504 1489745 1098652 3419 2101 0 1485129 0 976311
1786707404.662907 1489745 1098652 3419 2101 0 1485129 0 976311
1786707405.661890 1489745 1098652 3419 2101 0 1485129 0 976311
1786707406.663681 1489745 1098652 3419 2101 0 1485129 0 976311
1786707407.663571 1489745 1098652 3419 2101 0 1485129 0 976311
1786707408.663487 1489745 1098652 3419 2101 0 1485129 0 976311
1786707409.663290 1489745 1098652 3419 2101 0 1485129 0 976311
1786707410.748110 1489745 1098652 3419 2101 0 1485129 0 976311
1786707411.661369 1489745 1098652 3419 2101 0 1485129 0 976311
1786707412.661735 1489745 1098652 3419 2101 0 1485129 0 976311
1786707413.662943 1489745 1098652 3419 2101 0 1485129 0 976311
1786707414.662771 1489745 1098652 3419 2101 0 1485129 0 976311
1786707415.662634 1489745 1098652 3419 2101 0 1485129 0 976311
1786707416.663530 1489745 1099086 3419 2101 0 1485129 0 976311
1786707417.662369 1489745 1099086 3419 2101 0 1485129 0 976311
1786707418.663532 1489745 1099086 3419 2101 0 1485129 0 976311
1786707419.662202 1489745 1099086 3419 2101 0 1485129 0 976311
1786707420.663103 1489745 1099086 3419 2101 0 1485129 0 976311
1786707421.662328 1489745 1099086 3419 2101 0 1485129 0 976311
1786707422.663094 1489745 1099086 3419 2101 0 1485129 0 976311
1786707423.665136 1489745 1099086 3419 2101 0 1485129 0 976311
1786707424.663548 1489745 1099086 3419 2101 0 1485129 0 976311
1786707425.662440 1489745 1099086 3419 2101 0 1485129 0 976311
1786707426.661468 1489745 1099506 3419 2101 0 1485129 0 976311
1786707427.661431 1489745 1099506 3419 2101 0 1485129 0 976311
1786707428.663402 1489745 1099506 3419 2101 0 1485129 0 976311
1786707429.662546 1489745 1099506 3419 2101 0 1485129 0 976311
1786707430.662451 1489745 1099506 3419 2101 0 1485129 0 976311
1786707431.663850 1489745 1099506 3419 2101 0 1485129 0 976311
1786707432.663181 1489745 1099506 3419 2101 0 1485129 0 976311
1786707433.662780 1489745 1099506 3419 2101 0 1485129 0 976311
1786707434.663589 1489745 1099506 3419 2101 0 1485129 0 976311
1786707435.663415 1489745 1099506 3419 2101 0 1485129 0 976311
1786707436.662257 1489745 1099506 3419 2101 0 1485129 0 976311
1786707437.663525 1489745 1099506 3419 2101 0 1485129 0 976311
1786707438.663549 1489745 1099506 3419 2101 0 1485129 0 976311
1786707439.661586 1489745 1099506 3419 2101 0 1485129 0 976311
1786707440.662892 1489745 1099506 3419 2101 0 1485129 0 976311
1786707441.662976 1489745 1099506 3419 2101 0 1485129 0 976311
1786707442.662612 1489745 1099506 3419 2101 0 1485129 0 976311
1786707443.663334 1489745 1099506 3419 2101 0 1485129 0 976311
1786707444.662334 1489745 1099506 3419 2101 0 1485129 0 976311
1786707445.662400 1489745 1099506 3419 2101 0 1485129 0 976311
1786707446.662239 1489745 1099912 3419 2101 0 1485129 0 976311
1786707447.663382 1489745 1099912 3419 2101 0 1485129 0 976311
1786707448.662693 1489745 1099912 3419 2101 0 1485129 0 976311
1786707449.663294 1489745 1099912 3419 2101 0 1485129 0 976311
1786707450.662981 1489745 1099912 3419 2101 0 1485129 0 976311
1786707451.662586 1489745 1099912 3419 2101 0 1485129 0 976311
1786707452.663311 1489745 1099912 3419 2101 0 1485129 0 976311
1786707453.662150 1489745 1099912 3419 2101 0 1485129 0 976311
1786707454.661188 1489745 1099912 3419 2101 0 1485129 0 976311
1786707455.661246 1489745 1099912 3419 2101 0 1485129 0 976311
1786707456.662416 1489745 1099912 3419 2101 0 1485129 0 976311
1786707457.662341 1489745 1100304 3419 2101 0 1485129 0 976311
1786707458.663444 1489745 1100304 3419 2101 0 1485129 0 976311
1786707459.662742 1489745 1100304 3419 2101 0 1485129 0 976311
1786707460.663209 1489745 1100304 3419 2101 0 1485129 0 976311
1786707461.662691 1489745 1100304 3419 2101 0 1485129 0 976311
1786707462.663344 1489745 1100304 3419 2101 0 1485129 0 976311
1786707463.664370 1489745 1100304 3419 2101 0 1485129 0 976311
1786707464.662264 1489745 1100304 3419 2101 0 1485129 0 976311
1786707465.662381 1489745 1100304 3419 2101 0 1485129 0 976311
1786707466.663512 1489745 1100304 3419 2101 0 1485129 0 976311
1786707467.664246 1489745 1100304 3419 2101 0 1485129 0 976311
1786707468.661453 1489745 1100304 3419 2101 0 1485129 0 976311
1786707469.663866 1489745 1100304 3419 2101 0 1485129 0 976311
1786707470.664747 1489745 1100304 3419 2101 0 1485129 0 976311
1786707471.662154 1489745 1100304 3419 2101 0 1485129 0 976311
1786707472.661440 1489745 1100304 3419 2101 0 1485129 0 976311
1786707473.663173 1489745 1100304 3419 2101 0 1485129 0 976311
1786707474.662595 1489745 1100304 3419 2101 0 1485129 0 976311
1786707475.663109 1489745 1100304 3419 2101 0 1485129 0 976311
1786707476.661376 1489745 1100304 3419 2101 0 1485129 0 976311
1786707477.663279 1489745 1100682 3419 2101 0 1485129 0 976311
1786707478.662794 1489745 1100682 3419 2101 0 1485129 0 976311
1786707479.662832 1489745 1100682 3419 2101 0 1485129 0 976311
1786707480.661522 1489745 1100682 3419 2101 0 1485129 0 976311
1786707481.662276 1489745 1100682 3419 2101 0 1485129 0 976311
1786707482.662621 1489745 1100682 3419 2101 0 1485129 0 976311
1786707483.663416 1489745 1100682 3419 2101 0 1485129 0 976311
1786707484.663475 1489745 1100682 3419 2101 0 1485129 0 976311
1786707485.663527 1489745 1100682 3419 2101 0 1485129 0 976311
1786707486.662482 1489745 1100682 3419 2101 0 1485129 0 976311
1786707487.661701 1489745 1101046 3419 2101 0 1485129 0 976311
1786707488.664061 1489745 1101046 3419 2101 0 1485129 0 976311
1786707489.662805 1489745 1101046 3419 2101 0 1485129 0 976311
1786707490.662311 1489745 1101046 3419 2101 0 1485129 0 976311
1786707491.661631 1489745 1101046 3419 2101 0 1485129 0 976311
1786707492.662467 1489745 1101046 3419 2101 0 1485129 0 976311
1786707493.663492 1489745 1101046 3419 2101 0 1485129 0 976311
1786707494.662487 1489745 1101046 3419 2101 0 1485129 0 976311
1786707495.661438 1489745 1101046 3419 2101 0 1485129 0 976311
1786707496.663436 1489745 1101046 3419 2101 0 1485129 0 976311
1786707497.662873 1489745 1101046 3419 2101 0 1485129 0 976311
1786707498.661806 1489745 1101046 3419 2101 0 1485129 0 976311
1786707499.662831 1489745 1101046 3419 2101 0 1485129 0 976311
1786707500.662612 1489745 1101046 3419 2101 0 1485129 0 976311
1786707501.662371 1489745 1101046 3419 2101 0 1485129 0 976311
1786707502.662262 1489745 1101046 3419 2101 0 1485129 0 976311
1786707503.663343 1489745 1101046 3419 2101 0 1485129 0 976311
1786707504.661148 1489745 1101046 3419 2101 0 1485129 0 976311
1786707505.662412 1489745 1101046 3419 2101 0 1485129 0 976311
1786707506.663490 1489745 1101046 3419 2101 0 1485129 0 976311
1786707507.664153 1489745 1101046 3419 2101 0 1485129 0 976311
1786707508.662781 1489745 1101396 3419 2101 0 1485129 0 976311
1786707509.662639 1489745 1101396 3419 2101 0 1485129 0 976311
1786707510.662272 1489745 1101396 3419 2101 0 1485129 0 976311
1786707511.661526 1489745 1101396 3419 2101 0 1485129 0 976311
1786707512.663376 1489745 1101396 3419 2101 0 1485129 0 976311
1786707513.662298 1489745 1101396 3419 2101 0 1485129 0 976311
1786707514.664473 1489745 1101396 3419 2101 0 1485129 0 976311
1786707515.662613 1489745 1101396 3419 2101 0 1485129 0 976311
1786707516.662937 1489745 1101396 3419 2101 0 1485129 0 976311
1786707517.662840 1489745 1101396 3419 2101 0 1485129 0 976311
1786707518.663344 1489745 1101732 3419 2101 0 1485129 0 976311
1786707519.663476 1489745 1101732 3419 2101 0 1485129 0 976311
1786707520.662391 1489745 1101732 3419 2101 0 1485129 0 976311
1786707521.662311 1489745 1101732 3419 2101 0 1485129 0 976311
1786707522.663422 1489745 1101732 3419 2101 0 1485129 0 976311
1786707523.662393 1489745 1101732 3419 2101 0 1485129 0 976311
1786707524.662356 1489745 1101732 3419 2101 0 1485129 0 976311
1786707525.662646 1489745 1101732 3419 2101 0 1485129 0 976311
1786707526.662888 1489745 1101732 3419 2101 0 1485129 0 976311
1786707527.662757 1489745 1101732 3419 2101 0 1485129 0 976311
1786707528.662650 1489745 1101732 3419 2101 0 1485129 0 976311
1786707529.663327 1489745 1101732 3419 2101 0 1485129 0 976311
1786707530.662390 1489745 1101732 3419 2101 0 1485129 0 976311
1786707531.661482 1489745 1101732 3419 2101 0 1485129 0 976311
1786707532.661490 1489745 1101732 3419 2101 0 1485129 0 976311
1786707533.662367 1489745 1101732 3419 2101 0 1485129 0 976311
1786707534.661955 1489745 1101732 3419 2101 0 1485129 0 976311
1786707535.664314 1489745 1101732 3419 2101 0 1485129 0 976311
1786707536.662998 1489745 1101732 3419 2101 0 1485129 0 976311
1786707537.662480 1489745 1101732 3419 2101 0 1485129 0 976311
1786707538.662549 1489745 1101732 3419 2101 0 1485129 0 976311
1786707539.662250 1489745 1102054 3419 2101 0 1485129 0 976311
1786707540.660530 1489745 1102054 3419 2101 0 1485129 0 976311
1786707541.662518 1489745 1102054 3419 2101 0 1485129 0 976311
1786707542.662590 1489745 1102054 3419 2101 0 1485129 0 976311
1786707543.663551 1489745 1102054 3419 2101 0 1485129 0 976311
1786707544.663270 1489745 1102054 3419 2101 0 1485129 0 976311
1786707545.663293 1489745 1102054 3419 2101 0 1485129 0 976311
1786707546.664649 1489745 1102054 3419 2101 0 1485129 0 976311
1786707547.663789 1489745 1102054 3419 2101 0 1485129 0 976311
1786707548.663571 1489745 1102054 3419 2101 0 1485129 0 976311
1786707549.663789 1489745 1102362 3419 2101 0 1485129 0 976311
1786707550.663914 1489745 1102362 3419 2101 0 1485129 0 976311
1786707551.662613 1489745 1102362 3419 2101 0 1485129 0 976311
1786707552.664082 1489745 1102362 3419 2101 0 1485129 0 976311
1786707553.663836 1489745 1102362 3419 2101 0 1485129 0 976311
1786707554.663260 1489745 1102362 3419 2101 0 1485129 0 976311
1786707555.661798 1489745 1102362 3419 2101 0 1485129 0 976311
1786707556.662418 1489745 1102362 3419 2101 0 1485129 0 976311
1786707557.662393 1489745 1102362 3419 2101 0 1485129 0 976311
1786707558.662559 1489745 1102362 3419 2101 0 1485129 0 976311
1786707559.662579 1489745 1102362 3419 2101 0 1485129 0 976311
1786707560.661673 1489745 1102362 3419 2101 0 1485129 0 976311
1786707561.662602 1489745 1102362 3419 2101 0 1485129 0 976311
1786707562.663022 1489745 1102362 3419 2101 0 1485129 0 976311
1786707563.663210 1489745 1102362 3419 2101 0 1485129 0 976311
1786707564.665812 1489745 1102362 3419 2101 0 1485129 0 976311
1786707565.663438 1489745 1102362 3419 2101 0 1485129 0 976311
1786707566.662726 1489745 1102362 3419 2101 0 1485129 0 976311
1786707567.662517 1489745 1102362 3419 2101 0 1485129 0 976311
1786707568.661701 1489745 1102362 3419 2101 0 1485129 0 976311
1786707569.663749 1489745 1102656 3419 2101 0 1485129 0 976311
1786707570.663599 1489745 1102656 3419 2101 0 1485129 0 976311
1786707571.662299 1489745 1102656 3419 2101 0 1485129 0 976311
1786707572.663982 1489745 1102656 3419 2101 0 1485129 0 976311
1786707573.663787 1489745 1102656 3419 2101 0 1485129 0 976311
1786707574.661492 1489745 1102656 3419 2101 0 1485129 0 976311
1786707575.662486 1489745 1102656 3419 2101 0 1485129 0 976311
1786707576.664583 1489745 1102656 3419 2101 0 1485129 0 976311
1786707577.662478 1489745 1102656 3419 2101 0 1485129 0 976311
1786707578.663174 1489745 1102656 3419 2101 0 1485129 0 976311
1786707579.663283 1489745 1102656 3419 2101 0 1485129 0 976311
1786707580.663406 1489745 1102936 3419 2101 0 1485129 0 976311
1786707581.662520 1489745 1102936 3419 2101 0 1485129 0 976311
1786707582.663956 1489745 1102936 3419 2101 0 1485129 0 976311
1786707583.661858 1489745 1102936 3419 2101 0 1485129 0 976311
1786707584.661556 1489745 1102936 3419 2101 0 1485129 0 976311
1786707585.662534 1489745 1102936 3419 2101 0 1485129 0 976311
1786707586.662515 1489745 1102936 3419 2101 0 1485129 0 976311
1786707587.662243 1489745 1102936 3419 2101 0 1485129 0 976311
1786707588.662294 1489745 1102936 3419 2101 0 1485129 0 976311
1786707589.662320 1489745 1102936 3419 2101 0 1485129 0 976311
1786707590.663706 1489745 1102936 3419 2101 0 1485129 0 976311
1786707591.662575 1489745 1102936 3419 2101 0 1485129 0 976311
1786707592.663499 1489745 1102936 3419 2101 0 1485129 0 976311
1786707593.663483 1489745 1102936 3419 2101 0 1485129 0 976311
1786707594.663124 1489745 1102936 3419 2101 0 1485129 0 976311
1786707595.662241 1489745 1102936 3419 2101 0 1485129 0 976311
1786707596.663444 1489745 1102936 3419 2101 0 1485129 0 976311
1786707597.661423 1489745 1102936 3419 2101 0 1485129 0 976311
1786707598.662377 1489745 1102936 3419 2101 0 1485129 0 976311
1786707599.663225 1489745 1102936 3419 2101 0 1485129 0 976311
1786707600.747812 1489745 1103202 3419 2101 0 1485129 0 976311
1786707601.662943 1489745 1103202 3419 2101 0 1485129 0 976311
1786707602.663649 1489745 1103202 3419 2101 0 1485129 0 976311
1786707603.663452 1489745 1103202 3419 2101 0 1485129 0 976311
1786707604.662675 1489745 1103202 3419 2101 0 1485129 0 976311
1786707605.663577 1489745 1103202 3419 2101 0 1485129 0 976311
1786707606.663457 1489745 1103202 3419 2101 0 1485129 0 976311
1786707607.661400 1489745 1103202 3419 2101 0 1485129 0 976311
1786707608.662359 1489745 1103202 3419 2101 0 1485129 0 976311
1786707609.663538 1489745 1103202 3419 2101 0 1485129 0 976311
1786707610.662927 1489745 1103454 3419 2101 0 1485129 0 976311
1786707611.662972 1489745 1103454 3419 2101 0 1485129 0 976311
1786707612.662507 1489745 1103454 3419 2101 0 1485129 0 976311
1786707613.662620 1489745 1103454 3419 2101 0 1485129 0 976311
1786707614.663431 1489745 1103454 3419 2101 0 1485129 0 976311
1786707615.663318 1489745 1103454 3419 2101 0 1485129 0 976311
1786707616.662478 1489745 1103454 3419 2101 0 1485129 0 976311
1786707617.661592 1489745 1103454 3419 2101 0 1485129 0 976311
1786707618.662607 1489745 1103454 3419 2101 0 1485129 0 976311
1786707619.663224 1489745 1103454 3419 2101 0 1485129 0 976311
1786707620.662929 1489745 1103454 3419 2101 0 1485129 0 976311
1786707621.662566 1489745 1103454 3419 2101 0 1485129 0 976311
1786707622.661385 1489745 1103454 3419 2101 0 1485129 0 976311
1786707623.663666 1489745 1103454 3419 2101 0 1485129 0 976311
1786707624.662450 1489745 1103454 3419 2101 0 1485129 0 976311
1786707625.663333 1489745 1103454 3419 2101 0 1485129 0 976311
1786707626.662524 1489745 1103454 3419 2101 0 1485129 0 976311
1786707627.662576 1489745 1103454 3419 2101 0 1485129 0 976311
1786707628.663749 1489745 1103454 3419 2101 0 1485129 0 976311
1786707629.664060 1489745 1103454 3419 2101 0 1485129 0 976311
1786707630.662691 1489745 1103454 3419 2101 0 1485129 0 976311
1786707631.662468 1489745 1103692 3419 2101 0 1485129 0 976311
1786707632.663295 1489745 1103692 3419 2101 0 1485129 0 976311
1786707633.662054 1489745 1103692 3419 2101 0 1485129 0 976311
1786707634.662423 1489745 1103692 3419 2101 0 1485129 0 976311
1786707635.663388 1489745 1103692 3419 2101 0 1485129 0 976311
1786707636.661637 1489745 1103692 3419 2101 0 1485129 0 976311
1786707637.662965 1489745 1103692 3419 2101 0 1485129 0 976311
1786707638.662966 1489745 1103692 3419 2101 0 1485129 0 976311
1786707639.663706 1489745 1103692 3419 2101 0 1485129 0 976311
1786707640.662364 1489745 1103692 3419 2101 0 1485129 0 976311
1786707641.662241 1489745 1103916 3419 2101 0 1485129 0 976311
1786707642.662323 1489745 1103916 3419 2101 0 1485129 0 976311
1786707643.661301 1489745 1103916 3419 2101 0 1485129 0 976311
1786707644.662577 1489745 1103916 3419 2101 0 1485129 0 976311
1786707645.662324 1489745 1103916 3419 2101 0 1485129 0 976311
1786707646.664742 1489745 1103916 3419 2101 0 1485129 0 976311
1786707647.662992 1489745 1103916 3419 2101 0 1485129 0 976311
1786707648.662703 1489745 1103916 3419 2101 0 1485129 0 976311
1786707649.662572 1489745 1103916 3419 2101 0 1485129 0 976311
1786707650.663399 1489745 1103916 3419 2101 0 1485129 0 976311
1786707651.663924 1489745 1103916 3419 2101 0 1485129 0 976311
1786707652.662324 1489745 1103916 3419 2101 0 1485129 0 976311
1786707653.664469 1489745 1103916 3419 2101 0 1485129 0 976311
1786707654.662270 1489745 1103916 3419 2101 0 1485129 0 976311
1786707655.663249 1489745 1103916 3419 2101 0 1485129 0 976311
1786707656.661962 1489745 1103916 3419 2101 0 1485129 0 976311
1786707657.662830 1489745 1103916 3419 2101 0 1485129 0 976311
1786707658.662486 1489745 1103916 3419 2101 0 1485129 0 976311
1786707659.662381 1489745 1103916 3419 2101 0 1485129 0 976311
1786707660.663454 1489745 1103916 3419 2101 0 1485129 0 976311
1786707661.662781 1489745 1103916 3419 2101 0 1485129 0 976311
1786707662.662595 1489745 1104126 3419 2101 0 1485129 0 976311
1786707663.662512 1489745 1104126 3419 2101 0 1485129 0 976311
1786707664.663317 1489745 1104126 3419 2101 0 1485129 0 976311
1786707665.661770 1489745 1104126 3419 2101 0 1485129 0 976311
1786707666.663041 1489745 1104126 3419 2101 0 1485129 0 976311
1786707667.663676 1489745 1104126 3419 2101 0 1485129 0 976311
1786707668.662465 1489745 1104126 3419 2101 0 1485129 0 976311
1786707669.662422 1489745 1104126 3419 2101 0 1485129 0 976311
1786707670.662660 1489745 1104126 3419 2101 0 1485129 0 976311
1786707671.662544 1489745 1104126 3419 2101 0 1485129 0 976311
1786707672.662581 1489745 1104322 3419 2101 0 1485129 0 976311
1786707673.661442 1489745 1104322 3419 2101 0 1485129 0 976311
1786707674.662810 1489745 1104322 3419 2101 0 1485129 0 976311
1786707675.663031 1489745 1104322 3419 2101 0 1485129 0 976311
1786707676.662782 1489745 1104322 3419 2101 0 1485129 0 976311
1786707677.662631 1489745 1104322 3419 2101 0 1485129 0 976311
1786707678.663707 1489745 1104322 3419 2101 0 1485129 0 976311
1786707679.664679 1489745 1104322 3419 2101 0 1485129 0 976311
1786707680.663584 1489745 1104322 3419 2101 0 1485129 0 976311
1786707681.663568 1489745 1104322 3419 2101 0 1485129 0 976311
1786707682.661531 1489745 1104322 3419 2101 0 1485129 0 976311
1786707683.663286 1489745 1104322 3419 2101 0 1485129 0 976311
1786707684.661961 1489745 1104322 3419 2101 0 1485129 0 976311
1786707685.662472 1489745 1104322 3419 2101 0 1485129 0 976311
1786707686.662571 1489745 1104322 3419 2101 0 1485129 0 976311
1786707687.662762 1489745 1104322 3419 2101 0 1485129 0 976311
1786707688.660682 1489745 1104322 3419 2101 0 1485129 0 976311
1786707689.663481 1489745 1104322 3419 2101 0 1485129 0 976311
1786707690.662506 1489745 1104322 3419 2101 0 1485129 0 976311
1786707691.663310 1489745 1104322 3419 2101 0 1485129 0 976311
1786707692.664394 1489745 1104504 3419 2101 0 1485129 0 976311
1786707693.662547 1489745 1104504 3419 2101 0 1485129 0 976311
1786707694.663971 1489745 1104504 3419 2101 0 1485129 0 976311
1786707695.663607 1489745 1104504 3419 2101 0 1485129 0 976311
1786707696.663468 1489745 1104504 3419 2101 0 1485129 0 976311
1786707697.663571 1489745 1104504 3419 2101 0 1485129 0 976311
1786707698.662528 1489745 1104504 3419 2101 0 1485129 0 976311
1786707699.662418 1489745 1104504 3419 2101 0 1485129 0 976311
1786707700.662292 1489745 1104504 3419 2101 0 1485129 0 976311
1786707701.661245 1489745 1104504 3419 2101 0 1485129 0 976311
1786707702.662521 1489745 1104672 3419 2101 0 1485129 0 976311
1786707703.663017 1489745 1104672 3419 2101 0 1485129 0 976311
1786707704.662962 1489745 1104672 3419 2101 0 1485129 0 976311
1786707705.662469 1489745 1104672 3419 2101 0 1485129 0 976311
1786707706.662425 1489745 1104672 3419 2101 0 1485129 0 976311
1786707707.662189 1489745 1104672 3419 2101 0 1485129 0 976311
1786707708.661313 1489745 1104672 3419 2101 0 1485129 0 976311
1786707709.662321 1489745 1104672 3419 2101 0 1485129 0 976311
1786707710.663458 1489745 1104672 3419 2101 0 1485129 0 976311
1786707711.662282 1489745 1104672 3419 2101 0 1485129 0 976311
1786707712.662021 1489745 1104672 3419 2101 0 1485129 0 976311
1786707713.663814 1489745 1104672 3419 2101 0 1485129 0 976311
1786707714.663588 1489745 1104672 3419 2101 0 1485129 0 976311
1786707715.663252 1489745 1104672 3419 2101 0 1485129 0 976311
1786707716.662390 1489745 1104672 3419 2101 0 1485129 0 976311
1786707717.662411 1489745 1104672 3419 2101 0 1485129 0 976311
1786707718.662281 1489745 1104672 3419 2101 0 1485129 0 976311
1786707719.662360 1489745 1104672 3419 2101 0 1485129 0 976311
1786707720.662761 1489745 1104672 3419 2101 0 1485129 0 976311
1786707721.663785 1489745 1104672 3419 2101 0 1485129 0 976311
1786707722.664537 1489745 1104672 3419 2101 0 1485129 0 976311
1786707723.662591 1489745 1104826 3419 2101 0 1485129 0 976311
1786707724.663642 1489745 1104826 3419 2101 0 1485129 0 976311
1786707725.662581 1489745 1104826 3419 2101 0 1485129 0 976311
1786707726.661396 1489745 1104826 3419 2101 0 1485129 0 976311
1786707727.664484 1489745 1104826 3419 2101 0 1485129 0 976311
1786707728.662508 1489745 1104826 3419 2101 0 1485129 0 976311
1786707729.661613 1489745 1104826 3419 2101 0 1485129 0 976311
1786707730.662858 1489745 1104826 3419 2101 0 1485129 0 976311
1786707731.663856 1489745 1104826 3419 2101 0 1485129 0 976311
1786707732.665024 1489745 1104826 3419 2101 0 1485129 0 976311
1786707733.663672 1489745 1104966 3419 2101 0 1485129 0 976311
1786707734.663491 1489745 1104966 3419 2101 0 1485129 0 976311
1786707735.663451 1489745 1104966 3419 2101 0 1485129 0 976311
1786707736.661464 1489745 1104966 3419 2101 0 1485129 0 976311
1786707737.662455 1489745 1104966 3419 2101 0 1485129 0 976311
1786707738.664729 1489745 1104966 3419 2101 0 1485129 0 976311
1786707739.663767 1489745 1104966 3419 2101 0 1485129 0 976311
1786707740.661558 1489745 1104966 3419 2101 0 1485129 0 976311
1786707741.662426 1489745 1104966 3419 2101 0 1485129 0 976311
1786707742.663506 1489745 1104966 3419 2101 0 1485129 0 976311
1786707743.662232 1489745 1104966 3419 2101 0 1485129 0 976311
1786707744.662443 1489745 1104966 3419 2101 0 1485129 0 976311
1786707745.665852 1489745 1104966 3419 2101 0 1485129 0 976311
1786707746.662472 1489745 1104966 3419 2101 0 1485129 0 976311
1786707747.663330 1489745 1104966 3419 2101 0 1485129 0 976311
1786707748.664469 1489745 1104966 3419 2101 0 1485129 0 976311
1786707749.664447 1489745 1104966 3419 2101 0 1485129 0 976311
1786707750.662296 1489745 1104966 3419 2101 0 1485129 0 976311
1786707751.661537 1489745 1104966 3419 2101 0 1485129 0 976311
1786707752.661175 1489745 1104966 3419 2101 0 1485129 0 976311
1786707753.662143 1489745 1104966 3419 2101 0 1485129 0 976311
1786707754.661988 1489745 1105092 3419 2101 0 1485129 0 976311
1786707755.662361 1489745 1105092 3419 2101 0 1485129 0 976311
1786707756.662234 1489745 1105092 3419 2101 0 1485129 0 976311
1786707757.663064 1489745 1105092 3419 2101 0 1485129 0 976311
1786707758.662282 1489745 1105092 3419 2101 0 1485129 0 976311
1786707759.662242 1489745 1105092 3419 2101 0 1485129 0 976311
1786707760.663341 1489745 1105092 3419 2101 0 1485129 0 976311
1786707761.663199 1489745 1105092 3419 2101 0 1485129 0 976311
1786707762.661392 1489745 1105092 3419 2101 0 1485129 0 976311
1786707763.663304 1489745 1105092 3419 2101 0 1485129 0 976311
1786707764.663445 1489745 1105208 3419 2101 0 1485129 0 976311
1786707765.663240 1489745 1105208 3419 2101 0 1485129 0 976311
1786707766.663588 1489745 1105208 3419 2101 0 1485129 0 976311
1786707767.663627 1489745 1105208 3419 2101 0 1485129 0 976311
1786707768.662512 1489745 1105208 3419 2101 0 1485129 0 976311
1786707769.663126 1489745 1105208 3419 2101 0 1485129 0 976311
1786707770.662139 1489745 1105208 3419 2101 0 1485129 0 976311
1786707771.662488 1489745 1105208 3419 2101 0 1485129 0 976311
1786707772.662358 1489745 1105208 3419 2101 0 1485129 0 976311
1786707773.661342 1489745 1105208 3419 2101 0 1485129 0 976311
1786707774.661317 1489745 1105208 3419 2101 0 1485129 0 976311
1786707775.662485 1489745 1105208 3419 2101 0 1485129 0 976311
1786707776.663820 1489745 1105208 3419 2101 0 1485129 0 976311
1786707777.662512 1489745 1105208 3419 2101 0 1485129 0 976311
1786707778.662282 1489745 1105208 3419 2101 0 1485129 0 976311
1786707779.664363 1489745 1105208 3419 2101 0 1485129 0 976311
1786707780.662178 1489745 1105208 3419 2101 0 1485129 0 976311
1786707781.663449 1489745 1105208 3419 2101 0 1485129 0 976311
1786707782.662367 1489745 1105208 3419 2101 0 1485129 0 976311
1786707783.662383 1489745 1105208 3419 2101 0 1485129 0 976311
1786707784.662225 1489745 1105329 3419 2101 0 1485129 0 976311
1786707785.662849 1489745 1105329 3419 2101 0 1485129 0 976311
1786707786.662802 1489745 1105329 3419 2101 0 1485129 0 976311
1786707787.662073 1489745 1105329 3419 2101 0 1485129 0 976311
1786707788.663396 1489745 1105329 3419 2101 0 1485129 0 976311
1786707789.663570 1489745 1105329 3419 2101 0 1485129 0 976311
1786707790.662448 1489745 1105329 3419 2101 0 1485129 0 976311
1786707791.662571 1489745 1105329 3419 2101 0 1485129 0 976311
1786707792.661429 1489745 1105329 3419 2101 0 1485129 0 976311
1786707793.662834 1489745 1105329 3419 2101 0 1485129 0 976311
1786707794.661270 1489745 1105329 3419 2101 0 1485129 0 976311
1786707795.664779 1489745 1105445 3419 2101 0 1485129 0 976311
1786707796.663432 1489745 1105445 3419 2101 0 1485129 0 976311
1786707797.662272 1489745 1105445 3419 2101 0 1485129 0 976311
1786707798.663492 1489745 1105445 3419 2101 0 1485129 0 976311
1786707799.664407 1489745 1105445 3419 2101 0 1485129 0 976311
1786707800.662458 1489745 1105445 3419 2101 0 1485129 0 976311
1786707801.663337 1489745 1105445 3419 2101 0 1485129 0 976311
1786707802.662300 1489745 1105445 3419 2101 0 1485129 0 976311
1786707803.664607 1489745 1105445 3419 2101 0 1485129 0 976311
1786707804.662673 1489745 1105445 3419 2101 0 1485129 0 976311
1786707805.663626 1489745 1105445 3419 2101 0 1485129 0 976311
1786707806.662408 1489745 1105445 3419 2101 0 1485129 0 976311
1786707807.662430 1489745 1105445 3419 2101 0 1485129 0 976311
1786707808.662424 1489745 1105445 3419 2101 0 1485129 0 976311
1786707809.662427 1489745 1105445 3419 2101 0 1485129 0 976311
1786707810.662439 1489745 1105445 3419 2101 0 1485129 0 976311
1786707811.662217 1489745 1105445 3419 2101 0 1485129 0 976311
1786707812.662266 1489745 1105445 3419 2101 0 1485129 0 976311
1786707813.663281 1489745 1105445 3419 2101 0 1485129 0 976311
1786707814.663334 1489745 1105445 3419 2101 0 1485129 0 976311
1786707815.662195 1489745 1105565 3419 2101 0 1485129 0 976311
1786707816.662422 1489745 1105565 3419 2101 0 1485129 0 976311
1786707817.664555 1489745 1105565 3419 2101 0 1485129 0 976311
1786707818.662488 1489745 1105565 3419 2101 0 1485129 0 976311
1786707819.663385 1489745 1105565 3419 2101 0 1485129 0 976311
1786707820.663297 1489745 1105565 3419 2101 0 1485129 0 976311
1786707821.662424 1489745 1105565 3419 2101 0 1485129 0 976311
1786707822.664784 1489745 1105565 3419 2101 0 1485129 0 976311
1786707823.663826 1489745 1105565 3419 2101 0 1485129 0 976311
1786707824.662302 1489745 1105565 3419 2101 0 1485129 0 976311
1786707825.662315 1489745 1105681 3419 2101 0 1485129 0 976311
1786707826.661386 1489745 1105681 3419 2101 0 1485129 0 976311
1786707827.662006 1489745 1105681 3419 2101 0 1485129 0 976311
1786707828.661297 1489745 1105681 3419 2101 0 1485129 0 976311
1786707829.664395 1489745 1105681 3419 2101 0 1485129 0 976311
1786707830.663485 1489745 1105681 3419 2101 0 1485129 0 976311
1786707831.663376 1489745 1105681 3419 2101 0 1485129 0 976311
1786707832.662768 1489745 1105681 3419 2101 0 1485129 0 976311
1786707833.662632 1489745 1105681 3419 2101 0 1485129 0 976311
1786707834.661274 1489745 1105681 3419 2101 0 1485129 0 976311
1786707835.662146 1489745 1105681 3419 2101 0 1485129 0 976311
1786707836.662463 1489745 1105681 3419 2101 0 1485129 0 976311
1786707837.663366 1489745 1105681 3419 2101 0 1485129 0 976311
1786707838.662299 1489745 1105681 3419 2101 0 1485129 0 976311
1786707839.662664 1489745 1105681 3419 2101 0 1485129 0 976311
1786707840.664064 1489745 1105681 3419 2101 0 1485129 0 976311
1786707841.663715 1489745 1105681 3419 2101 0 1485129 0 976311
1786707842.662596 1489745 1105681 3419 2101 0 1485129 0 976311
1786707843.662607 1489745 1105681 3419 2101 0 1485129 0 976311
1786707844.662577 1489745 1105681 3419 2101 0 1485129 0 976311
1786707845.664241 1489745 1105681 3419 2101 0 1485129 0 976311
1786707846.663475 1489745 1105798 3419 2101 0 1485129 0 976311
1786707847.664334 1489745 1105798 3419 2101 0 1485129 0 976311
1786707848.662843 1489745 1105798 3419 2101 0 1485129 0 976311
1786707849.663200 1489745 1105798 3419 2101 0 1485129 0 976311
1786707850.662882 1489745 1105798 3419 2101 0 1485129 0 976311
1786707851.663428 1489745 1105798 3419 2101 0 1485129 0 976311
1786707852.664725 1489745 1105798 3419 2101 0 1485129 0 976311
1786707853.662499 1489745 1105798 3419 2101 0 1485129 0 976311
1786707854.663393 1489745 1105798 3419 2101 0 1485129 0 976311
1786707855.662408 1489745 1105798 3419 2101 0 1485129 0 976311
1786707856.662556 1489745 1105914 3419 2101 0 1485129 0 976311
1786707857.662323 1489745 1105914 3419 2101 0 1485129 0 976311
1786707858.661611 1489745 1105914 3419 2101 0 1485129 0 976311
1786707859.663944 1489745 1105914 3419 2101 0 1485129 0 976311
1786707860.663894 1489745 1105914 3419 2101 0 1485129 0 976311
1786707861.663376 1489745 1105914 3419 2101 0 1485129 0 976311
1786707862.663357 1489745 1105914 3419 2101 0 1485129 0 976311
1786707863.662337 1489745 1105914 3419 2101 0 1485129 0 976311
1786707864.663307 1489745 1105914 3419 2101 0 1485129 0 976311
1786707865.661499 1489745 1105914 3419 2101 0 1485129 0 976311
1786707866.662659 1489745 1105914 3419 2101 0 1485129 0 976311
1786707867.662597 1489745 1105914 3419 2101 0 1485129 0 976311
1786707868.663844 1489745 1105914 3419 2101 0 1485129 0 976311
1786707869.663559 1489745 1105914 3419 2101 0 1485129 0 976311
1786707870.662283 1489745 1105914 3419 2101 0 1485129 0 976311
1786707871.662278 1489745 1105914 3419 2101 0 1485129 0 976311
1786707872.662307 1489745 1105914 3419 2101 0 1485129 0 976311
1786707873.662326 1489745 1105914 3419 2101 0 1485129 0 976311
1786707874.662203 1489745 1105914 3419 2101 0 1485129 0 976311
1786707875.662301 1489745 1105914 3419 2101 0 1485129 0 976311
1786707876.663476 1489745 1105914 3419 2101 0 1485129 0 976311
1786707877.662564 1489745 1106032 3419 2101 0 1485129 0 976311
1786707878.662846 1489745 1106032 3419 2101 0 1485129 0 976311
1786707879.663659 1489745 1106032 3419 2101 0 1485129 0 976311
1786707880.662342 1489745 1106032 3419 2101 0 1485129 0 976311
1786707881.663283 1489745 1106032 3419 2101 0 1485129 0 976311
1786707882.663500 1489745 1106032 3419 2101 0 1485129 0 976311
1786707883.661262 1489745 1106032 3419 2101 0 1485129 0 976311
1786707884.663285 1489745 1106032 3419 2101 0 1485129 0 976311
1786707885.662544 1489745 1106032 3419 2101 0 1485129 0 976311
1786707886.662646 1489745 1106032 3419 2101 0 1485129 0 976311
1786707887.664226 1489745 1106137 3419 2101 0 1485129 0 976311
1786707888.663513 1489745 1106137 3419 2101 0 1485129 0 976311
1786707889.662176 1489745 1106137 3419 2101 0 1485129 0 976311
1786707890.662206 1489745 1106137 3419 2101 0 1485129 0 976311
1786707891.662422 1489745 1106137 3419 2101 0 1485129 0 976311
1786707892.662544 1489745 1106137 3419 2101 0 1485129 0 976311
1786707893.662319 1489745 1106137 3419 2101 0 1485129 0 976311
1786707894.663544 1489745 1106137 3419 2101 0 1485129 0 976311
1786707895.661295 1489745 1106137 3419 2101 0 1485129 0 976311
1786707896.662515 1489745 1106137 3419 2101 0 1485129 0 976311
1786707897.662990 1489745 1106137 3419 2101 0 1485129 0 976311
1786707898.661665 1489745 1106137 3419 2101 0 1485129 0 976311
1786707899.662133 1489745 1106137 3419 2101 0 1485129 0 976311
1786707900.662520 1489745 1106137 3419 2101 0 1485129 0 976311
1786707901.661483 1489745 1106137 3419 2101 0 1485129 0 976311
1786707902.663550 1489745 1106137 3419 2101 0 1485129 0 976311
1786707903.662378 1489745 1106137 3419 2101 0 1485129 0 976311
1786707904.663547 1489745 1106137 3419 2101 0 1485129 0 976311
1786707905.663947 1489745 1106137 3419 2101 0 1485129 0 976311
1786707906.665121 1489745 1106137 3419 2101 0 1485129 0 976311
1786707907.662685 1489745 1106137 3419 2101 0 1485129 0 976311
1786707908.662386 1489745 1106137 3419 2101 0 1485129 0 976311
1786707909.663690 1489745 1106137 3419 2101 0 1485129 0 976311
1786707910.662800 1489745 1106137 3419 2101 0 1485129 0 976311
1786707911.662672 1489745 1106137 3419 2101 0 1485129 0 976311
1786707912.661730 1489745 1106137 3419 2101 0 1485129 0 976311
1786707913.663640 1489745 1106137 3419 2101 0 1485129 0 976311
1786707914.663637 1489745 1106137 3419 2101 0 1485129 0 976311
1786707915.664129 1489745 1106137 3419 2101 0 1485129 0 976311
1786707916.662747 1489745 1106137 3419 2101 0 1485129 0 976311
1786707917.663292 1489745 1106137 3419 2101 0 1485129 0 976311
1786707918.663569 1489745 1106137 3419 2101 0 1485129 0 976311
1786707919.662486 1489745 1106137 3419 2101 0 1485129 0 976311
1786707920.662535 1489745 1106137 3419 2101 0 1485129 0 976311
1786707921.662371 1489745 1106137 3419 2101 0 1485129 0 976311
1786707922.662438 1489745 1106137 3419 2101 0 1485129 0 976311
1786707923.661452 1489745 1106137 3419 2101 0 1485129 0 976311
1786707924.663238 1489745 1106137 3419 2101 0 1485129 0 976311
1786707925.662410 1489745 1106137 3419 2101 0 1485129 0 976311
1786707926.663551 1489745 1106137 3419 2101 0 1485129 0 976311
1786707927.663636 1489745 1106137 3419 2101 0 1485129 0 976311
1786707928.662713 1489745 1106137 3419 2101 0 1485129 0 976311
1786707929.661422 1489745 1106137 3419 2101 0 1485129 0 976311
1786707930.663459 1489745 1106137 3419 2101 0 1485129 0 976311
1786707931.662313 1489745 1106137 3419 2101 0 1485129 0 976311
1786707932.662326 1489745 1106137 3419 2101 0 1485129 0 976311
1786707933.662882 1489745 1106137 3419 2101 0 1485129 0 976311
1786707934.663742 1489745 1106137 3419 2101 0 1485129 0 976311
1786707935.662442 1489745 1106137 3419 2101 0 1485129 0 976311
1786707936.662234 1489745 1106137 3419 2101 0 1485129 0 976311
1786707937.662548 1489745 1106137 3419 2101 0 1485129 0 976311
1786707938.662550 1489745 1106137 3419 2101 0 1485129 0 976311
1786707939.661342 1489745 1106137 3419 2101 0 1485129 0 976311
1786707940.663429 1489745 1106137 3419 2101 0 1485129 0 976311
1786707941.662401 1489745 1106137 3419 2101 0 1485129 0 976311
1786707942.661609 1489745 1106137 3419 2101 0 1485129 0 976311
1786707943.662864 1489745 1106137 3419 2101 0 1485129 0 976311
1786707944.662708 1489745 1106137 3419 2101 0 1485129 0 976311
1786707945.662438 1489745 1106137 3419 2101 0 1485129 0 976311
1786707946.662530 1489745 1106137 3419 2101 0 1485129 0 976311
1786707947.661498 1489745 1106137 3419 2101 0 1485129 0 976311
1786707948.662286 1489745 1106137 3419 2101 0 1485129 0 976311
1786707949.662551 1489745 1106137 3419 2101 0 1485129 0 976311
1786707950.662034 1489745 1106137 3419 2101 0 1485129 0 976311
1786707951.663082 1489745 1106137 3419 2101 0 1485129 0 976311
1786707952.664103 1489745 1106137 3419 2101 0 1485129 0 976311
1786707953.662481 1489745 1106137 3419 2101 0 1485129 0 976311
1786707954.662283 1489745 1106137 3419 2101 0 1485129 0 976311
1786707955.663116 1489745 1106137 3419 2101 0 1485129 0 976311
1786707956.662367 1489745 1106137 3419 2101 0 1485129 0 976311
1786707957.662264 1489745 1106137 3419 2101 0 1485129 0 976311
1786707958.662290 1489745 1106137 3419 2101 0 1485129 0 976311
1786707959.663904 1489745 1106137 3419 2101 0 1485129 0 976311
1786707960.664271 1489745 1106137 3419 2101 0 1485129 0 976311
1786707961.663561 1489745 1106137 3419 2101 0 1485129 0 976311
1786707962.663800 1489745 1106137 3419 2101 0 1485129 0 976311
1786707963.664534 1489745 1106137 3419 2101 0 1485129 0 976311
