# start_epoch=1786707964.687461  page_size=4096  cachestat=ok  fields=size,resident,shared,text,lib,data,dt,pagecache
1786707965.731233 454976 42574 3131 2101 0 450377 0 42455
1786707966.731956 462919 47027 3235 2101 0 458313 0 50385
1786707967.732379 462919 38866 3235 2101 0 458313 0 58311
1786707968.731721 462926 34268 3242 2101 0 458313 0 66498
1786707969.732396 462926 41310 3311 2101 0 458313 0 74447
1786707970.731730 462926 39426 3311 2101 0 458313 0 82890
1786707971.731964 462926 44053 3311 2101 0 458313 0 90564
1786707972.732427 463822 46193 3311 2101 0 459209 0 98495
1786707973.733555 463822 37162 3311 2101 0 459209 0 100646
1786707974.733602 463822 39656 3311 2101 0 459209 0 114608
1786707975.733879 463822 37837 3311 2101 0 459209 0 122795
1786707976.734240 463822 41909 3311 2101 0 459209 0 130470
1786707977.734847 463822 43340 3311 2101 0 459209 0 138913
1786707978.735540 463822 46516 3311 2101 0 459209 0 146844
1786707979.736413 463822 48874 3311 2101 0 459209 0 144708
1786707980.736442 463822 38653 3311 2101 0 459209 0 162446
1786707981.736697 463822 40248 3311 2101 0 459209 0 170633
1786707982.737339 463822 39642 3311 2101 0 459209 0 178564
1786707983.738764 464846 43702 3311 2101 0 460233 0 186496
1786707984.738285 464846 46018 3311 2101 0 460233 0 194438
1786707985.738987 464846 48541 3311 2101 0 460233 0 202638
1786707986.738670 464846 43319 3311 2101 0 460233 0 209261
1786707987.741978 464846 39629 3311 2101 0 460233 0 218535
1786707988.739756 464846 38421 3311 2101 0 460233 0 226223
1786707989.739975 464846 40452 3311 2101 0 460233 0 234167
1786707990.743082 464846 44676 3311 2101 0 460233 0 242112
1786707991.741301 464846 46912 3311 2101 0 460233 0 250312
1786707992.740607 466126 49178 3311 2101 0 461513 0 240241
1786707993.743634 466126 44342 3311 2101 0 461513 0 266209
1786707994.743786 466126 42105 3311 2101 0 461513 0 274409
1786707995.743299 466126 43101 3311 2101 0 461513 0 282353
1786707996.828994 466126 43241 3311 2101 0 461513 0 290297
1786707997.745345 466126 46037 3311 2101 0 461513 0 297986
1786707998.744656 466126 48127 3311 2101 0 461513 0 306186
1786707999.744329 466126 50176 3311 2101 0 461513 0 303518
1786708000.746064 466126 44249 3311 2101 0 461513 0 322083
1786708001.829733 466126 44291 3311 2101 0 461513 0 330027
1786708002.830470 466126 45286 3311 2101 0 461513 0 337971
1786708003.831174 466126 44211 3311 2101 0 461513 0 345659
1786708004.833840 466126 46814 3311 2101 0 461513 0 353604
1786708005.830989 466126 48926 3311 2101 0 461513 0 361804
1786708006.833976 466126 50939 3311 2101 0 461513 0 368988
1786708007.831174 466126 46547 3311 2101 0 461513 0 377189
1786708008.830330 467662 45134 3311 2101 0 463049 0 385133
1786708009.833063 467662 45899 3311 2101 0 463049 0 393077
1786708010.835754 467662 45278 3311 2101 0 463049 0 401021
1786708011.834798 467662 44761 3311 2101 0 463049 0 408966
1786708012.838746 467662 48233 3311 2101 0 463049 0 416910
1786708013.746487 467662 51271 3311 2101 0 463049 0 424086
1786708014.837195 467662 47172 3311 2101 0 463049 0 432295
1786708015.835237 467662 45535 3311 2101 0 463049 0 439983
1786708016.839022 467662 46650 3311 2101 0 463049 0 447927
1786708017.836216 467662 43296 3311 2101 0 463049 0 455871
1786708018.836734 467662 47543 3311 2101 0 463049 0 463560
1786708019.837183 467662 47531 3311 2101 0 463049 0 470992
1786708020.836025 467662 48861 3311 2101 0 463049 0 478936
1786708021.834404 467662 51393 3311 2101 0 463049 0 486368
1786708022.839613 467662 45443 3311 2101 0 463049 0 494321
1786708023.839319 467662 46983 3311 2101 0 463049 0 502009
1786708024.841152 467662 46439 3311 2101 0 463049 0 509697
1786708025.841446 467662 47984 3311 2101 0 463049 0 517130
1786708026.840510 467662 46202 3311 2101 0 463049 0 524562
1786708027.929210 469454 47415 3311 2101 0 464841 0 532506
1786708028.843154 469454 47013 3311 2101 0 464841 0 539938
1786708029.840611 469454 48628 3311 2101 0 464841 0 547115
1786708030.929586 469454 48657 3311 2101 0 464841 0 555315
1786708031.843453 469454 51341 3311 2101 0 464841 0 562491
1786708032.834148 469454 52569 3311 2101 0 464841 0 551651
1786708033.841241 469454 47226 3311 2101 0 464841 0 577620
1786708034.932236 469454 47545 3311 2101 0 464841 0 585308
1786708035.842903 469454 47230 3311 2101 0 464841 0 592740
1786708036.846098 469454 48151 3311 2101 0 464841 0 600429
1786708037.929990 469454 49825 3311 2101 0 464841 0 608117
1786708038.930855 469454 50556 3311 2101 0 464841 0 615549
1786708039.931068 469454 46441 3311 2101 0 464841 0 622725
1786708040.934939 469454 51277 3311 2101 0 464841 0 629902
1786708041.932968 469454 49271 3311 2101 0 464841 0 637590
1786708042.930557 469454 51070 3311 2101 0 464841 0 644766
1786708043.933265 469454 49729 3311 2101 0 464841 0 652198
1786708044.847215 469454 52179 3311 2101 0 464841 0 658863
1786708045.837129 469454 53156 3311 2101 0 464841 0 648535
1786708046.929452 469454 50257 3311 2101 0 464841 0 674531
1786708047.936903 469454 51505 3311 2101 0 464841 0 682192
1786708048.935867 469454 51733 3311 2101 0 464841 0 689880
1786708049.934545 469454 51520 3311 2101 0 464841 0 697312
1786708050.937818 469454 50047 3311 2101 0 464841 0 704744
1786708051.935645 469454 51796 3311 2101 0 464841 0 711921
1786708052.939084 471502 52081 3311 2101 0 466889 0 719609
1786708053.934425 471502 49093 3311 2101 0 466889 0 726529
1786708054.937128 471502 54117 3311 2101 0 466889 0 733961
1786708055.937697 471502 52067 3311 2101 0 466889 0 741394
1786708056.934613 471502 49945 3311 2101 0 466889 0 748826
1786708057.939288 471502 52449 3311 2101 0 466889 0 756521
1786708058.942789 471502 54693 3311 2101 0 466889 0 745418
1786708059.846590 471502 54707 3311 2101 0 466889 0 752339
1786708060.942456 471502 51817 3311 2101 0 466889 0 778819
1786708061.940661 471502 54440 3311 2101 0 466889 0 785739
1786708062.943038 471502 54519 3311 2101 0 466889 0 792916
1786708063.941923 471502 54525 3311 2101 0 466889 0 800348
1786708064.938141 471502 52469 3311 2101 0 466889 0 807524
1786708065.942101 471502 53549 3311 2101 0 466889 0 814956
1786708066.942044 471502 54583 3311 2101 0 466889 0 822389
1786708068.029837 471502 54704 3311 2101 0 466889 0 829565
1786708068.941592 471502 55223 3311 2101 0 466889 0 836998
1786708070.032858 471502 55072 3311 2101 0 466889 0 844430
1786708071.030028 471502 55186 3311 2101 0 466889 0 851095
1786708072.032787 471502 55186 3311 2101 0 466889 0 858352
1786708073.030629 471502 55700 3311 2101 0 466889 0 865447
1786708074.033022 471502 55700 3311 2101 0 466889 0 872879
1786708075.030415 474062 55514 3311 2101 0 469449 0 880056
1786708075.943600 474062 54126 3311 2101 0 469449 0 887232
1786708077.033502 474062 56165 3311 2101 0 469449 0 894664
1786708078.029605 474062 56176 3311 2101 0 469449 0 901072
1786708078.730258 474062 38408 3374 2101 0 469449 0 872345
1786708079.726462 474062 38408 3374 2101 0 469449 0 872345
1786708080.726400 474062 38408 3374 2101 0 469449 0 872345
1786708081.726405 474062 38408 3374 2101 0 469449 0 872346
1786708082.726551 474062 38408 3374 2101 0 469449 0 872346
1786708083.726526 474062 38408 3374 2101 0 469449 0 872346
1786708084.726608 474062 38408 3374 2101 0 469449 0 872346
1786708085.726821 474062 38408 3374 2101 0 469449 0 872346
1786708086.727046 474062 38408 3374 2101 0 469449 0 872346
1786708087.726739 474062 38408 3374 2101 0 469449 0 872346
1786708088.725973 476366 39425 3374 2101 0 471753 0 866300
1786708089.729450 476366 39425 3374 2101 0 471753 0 866300
1786708090.726049 476366 39425 3374 2101 0 471753 0 866300
1786708091.726830 476366 39425 3374 2101 0 471753 0 866300
1786708092.726046 476366 39425 3374 2101 0 471753 0 866300
1786708093.726074 476366 39425 3374 2101 0 471753 0 866300
1786708094.726285 476366 39425 3374 2101 0 471753 0 866300
1786708095.726206 476366 39425 3374 2101 0 471753 0 866300
1786708096.726242 476366 39425 3374 2101 0 471753 0 866300
1786708097.837473 478670 23385 3374 2101 0 474057 0 860282
1786708098.725531 478670 23386 3374 2101 0 474057 0 860285
1786708099.725602 478670 23386 3374 2101 0 474057 0 860285
1786708100.725772 478670 23386 3374 2101 0 474057 0 860285
1786708101.725632 478670 23386 3374 2101 0 474057 0 860285
1786708102.725615 478670 23669 3374 2101 0 474057 0 860285
1786708103.725913 478670 23669 3374 2101 0 474057 0 860285
1786708104.725930 478670 23669 3374 2101 0 474057 0 860285
1786708105.725768 478670 23669 3374 2101 0 474057 0 860285
1786708106.725527 478670 23669 3374 2101 0 474057 0 860285
1786708107.725540 480206 23159 3374 2101 0 475593 0 854268
1786708108.725389 480206 23159 3374 2101 0 475593 0 854268
1786708109.725907 480206 23159 3374 2101 0 475593 0 854268
1786708110.725163 480206 23159 3374 2101 0 475593 0 854268
1786708111.725183 480206 23159 3374 2101 0 475593 0 854269
1786708112.725411 480206 23648 3374 2101 0 475593 0 854269
1786708113.725505 480206 23648 3374 2101 0 475593 0 854269
1786708114.725436 480206 23648 3374 2101 0 475593 0 854269
1786708115.725111 480206 23648 3374 2101 0 475593 0 854269
1786708116.725093 484046 24028 3374 2101 0 479433 0 848252
1786708117.725672 484046 24028 3374 2101 0 479433 0 848252
1786708118.725002 484046 24028 3374 2101 0 479433 0 848252
1786708119.725083 484046 24028 3374 2101 0 479433 0 848252
1786708120.842151 485077 56499 3413 2101 0 480457 0 846190
1786708121.838705 517333 95371 3413 2101 0 512713 0 846190
1786708122.841133 570581 136856 3413 2101 0 565961 0 846190
1786708123.837066 595157 178729 3413 2101 0 590537 0 846190
1786708124.837763 659157 219573 3413 2101 0 654537 0 846190
1786708125.842109 700117 260390 3413 2101 0 695497 0 846190
1786708126.839239 752341 300671 3413 2101 0 747721 0 846190
1786708127.841901 752341 340943 3413 2101 0 747721 0 846190
1786708128.837891 809685 382731 3413 2101 0 805065 0 846190
1786708129.841655 880853 425001 3413 2101 0 876233 0 846190
1786708130.840933 880853 466715 3413 2101 0 876233 0 846190
1786708131.837799 962773 507887 3413 2101 0 958153 0 846190
1786708132.837118 966869 549978 3413 2101 0 962249 0 846190
1786708133.838589 1065173 591097 3413 2101 0 1060553 0 846190
1786708134.837252 1065173 631665 3413 2101 0 1060553 0 846190
1786708135.838198 1184981 673222 3413 2101 0 1180361 0 846190
1786708136.836918 1184981 714236 3413 2101 0 1180361 0 846190
1786708137.841235 1184981 754706 3413 2101 0 1180361 0 846190
1786708138.836805 1316053 796682 3413 2101 0 1311433 0 846190
1786708139.837117 1316053 838111 3413 2101 0 1311433 0 846190
1786708140.840972 1322197 878485 3413 2101 0 1317577 0 846190
1786708141.838870 1322197 919844 3413 2101 0 1317577 0 846190
1786708142.838554 1486037 961169 3413 2101 0 1481417 0 846190
1786708143.837367 1486037 1001431 3413 2101 0 1481417 0 846190
1786708144.838436 1486037 1041665 3413 2101 0 1481417 0 846190
1786708145.837924 1493205 1082386 3413 2101 0 1488585 0 846190
1786708146.838050 1692373 1123587 3413 2101 0 1687753 0 846190
1786708147.839052 1692373 1163726 3413 2101 0 1687753 0 846190
1786708148.837041 1692373 1204860 3413 2101 0 1687753 0 846190
1786708149.841206 1692373 1245951 3413 2101 0 1687753 0 846190
1786708150.841722 1692373 1284966 3413 2101 0 1687753 0 846190
1786708151.836880 1929941 1325486 3413 2101 0 1925321 0 846190
1786708152.840930 1929941 1363935 3413 2101 0 1925321 0 846190
1786708153.840756 1929941 1404410 3413 2101 0 1925321 0 846190
1786708154.842189 1929941 1444346 3413 2101 0 1925321 0 846190
1786708155.837051 1929941 1483770 3413 2101 0 1925321 0 846190
1786708156.841089 1929941 1523195 3413 2101 0 1925321 0 846190
1786708157.847461 2192085 1563316 3598 2101 0 2187465 0 846190
1786708158.841191 2202325 1600293 3598 2101 0 2197705 0 846190
1786708159.841109 2202325 1634305 3598 2101 0 2197705 0 846190
1786708160.838485 2202325 1668146 3598 2101 0 2197705 0 846190
1786708161.839366 2202325 1702111 3598 2101 0 2197705 0 846190
1786708162.837850 2204374 1708781 3598 2101 0 2199753 0 846190
1786708163.838042 2204374 1708781 3598 2101 0 2199753 0 846190
1786708164.838061 2204374 1708781 3598 2101 0 2199753 0 846190
1786708165.841153 2204374 1708781 3598 2101 0 2199753 0 846190
1786708166.838133 2204374 1708781 3598 2101 0 2199753 0 846190
1786708167.840919 2204374 1708781 3598 2101 0 2199753 0 846190
1786708168.840619 2204374 1708781 3598 2101 0 2199753 0 846190
1786708169.840999 2204374 1708781 3598 2101 0 2199753 0 846190
1786708170.840731 2204374 1708781 3598 2101 0 2199753 0 846190
1786708171.837716 2204374 1708781 3598 2101 0 2199753 0 846190
1786708172.837879 2204374 1708781 3598 2101 0 2199753 0 846190
1786708173.838749 2204374 1708781 3598 2101 0 2199753 0 846190
1786708174.836958 2204374 1708781 3598 2101 0 2199753 0 846190
1786708175.836924 2204374 1708781 3598 2101 0 2199753 0 846190
1786708176.837907 2204374 1708781 3598 2101 0 2199753 0 846190
1786708177.838302 2204374 1708781 3598 2101 0 2199753 0 846190
1786708178.842455 2204374 1708781 3598 2101 0 2199753 0 846190
1786708179.840912 2204374 1708781 3598 2101 0 2199753 0 846190
1786708180.840785 2204374 1708781 3598 2101 0 2199753 0 846190
1786708181.837610 2204374 1708781 3598 2101 0 2199753 0 846190
1786708182.841018 2204374 1708781 3598 2101 0 2199753 0 846190
1786708183.837996 2204374 1708781 3598 2101 0 2199753 0 846190
1786708184.840738 2204374 1708781 3598 2101 0 2199753 0 846190
1786708185.837691 2204374 1708781 3598 2101 0 2199753 0 846190
1786708186.838007 2204374 1708781 3598 2101 0 2199753 0 846190
1786708187.837181 2204374 1708781 3598 2101 0 2199753 0 846190
1786708188.840466 2206423 1708786 3598 2101 0 2201801 0 846190
1786708189.842421 2206423 1708786 3598 2101 0 2201801 0 846190
1786708190.836844 2206423 1708786 3598 2101 0 2201801 0 846190
1786708191.839043 2206423 1708786 3598 2101 0 2201801 0 846190
1786708192.836910 2206423 1708786 3598 2101 0 2201801 0 846190
1786708193.837779 2206423 1708786 3598 2101 0 2201801 0 846190
1786708194.839041 2206423 1709744 3598 2101 0 2201801 0 846190
1786708195.841574 2206423 1709744 3598 2101 0 2201801 0 846190
1786708196.841172 2206423 1709744 3598 2101 0 2201801 0 846190
1786708197.841230 2206423 1709744 3598 2101 0 2201801 0 846190
1786708198.837950 2206423 1709744 3598 2101 0 2201801 0 846190
1786708199.838027 2206423 1709744 3598 2101 0 2201801 0 846190
1786708200.838069 2206423 1709744 3598 2101 0 2201801 0 846190
1786708201.839029 2206423 1709744 3598 2101 0 2201801 0 846190
1786708202.838902 2206423 1709744 3598 2101 0 2201801 0 846190
1786708203.838958 2206423 1709744 3598 2101 0 2201801 0 846190
1786708204.841730 2206423 1709744 3598 2101 0 2201801 0 846190
1786708205.836942 2206423 1709744 3598 2101 0 2201801 0 846190
1786708206.837899 2206423 1709744 3598 2101 0 2201801 0 846190
1786708207.836934 2206423 1709744 3598 2101 0 2201801 0 846190
1786708208.838110 2206423 1709744 3598 2101 0 2201801 0 846190
1786708209.837630 2206423 1709744 3598 2101 0 2201801 0 846190
1786708210.838040 2206423 1709744 3598 2101 0 2201801 0 846190
1786708211.838046 2206423 1709744 3598 2101 0 2201801 0 846190
1786708212.836971 2206423 1709744 3598 2101 0 2201801 0 846190
1786708213.838429 2206423 1709744 3598 2101 0 2201801 0 846190
1786708214.838193 2206423 1709744 3598 2101 0 2201801 0 846190
1786708215.837422 2208465 1709737 3591 2101 0 2203849 0 846190
1786708216.838274 2208465 1709737 3591 2101 0 2203849 0 846190
1786708217.841425 2208465 1709737 3591 2101 0 2203849 0 846190
1786708218.837852 2208465 1709737 3591 2101 0 2203849 0 846190
1786708219.837836 2208465 1709737 3591 2101 0 2203849 0 846190
1786708220.840772 2208465 1709737 3591 2101 0 2203849 0 846190
1786708221.836914 2208465 1709737 3591 2101 0 2203849 0 846190
1786708222.838297 2208465 1709737 3591 2101 0 2203849 0 846190
1786708223.839127 2208465 1709737 3591 2101 0 2203849 0 846190
1786708224.841056 2208465 1709737 3591 2101 0 2203849 0 846190
1786708225.840176 2208465 1709737 3591 2101 0 2203849 0 846190
1786708226.841024 2208465 1709737 3591 2101 0 2203849 0 846190
1786708227.841218 2208465 1709737 3591 2101 0 2203849 0 846190
1786708228.837048 2208465 1709737 3591 2101 0 2203849 0 846190
1786708229.838071 2208465 1709737 3591 2101 0 2203849 0 846190
1786708230.837936 2208465 1709737 3591 2101 0 2203849 0 846190
1786708231.839339 2208465 1709737 3591 2101 0 2203849 0 846190
1786708232.837299 2208465 1709737 3591 2101 0 2203849 0 846190
1786708233.840722 2208465 1709737 3591 2101 0 2203849 0 846190
1786708234.838047 2208465 1709737 3591 2101 0 2203849 0 846190
1786708235.839832 2208465 1709769 3591 2101 0 2203849 0 846190
1786708236.841024 2208465 1709769 3591 2101 0 2203849 0 846190
1786708237.837841 2208465 1709769 3591 2101 0 2203849 0 846190
1786708238.837861 2208465 1709769 3591 2101 0 2203849 0 846190
1786708239.838915 2208465 1709769 3591 2101 0 2203849 0 846190
1786708240.838994 2208465 1709769 3591 2101 0 2203849 0 846190
1786708241.842256 2208465 1709769 3591 2101 0 2203849 0 846190
1786708242.837180 2208465 1709769 3591 2101 0 2203849 0 846190
1786708243.841022 2208465 1709769 3591 2101 0 2203849 0 846190
1786708244.837978 2208465 1709769 3591 2101 0 2203849 0 846190
1786708245.840949 2208465 1709942 3591 2101 0 2203849 0 846190
1786708246.840732 2208465 1709942 3591 2101 0 2203849 0 846190
1786708247.840946 2208465 1709942 3591 2101 0 2203849 0 846190
1786708248.837713 2208465 1709942 3591 2101 0 2203849 0 846190
1786708249.838356 2208465 1709942 3591 2101 0 2203849 0 846190
1786708250.837052 2208465 1709942 3591 2101 0 2203849 0 846190
1786708251.838096 2208465 1709942 3591 2101 0 2203849 0 846190
1786708252.839561 2208465 1709942 3591 2101 0 2203849 0 846190
1786708253.836915 2208465 1709942 3591 2101 0 2203849 0 846190
1786708254.841389 2208465 1709942 3591 2101 0 2203849 0 846190
1786708255.838022 2208465 1710367 3591 2101 0 2203849 0 846190
1786708256.837768 2208465 1710367 3591 2101 0 2203849 0 846190
1786708257.840807 2208465 1710367 3591 2101 0 2203849 0 846190
1786708258.838517 2208465 1710367 3591 2101 0 2203849 0 846190
1786708259.838008 2208465 1710367 3591 2101 0 2203849 0 846190
1786708260.841826 2208465 1710367 3591 2101 0 2203849 0 846190
1786708261.837121 2208465 1710367 3591 2101 0 2203849 0 846190
1786708262.836790 2208465 1710367 3591 2101 0 2203849 0 846190
1786708263.841447 2208465 1710367 3591 2101 0 2203849 0 846190
1786708264.838065 2208465 1710367 3591 2101 0 2203849 0 846190
1786708265.841045 2208465 1710367 3591 2101 0 2203849 0 846190
1786708266.840846 2208465 1710367 3591 2101 0 2203849 0 846190
1786708267.840710 2208465 1710367 3591 2101 0 2203849 0 846190
1786708268.841273 2208465 1710367 3591 2101 0 2203849 0 846190
1786708269.840869 2208465 1710367 3591 2101 0 2203849 0 846190
1786708270.837910 2208465 1710367 3591 2101 0 2203849 0 846190
1786708271.838791 2208465 1710367 3591 2101 0 2203849 0 846190
1786708272.838895 2208465 1710367 3591 2101 0 2203849 0 846190
1786708273.837807 2208465 1710367 3591 2101 0 2203849 0 846190
1786708274.842704 2208465 1710367 3591 2101 0 2203849 0 846190
1786708275.840940 2208465 1710367 3591 2101 0 2203849 0 846190
1786708276.841643 2208465 1710737 3591 2101 0 2203849 0 846190
1786708277.841405 2208465 1710737 3591 2101 0 2203849 0 846190
1786708278.837095 2208465 1710737 3591 2101 0 2203849 0 846190
1786708279.837982 2208465 1710737 3591 2101 0 2203849 0 846190
1786708280.838642 2208465 1710737 3591 2101 0 2203849 0 846190
1786708281.838084 2208465 1710737 3591 2101 0 2203849 0 846190
1786708282.841917 2208465 1710737 3591 2101 0 2203849 0 846190
1786708283.841106 2208465 1710737 3591 2101 0 2203849 0 846190
1786708284.836939 2208465 1710737 3591 2101 0 2203849 0 846190
1786708285.838775 2208465 1710737 3591 2101 0 2203849 0 846190
1786708286.838244 2208465 1711093 3591 2101 0 2203849 0 846190
1786708287.841951 2208465 1711093 3591 2101 0 2203849 0 846190
1786708288.841110 2208465 1711093 3591 2101 0 2203849 0 846190
1786708289.837860 2208465 1711093 3591 2101 0 2203849 0 846190
1786708290.838825 2208465 1711093 3591 2101 0 2203849 0 846190
1786708291.838956 2208465 1711093 3591 2101 0 2203849 0 846190
1786708292.838875 2208465 1711093 3591 2101 0 2203849 0 846190
1786708293.838682 2208465 1711093 3591 2101 0 2203849 0 846190
1786708294.838441 2208465 1711093 3591 2101 0 2203849 0 846190
1786708295.837231 2208465 1711093 3591 2101 0 2203849 0 846190
1786708296.841006 2208465 1711093 3591 2101 0 2203849 0 846190
1786708297.839081 2208465 1711093 3591 2101 0 2203849 0 846190
1786708298.837906 2208465 1711093 3591 2101 0 2203849 0 846190
1786708299.838018 2208465 1711093 3591 2101 0 2203849 0 846190
1786708300.838963 2208465 1711093 3591 2101 0 2203849 0 846190
1786708301.837945 2208465 1711093 3591 2101 0 2203849 0 846190
1786708302.841004 2208465 1711093 3591 2101 0 2203849 0 846190
1786708303.838581 2208465 1711093 3591 2101 0 2203849 0 846190
1786708304.840960 2208465 1711093 3591 2101 0 2203849 0 846190
1786708305.840920 2208465 1711093 3591 2101 0 2203849 0 846190
1786708306.837921 2208465 1711435 3591 2101 0 2203849 0 846190
1786708307.838965 2208465 1711435 3591 2101 0 2203849 0 846190
1786708308.837960 2208465 1711435 3591 2101 0 2203849 0 846190
1786708309.841983 2208465 1711435 3591 2101 0 2203849 0 846190
1786708310.838211 2208465 1711435 3591 2101 0 2203849 0 846190
1786708311.848768 2208465 1711435 3591 2101 0 2203849 0 846190
1786708312.837778 2208465 1711435 3591 2101 0 2203849 0 846190
1786708313.836823 2208465 1711435 3591 2101 0 2203849 0 846190
1786708314.841305 2208465 1711435 3591 2101 0 2203849 0 846190
1786708315.841877 2208465 1711435 3591 2101 0 2203849 0 846190
1786708316.841898 2208465 1711435 3591 2101 0 2203849 0 846190
1786708317.841877 2208465 1711763 3591 2101 0 2203849 0 846190
1786708318.836818 2208465 1711763 3591 2101 0 2203849 0 846190
1786708319.840468 2208465 1711763 3591 2101 0 2203849 0 846190
1786708320.836814 2208465 1711763 3591 2101 0 2203849 0 846190
1786708321.837163 2208465 1711763 3591 2101 0 2203849 0 846190
1786708322.838242 2208465 1711763 3591 2101 0 2203849 0 846190
1786708323.840943 2208465 1711763 3591 2101 0 2203849 0 846190
1786708324.840076 2208465 1711763 3591 2101 0 2203849 0 846190
1786708325.839940 2208465 1711763 3591 2101 0 2203849 0 846190
1786708326.839999 2208465 1711763 3591 2101 0 2203849 0 846190
1786708327.836955 2208465 1711763 3591 2101 0 2203849 0 846190
1786708328.839925 2208465 1711763 3591 2101 0 2203849 0 846190
1786708329.838514 2208465 1711763 3591 2101 0 2203849 0 846190
1786708330.837047 2208465 1711763 3591 2101 0 2203849 0 846190
1786708331.838344 2208465 1711763 3591 2101 0 2203849 0 846190
1786708332.840441 2208465 1711763 3591 2101 0 2203849 0 846190
1786708333.840775 2208465 1711763 3591 2101 0 2203849 0 846190
1786708334.840705 2208465 1711763 3591 2101 0 2203849 0 846190
1786708335.838864 2208465 1711763 3591 2101 0 2203849 0 846190
1786708336.840823 2208465 1711763 3591 2101 0 2203849 0 846190
1786708337.840987 2208465 1712077 3591 2101 0 2203849 0 846190
1786708338.837524 2208465 1712077 3591 2101 0 2203849 0 846190
1786708339.837124 2208465 1712077 3591 2101 0 2203849 0 846190
1786708340.839937 2208465 1712077 3591 2101 0 2203849 0 846190
1786708341.836917 2208465 1712077 3591 2101 0 2203849 0 846190
1786708342.842328 2208465 1712077 3591 2101 0 2203849 0 846190
1786708343.836587 2208465 1712077 3591 2101 0 2203849 0 846190
1786708344.841942 2208465 1712077 3591 2101 0 2203849 0 846190
1786708345.841072 2208465 1712077 3591 2101 0 2203849 0 846190
1786708346.840007 2208465 1712077 3591 2101 0 2203849 0 846190
1786708347.840086 2208465 1712377 3591 2101 0 2203849 0 846190
1786708348.837266 2208465 1712377 3591 2101 0 2203849 0 846190
1786708349.837053 2208465 1712377 3591 2101 0 2203849 0 846190
1786708350.836898 2208465 1712377 3591 2101 0 2203849 0 846190
1786708351.840741 2208465 1712377 3591 2101 0 2203849 0 846190
1786708352.836762 2208465 1712377 3591 2101 0 2203849 0 846190
1786708353.836928 2208465 1712377 3591 2101 0 2203849 0 846190
1786708354.839949 2208465 1712377 3591 2101 0 2203849 0 846190
1786708355.840827 2208465 1712377 3591 2101 0 2203849 0 846190
1786708356.837461 2208465 1712377 3591 2101 0 2203849 0 846190
1786708357.836380 2208465 1712377 3591 2101 0 2203849 0 846190
1786708358.842626 2208465 1712377 3591 2101 0 2203849 0 846190
1786708359.840968 2208465 1712377 3591 2101 0 2203849 0 846190
1786708360.846786 2208465 1712377 3591 2101 0 2203849 0 846190
1786708361.838013 2208465 1712377 3591 2101 0 2203849 0 846190
1786708362.837098 2208465 1712377 3591 2101 0 2203849 0 846190
1786708363.836804 2208465 1712377 3591 2101 0 2203849 0 846190
1786708364.842029 2208465 1712377 3591 2101 0 2203849 0 846190
1786708365.842089 2208465 1712377 3591 2101 0 2203849 0 846190
1786708366.842950 2208465 1712377 3591 2101 0 2203849 0 846190
1786708367.840907 2208465 1712377 3591 2101 0 2203849 0 846190
1786708368.840761 2208465 1712663 3591 2101 0 2203849 0 846190
1786708369.838048 2208465 1712663 3591 2101 0 2203849 0 846190
1786708370.837977 2208465 1712663 3591 2101 0 2203849 0 846190
1786708371.843956 2208465 1712663 3591 2101 0 2203849 0 846190
1786708372.839045 2208465 1712663 3591 2101 0 2203849 0 846190
1786708373.839526 2208465 1712663 3591 2101 0 2203849 0 846190
1786708374.841566 2208465 1712663 3591 2101 0 2203849 0 846190
1786708375.841257 2208465 1712663 3591 2101 0 2203849 0 846190
1786708376.838117 2208465 1712663 3591 2101 0 2203849 0 846190
1786708377.837742 2208465 1712663 3591 2101 0 2203849 0 846190
1786708378.836926 2208465 1712935 3591 2101 0 2203849 0 846190
1786708379.841107 2208465 1712935 3591 2101 0 2203849 0 846190
1786708380.837935 2208465 1712935 3591 2101 0 2203849 0 846190
1786708381.838009 2208465 1712935 3591 2101 0 2203849 0 846190
1786708382.841237 2208465 1712935 3591 2101 0 2203849 0 846190
1786708383.839164 2208465 1712935 3591 2101 0 2203849 0 846190
1786708384.838360 2208465 1712935 3591 2101 0 2203849 0 846190
1786708385.840846 2208465 1712935 3591 2101 0 2203849 0 846190
1786708386.838802 2208465 1712935 3591 2101 0 2203849 0 846190
1786708387.840941 2208465 1712935 3591 2101 0 2203849 0 846190
1786708388.838161 2208465 1712935 3591 2101 0 2203849 0 846190
1786708389.838111 2208465 1712935 3591 2101 0 2203849 0 846190
1786708390.841958 2208465 1712935 3591 2101 0 2203849 0 846190
1786708391.840735 2208465 1712935 3591 2101 0 2203849 0 846190
1786708392.837344 2208465 1712935 3591 2101 0 2203849 0 846190
1786708393.838252 2208465 1712935 3591 2101 0 2203849 0 846190
1786708394.837982 2208465 1712935 3591 2101 0 2203849 0 846190
1786708395.841881 2208465 1712935 3591 2101 0 2203849 0 846190
1786708396.841271 2208465 1712935 3591 2101 0 2203849 0 846190
1786708397.841081 2208465 1712935 3591 2101 0 2203849 0 846190
1786708398.837998 2208465 1712935 3591 2101 0 2203849 0 846190
1786708399.838154 2208465 1713193 3591 2101 0 2203849 0 846190
1786708400.837672 2208465 1713193 3591 2101 0 2203849 0 846190
1786708401.839101 2208465 1713193 3591 2101 0 2203849 0 846190
1786708402.841784 2208465 1713193 3591 2101 0 2203849 0 846190
1786708403.838072 2208465 1713193 3591 2101 0 2203849 0 846190
1786708404.841797 2208465 1713193 3591 2101 0 2203849 0 846190
1786708405.841023 2208465 1713193 3591 2101 0 2203849 0 846190
1786708406.837948 2208465 1713193 3591 2101 0 2203849 0 846190
1786708407.838720 2208465 1713193 3591 2101 0 2203849 0 846190
1786708408.837847 2208465 1713193 3591 2101 0 2203849 0 846190
1786708409.841458 2208465 1713437 3591 2101 0 2203849 0 846190
1786708410.841244 2208465 1713437 3591 2101 0 2203849 0 846190
1786708411.838089 2208465 1713437 3591 2101 0 2203849 0 846190
1786708412.836843 2208465 1713437 3591 2101 0 2203849 0 846190
1786708413.840810 2208465 1713437 3591 2101 0 2203849 0 846190
1786708414.840876 2208465 1713437 3591 2101 0 2203849 0 846190
1786708415.836896 2208465 1713437 3591 2101 0 2203849 0 846190
1786708416.837803 2208465 1713437 3591 2101 0 2203849 0 846190
1786708417.837942 2208465 1713437 3591 2101 0 2203849 0 846190
1786708418.838359 2208465 1713437 3591 2101 0 2203849 0 846190
1786708419.841205 2208465 1713437 3591 2101 0 2203849 0 846190
1786708420.837214 2208465 1713437 3591 2101 0 2203849 0 846190
1786708421.841122 2208465 1713437 3591 2101 0 2203849 0 846190
1786708422.838736 2208465 1713437 3591 2101 0 2203849 0 846190
1786708423.837862 2208465 1713437 3591 2101 0 2203849 0 846190
1786708424.837906 2208465 1713437 3591 2101 0 2203849 0 846190
1786708425.837034 2208465 1713437 3591 2101 0 2203849 0 846190
1786708426.837895 2208465 1713437 3591 2101 0 2203849 0 846190
1786708427.840408 2208465 1713437 3591 2101 0 2203849 0 846190
1786708428.841156 2208465 1713437 3591 2101 0 2203849 0 846190
1786708429.837820 2208465 1713667 3591 2101 0 2203849 0 846190
1786708430.836923 2208465 1713667 3591 2101 0 2203849 0 846190
1786708431.843648 2208465 1713667 3591 2101 0 2203849 0 846190
1786708432.837159 2208465 1713667 3591 2101 0 2203849 0 846190
1786708433.837956 2208465 1713667 3591 2101 0 2203849 0 846190
1786708434.837811 2208465 1713667 3591 2101 0 2203849 0 846190
1786708435.840042 2208465 1713667 3591 2101 0 2203849 0 846190
1786708436.838500 2208465 1713667 3591 2101 0 2203849 0 846190
1786708437.838179 2208465 1713667 3591 2101 0 2203849 0 846190
1786708438.839109 2208465 1713667 3591 2101 0 2203849 0 846190
1786708439.842036 2208465 1713667 3591 2101 0 2203849 0 846190
1786708440.837994 2208465 1713883 3591 2101 0 2203849 0 846190
1786708441.841143 2208465 1713883 3591 2101 0 2203849 0 846190
1786708442.838054 2208465 1713883 3591 2101 0 2203849 0 846190
1786708443.838046 2208465 1713883 3591 2101 0 2203849 0 846190
1786708444.838928 2208465 1713883 3591 2101 0 2203849 0 846190
1786708445.840531 2208465 1713883 3591 2101 0 2203849 0 846190
1786708446.841357 2208465 1713883 3591 2101 0 2203849 0 846190
1786708447.837988 2208465 1713883 3591 2101 0 2203849 0 846190
1786708448.838254 2208465 1713883 3591 2101 0 2203849 0 846190
1786708449.840671 2208465 1713883 3591 2101 0 2203849 0 846190
1786708450.837115 2208465 1713883 3591 2101 0 2203849 0 846190
1786708451.836315 2208465 1713883 3591 2101 0 2203849 0 846190
1786708452.836945 2208465 1713883 3591 2101 0 2203849 0 846190
1786708453.840760 2208465 1713883 3591 2101 0 2203849 0 846190
1786708454.841315 2208465 1713883 3591 2101 0 2203849 0 846190
1786708455.841114 2208465 1713883 3591 2101 0 2203849 0 846190
1786708456.841264 2208465 1713883 3591 2101 0 2203849 0 846190
1786708457.840999 2208465 1713883 3591 2101 0 2203849 0 846190
1786708458.842114 2208465 1713883 3591 2101 0 2203849 0 846190
1786708459.841044 2208465 1713883 3591 2101 0 2203849 0 846190
1786708460.836893 2208465 1714085 3591 2101 0 2203849 0 846190
1786708461.836925 2208465 1714085 3591 2101 0 2203849 0 846190
1786708462.839537 2208465 1714085 3591 2101 0 2203849 0 846190
1786708463.841891 2208465 1714085 3591 2101 0 2203849 0 846190
1786708464.841692 2208465 1714085 3591 2101 0 2203849 0 846190
1786708465.842131 2208465 1714085 3591 2101 0 2203849 0 846190
1786708466.843017 2208465 1714085 3591 2101 0 2203849 0 846190
1786708467.839918 2208465 1714085 3591 2101 0 2203849 0 846190
1786708468.840007 2208465 1714085 3591 2101 0 2203849 0 846190
1786708469.836883 2208465 1714085 3591 2101 0 2203849 0 846190
1786708470.840839 2208465 1714273 3591 2101 0 2203849 0 846190
1786708471.842139 2208465 1714273 3591 2101 0 2203849 0 846190
1786708472.838246 2208465 1714273 3591 2101 0 2203849 0 846190
1786708473.840705 2208465 1714273 3591 2101 0 2203849 0 846190
1786708474.839029 2208465 1714273 3591 2101 0 2203849 0 846190
1786708475.838769 2208465 1714273 3591 2101 0 2203849 0 846190
1786708476.837985 2208465 1714273 3591 2101 0 2203849 0 846190
1786708477.838974 2208465 1714273 3591 2101 0 2203849 0 846190
1786708478.836760 2208465 1714273 3591 2101 0 2203849 0 846190
1786708479.839894 2208465 1714273 3591 2101 0 2203849 0 846190
1786708480.841388 2208465 1714273 3591 2101 0 2203849 0 846190
1786708481.837372 2208465 1714273 3591 2101 0 2203849 0 846190
1786708482.841159 2208465 1714273 3591 2101 0 2203849 0 846190
1786708483.841155 2208465 1714273 3591 2101 0 2203849 0 846190
1786708484.836937 2208465 1714273 3591 2101 0 2203849 0 846190
1786708485.838459 2208465 1714273 3591 2101 0 2203849 0 846190
1786708486.837743 2208465 1714273 3591 2101 0 2203849 0 846190
1786708487.841704 2208465 1714273 3591 2101 0 2203849 0 846190
1786708488.840871 2208465 1714273 3591 2101 0 2203849 0 846190
1786708489.841562 2208465 1714273 3591 2101 0 2203849 0 846190
1786708490.838601 2208465 1714273 3591 2101 0 2203849 0 846190
1786708491.836845 2208465 1714447 3591 2101 0 2203849 0 846190
1786708492.836981 2208465 1714447 3591 2101 0 2203849 0 846190
1786708493.836945 2208465 1714447 3591 2101 0 2203849 0 846190
1786708494.838166 2208465 1714447 3591 2101 0 2203849 0 846190
1786708495.841802 2208465 1714447 3591 2101 0 2203849 0 846190
1786708496.836850 2208465 1714447 3591 2101 0 2203849 0 846190
1786708497.838239 2208465 1714447 3591 2101 0 2203849 0 846190
1786708498.838508 2208465 1714447 3591 2101 0 2203849 0 846190
1786708499.838506 2208465 1714447 3591 2101 0 2203849 0 846190
1786708500.837359 2208465 1714447 3591 2101 0 2203849 0 846190
1786708501.837093 2208465 1714607 3591 2101 0 2203849 0 846190
1786708502.838883 2208465 1714607 3591 2101 0 2203849 0 846190
1786708503.837037 2208465 1714607 3591 2101 0 2203849 0 846190
1786708504.837028 2208465 1714607 3591 2101 0 2203849 0 846190
1786708505.836798 2208465 1714607 3591 2101 0 2203849 0 846190
1786708506.838096 2208465 1714607 3591 2101 0 2203849 0 846190
1786708507.842634 2208465 1714607 3591 2101 0 2203849 0 846190
1786708508.837497 2208465 1714607 3591 2101 0 2203849 0 846190
1786708509.838159 2208465 1714607 3591 2101 0 2203849 0 846190
1786708510.837939 2208465 1714607 3591 2101 0 2203849 0 846190
1786708511.837934 2208465 1714607 3591 2101 0 2203849 0 846190
1786708512.841188 2208465 1714607 3591 2101 0 2203849 0 846190
1786708513.837815 2208465 1714607 3591 2101 0 2203849 0 846190
1786708514.838942 2208465 1714607 3591 2101 0 2203849 0 846190
1786708515.841848 2208465 1714607 3591 2101 0 2203849 0 846190
1786708516.840750 2208465 1714607 3591 2101 0 2203849 0 846190
1786708517.838254 2208465 1714607 3591 2101 0 2203849 0 846190
1786708518.838950 2208465 1714607 3591 2101 0 2203849 0 846190
1786708519.839010 2208465 1714607 3591 2101 0 2203849 0 846190
1786708520.838130 2208465 1714607 3591 2101 0 2203849 0 846190
1786708521.841896 2208465 1714607 3591 2101 0 2203849 0 846190
1786708522.836970 2208465 1714753 3591 2101 0 2203849 0 846190
1786708523.838136 2208465 1714753 3591 2101 0 2203849 0 846190
1786708524.838144 2208465 1714753 3591 2101 0 2203849 0 846190
1786708525.838752 2208465 1714753 3591 2101 0 2203849 0 846190
1786708526.842317 2208465 1714753 3591 2101 0 2203849 0 846190
1786708527.839091 2208465 1714753 3591 2101 0 2203849 0 846190
1786708528.841113 2208465 1714753 3591 2101 0 2203849 0 846190
1786708529.838073 2208465 1714753 3591 2101 0 2203849 0 846190
1786708530.838149 2208465 1714753 3591 2101 0 2203849 0 846190
1786708531.841879 2208465 1714753 3591 2101 0 2203849 0 846190
1786708532.838038 2208465 1714885 3591 2101 0 2203849 0 846190
1786708533.837789 2208465 1714885 3591 2101 0 2203849 0 846190
1786708534.842674 2208465 1714885 3591 2101 0 2203849 0 846190
1786708535.841221 2208465 1714885 3591 2101 0 2203849 0 846190
1786708536.837999 2208465 1714885 3591 2101 0 2203849 0 846190
1786708537.841896 2208465 1714885 3591 2101 0 2203849 0 846190
1786708538.836988 2208465 1714885 3591 2101 0 2203849 0 846190
1786708539.840688 2208465 1714885 3591 2101 0 2203849 0 846190
1786708540.836947 2208465 1714885 3591 2101 0 2203849 0 846190
1786708541.838737 2208465 1714885 3591 2101 0 2203849 0 846190
1786708542.838087 2208465 1714885 3591 2101 0 2203849 0 846190
1786708543.838098 2208465 1714885 3591 2101 0 2203849 0 846190
1786708544.839402 2208465 1714885 3591 2101 0 2203849 0 846190
1786708545.836966 2208465 1714885 3591 2101 0 2203849 0 846190
1786708546.840940 2208465 1714885 3591 2101 0 2203849 0 846190
1786708547.842366 2208465 1714885 3591 2101 0 2203849 0 846190
1786708548.837730 2208465 1714885 3591 2101 0 2203849 0 846190
1786708549.836833 2208465 1714885 3591 2101 0 2203849 0 846190
1786708550.838108 2208465 1714885 3591 2101 0 2203849 0 846190
1786708551.841436 2208465 1714885 3591 2101 0 2203849 0 846190
1786708552.841029 2208465 1715003 3591 2101 0 2203849 0 846190
1786708553.842091 2208465 1715003 3591 2101 0 2203849 0 846190
1786708554.837833 2208465 1715003 3591 2101 0 2203849 0 846190
1786708555.842831 2208465 1715003 3591 2101 0 2203849 0 846190
1786708556.840771 2208465 1715003 3591 2101 0 2203849 0 846190
1786708557.838041 2208465 1715003 3591 2101 0 2203849 0 846190
1786708558.840745 2208465 1715003 3591 2101 0 2203849 0 846190
1786708559.838937 2208465 1715003 3591 2101 0 2203849 0 846190
1786708560.838051 2208465 1715003 3591 2101 0 2203849 0 846190
1786708561.837912 2208465 1715003 3591 2101 0 2203849 0 846190
1786708562.841120 2208465 1715107 3591 2101 0 2203849 0 846190
1786708563.837932 2208465 1715107 3591 2101 0 2203849 0 846190
1786708564.838780 2208465 1715107 3591 2101 0 2203849 0 846190
1786708565.838285 2208465 1715107 3591 2101 0 2203849 0 846190
1786708566.841132 2208465 1715107 3591 2101 0 2203849 0 846190
1786708567.838209 2208465 1715107 3591 2101 0 2203849 0 846190
1786708568.930100 2208465 1715107 3591 2101 0 2203849 0 846190
1786708569.842785 2209105 1715157 3591 2101 0 2204489 0 846190
1786708570.841408 2209105 1715157 3591 2101 0 2204489 0 846190
1786708571.843426 2209105 1715157 3591 2101 0 2204489 0 846208
1786708572.838020 2209105 1715157 3591 2101 0 2204489 0 846208
1786708573.838013 2209105 1715157 3591 2101 0 2204489 0 846208
1786708574.837999 2209105 1715157 3591 2101 0 2204489 0 846208
1786708575.837973 2209105 1715157 3591 2101 0 2204489 0 846208
1786708576.837721 2209105 1715157 3591 2101 0 2204489 0 846208
1786708577.838868 2209105 1715157 3591 2101 0 2204489 0 846208
1786708578.838033 2209105 1715157 3591 2101 0 2204489 0 846208
1786708579.838263 2209105 1715157 3591 2101 0 2204489 0 846208
1786708580.838073 2209105 1715157 3591 2101 0 2204489 0 846208
1786708581.840953 2209105 1715157 3591 2101 0 2204489 0 846208
1786708582.841834 2209105 1715157 3591 2101 0 2204489 0 846208
1786708583.838138 2209105 1715157 3591 2101 0 2204489 0 846208
1786708584.837876 2209105 1715157 3591 2101 0 2204489 0 846208
1786708585.838123 2209105 1715157 3591 2101 0 2204489 0 846208
1786708586.841118 2209105 1715157 3591 2101 0 2204489 0 846208
1786708587.841555 2209105 1715157 3591 2101 0 2204489 0 846208
1786708588.840003 2209105 1715157 3591 2101 0 2204489 0 846208
1786708589.838014 2209105 1715157 3591 2101 0 2204489 0 846208
1786708590.837871 2209105 1715157 3591 2101 0 2204489 0 846208
1786708591.838036 2209105 1715157 3591 2101 0 2204489 0 846208
1786708592.839947 2209105 1715157 3591 2101 0 2204489 0 846208
1786708593.837792 2209105 1715157 3591 2101 0 2204489 0 846208
1786708594.838086 2209105 1715157 3591 2101 0 2204489 0 846208
1786708595.836959 2209105 1715157 3591 2101 0 2204489 0 846208
1786708596.840866 2209105 1715157 3591 2101 0 2204489 0 846208
1786708597.840707 2209105 1715157 3591 2101 0 2204489 0 846208
1786708598.839747 2209105 1715157 3591 2101 0 2204489 0 846208
1786708599.840649 2209105 1715157 3591 2101 0 2204489 0 846208
1786708600.836805 2209105 1715157 3591 2101 0 2204489 0 846208
1786708601.839986 2209105 1715157 3591 2101 0 2204489 0 846208
1786708602.836902 2209105 1715157 3591 2101 0 2204489 0 846208
1786708603.839671 2209105 1715157 3591 2101 0 2204489 0 846208
1786708604.837261 2209105 1715157 3591 2101 0 2204489 0 846208
1786708605.840054 2209105 1715157 3591 2101 0 2204489 0 846208
1786708606.840892 2209105 1715157 3591 2101 0 2204489 0 846208
1786708607.836623 2209105 1715157 3591 2101 0 2204489 0 846208
1786708608.841776 2209105 1715157 3591 2101 0 2204489 0 846208
1786708609.839673 2209105 1715157 3591 2101 0 2204489 0 846208
1786708610.836890 2209105 1715157 3591 2101 0 2204489 0 846208
1786708611.842210 2209105 1715157 3591 2101 0 2204489 0 846208
1786708612.840657 2209105 1715157 3591 2101 0 2204489 0 846208
1786708613.837173 2209105 1715157 3591 2101 0 2204489 0 846208
1786708614.838262 2209105 1715157 3591 2101 0 2204489 0 846208
1786708615.836649 2209105 1715157 3591 2101 0 2204489 0 846208
1786708616.841657 2209105 1715157 3591 2101 0 2204489 0 846208
1786708617.836646 2209105 1715157 3591 2101 0 2204489 0 846208
1786708618.836635 2209105 1715157 3591 2101 0 2204489 0 846208
1786708619.840723 2209105 1715157 3591 2101 0 2204489 0 846208
1786708620.839895 2209105 1715157 3591 2101 0 2204489 0 846208
1786708621.839957 2209105 1715157 3591 2101 0 2204489 0 846208
1786708622.841396 2209105 1715157 3591 2101 0 2204489 0 846208
1786708623.837136 2209105 1715157 3591 2101 0 2204489 0 846208
1786708624.836847 2209105 1715157 3591 2101 0 2204489 0 846208
1786708625.838855 2209105 1715157 3591 2101 0 2204489 0 846208
1786708626.837765 2209105 1715157 3591 2101 0 2204489 0 846208
1786708627.838430 2209105 1715157 3591 2101 0 2204489 0 846208
1786708628.836998 2209105 1715157 3591 2101 0 2204489 0 846208
1786708629.840666 2209105 1715157 3591 2101 0 2204489 0 846208
1786708630.836761 2209105 1715157 3591 2101 0 2204489 0 846208
1786708631.844324 2209105 1715157 3591 2101 0 2204489 0 846208
1786708632.837307 2209105 1715157 3591 2101 0 2204489 0 846208
1786708633.839874 2209105 1715157 3591 2101 0 2204489 0 846208
1786708634.837040 2209105 1715157 3591 2101 0 2204489 0 846208
1786708635.837164 2209105 1715157 3591 2101 0 2204489 0 846208
1786708636.838277 2209105 1715157 3591 2101 0 2204489 0 846208
1786708637.841057 2209105 1715157 3591 2101 0 2204489 0 846208
1786708638.838923 2209105 1715157 3591 2101 0 2204489 0 846208
1786708639.840881 2209105 1715157 3591 2101 0 2204489 0 846208
1786708640.838664 2209105 1715157 3591 2101 0 2204489 0 846208
1786708641.837123 2209105 1715157 3591 2101 0 2204489 0 846208
1786708642.836871 2209105 1715157 3591 2101 0 2204489 0 846208
1786708643.836772 2209105 1715157 3591 2101 0 2204489 0 846208
1786708644.837952 2209105 1715157 3591 2101 0 2204489 0 846208
1786708645.839175 2209105 1715157 3591 2101 0 2204489 0 846208
1786708646.842021 2209105 1715157 3591 2101 0 2204489 0 846208
1786708647.837141 2209105 1715157 3591 2101 0 2204489 0 846208
1786708648.837883 2209105 1715157 3591 2101 0 2204489 0 846208
1786708649.839394 2209105 1715157 3591 2101 0 2204489 0 846208
1786708650.838052 2209105 1715157 3591 2101 0 2204489 0 846208
1786708651.838862 2209105 1715157 3591 2101 0 2204489 0 846208
1786708652.838024 2209105 1715157 3591 2101 0 2204489 0 846208
1786708653.837844 2209105 1715157 3591 2101 0 2204489 0 846208
1786708654.841990 2209105 1715157 3591 2101 0 2204489 0 846208
1786708655.838037 2209105 1715157 3591 2101 0 2204489 0 846208
1786708656.836956 2209105 1715157 3591 2101 0 2204489 0 846208
1786708657.838895 2209105 1715233 3591 2101 0 2204489 0 846208
1786708658.837313 2209105 1715233 3591 2101 0 2204489 0 846208
1786708659.838205 2209105 1715233 3591 2101 0 2204489 0 846208
1786708660.837185 2209105 1715233 3591 2101 0 2204489 0 846208
1786708661.838256 2209105 1715233 3591 2101 0 2204489 0 846208
1786708662.838024 2209105 1715233 3591 2101 0 2204489 0 846208
1786708663.840870 2209105 1715233 3591 2101 0 2204489 0 846208
1786708664.836981 2209105 1715233 3591 2101 0 2204489 0 846208
1786708665.836884 2209105 1715233 3591 2101 0 2204489 0 846208
1786708666.838905 2209105 1715233 3591 2101 0 2204489 0 846208
1786708667.842584 2209105 1715233 3591 2101 0 2204489 0 846208
1786708668.839462 2209105 1715233 3591 2101 0 2204489 0 846208
1786708669.839119 2209105 1715233 3591 2101 0 2204489 0 846208
1786708670.842003 2209105 1715233 3591 2101 0 2204489 0 846208
1786708671.837918 2209105 1715233 3591 2101 0 2204489 0 846208
1786708672.839008 2209105 1715233 3591 2101 0 2204489 0 846208
1786708673.840895 2209105 1715233 3591 2101 0 2204489 0 846208
1786708674.840901 2209105 1715233 3591 2101 0 2204489 0 846208
1786708675.840774 2209105 1715233 3591 2101 0 2204489 0 846208
1786708676.841436 2209105 1715233 3591 2101 0 2204489 0 846208
1786708677.838245 2209105 1715295 3591 2101 0 2204489 0 846208
1786708678.838794 2209105 1715295 3591 2101 0 2204489 0 846208
1786708679.836928 2209105 1715295 3591 2101 0 2204489 0 846208
1786708680.840943 2209105 1715295 3591 2101 0 2204489 0 846208
1786708681.841094 2209105 1715295 3591 2101 0 2204489 0 846208
1786708682.838025 2209105 1715295 3591 2101 0 2204489 0 846208
1786708683.840934 2209105 1715295 3591 2101 0 2204489 0 846208
1786708684.841073 2209105 1715295 3591 2101 0 2204489 0 846208
1786708685.837335 2209105 1715295 3591 2101 0 2204489 0 846208
1786708686.838593 2209105 1715295 3591 2101 0 2204489 0 846208
1786708687.839075 2209105 1715343 3591 2101 0 2204489 0 846208
1786708688.837042 2209105 1715343 3591 2101 0 2204489 0 846208
1786708689.837169 2209105 1715343 3591 2101 0 2204489 0 846208
1786708690.841206 2209105 1715343 3591 2101 0 2204489 0 846208
1786708691.837072 2209105 1715343 3591 2101 0 2204489 0 846208
1786708692.836942 2209105 1715343 3591 2101 0 2204489 0 846208
1786708693.839234 2209105 1715343 3591 2101 0 2204489 0 846208
1786708694.842465 2209105 1715343 3591 2101 0 2204489 0 846208
1786708695.838321 2209105 1715343 3591 2101 0 2204489 0 846208
1786708696.838046 2209105 1715343 3591 2101 0 2204489 0 846208
1786708697.837636 2209105 1715343 3591 2101 0 2204489 0 846208
1786708698.841986 2209105 1715343 3591 2101 0 2204489 0 846208
1786708699.836979 2209105 1715343 3591 2101 0 2204489 0 846208
1786708700.839167 2209105 1715343 3591 2101 0 2204489 0 846208
1786708701.841809 2209105 1715343 3591 2101 0 2204489 0 846208
1786708702.838175 2209105 1715343 3591 2101 0 2204489 0 846208
1786708703.841895 2209105 1715343 3591 2101 0 2204489 0 846208
1786708704.841076 2209105 1715343 3591 2101 0 2204489 0 846208
1786708705.837918 2209105 1715343 3591 2101 0 2204489 0 846208
1786708706.837813 2209105 1715343 3591 2101 0 2204489 0 846208
1786708707.837966 2209105 1715343 3591 2101 0 2204489 0 846208
1786708708.837871 2209105 1715377 3591 2101 0 2204489 0 846208
1786708709.837953 2209105 1715377 3591 2101 0 2204489 0 846208
1786708710.836842 2209105 1715377 3591 2101 0 2204489 0 846208
1786708711.840170 2209105 1715377 3591 2101 0 2204489 0 846208
1786708712.837193 2209105 1715377 3591 2101 0 2204489 0 846208
1786708713.840960 2209105 1715377 3591 2101 0 2204489 0 846208
1786708714.837843 2209105 1715377 3591 2101 0 2204489 0 846208
1786708715.837927 2209105 1715377 3591 2101 0 2204489 0 846208
1786708716.836835 2209105 1715377 3591 2101 0 2204489 0 846208
1786708717.837897 2209105 1715377 3591 2101 0 2204489 0 846208
1786708718.837062 2209105 1715397 3591 2101 0 2204489 0 846208
1786708719.840908 2209105 1715397 3591 2101 0 2204489 0 846208
1786708720.837495 2209105 1715397 3591 2101 0 2204489 0 846208
1786708721.839274 2209105 1715397 3591 2101 0 2204489 0 846208
1786708722.841020 2209105 1715397 3591 2101 0 2204489 0 846208
1786708723.837966 2209105 1715397 3591 2101 0 2204489 0 846208
1786708724.841855 2209105 1715397 3591 2101 0 2204489 0 846208
1786708725.840749 2209105 1715397 3591 2101 0 2204489 0 846208
1786708726.838786 2209105 1715397 3591 2101 0 2204489 0 846208
1786708727.841000 2209105 1715397 3591 2101 0 2204489 0 846208
1786708728.836993 2209105 1715397 3591 2101 0 2204489 0 846208
1786708729.837569 2209105 1715397 3591 2101 0 2204489 0 846208
1786708730.842565 2209105 1715397 3591 2101 0 2204489 0 846208
1786708731.837950 2209105 1715397 3591 2101 0 2204489 0 846208
1786708732.837982 2209105 1715397 3591 2101 0 2204489 0 846208
1786708733.837924 2209105 1715397 3591 2101 0 2204489 0 846208
1786708734.837637 2209105 1715397 3591 2101 0 2204489 0 846208
1786708735.836702 2209105 1715397 3591 2101 0 2204489 0 846208
1786708736.838066 2209105 1715397 3591 2101 0 2204489 0 846208
1786708737.841950 2209105 1715397 3591 2101 0 2204489 0 846208
1786708738.841505 2209105 1715397 3591 2101 0 2204489 0 846208
1786708739.838148 2209105 1715403 3591 2101 0 2204489 0 846208
1786708740.837867 2209105 1715403 3591 2101 0 2204489 0 846208
1786708741.839044 2209105 1715403 3591 2101 0 2204489 0 846208
1786708742.841845 2209105 1715403 3591 2101 0 2204489 0 846208
1786708743.840617 2209105 1715403 3591 2101 0 2204489 0 846208
1786708744.837931 2209105 1715403 3591 2101 0 2204489 0 846208
1786708745.840937 2209105 1715403 3591 2101 0 2204489 0 846208
1786708746.837384 2209105 1715403 3591 2101 0 2204489 0 846208
1786708747.839502 2209105 1715403 3591 2101 0 2204489 0 846208
1786708748.839062 2209105 1715403 3591 2101 0 2204489 0 846208
1786708749.839210 2209105 1715907 3591 2101 0 2204489 0 846208
1786708750.838857 2209105 1715907 3591 2101 0 2204489 0 846208
1786708751.837982 2209105 1715907 3591 2101 0 2204489 0 846208
1786708752.838683 2209105 1715907 3591 2101 0 2204489 0 846208
1786708753.841081 2209105 1715907 3591 2101 0 2204489 0 846208
1786708754.837189 2209105 1715907 3591 2101 0 2204489 0 846208
1786708755.840047 2209105 1715907 3591 2101 0 2204489 0 846208
1786708756.839648 2209105 1715907 3591 2101 0 2204489 0 846208
1786708757.838391 2209105 1715907 3591 2101 0 2204489 0 846208
1786708758.838082 2209105 1715907 3591 2101 0 2204489 0 846208
1786708759.840918 2209105 1715907 3591 2101 0 2204489 0 846208
1786708760.840758 2209105 1715907 3591 2101 0 2204489 0 846208
1786708761.841241 2209105 1715907 3591 2101 0 2204489 0 846208
1786708762.838739 2209105 1715907 3591 2101 0 2204489 0 846208
1786708763.838218 2209105 1715907 3591 2101 0 2204489 0 846208
1786708764.838081 2209105 1715907 3591 2101 0 2204489 0 846208
1786708765.842497 2209105 1715907 3591 2101 0 2204489 0 846208
1786708766.837638 2209105 1715907 3591 2101 0 2204489 0 846208
1786708767.841996 2209105 1715907 3591 2101 0 2204489 0 846208
1786708768.840896 2209105 1715907 3591 2101 0 2204489 0 846208
1786708769.836806 2209105 1715907 3591 2101 0 2204489 0 846208
1786708770.837111 2209105 1715907 3591 2101 0 2204489 0 846208
1786708771.840761 2209105 1715907 3591 2101 0 2204489 0 846208
1786708772.837070 2209105 1715907 3591 2101 0 2204489 0 846208
1786708773.836828 2209105 1715907 3591 2101 0 2204489 0 846208
1786708774.842514 2209105 1715907 3591 2101 0 2204489 0 846208
1786708775.837073 2209105 1715907 3591 2101 0 2204489 0 846208
1786708776.840952 2209105 1715907 3591 2101 0 2204489 0 846208
1786708777.837709 2209105 1715907 3591 2101 0 2204489 0 846208
1786708778.836974 2209105 1715907 3591 2101 0 2204489 0 846208
1786708779.838264 2209105 1715907 3591 2101 0 2204489 0 846208
1786708780.837241 2209105 1716383 3591 2101 0 2204489 0 846208
1786708781.840037 2209105 1716383 3591 2101 0 2204489 0 846208
1786708782.836961 2209105 1716383 3591 2101 0 2204489 0 846208
1786708783.841569 2209105 1716383 3591 2101 0 2204489 0 846208
1786708784.837421 2209105 1716383 3591 2101 0 2204489 0 846208
1786708785.840912 2209105 1716383 3591 2101 0 2204489 0 846208
1786708786.840776 2209105 1716383 3591 2101 0 2204489 0 846208
1786708787.840954 2209105 1716383 3591 2101 0 2204489 0 846208
1786708788.841319 2209105 1716383 3591 2101 0 2204489 0 846208
1786708789.840941 2209105 1716383 3591 2101 0 2204489 0 846208
1786708790.840770 2209105 1716845 3591 2101 0 2204489 0 846208
1786708791.837731 2209105 1716845 3591 2101 0 2204489 0 846208
1786708792.841283 2209105 1716845 3591 2101 0 2204489 0 846208
1786708793.836850 2209105 1716845 3591 2101 0 2204489 0 846208
1786708794.837819 2209105 1716845 3591 2101 0 2204489 0 846208
1786708795.840903 2209105 1716845 3591 2101 0 2204489 0 846208
1786708796.843813 2209105 1716845 3591 2101 0 2204489 0 846208
1786708797.840740 2209105 1716845 3591 2101 0 2204489 0 846208
1786708798.836747 2209105 1716845 3591 2101 0 2204489 0 846208
1786708799.836958 2209105 1716845 3591 2101 0 2204489 0 846208
1786708800.836610 2209105 1716845 3591 2101 0 2204489 0 846208
1786708801.840518 2209105 1716845 3591 2101 0 2204489 0 846208
1786708802.841193 2209105 1716845 3591 2101 0 2204489 0 846208
1786708803.837905 2209105 1716845 3591 2101 0 2204489 0 846208
1786708804.839967 2209105 1716845 3591 2101 0 2204489 0 846208
1786708805.840101 2209105 1716845 3591 2101 0 2204489 0 846208
1786708806.840167 2209105 1716845 3591 2101 0 2204489 0 846208
1786708807.837396 2209105 1716845 3591 2101 0 2204489 0 846208
1786708808.839930 2209105 1716845 3591 2101 0 2204489 0 846208
1786708809.837943 2209105 1716845 3591 2101 0 2204489 0 846208
1786708810.837142 2209105 1716845 3591 2101 0 2204489 0 846208
1786708811.837441 2209105 1716845 3591 2101 0 2204489 0 846208
1786708812.837079 2209105 1716845 3591 2101 0 2204489 0 846208
1786708813.837020 2209105 1716845 3591 2101 0 2204489 0 846208
1786708814.840401 2209105 1716845 3591 2101 0 2204489 0 846208
1786708815.837372 2209105 1716845 3591 2101 0 2204489 0 846208
1786708816.837039 2209105 1716845 3591 2101 0 2204489 0 846208
1786708817.836985 2209105 1716845 3591 2101 0 2204489 0 846208
1786708818.840117 2209105 1716845 3591 2101 0 2204489 0 846208
1786708819.838534 2209105 1716845 3591 2101 0 2204489 0 846208
1786708820.837184 2209105 1716845 3591 2101 0 2204489 0 846208
1786708821.837098 2209105 1716845 3591 2101 0 2204489 0 846208
1786708822.836842 2209105 1716845 3591 2101 0 2204489 0 846208
1786708823.840041 2209105 1716845 3591 2101 0 2204489 0 846208
1786708824.840298 2209105 1716845 3591 2101 0 2204489 0 846208
1786708825.837130 2209105 1716845 3591 2101 0 2204489 0 846208
1786708826.837029 2209105 1716845 3591 2101 0 2204489 0 846208
1786708827.837006 2209105 1716845 3591 2101 0 2204489 0 846208
1786708828.839147 2209105 1716845 3591 2101 0 2204489 0 846208
1786708829.841983 2209105 1716845 3591 2101 0 2204489 0 846208
1786708830.836641 2209105 1716845 3591 2101 0 2204489 0 846208
1786708831.838021 2209105 1716845 3591 2101 0 2204489 0 846208
1786708832.837092 2209105 1716845 3591 2101 0 2204489 0 846208
1786708833.838378 2209105 1716845 3591 2101 0 2204489 0 846208
1786708834.840155 2209105 1716845 3591 2101 0 2204489 0 846208
1786708835.837982 2209105 1716845 3591 2101 0 2204489 0 846208
1786708836.836808 2209105 1716845 3591 2101 0 2204489 0 846208
1786708837.840306 2209105 1716845 3591 2101 0 2204489 0 846208
1786708838.837246 2209105 1716845 3591 2101 0 2204489 0 846208
1786708839.841093 2209105 1716845 3591 2101 0 2204489 0 846208
1786708840.836819 2209105 1716845 3591 2101 0 2204489 0 846208
1786708841.839940 2209105 1716845 3591 2101 0 2204489 0 846208
1786708842.836864 2209105 1716845 3591 2101 0 2204489 0 846208
1786708843.839826 2209105 1716845 3591 2101 0 2204489 0 846208
1786708844.837953 2209105 1716845 3591 2101 0 2204489 0 846208
1786708845.839801 2209105 1716845 3591 2101 0 2204489 0 846208
1786708846.837448 2209105 1716845 3591 2101 0 2204489 0 846208
1786708847.836962 2209105 1716845 3591 2101 0 2204489 0 846208
1786708848.836799 2209105 1716845 3591 2101 0 2204489 0 846208
1786708849.839956 2209105 1716845 3591 2101 0 2204489 0 846208
1786708850.837000 2209105 1716845 3591 2101 0 2204489 0 846208
1786708851.841013 2209105 1716845 3591 2101 0 2204489 0 846208
1786708852.837138 2209105 1716845 3591 2101 0 2204489 0 846208
1786708853.836990 2209105 1716845 3591 2101 0 2204489 0 846208
1786708854.839793 2209105 1716845 3591 2101 0 2204489 0 846208
1786708855.840542 2209105 1716845 3591 2101 0 2204489 0 846208
1786708856.837240 2209105 1716845 3591 2101 0 2204489 0 846208
1786708857.841119 2209105 1716845 3591 2101 0 2204489 0 846208
1786708858.840922 2209105 1716845 3591 2101 0 2204489 0 846208
1786708859.840997 2209105 1716845 3591 2101 0 2204489 0 846208
1786708860.837008 2209105 1716845 3591 2101 0 2204489 0 846208
1786708861.839921 2209105 1716845 3591 2101 0 2204489 0 846208
1786708862.837455 2209105 1716845 3591 2101 0 2204489 0 846208
1786708863.837956 2209105 1716845 3591 2101 0 2204489 0 846208
