# start_epoch=1789363377.913637  page_size=4096  cachestat=ok  fields=size,resident,shared,text,lib,data,dt,pagecache
1789363378.913888 262578 27954 7967 99 0 248506 0 1
1789363379.913823 262578 27954 7967 99 0 248506 0 1
1789363380.916581 2105139 51528 31452 99 0 254010 0 59052
1789363381.918685 2105139 70931 50854 99 0 254010 0 109027
1789363382.923506 3042710 182215 162111 99 0 258106 0 171663
1789363383.925177 3042710 195365 175260 99 0 258106 0 210060
1789363384.926661 3042710 210232 190127 99 0 258106 0 239249
1789363385.924091 2988911 82451 62366 99 0 258106 0 230740
1789363386.929035 3136057 228826 208734 99 0 258106 0 273273
1789363387.931341 3136057 264178 244086 99 0 258106 0 314968
1789363388.932874 3136057 297201 277109 99 0 258106 0 343471
1789363389.932841 3076871 83651 63630 99 0 258106 0 321846
1789363390.933951 3223957 187923 167902 99 0 258106 0 371784
1789363391.935035 3223957 200455 180433 99 0 258106 0 392405
1789363392.936891 3169283 77929 57941 99 0 258106 0 390039
1789363393.941411 3345884 217930 197942 99 0 258106 0 466212
1789363394.940599 3313103 220159 200176 99 0 258106 0 478524
1789363395.941186 3313103 248048 228061 99 0 258106 0 505654
1789363396.942953 3313103 277035 257045 99 0 258106 0 539610
1789363397.948423 3424970 240516 220557 99 0 258106 0 547927
1789363398.948509 3430865 273527 253568 99 0 258106 0 623183
1789363399.948342 3395457 227323 207364 99 0 258106 0 627197
1789363400.954036 3569328 397847 377888 99 0 258106 0 714016
1789363401.954442 3538427 369653 349722 99 0 258106 0 723735
1789363402.955991 3538427 402651 382716 99 0 258106 0 764001
1789363403.959430 3685563 527929 507991 99 0 258106 0 819906
1789363404.962223 3685563 550048 530107 99 0 258106 0 868696
1789363405.964932 3685563 568311 548370 99 0 258106 0 919593
1789363406.957056 3832713 676847 656959 99 0 258106 0 945516
1789363407.966758 3725426 380055 360303 99 0 258106 0 870647
1789363408.969289 3755693 424376 404624 99 0 258106 0 939961
1789363409.969135 3729718 431869 412117 99 0 258106 0 936778
1789363410.965599 3691207 396556 376797 99 0 258106 0 932838
1789363411.974066 3838322 518168 498610 99 0 258106 0 983232
1789363412.981513 3838322 542410 522849 99 0 258106 0 1017275
1789363413.975833 3838322 564943 545379 99 0 258106 0 1056059
1789363414.971914 3838322 590479 570915 99 0 258106 0 1077838
1789363415.967412 3985446 697767 678258 99 0 258106 0 1102147
1789363416.975806 3881952 374126 354622 99 0 258106 0 1042187
1789363417.974319 3875821 401742 382238 99 0 258106 0 1078897
1789363418.976769 3874923 416599 397095 99 0 258106 0 1127256
1789363419.979249 4019937 537175 517667 99 0 258106 0 1167616
1789363420.982723 4021331 554179 534671 99 0 258106 0 1229194
1789363421.985163 4024323 590862 571418 99 0 258106 0 1277416
1789363422.978748 4153588 685117 665671 99 0 258106 0 1243499
1789363423.981339 4118462 651386 631928 99 0 258106 0 1252056
1789363424.982411 4118462 665610 646147 99 0 258106 0 1251478
1789363425.983426 4118462 679777 660314 99 0 258106 0 1259595
1789363426.983317 4118462 692996 673530 99 0 258106 0 1267001
1789363427.982488 4118462 702557 683091 99 0 258106 0 1272857
1789363428.982835 4118462 715824 696356 99 0 258106 0 1280535
1789363429.982962 4118462 722140 702671 99 0 258106 0 1285373
1789363430.984365 4118462 725255 705786 99 0 258106 0 1287693
1789363431.980073 4059210 229225 210004 99 0 258106 0 1184801
1789363432.974483 3864735 117264 98042 99 0 258106 0 1094289
1789363433.978725 4008191 236089 216865 99 0 258106 0 1152759
1789363434.980987 4000201 256240 237016 99 0 258106 0 1194809
1789363435.982739 3993383 288609 269385 99 0 258106 0 1234806
1789363436.985791 4131892 381227 362026 99 0 258106 0 1272907
1789363437.988281 4136118 415104 395895 99 0 258106 0 1320242
1789363438.990037 4114357 421036 401827 99 0 258106 0 1357743
1789363439.991001 4230405 535233 516052 99 0 258106 0 1379251
1789363440.995022 4255819 543187 524003 99 0 258106 0 1447260
1789363441.997655 4255619 584598 565414 99 0 258106 0 1496338
1789363443.003412 4387625 696870 677686 99 0 258106 0 1511775
1789363444.002361 4374712 678653 659468 99 0 258106 0 1498810
1789363445.001620 4358315 695851 676663 99 0 258106 0 1494792
1789363445.992257 4319765 634881 615650 99 0 258106 0 1459636
1789363446.992592 4319765 650831 631596 99 0 258106 0 1460194
1789363447.993327 4319765 658673 639438 99 0 258106 0 1473103
1789363448.993394 4319765 661361 642122 99 0 258106 0 1475823
1789363449.994225 4319765 670164 650925 99 0 258106 0 1489822
1789363450.994474 4319765 672827 653588 99 0 258106 0 1492350
1789363451.994299 4319765 675471 656231 99 0 258106 0 1495039
1789363452.979629 4319765 678036 658839 99 0 258106 0 1505480
1789363453.990300 4081321 110943 91766 99 0 258106 0 1295904
1789363454.988962 4211507 218478 199362 99 0 258106 0 1297983
1789363455.990165 4167452 207276 188172 99 0 258106 0 1291067
1789363456.988343 4143526 184592 165492 99 0 258106 0 1260999
1789363457.987660 4130835 216027 196924 99 0 258106 0 1247441
1789363458.985694 4115772 236279 217174 99 0 258106 0 1227812
1789363459.967400 4073578 183002 163898 99 0 258106 0 1181935
1789363460.982842 4052649 192452 173348 99 0 258106 0 1169145
1789363461.964503 4035908 163467 144363 99 0 258106 0 1149195
1789363462.983975 4072704 235549 216445 99 0 258106 0 1185181
1789363463.983540 4057775 213122 194015 99 0 258106 0 1174978
1789363464.974547 4002782 139479 120347 99 0 262202 0 1116270
1789363465.977701 3962455 62168 43023 99 0 262202 0 1079434
1789363466.977508 3962455 238534 219388 99 0 262202 0 1076468
1789363467.966922 4095439 360728 341578 99 0 262202 0 1202349
1789363468.977095 3947350 75074 55921 99 0 262202 0 1070143
1789363469.979879 3991812 251580 232426 99 0 262202 0 1116808
1789363470.966916 4102225 380706 361554 99 0 262202 0 1202923
1789363471.978341 4034482 149813 130703 99 0 262202 0 1091659
1789363472.962528 3930698 132681 113571 99 0 262202 0 1034117
1789363473.959411 3925651 96254 77139 99 0 262202 0 1032232
1789363474.959916 3923402 112906 93791 99 0 262202 0 1033171
1789363475.963371 3924498 61957 37229 99 0 268346 0 1050384
1789363476.958949 3950614 93463 70640 99 0 294458 0 1019080
1789363477.965856 3987451 178697 155853 99 0 294458 0 1099544
1789363478.962260 3927283 99498 70394 99 0 297530 0 1048769
1789363479.958959 3927283 126781 100220 99 0 297530 0 1024918
1789363480.957259 3900880 50628 24992 99 0 297530 0 984985
1789363481.963174 3948241 143948 118915 99 0 297530 0 1052957
1789363482.960865 3902672 146768 119938 99 0 299322 0 1039717
1789363483.957184 3876269 85658 55751 99 0 299322 0 988450
1789363484.955538 3876269 113407 86569 99 0 299322 0 956203
1789363485.955432 3849866 36628 10566 99 0 299322 0 915675
1789363486.958126 3849866 98489 72417 99 0 299322 0 1004854
1789363487.956255 3849866 147226 118082 99 0 299322 0 962122
1789363488.954485 3825255 72833 42696 99 0 301114 0 921626
1789363489.955373 3825255 100548 73480 99 0 301114 0 889301
1789363490.957670 3843113 80879 53805 99 0 301114 0 862218
1789363491.958708 3800387 98246 73296 99 0 301114 0 946751
1789363492.953738 3800387 144073 114833 99 0 301114 0 906871
1789363493.952155 3774551 70700 43510 99 0 301114 0 870716
1789363494.950688 3774551 98854 73716 99 0 301114 0 836388
1789363495.953849 3860506 191281 166143 99 0 301114 0 916851
1789363496.963769 3755689 106861 81716 99 0 301114 0 871259
1789363497.954053 3748148 128897 104353 99 0 301114 0 842564
1789363498.949905 3721789 53798 28826 99 0 301114 0 802099
1789363499.947784 3718206 37544 12565 99 0 305210 0 775955
1789363500.947705 3718206 37544 12565 99 0 305210 0 775955
1789363501.948586 3718206 37544 12565 99 0 305210 0 775955
1789363502.947698 3718206 37544 12565 99 0 305210 0 775955
1789363503.950846 3722303 37548 12565 99 0 309306 0 775955
1789363504.947740 3722303 37548 12565 99 0 309306 0 775955
1789363505.947668 3722303 37548 12565 99 0 309306 0 775955
1789363506.947654 3722303 37975 12565 99 0 309306 0 775955
1789363507.947936 3726400 37978 12565 99 0 313402 0 775955
1789363508.947832 3726400 37978 12565 99 0 313402 0 775955
1789363509.947652 3726400 37978 12565 99 0 313402 0 775955
1789363510.947820 3726400 37978 12565 99 0 313402 0 775955
1789363511.947490 3730497 37933 12565 99 0 317498 0 775955
1789363512.948514 3730497 37933 12565 99 0 317498 0 775955
1789363513.947848 3730497 37933 12565 99 0 317498 0 775955
1789363514.948401 3730497 37933 12565 99 0 317498 0 775955
1789363515.947772 3730497 37933 12565 99 0 317498 0 775955
1789363516.947785 3730497 37993 12565 99 0 317498 0 775955
1789363517.948036 3730497 37993 12565 99 0 317498 0 775955
1789363518.947861 3730497 37993 12565 99 0 317498 0 775955
1789363519.948085 3730497 37993 12565 99 0 317498 0 775955
1789363520.947870 3730497 37993 12565 99 0 317498 0 775955
1789363521.947842 3730497 37993 12565 99 0 317498 0 775955
1789363522.948157 3730497 37993 12565 99 0 317498 0 775955
1789363523.947759 3730497 37993 12565 99 0 317498 0 775955
1789363524.948371 3730497 37993 12565 99 0 317498 0 775955
1789363525.947917 3730497 37993 12565 99 0 317498 0 775955
1789363526.948239 3730497 38162 12565 99 0 317498 0 775955
1789363527.947794 3730497 38162 12565 99 0 317498 0 775955
1789363528.947948 3730497 38162 12565 99 0 317498 0 775955
1789363529.947849 3730497 38162 12565 99 0 317498 0 775955
1789363530.947851 3730497 38162 12565 99 0 317498 0 775955
1789363531.947708 3730497 38162 12565 99 0 317498 0 775955
1789363532.947676 3730497 38162 12565 99 0 317498 0 775955
1789363533.947638 3730497 38159 12565 99 0 317498 0 775955
