# start_epoch=1789365780.672672  page_size=4096  cachestat=ok  fields=size,resident,shared,text,lib,data,dt,pagecache
1789365781.675197 51724 30046 2705 1589 0 47743 0 39620
1789365782.674727 56844 29240 2753 1589 0 52863 0 31323
1789365783.679444 56844 33640 2753 1589 0 52863 0 56506
1789365784.675944 56844 29234 2817 1589 0 52863 0 55879
1789365785.677537 58252 33780 2817 1589 0 54271 0 86171
1789365786.678309 58252 30044 2817 1589 0 54271 0 98443
1789365787.678069 58252 30428 2818 1589 0 54271 0 91807
1789365788.679006 58252 30685 2818 1589 0 54271 0 104077
1789365789.680865 59020 31446 2818 1589 0 55039 0 134371
1789365790.691295 59020 35938 2818 1589 0 55039 0 161987
1789365791.686935 59020 35000 2818 1589 0 55039 0 169273
1789365792.682912 65164 36042 2818 1589 0 61183 0 178846
1789365793.683756 65164 31608 2818 1589 0 61183 0 199185
1789365794.685526 65164 38703 2818 1589 0 61183 0 227700
1789365795.685238 66060 36750 2818 1589 0 62079 0 223726
1789365796.685978 66060 38812 2818 1589 0 62079 0 235996
1789365797.685962 66060 38522 2818 1589 0 62079 0 245481
1789365798.687786 66060 38514 2818 1589 0 62079 0 273741
1789365799.688252 66060 37194 2818 1589 0 62079 0 280638
1789365800.686303 66060 39368 2818 1589 0 62079 0 243293
1789365801.683711 66060 35181 2818 1589 0 62079 0 244072
1789365802.688313 66060 37633 2818 1589 0 62079 0 292387
1789365803.689141 66060 35533 2818 1589 0 62079 0 304659
1789365804.689951 67084 33883 2818 1589 0 63103 0 316929
1789365805.689419 67084 37545 2818 1589 0 63103 0 308582
1789365806.691416 67084 40113 2818 1589 0 63103 0 337866
1789365807.691442 67084 38532 2818 1589 0 63103 0 346076
1789365808.693555 67084 38251 2818 1589 0 63103 0 370519
1789365809.693352 67084 35691 2818 1589 0 63103 0 360416
1789365810.692817 67084 38295 2818 1589 0 63103 0 372687
1789365811.693740 67084 39412 2818 1589 0 63103 0 384956
1789365812.693057 68364 40902 2818 1589 0 64383 0 375788
1789365813.693786 68364 38588 2818 1589 0 64383 0 378405
1789365814.698513 68364 42182 2818 1589 0 64383 0 434566
1789365815.695582 68364 41669 2818 1589 0 64383 0 427534
1789365816.695752 69260 42308 2818 1589 0 65279 0 427275
1789365817.700552 69260 42821 2818 1589 0 65279 0 473935
1789365818.700127 69260 42908 2818 1589 0 65279 0 489023
1789365819.700868 69260 39670 2818 1589 0 65279 0 504106
1789365820.699966 69260 41481 2818 1589 0 65279 0 492406
1789365821.700961 69260 41517 2818 1589 0 65279 0 503653
1789365822.702376 69260 38581 2818 1589 0 65279 0 530755
1789365823.703652 69260 41735 2818 1589 0 65279 0 544818
1789365824.702637 69260 42960 2818 1589 0 65279 0 541097
1789365825.701998 69260 42788 2818 1589 0 65279 0 530731
1789365826.704164 69260 42931 2818 1589 0 65279 0 565640
1789365827.704818 69260 42862 2818 1589 0 65279 0 577909
1789365828.703680 69260 42416 2818 1589 0 65279 0 563064
1789365829.707252 69260 33663 2818 1589 0 65279 0 593339
1789365830.708484 69260 42214 2818 1589 0 65279 0 606259
1789365831.708379 69260 42215 2818 1589 0 65279 0 619297
1789365832.707409 69260 40222 2818 1589 0 65279 0 625049
1789365833.711385 69260 42482 2818 1589 0 65279 0 656879
1789365834.707677 69260 37587 2818 1589 0 65279 0 649592
1789365835.712388 70284 42742 2818 1589 0 66303 0 678129
1789365836.713290 70284 35222 2818 1589 0 66303 0 694969
1789365837.713835 70284 42205 2818 1589 0 66303 0 707753
1789365838.711736 70284 38092 2818 1589 0 66303 0 699655
1789365839.714459 70284 42293 2818 1589 0 66303 0 736902
1789365840.715252 70284 40513 2818 1589 0 66303 0 749939
1789365841.706582 70284 43221 2818 1589 0 66303 0 735485
1789365842.712229 70284 42878 2818 1589 0 66303 0 735451
1789365843.714021 70284 38398 2818 1589 0 66303 0 733048
1789365844.714187 71820 43662 2818 1589 0 67839 0 743590
1789365845.715326 71820 39255 2818 1589 0 67839 0 751353
1789365846.715705 71820 41172 2818 1589 0 67839 0 764134
1789365847.717348 71820 39323 2818 1589 0 67839 0 790668
1789365848.717501 71820 41221 2818 1589 0 67839 0 803449
1789365849.718725 71820 39851 2818 1589 0 67839 0 815976
1789365850.719363 71820 41805 2818 1589 0 67839 0 829012
1789365851.719907 71820 41075 2818 1589 0 67839 0 842049
1789365852.720208 71820 42124 2818 1589 0 67839 0 854577
1789365853.711993 71820 37867 2818 1589 0 67839 0 840379
1789365854.711637 71820 37082 2818 1589 0 67839 0 840379
1789365855.724196 71820 37547 2818 1589 0 67839 0 864033
1789365856.709965 71820 31624 2818 1589 0 67839 0 852651
1789365857.718282 71820 31630 2818 1589 0 67839 0 852652
1789365858.716680 71820 34668 2818 1589 0 67839 0 805608
1789365859.717307 71820 42876 2818 1589 0 67839 0 817879
1789365860.716777 71820 36526 2818 1589 0 67839 0 825325
1789365861.716826 71820 43790 2818 1589 0 67839 0 832658
1789365862.717366 71820 37027 2818 1589 0 67839 0 839401
1789365863.718375 71820 45039 2818 1589 0 67839 0 852817
1789365864.718466 71820 39257 2818 1589 0 67839 0 860698
1789365865.719383 71820 42279 2818 1589 0 67839 0 871379
1789365866.721216 71820 38571 2818 1589 0 67839 0 898428
1789365867.722809 71820 44530 2818 1589 0 67839 0 910699
1789365868.723007 71820 44417 2818 1589 0 67839 0 922971
1789365869.725063 71820 44153 2818 1589 0 67839 0 952255
1789365870.723514 71820 43679 2818 1589 0 67839 0 940504
1789365871.726083 71820 41376 2818 1589 0 67839 0 972701
1789365872.717115 71820 44964 2818 1589 0 67839 0 959781
1789365873.717687 71820 44973 2818 1589 0 67839 0 959782
1789365874.718270 71820 44974 2818 1589 0 67839 0 959783
1789365875.715572 71820 34671 2818 1589 0 67839 0 972053
1789365876.726229 71820 34676 2818 1589 0 67839 0 956252
1789365877.723275 73612 34417 2818 1589 0 69631 0 925065
1789365878.723410 73612 40074 2818 1589 0 69631 0 934238
1789365879.724310 73612 44623 2818 1589 0 69631 0 941392
1789365880.726514 73612 43951 2818 1589 0 69631 0 971187
1789365881.726415 73612 43449 2818 1589 0 69631 0 977307
1789365882.726897 73612 42593 2818 1589 0 69631 0 984939
1789365883.726902 73612 41765 2818 1589 0 69631 0 988731
1789365884.729725 73612 42443 2818 1589 0 69631 0 1010554
1789365885.732224 73612 43104 2818 1589 0 69631 0 1021034
1789365886.726282 73612 45171 2818 1589 0 69631 0 1013232
1789365887.726928 73612 45296 2818 1589 0 69631 0 1025502
1789365888.734814 73612 43010 2818 1589 0 69631 0 1037773
1789365889.736223 73612 43570 2818 1589 0 69631 0 1068067
1789365890.736439 73612 40589 2818 1589 0 69631 0 1074210
1789365891.736362 73612 41369 2818 1589 0 69631 0 1062315
1789365892.723832 73612 38364 2818 1589 0 69631 0 1074585
1789365893.726506 73612 38369 2818 1589 0 69631 0 1074586
1789365894.721422 73612 38473 2818 1589 0 69631 0 1056575
1789365895.736655 73612 41612 2818 1589 0 69631 0 1050308
1789365896.735019 73612 40348 2818 1589 0 69631 0 1060276
1789365897.732580 73612 41680 2818 1589 0 69631 0 1046633
1789365898.728923 73612 41136 2818 1589 0 69631 0 1053349
1789365899.730875 73612 40945 2818 1589 0 69631 0 1061485
1789365900.732898 73612 44187 2818 1589 0 69631 0 1069189
1789365901.736928 73612 44025 2818 1589 0 69631 0 1096143
1789365902.739887 73612 43375 2818 1589 0 69631 0 1122633
1789365903.738969 73612 45007 2818 1589 0 69631 0 1113810
1789365904.739720 73612 42890 2818 1589 0 69631 0 1126081
1789365905.740470 73612 42076 2818 1589 0 69631 0 1138352
1789365906.740470 73612 44472 2818 1589 0 69631 0 1150624
1789365907.741831 73612 40395 2818 1589 0 69631 0 1162894
1789365908.727403 73612 42452 2818 1589 0 69631 0 1175164
1789365909.735114 73612 42452 2818 1589 0 69631 0 1175165
1789365910.729335 73612 42461 2818 1589 0 69631 0 1175165
1789365911.727260 73612 42609 2818 1589 0 69631 0 1175166
1789365912.726241 73612 35684 2818 1589 0 69631 0 1187437
1789365913.726722 73612 35531 2818 1589 0 69631 0 1169024
1789365914.741338 73612 39156 2818 1589 0 69631 0 1157959
1789365915.740829 73612 44371 2818 1589 0 69631 0 1168762
1789365916.740543 73612 43676 2818 1589 0 69631 0 1176764
1789365917.740204 73612 46882 2818 1589 0 69631 0 1186790
1789365918.739512 73612 44991 2818 1589 0 69631 0 1181038
1789365919.739331 73612 42340 2818 1589 0 69631 0 1184280
1789365920.739696 75660 47354 2818 1589 0 71679 0 1191058
1789365921.739040 75660 43953 2818 1589 0 71679 0 1198681
1789365922.741332 75660 41111 2818 1589 0 71679 0 1224400
1789365923.741754 75660 46588 2818 1589 0 71679 0 1236672
1789365924.742456 75660 40679 2818 1589 0 71679 0 1248942
1789365925.742550 75660 47384 2818 1589 0 71679 0 1258337
1789365926.730949 75660 43075 2818 1589 0 71679 0 1273483
1789365927.733302 75660 43075 2818 1589 0 71679 0 1273484
1789365928.733139 75660 43109 2818 1589 0 71679 0 1273485
1789365929.728528 75660 36443 2818 1589 0 71679 0 1273485
1789365930.728732 75660 36541 2818 1589 0 71679 0 1273486
1789365931.728550 75660 36541 2818 1589 0 71679 0 1273488
1789365932.728496 75660 36537 2818 1589 0 71679 0 1273488
1789365933.728495 75660 37098 2818 1589 0 71679 0 1273489
1789365934.735539 75660 38067 2818 1589 0 71679 0 1416673
1789365935.728705 79757 37621 2818 1589 0 75775 0 1207542
1789365936.725531 79757 37629 2818 1589 0 75775 0 1201648
1789365937.725226 79757 37309 2818 1589 0 75775 0 1195755
1789365938.724705 79757 37147 2818 1589 0 75775 0 1177847
1789365939.724525 79757 37403 2818 1589 0 75775 0 1181441
1789365940.723338 79757 37403 2818 1589 0 75775 0 1146404
1789365941.723935 79757 36490 2818 1589 0 75775 0 1150575
1789365942.724270 79757 36567 2818 1589 0 75775 0 1162272
1789365943.722981 79757 36636 2818 1589 0 75775 0 1149208
1789365944.723080 79757 36677 2818 1589 0 75775 0 1149208
1789365945.722544 79757 36803 2818 1589 0 75775 0 1134673
1789365946.722609 79757 36885 2818 1589 0 75775 0 1134674
1789365947.721994 79757 36727 2818 1589 0 75775 0 1121436
1789365948.721473 79757 36405 2818 1589 0 75775 0 1114439
1789365949.721348 79757 36435 2818 1589 0 75775 0 1114440
1789365950.721074 79757 36585 2818 1589 0 75775 0 1105859
1789365951.720956 79757 36585 2818 1589 0 75775 0 1099314
1789365952.720819 79757 36336 2818 1589 0 75775 0 1072811
1789365953.721213 79757 36576 2818 1589 0 75775 0 1108858
1789365954.722394 79757 36693 2818 1589 0 75775 0 1108858
1789365955.721512 79757 36693 2818 1589 0 75775 0 1108859
1789365956.720566 79757 36694 2818 1589 0 75775 0 1088162
1789365957.720874 79757 36916 2818 1589 0 75775 0 1084491
1789365958.719880 79757 36921 2818 1589 0 75775 0 1077467
1789365959.719568 79757 37036 2818 1589 0 75775 0 1071223
1789365960.719880 79757 36321 2818 1589 0 75775 0 1071224
1789365961.721573 79757 37146 2818 1589 0 75775 0 1116406
1789365962.721612 79757 36982 2818 1589 0 75775 0 1109477
1789365963.721729 79757 37122 2818 1589 0 75775 0 1116408
1789365964.721759 79757 36989 2818 1589 0 75775 0 1116409
1789365965.721651 79757 37083 2818 1589 0 75775 0 1116409
1789365966.722054 79757 37084 2818 1589 0 75775 0 1110176
1789365967.721579 79757 36911 2818 1589 0 75775 0 1116411
1789365968.721870 79757 36781 2818 1589 0 75775 0 1116412
1789365969.721492 79757 36972 2818 1589 0 75775 0 1116413
1789365970.721595 79757 36972 2818 1589 0 75775 0 1116414
1789365971.721556 79757 36971 2818 1589 0 75775 0 1116415
1789365972.718701 82317 38613 2818 1589 0 78335 0 1035633
1789365973.718154 82317 38613 2818 1589 0 78335 0 1035634
1789365974.718161 82317 38383 2818 1589 0 78335 0 1035635
1789365975.718402 82317 38383 2818 1589 0 78335 0 1035636
1789365976.718391 82317 37693 2818 1589 0 78335 0 1035637
1789365977.718210 82317 37693 2818 1589 0 78335 0 1035638
1789365978.718259 82317 37110 2818 1589 0 78335 0 1035639
1789365979.718037 82317 37110 2818 1589 0 78335 0 1035640
1789365980.718255 82317 36678 2818 1589 0 78335 0 1035641
1789365981.718144 82317 36678 2818 1589 0 78335 0 1035642
1789365982.718223 82317 36515 2818 1589 0 78335 0 1035642
1789365983.718173 82317 36593 2818 1589 0 78335 0 1035644
1789365984.720388 82317 37462 2818 1589 0 78335 0 999711
1789365985.716500 82317 37382 2818 1589 0 78335 0 999712
1789365986.716542 82317 37139 2818 1589 0 78335 0 999713
1789365987.718965 94606 55338 2834 1589 0 90623 0 976411
1789365988.715991 233358 181290 2834 1589 0 229375 0 976411
1789365989.715896 363406 308778 2834 1589 0 359423 0 976411
1789365990.715939 489870 434218 2834 1589 0 485887 0 976411
1789365991.715839 674190 558634 2834 1589 0 670207 0 976411
1789365992.716082 796046 682026 2834 1589 0 792063 0 976411
1789365993.715672 927118 806954 2834 1589 0 923135 0 976411
1789365994.715820 1097102 932394 2834 1589 0 1093119 0 976411
1789365995.715803 1104270 1055762 2810 1589 0 1100287 0 976411
1789365996.715585 1304975 1071616 2810 1589 0 1300991 0 976411
1789365997.715407 1304975 1071616 2810 1589 0 1300991 0 976411
1789365998.715564 1304975 1071616 2810 1589 0 1300991 0 976411
1789365999.715665 1304975 1071616 2810 1589 0 1300991 0 976411
1789366000.715559 1304975 1071616 2810 1589 0 1300991 0 976411
1789366001.715477 1309072 1071613 2810 1589 0 1305087 0 976411
1789366002.715635 1309072 1071613 2810 1589 0 1305087 0 976411
1789366003.715570 1309072 1071613 2810 1589 0 1305087 0 976411
1789366004.715619 1309072 1071613 2810 1589 0 1305087 0 976411
1789366005.715493 1309072 1071613 2810 1589 0 1305087 0 976411
1789366006.715417 1309072 1071613 2810 1589 0 1305087 0 976411
1789366007.715695 1313169 1071614 2810 1589 0 1309183 0 976411
1789366008.715579 1313169 1071614 2810 1589 0 1309183 0 976411
1789366009.716460 1313169 1071614 2810 1589 0 1309183 0 976411
1789366010.715558 1313169 1071614 2810 1589 0 1309183 0 976411
1789366011.715517 1313169 1071614 2810 1589 0 1309183 0 976411
1789366012.715474 1313169 1071614 2810 1589 0 1309183 0 976411
1789366013.715561 1313169 1071614 2810 1589 0 1309183 0 976411
1789366014.715379 1313169 1071614 2810 1589 0 1309183 0 976411
1789366015.715652 1313169 1071614 2810 1589 0 1309183 0 976411
1789366016.715795 1313169 1071614 2810 1589 0 1309183 0 976411
1789366017.715617 1313169 1071614 2810 1589 0 1309183 0 976411
1789366018.715551 1313169 1071614 2810 1589 0 1309183 0 976411
1789366019.715430 1313169 1071614 2810 1589 0 1309183 0 976411
1789366020.716106 1313169 1071614 2810 1589 0 1309183 0 976411
1789366021.715480 1313169 1071614 2810 1589 0 1309183 0 976411
1789366022.715468 1313169 1071614 2810 1589 0 1309183 0 976411
1789366023.715459 1313169 1071614 2810 1589 0 1309183 0 976411
1789366024.715576 1313169 1071614 2810 1589 0 1309183 0 976411
1789366025.715618 1313169 1071614 2810 1589 0 1309183 0 976411
1789366026.715540 1313169 1071614 2810 1589 0 1309183 0 976411
1789366027.715631 1313169 1071614 2810 1589 0 1309183 0 976411
1789366028.715582 1313169 1071614 2810 1589 0 1309183 0 976411
1789366029.715833 1313169 1071614 2810 1589 0 1309183 0 976411
1789366030.715591 1313169 1071614 2810 1589 0 1309183 0 976411
1789366031.715413 1313169 1071614 2810 1589 0 1309183 0 976411
1789366032.715459 1313169 1071614 2810 1589 0 1309183 0 976411
1789366033.715729 1313169 1071614 2810 1589 0 1309183 0 976411
1789366034.715601 1313169 1071614 2810 1589 0 1309183 0 976411
1789366035.715587 1313169 1071614 2810 1589 0 1309183 0 976411
1789366036.715876 1313169 1071614 2810 1589 0 1309183 0 976411
1789366037.715613 1313169 1071614 2810 1589 0 1309183 0 976411
1789366038.715625 1313169 1071614 2810 1589 0 1309183 0 976411
1789366039.715479 1313169 1071614 2810 1589 0 1309183 0 976411
1789366040.715483 1313169 1071614 2810 1589 0 1309183 0 976411
1789366041.715394 1313169 1071614 2810 1589 0 1309183 0 976411
1789366042.715737 1313169 1071614 2810 1589 0 1309183 0 976411
1789366043.715719 1313169 1071614 2810 1589 0 1309183 0 976411
1789366044.715561 1313169 1071614 2810 1589 0 1309183 0 976411
1789366045.715646 1313169 1071614 2810 1589 0 1309183 0 976411
1789366046.715623 1313169 1071614 2810 1589 0 1309183 0 976411
1789366047.715661 1313169 1071614 2810 1589 0 1309183 0 976411
1789366048.715590 1313169 1071614 2810 1589 0 1309183 0 976411
1789366049.715436 1313169 1071614 2810 1589 0 1309183 0 976411
1789366050.715659 1313169 1071614 2810 1589 0 1309183 0 976411
1789366051.715594 1313169 1071614 2810 1589 0 1309183 0 976411
1789366052.715550 1313169 1071614 2810 1589 0 1309183 0 976411
1789366053.715514 1313169 1071614 2810 1589 0 1309183 0 976411
1789366054.715604 1313169 1071614 2810 1589 0 1309183 0 976411
1789366055.715588 1313169 1071614 2810 1589 0 1309183 0 976411
1789366056.715822 1313169 1071614 2810 1589 0 1309183 0 976411
1789366057.715584 1313169 1071614 2810 1589 0 1309183 0 976411
1789366058.715583 1313169 1071614 2810 1589 0 1309183 0 976411
1789366059.715731 1313169 1071614 2810 1589 0 1309183 0 976411
1789366060.715741 1313169 1071614 2810 1589 0 1309183 0 976411
1789366061.715694 1313169 1071614 2810 1589 0 1309183 0 976411
1789366062.715508 1313169 1071614 2810 1589 0 1309183 0 976411
1789366063.715562 1313169 1071614 2810 1589 0 1309183 0 976411
1789366064.715541 1313169 1071614 2810 1589 0 1309183 0 976411
1789366065.715596 1313169 1071614 2810 1589 0 1309183 0 976411
1789366066.715445 1313169 1071614 2810 1589 0 1309183 0 976411
1789366067.715514 1313169 1071614 2810 1589 0 1309183 0 976411
1789366068.715696 1313169 1071614 2810 1589 0 1309183 0 976411
1789366069.715934 1313169 1071614 2810 1589 0 1309183 0 976411
1789366070.716055 1313169 1071614 2810 1589 0 1309183 0 976411
1789366071.715942 1313169 1071614 2810 1589 0 1309183 0 976411
1789366072.715552 1313169 1071614 2810 1589 0 1309183 0 976411
1789366073.715730 1313169 1071614 2810 1589 0 1309183 0 976411
1789366074.715695 1313169 1071614 2810 1589 0 1309183 0 976411
1789366075.715649 1313169 1071614 2810 1589 0 1309183 0 976411
1789366076.715481 1313169 1071614 2810 1589 0 1309183 0 976411
1789366077.715909 1313169 1071614 2810 1589 0 1309183 0 976411
1789366078.715575 1313169 1071614 2810 1589 0 1309183 0 976411
1789366079.715546 1313169 1071614 2810 1589 0 1309183 0 976411
1789366080.715651 1313169 1071614 2810 1589 0 1309183 0 976411
1789366081.715562 1313169 1071614 2810 1589 0 1309183 0 976411
1789366082.715530 1313169 1071614 2810 1589 0 1309183 0 976411
1789366083.715687 1313169 1071614 2810 1589 0 1309183 0 976411
1789366084.715538 1313169 1071614 2810 1589 0 1309183 0 976411
1789366085.715359 1313169 1071614 2810 1589 0 1309183 0 976411
1789366086.715600 1313169 1071614 2810 1589 0 1309183 0 976411
1789366087.715604 1313169 1071614 2810 1589 0 1309183 0 976411
1789366088.715775 1313169 1071614 2810 1589 0 1309183 0 976411
1789366089.715611 1313169 1071614 2810 1589 0 1309183 0 976411
1789366090.715539 1313169 1071614 2810 1589 0 1309183 0 976411
1789366091.715590 1313169 1071614 2810 1589 0 1309183 0 976411
1789366092.715545 1313169 1071614 2810 1589 0 1309183 0 976411
1789366093.715540 1313169 1071614 2810 1589 0 1309183 0 976411
1789366094.716449 1313169 1071614 2810 1589 0 1309183 0 976411
1789366095.715742 1313169 1071614 2810 1589 0 1309183 0 976411
1789366096.715742 1313169 1071614 2810 1589 0 1309183 0 976411
1789366097.715517 1313169 1071614 2810 1589 0 1309183 0 976411
1789366098.715739 1313169 1071614 2810 1589 0 1309183 0 976411
1789366099.715595 1313169 1071614 2810 1589 0 1309183 0 976411
1789366100.715640 1313169 1071614 2810 1589 0 1309183 0 976411
1789366101.715613 1313169 1071614 2810 1589 0 1309183 0 976411
1789366102.715471 1313169 1071614 2810 1589 0 1309183 0 976411
1789366103.715719 1313169 1071614 2810 1589 0 1309183 0 976411
1789366104.715614 1313169 1071614 2810 1589 0 1309183 0 976411
1789366105.715712 1313169 1071614 2810 1589 0 1309183 0 976411
1789366106.715565 1313169 1071614 2810 1589 0 1309183 0 976411
1789366107.715542 1313169 1071614 2810 1589 0 1309183 0 976411
1789366108.715737 1313169 1071614 2810 1589 0 1309183 0 976411
1789366109.715656 1313169 1071614 2810 1589 0 1309183 0 976411
1789366110.715763 1313169 1071614 2810 1589 0 1309183 0 976411
1789366111.716042 1313169 1071614 2810 1589 0 1309183 0 976411
1789366112.715897 1313169 1071614 2810 1589 0 1309183 0 976411
1789366113.715739 1313169 1071614 2810 1589 0 1309183 0 976411
1789366114.715607 1313169 1071614 2810 1589 0 1309183 0 976411
1789366115.715604 1313169 1071614 2810 1589 0 1309183 0 976411
1789366116.715525 1313169 1071614 2810 1589 0 1309183 0 976411
1789366117.715515 1313169 1071614 2810 1589 0 1309183 0 976411
1789366118.715473 1313169 1071614 2810 1589 0 1309183 0 976411
1789366119.715464 1313169 1071614 2810 1589 0 1309183 0 976411
1789366120.715784 1313169 1071614 2810 1589 0 1309183 0 976411
1789366121.715582 1313169 1071614 2810 1589 0 1309183 0 976411
1789366122.715597 1313169 1071614 2810 1589 0 1309183 0 976411
1789366123.715486 1313169 1071614 2810 1589 0 1309183 0 976411
1789366124.715654 1313169 1071614 2810 1589 0 1309183 0 976411
1789366125.715581 1313169 1071614 2810 1589 0 1309183 0 976411
1789366126.715558 1313169 1071614 2810 1589 0 1309183 0 976411
1789366127.715543 1313169 1071614 2810 1589 0 1309183 0 976411
1789366128.715438 1313169 1071614 2810 1589 0 1309183 0 976411
1789366129.715738 1313169 1071614 2810 1589 0 1309183 0 976411
1789366130.715618 1313169 1071614 2810 1589 0 1309183 0 976411
1789366131.715628 1313169 1071614 2810 1589 0 1309183 0 976411
1789366132.715633 1313169 1071614 2810 1589 0 1309183 0 976411
1789366133.715583 1313169 1071614 2810 1589 0 1309183 0 976411
1789366134.715589 1313169 1071614 2810 1589 0 1309183 0 976411
1789366135.715450 1313169 1071614 2810 1589 0 1309183 0 976411
1789366136.715445 1313169 1071614 2810 1589 0 1309183 0 976411
1789366137.715379 1313169 1071614 2810 1589 0 1309183 0 976411
1789366138.715670 1313169 1071614 2810 1589 0 1309183 0 976411
1789366139.715632 1313169 1071614 2810 1589 0 1309183 0 976411
1789366140.715557 1313169 1071614 2810 1589 0 1309183 0 976411
1789366141.724989 1313169 1071614 2810 1589 0 1309183 0 976411
1789366142.717916 1313169 1071614 2810 1589 0 1309183 0 976411
1789366143.715958 1313169 1071614 2810 1589 0 1309183 0 976411
1789366144.715762 1313169 1071614 2810 1589 0 1309183 0 976411
1789366145.715714 1313169 1071614 2810 1589 0 1309183 0 976411
1789366146.715672 1313169 1071614 2810 1589 0 1309183 0 976411
1789366147.715825 1313169 1071614 2810 1589 0 1309183 0 976411
1789366148.715832 1313169 1071614 2810 1589 0 1309183 0 976411
1789366149.715744 1313169 1071614 2810 1589 0 1309183 0 976411
1789366150.716507 1313169 1071614 2810 1589 0 1309183 0 976411
1789366151.715768 1313169 1071614 2810 1589 0 1309183 0 976411
1789366152.715738 1313169 1071614 2810 1589 0 1309183 0 976411
1789366153.715833 1313169 1071614 2810 1589 0 1309183 0 976411
1789366154.715651 1313169 1071614 2810 1589 0 1309183 0 976411
1789366155.715571 1313169 1071614 2810 1589 0 1309183 0 976411
1789366156.715906 1313169 1071614 2810 1589 0 1309183 0 976411
1789366157.715809 1313169 1071614 2810 1589 0 1309183 0 976411
1789366158.715780 1313169 1071631 2810 1589 0 1309183 0 976411
1789366159.716601 1313169 1071631 2810 1589 0 1309183 0 976411
1789366160.715648 1313169 1071631 2810 1589 0 1309183 0 976411
1789366161.716466 1313169 1071631 2810 1589 0 1309183 0 976411
1789366162.715746 1313169 1071631 2810 1589 0 1309183 0 976411
1789366163.715616 1313169 1071631 2810 1589 0 1309183 0 976411
1789366164.715820 1313169 1071631 2810 1589 0 1309183 0 976411
1789366165.715908 1313169 1071631 2810 1589 0 1309183 0 976411
1789366166.715729 1313169 1071631 2810 1589 0 1309183 0 976411
1789366167.715971 1313169 1071631 2810 1589 0 1309183 0 976411
1789366168.715801 1313169 1071631 2810 1589 0 1309183 0 976411
1789366169.715700 1313169 1071631 2810 1589 0 1309183 0 976411
1789366170.715707 1313169 1071631 2810 1589 0 1309183 0 976411
1789366171.715527 1313169 1071631 2810 1589 0 1309183 0 976411
1789366172.715578 1313169 1071631 2810 1589 0 1309183 0 976411
1789366173.716402 1313169 1071631 2810 1589 0 1309183 0 976411
1789366174.715792 1313169 1071631 2810 1589 0 1309183 0 976411
1789366175.716256 1313169 1071631 2810 1589 0 1309183 0 976411
1789366176.716106 1313169 1071631 2810 1589 0 1309183 0 976411
1789366177.715713 1313169 1071631 2810 1589 0 1309183 0 976411
1789366178.715680 1313169 1071631 2810 1589 0 1309183 0 976411
1789366179.716274 1313169 1071631 2810 1589 0 1309183 0 976411
1789366180.715797 1313169 1071631 2810 1589 0 1309183 0 976411
1789366181.715947 1313169 1071631 2810 1589 0 1309183 0 976411
1789366182.716530 1313169 1071631 2810 1589 0 1309183 0 976411
1789366183.716021 1313169 1071631 2810 1589 0 1309183 0 976411
1789366184.715905 1313169 1071631 2810 1589 0 1309183 0 976411
1789366185.715887 1313169 1071631 2810 1589 0 1309183 0 976411
1789366186.715846 1313169 1071631 2810 1589 0 1309183 0 976411
1789366187.715860 1313169 1071631 2810 1589 0 1309183 0 976411
1789366188.715855 1313169 1071631 2810 1589 0 1309183 0 976411
1789366189.715790 1313169 1071631 2810 1589 0 1309183 0 976411
1789366190.715928 1313169 1071631 2810 1589 0 1309183 0 976411
1789366191.716362 1313169 1071631 2810 1589 0 1309183 0 976411
1789366192.715907 1313169 1071631 2810 1589 0 1309183 0 976411
1789366193.715918 1313169 1071631 2810 1589 0 1309183 0 976411
1789366194.715638 1313169 1071631 2810 1589 0 1309183 0 976411
1789366195.715796 1313169 1071631 2810 1589 0 1309183 0 976411
1789366196.715928 1313169 1071631 2810 1589 0 1309183 0 976411
1789366197.715880 1313169 1071631 2810 1589 0 1309183 0 976411
1789366198.716372 1313169 1071631 2810 1589 0 1309183 0 976411
1789366199.715832 1313169 1071631 2810 1589 0 1309183 0 976411
1789366200.716800 1313169 1071631 2810 1589 0 1309183 0 976411
1789366201.715839 1313169 1071631 2810 1589 0 1309183 0 976411
1789366202.715863 1313169 1071631 2810 1589 0 1309183 0 976411
1789366203.715916 1313169 1071631 2810 1589 0 1309183 0 976411
1789366204.715920 1313169 1071631 2810 1589 0 1309183 0 976411
1789366205.715734 1313169 1071631 2810 1589 0 1309183 0 976411
1789366206.715809 1313169 1071631 2810 1589 0 1309183 0 976411
1789366207.715742 1313169 1071631 2810 1589 0 1309183 0 976411
1789366208.715922 1313169 1071631 2810 1589 0 1309183 0 976411
1789366209.715856 1313169 1071631 2810 1589 0 1309183 0 976411
1789366210.715919 1313169 1071631 2810 1589 0 1309183 0 976411
1789366211.715783 1313169 1071631 2810 1589 0 1309183 0 976411
1789366212.715994 1313169 1071631 2810 1589 0 1309183 0 976411
1789366213.715798 1313169 1071631 2810 1589 0 1309183 0 976411
1789366214.715853 1313169 1071631 2810 1589 0 1309183 0 976411
1789366215.715744 1313169 1071631 2810 1589 0 1309183 0 976411
1789366216.715756 1313169 1071631 2810 1589 0 1309183 0 976411
1789366217.716592 1313169 1071631 2810 1589 0 1309183 0 976411
1789366218.715994 1313169 1071631 2810 1589 0 1309183 0 976411
1789366219.716135 1313169 1071631 2810 1589 0 1309183 0 976411
1789366220.716031 1313169 1071631 2810 1589 0 1309183 0 976411
1789366221.716349 1313169 1071631 2810 1589 0 1309183 0 976411
1789366222.715822 1313169 1071631 2810 1589 0 1309183 0 976411
1789366223.715783 1313169 1071631 2810 1589 0 1309183 0 976411
1789366224.716243 1313169 1071631 2810 1589 0 1309183 0 976411
1789366225.716032 1313169 1071631 2810 1589 0 1309183 0 976411
1789366226.716321 1313169 1071631 2810 1589 0 1309183 0 976411
1789366227.715745 1313169 1071631 2810 1589 0 1309183 0 976411
1789366228.716083 1313169 1071631 2810 1589 0 1309183 0 976411
1789366229.716768 1313169 1071631 2810 1589 0 1309183 0 976411
1789366230.715746 1313169 1071631 2810 1589 0 1309183 0 976411
1789366231.715719 1313169 1071631 2810 1589 0 1309183 0 976411
1789366232.715823 1313169 1071631 2810 1589 0 1309183 0 976411
1789366233.715861 1313169 1071631 2810 1589 0 1309183 0 976411
1789366234.715939 1313169 1071631 2810 1589 0 1309183 0 976411
1789366235.715871 1313169 1071631 2810 1589 0 1309183 0 976411
1789366236.715883 1313169 1071631 2810 1589 0 1309183 0 976411
1789366237.715916 1313169 1071631 2810 1589 0 1309183 0 976411
1789366238.715743 1313169 1071631 2810 1589 0 1309183 0 976411
1789366239.716213 1313169 1071631 2810 1589 0 1309183 0 976411
1789366240.715777 1313169 1071631 2810 1589 0 1309183 0 976411
1789366241.715775 1313169 1071631 2810 1589 0 1309183 0 976411
1789366242.715699 1313169 1071631 2810 1589 0 1309183 0 976411
1789366243.715957 1313169 1071631 2810 1589 0 1309183 0 976411
1789366244.715879 1313169 1071631 2810 1589 0 1309183 0 976411
1789366245.715806 1313169 1071631 2810 1589 0 1309183 0 976411
1789366246.715845 1313169 1071631 2810 1589 0 1309183 0 976411
1789366247.715856 1313169 1071631 2810 1589 0 1309183 0 976411
1789366248.715792 1313169 1071631 2810 1589 0 1309183 0 976411
1789366249.715737 1313169 1071631 2810 1589 0 1309183 0 976411
1789366250.715746 1313169 1071631 2810 1589 0 1309183 0 976411
1789366251.715692 1313169 1071631 2810 1589 0 1309183 0 976411
1789366252.715839 1313169 1071631 2810 1589 0 1309183 0 976411
1789366253.715913 1313169 1071631 2810 1589 0 1309183 0 976411
1789366254.715850 1313169 1071631 2810 1589 0 1309183 0 976411
1789366255.715866 1313169 1071631 2810 1589 0 1309183 0 976411
1789366256.715906 1313169 1071631 2810 1589 0 1309183 0 976411
1789366257.715688 1313169 1071631 2810 1589 0 1309183 0 976411
1789366258.715925 1313169 1071631 2810 1589 0 1309183 0 976411
1789366259.715836 1313169 1071631 2810 1589 0 1309183 0 976411
1789366260.715747 1313169 1071631 2810 1589 0 1309183 0 976411
1789366261.715745 1313169 1071631 2810 1589 0 1309183 0 976411
1789366262.715770 1313169 1071631 2810 1589 0 1309183 0 976411
1789366263.715904 1313169 1071631 2810 1589 0 1309183 0 976411
1789366264.715813 1313169 1071631 2810 1589 0 1309183 0 976411
1789366265.715879 1313169 1071631 2810 1589 0 1309183 0 976411
1789366266.715922 1313169 1071631 2810 1589 0 1309183 0 976411
1789366267.715755 1313169 1071631 2810 1589 0 1309183 0 976411
1789366268.715773 1313169 1071631 2810 1589 0 1309183 0 976411
1789366269.715949 1313169 1071631 2810 1589 0 1309183 0 976411
1789366270.715860 1313169 1071631 2810 1589 0 1309183 0 976411
1789366271.715984 1313169 1071631 2810 1589 0 1309183 0 976411
1789366272.715889 1313169 1071631 2810 1589 0 1309183 0 976411
1789366273.715952 1313169 1071631 2810 1589 0 1309183 0 976411
1789366274.715898 1313169 1071631 2810 1589 0 1309183 0 976411
1789366275.715904 1313169 1071631 2810 1589 0 1309183 0 976411
1789366276.715746 1313169 1071631 2810 1589 0 1309183 0 976411
1789366277.715803 1313169 1071631 2810 1589 0 1309183 0 976411
1789366278.715965 1313169 1071631 2810 1589 0 1309183 0 976411
1789366279.715957 1313169 1071631 2810 1589 0 1309183 0 976411
1789366280.715887 1313169 1071631 2810 1589 0 1309183 0 976411
1789366281.715814 1313169 1071631 2810 1589 0 1309183 0 976411
1789366282.715937 1313169 1071631 2810 1589 0 1309183 0 976411
1789366283.715979 1313169 1071631 2810 1589 0 1309183 0 976411
1789366284.715865 1313169 1071631 2810 1589 0 1309183 0 976411
1789366285.715829 1313169 1071631 2810 1589 0 1309183 0 976411
1789366286.715809 1313169 1071631 2810 1589 0 1309183 0 976411
1789366287.715921 1313169 1071631 2810 1589 0 1309183 0 976411
1789366288.715988 1313169 1071631 2810 1589 0 1309183 0 976411
1789366289.715974 1313169 1071631 2810 1589 0 1309183 0 976411
1789366290.715941 1313169 1071631 2810 1589 0 1309183 0 976411
1789366291.715896 1313169 1071631 2810 1589 0 1309183 0 976411
1789366292.715829 1313169 1071631 2810 1589 0 1309183 0 976411
1789366293.715777 1313169 1071631 2810 1589 0 1309183 0 976411
1789366294.715669 1313169 1071631 2810 1589 0 1309183 0 976411
