# start_epoch=1791289050.907702  page_size=4096  cachestat=ok  fields=size,resident,shared,text,lib,data,dt,pagecache
1791289051.908006 260571 27814 8350 99 0 246458 0 1
1791289052.907991 260571 27814 8350 99 0 246458 0 1
1791289053.911233 3044743 115936 93893 99 0 260282 0 188108
1791289054.913295 3072268 229939 203371 99 0 287802 0 305814
1791289055.916036 3296543 220047 188475 99 0 293946 0 438655
1791289056.919163 3443403 322836 295339 99 0 293946 0 608103
1791289057.924560 3541437 300084 270768 99 0 295482 0 683743
1791289058.920487 3663471 351446 322130 99 0 295482 0 738501
1791289059.922967 3590926 296123 261884 99 0 298554 0 775437
1791289060.918399 3762611 375796 343769 99 0 298554 0 837877
1791289061.922484 3662169 269071 237797 99 0 298554 0 809522
1791289062.923326 3809044 351610 320343 99 0 298554 0 891917
1791289063.924116 3733424 281360 250086 99 0 298554 0 910051
1791289064.919116 3832557 346985 319198 99 0 302650 0 880322
1791289065.921536 3744905 232938 202664 99 0 302650 0 815280
1791289066.917804 3744905 273439 243160 99 0 302650 0 826540
1791289067.917909 3744905 316558 284230 99 0 302650 0 834248
1791289068.918013 3769731 348757 318475 99 0 302650 0 834250
1791289069.917663 3744905 376304 348167 99 0 302650 0 808627
1791289070.917744 3753595 423358 393087 99 0 302650 0 817616
1791289071.918056 3550634 75498 45220 99 0 302650 0 625804
1791289072.918512 3550634 115922 83595 99 0 302650 0 639988
1791289073.919706 3575460 161109 130916 99 0 302650 0 642696
1791289074.915587 3550634 170016 139798 99 0 302650 0 619621
1791289075.915300 3550634 212301 180011 99 0 302650 0 640452
1791289076.915984 3575460 262445 232655 99 0 302650 0 664821
1791289077.914777 3550634 273691 243731 99 0 302650 0 626004
1791289078.915200 3550634 312138 282178 99 0 302650 0 646606
1791289079.923578 3608725 394705 364745 99 0 302650 0 664826
1791289080.914676 3550634 375493 345533 99 0 302650 0 629625
1791289081.915022 3550634 411344 381384 99 0 302650 0 659622
1791289082.914921 3550634 438152 408190 99 0 302650 0 613743
1791289083.915318 3552423 39901 9407 99 0 304442 0 610464
1791289084.915312 3552423 39901 9407 99 0 304442 0 610464
1791289085.915112 3556520 39780 9407 99 0 308538 0 610464
1791289086.915028 3560617 39787 9407 99 0 312634 0 610464
1791289087.915264 3564714 40266 9407 99 0 316730 0 610464
1791289088.915682 3564714 40266 9407 99 0 316730 0 610464
1791289089.915325 3564714 40266 9407 99 0 316730 0 610464
1791289090.914961 3564714 40266 9407 99 0 316730 0 610464
1791289091.914863 3564714 40266 9407 99 0 316730 0 610464
1791289092.915195 3564714 40263 9407 99 0 316730 0 610464
