# start_epoch=1788189073.269235  page_size=4096  cachestat=ok  fields=size,resident,shared,text,lib,data,dt,pagecache
1788189074.275312 71564 34938 2770 1589 0 67583 0 95257
1788189075.278928 72332 42016 2771 1589 0 68351 0 140457
1788189076.282909 72332 42680 2771 1589 0 68351 0 154161
1788189077.281278 73228 41342 2819 1589 0 69247 0 187118
1788189078.286778 73228 35831 2819 1589 0 69247 0 201078
1788189079.284166 73228 45840 2819 1589 0 69247 0 226041
1788189080.285729 73228 46008 2819 1589 0 69247 0 257702
1788189081.286826 74252 44306 2819 1589 0 70271 0 275842
1788189082.288074 74252 45766 2819 1589 0 70271 0 289600
1788189083.289322 74252 42828 2819 1589 0 70271 0 315360
1788189084.291590 74252 46449 2819 1589 0 70271 0 348100
1788189085.290467 74252 48828 2819 1589 0 70271 0 335137
1788189086.293691 75532 49981 2819 1589 0 71551 0 380780
1788189087.294634 75532 50015 2819 1589 0 71551 0 400873
1788189088.297087 75532 50025 2819 1589 0 71551 0 440293
1788189089.298769 75532 50077 2819 1589 0 71551 0 453797
1788189090.299245 75532 49641 2819 1589 0 71551 0 473485
1788189091.294963 79629 33806 2819 1589 0 75647 0 464665
1788189092.292066 81165 34854 2819 1589 0 77183 0 463635
1788189093.291040 81165 34752 2819 1589 0 77183 0 441551
1788189094.290923 81165 34832 2819 1589 0 77183 0 441551
1788189095.291001 81165 35159 2819 1589 0 77183 0 441552
1788189096.290908 81165 34723 2819 1589 0 77183 0 441553
1788189097.290951 81165 34912 2819 1589 0 77183 0 441553
1788189098.291178 81165 35142 2819 1589 0 77183 0 441554
1788189099.291031 81165 35190 2819 1589 0 77183 0 441554
1788189100.291005 81165 35048 2819 1589 0 77183 0 441555
1788189101.291735 81165 35049 2819 1589 0 77183 0 456487
1788189102.290864 82957 36265 2819 1589 0 78975 0 441543
1788189103.290833 82957 35680 2819 1589 0 78975 0 441544
1788189104.290830 82957 35220 2819 1589 0 78975 0 441545
1788189105.290796 82957 35638 2819 1589 0 78975 0 441545
1788189106.290592 82957 35638 2819 1589 0 78975 0 435002
1788189107.290792 82957 35047 2819 1589 0 78975 0 441546
1788189108.290793 82957 35465 2819 1589 0 78975 0 441547
1788189109.290856 82957 35636 2819 1589 0 78975 0 441548
1788189110.289863 134670 103178 2835 1589 0 130687 0 423515
1788189111.289828 263694 205578 2835 1589 0 259711 0 423515
1788189112.289853 356878 304394 2835 1589 0 352895 0 423515
1788189113.289854 483342 405426 2835 1589 0 479359 0 423515
1788189114.289850 565262 505778 2835 1589 0 561279 0 423515
1788189115.289883 667662 602034 2835 1589 0 663679 0 423515
1788189116.289877 789518 703922 2835 1589 0 785535 0 423515
1788189117.289872 920590 805298 2835 1589 0 916607 0 423515
1788189118.289822 930831 849840 2835 1589 0 926847 0 423515
1788189119.289926 930831 849840 2835 1589 0 926847 0 423515
1788189120.289844 930831 849840 2835 1589 0 926847 0 423515
1788189121.289860 930831 849840 2835 1589 0 926847 0 423515
1788189122.289866 930831 849840 2835 1589 0 926847 0 423515
1788189123.289868 934928 849823 2835 1589 0 930943 0 423515
1788189124.289867 934928 849823 2835 1589 0 930943 0 423515
1788189125.289854 934928 849823 2835 1589 0 930943 0 423515
1788189126.290058 934928 849823 2835 1589 0 930943 0 423515
1788189127.289826 934928 849823 2835 1589 0 930943 0 423515
1788189128.289842 939025 849825 2835 1589 0 935039 0 423515
1788189129.289933 939025 849825 2835 1589 0 935039 0 423515
1788189130.289863 939025 849825 2835 1589 0 935039 0 423515
1788189131.289779 939025 849825 2835 1589 0 935039 0 423515
1788189132.289985 939025 849825 2835 1589 0 935039 0 423515
1788189133.289926 939025 849825 2835 1589 0 935039 0 423515
1788189134.289886 939025 849825 2835 1589 0 935039 0 423515
1788189135.289886 939025 849825 2835 1589 0 935039 0 423515
1788189136.289989 939025 849825 2835 1589 0 935039 0 423515
1788189137.289766 939025 849825 2835 1589 0 935039 0 423515
1788189138.289864 939025 849825 2835 1589 0 935039 0 423515
1788189139.289857 939025 849825 2835 1589 0 935039 0 423515
1788189140.289809 939025 849825 2835 1589 0 935039 0 423515
1788189141.289794 939025 849825 2835 1589 0 935039 0 423515
1788189142.289883 939025 849825 2835 1589 0 935039 0 423515
1788189143.289780 939025 850131 2835 1589 0 935039 0 423515
1788189144.289893 939025 850131 2835 1589 0 935039 0 423515
1788189145.289964 939025 850131 2835 1589 0 935039 0 423515
1788189146.289889 939025 850131 2835 1589 0 935039 0 423515
1788189147.289867 939025 850131 2835 1589 0 935039 0 423515
1788189148.289847 939025 850131 2835 1589 0 935039 0 423515
1788189149.293587 939025 850131 2835 1589 0 935039 0 423515
1788189150.291916 939025 850131 2835 1589 0 935039 0 423515
1788189151.289871 939025 850131 2835 1589 0 935039 0 423515
1788189152.289906 939025 850131 2835 1589 0 935039 0 423515
1788189153.290479 939025 850131 2835 1589 0 935039 0 423515
1788189154.289898 939025 850131 2835 1589 0 935039 0 423515
1788189155.290719 939025 850131 2835 1589 0 935039 0 423515
1788189156.289842 939025 850131 2835 1589 0 935039 0 423515
1788189157.289855 939025 850131 2835 1589 0 935039 0 423515
1788189158.289935 939025 850131 2835 1589 0 935039 0 423515
1788189159.289895 939025 850131 2835 1589 0 935039 0 423515
1788189160.289835 939025 850131 2835 1589 0 935039 0 423515
1788189161.290521 939025 850131 2835 1589 0 935039 0 423515
1788189162.289877 939025 850131 2835 1589 0 935039 0 423515
1788189163.289876 939025 850131 2835 1589 0 935039 0 423515
1788189164.289866 939025 850131 2835 1589 0 935039 0 423515
1788189165.289861 939025 850131 2835 1589 0 935039 0 423515
1788189166.289875 939025 850131 2835 1589 0 935039 0 423515
1788189167.289851 939025 850131 2835 1589 0 935039 0 423515
1788189168.289805 939025 850131 2835 1589 0 935039 0 423515
1788189169.289906 939025 850131 2835 1589 0 935039 0 423515
1788189170.289829 939025 850131 2835 1589 0 935039 0 423515
1788189171.289971 939025 850131 2835 1589 0 935039 0 423515
1788189172.289807 939025 850131 2835 1589 0 935039 0 423515
1788189173.289850 939025 850131 2835 1589 0 935039 0 423515
1788189174.292726 939025 850131 2835 1589 0 935039 0 423515
1788189175.289888 939025 850131 2835 1589 0 935039 0 423515
1788189176.289883 939025 850131 2835 1589 0 935039 0 423515
1788189177.289969 939025 850131 2835 1589 0 935039 0 423515
1788189178.290067 939025 850131 2835 1589 0 935039 0 423515
1788189179.290256 939025 850131 2835 1589 0 935039 0 423515
1788189180.289832 939025 850131 2835 1589 0 935039 0 423515
1788189181.289850 939025 850131 2835 1589 0 935039 0 423515
1788189182.289827 939025 850131 2835 1589 0 935039 0 423515
1788189183.289831 939025 850131 2835 1589 0 935039 0 423515
1788189184.289877 939025 850131 2835 1589 0 935039 0 423515
1788189185.289878 939025 850131 2835 1589 0 935039 0 423515
1788189186.289848 939025 850131 2835 1589 0 935039 0 423515
1788189187.289862 939025 850131 2835 1589 0 935039 0 423515
1788189188.289891 939025 850131 2835 1589 0 935039 0 423515
1788189189.289905 939025 850131 2835 1589 0 935039 0 423515
1788189190.289926 939025 850131 2835 1589 0 935039 0 423515
1788189191.289862 939025 850131 2835 1589 0 935039 0 423515
1788189192.289795 939025 850131 2835 1589 0 935039 0 423515
1788189193.289848 939025 850131 2835 1589 0 935039 0 423515
1788189194.289837 939025 850133 2835 1589 0 935039 0 423515
1788189195.289928 939025 850133 2835 1589 0 935039 0 423515
1788189196.290031 939025 850133 2835 1589 0 935039 0 423515
1788189197.289864 939025 850133 2835 1589 0 935039 0 423515
1788189198.289873 939025 850133 2835 1589 0 935039 0 423515
1788189199.289871 939025 850133 2835 1589 0 935039 0 423515
1788189200.289829 939025 850133 2835 1589 0 935039 0 423515
1788189201.289833 939025 850133 2835 1589 0 935039 0 423515
1788189202.289845 939025 850133 2835 1589 0 935039 0 423515
1788189203.289795 939025 850133 2835 1589 0 935039 0 423515
1788189204.290063 939025 850133 2835 1589 0 935039 0 423515
1788189205.289841 939025 850636 2835 1589 0 935039 0 423515
1788189206.289827 939025 850636 2835 1589 0 935039 0 423515
1788189207.289868 939025 850636 2835 1589 0 935039 0 423515
1788189208.289840 939025 850636 2835 1589 0 935039 0 423515
1788189209.289929 939025 850636 2835 1589 0 935039 0 423515
1788189210.289842 939025 850636 2835 1589 0 935039 0 423515
1788189211.289796 939025 850636 2835 1589 0 935039 0 423515
1788189212.289844 939025 850636 2835 1589 0 935039 0 423515
1788189213.289828 939025 850636 2835 1589 0 935039 0 423515
1788189214.289882 939025 850636 2835 1589 0 935039 0 423515
1788189215.290046 939025 850674 2835 1589 0 935039 0 423515
1788189216.289804 939025 850674 2835 1589 0 935039 0 423515
1788189217.292699 939025 850674 2835 1589 0 935039 0 423515
1788189218.289832 939025 850674 2835 1589 0 935039 0 423515
1788189219.290023 939025 850674 2835 1589 0 935039 0 423515
1788189220.289823 939025 850674 2835 1589 0 935039 0 423515
1788189221.289841 939025 850674 2835 1589 0 935039 0 423515
1788189222.289839 939025 850674 2835 1589 0 935039 0 423515
1788189223.289838 939025 850674 2835 1589 0 935039 0 423515
1788189224.289845 939025 850674 2835 1589 0 935039 0 423515
1788189225.289896 939025 850674 2835 1589 0 935039 0 423515
1788189226.289883 939025 850674 2835 1589 0 935039 0 423515
1788189227.289890 939025 850674 2835 1589 0 935039 0 423515
1788189228.289873 939025 850674 2835 1589 0 935039 0 423515
1788189229.289882 939025 850674 2835 1589 0 935039 0 423515
1788189230.289839 939025 850674 2835 1589 0 935039 0 423515
1788189231.290663 939025 850674 2835 1589 0 935039 0 423515
1788189232.289786 939025 850674 2835 1589 0 935039 0 423515
1788189233.290754 939025 850674 2835 1589 0 935039 0 423515
1788189234.289822 939025 850674 2835 1589 0 935039 0 423515
1788189235.289861 939025 850674 2835 1589 0 935039 0 423515
1788189236.289860 939025 850674 2835 1589 0 935039 0 423515
1788189237.289867 939025 850674 2835 1589 0 935039 0 423515
1788189238.289888 939025 850674 2835 1589 0 935039 0 423515
1788189239.289926 939025 850674 2835 1589 0 935039 0 423515
1788189240.289908 939025 850674 2835 1589 0 935039 0 423515
1788189241.289833 939025 850674 2835 1589 0 935039 0 423515
1788189242.289832 939025 850674 2835 1589 0 935039 0 423515
1788189243.289866 939025 850674 2835 1589 0 935039 0 423515
1788189244.289839 939025 850674 2835 1589 0 935039 0 423515
1788189245.289891 939025 850674 2835 1589 0 935039 0 423515
1788189246.289870 939025 850674 2835 1589 0 935039 0 423515
1788189247.292746 939025 850674 2835 1589 0 935039 0 423515
1788189248.289843 939025 850674 2835 1589 0 935039 0 423515
1788189249.290149 939025 850674 2835 1589 0 935039 0 423515
1788189250.289832 939025 850674 2835 1589 0 935039 0 423515
1788189251.289835 939025 850674 2835 1589 0 935039 0 423515
1788189252.289832 939025 850674 2835 1589 0 935039 0 423515
1788189253.289859 939025 850674 2835 1589 0 935039 0 423515
1788189254.289864 939025 850674 2835 1589 0 935039 0 423515
1788189255.289866 939025 850674 2835 1589 0 935039 0 423515
1788189256.289854 939025 850674 2835 1589 0 935039 0 423515
1788189257.289905 939025 850674 2835 1589 0 935039 0 423515
1788189258.289937 939025 850674 2835 1589 0 935039 0 423515
1788189259.289907 939025 850674 2835 1589 0 935039 0 423515
1788189260.289880 939025 850674 2835 1589 0 935039 0 423515
1788189261.289868 939025 850674 2835 1589 0 935039 0 423515
1788189262.289844 939025 850674 2835 1589 0 935039 0 423515
1788189263.289889 939025 850674 2835 1589 0 935039 0 423515
1788189264.289843 939025 850674 2835 1589 0 935039 0 423515
1788189265.289890 939025 850674 2835 1589 0 935039 0 423515
1788189266.289849 939025 850674 2835 1589 0 935039 0 423515
1788189267.289861 939025 850674 2835 1589 0 935039 0 423515
1788189268.289921 939025 850674 2835 1589 0 935039 0 423515
1788189269.289925 939025 850674 2835 1589 0 935039 0 423515
1788189270.289887 939025 850674 2835 1589 0 935039 0 423515
1788189271.289885 939025 850674 2835 1589 0 935039 0 423515
1788189272.289879 939025 850674 2835 1589 0 935039 0 423515
1788189273.289855 939025 850674 2835 1589 0 935039 0 423515
1788189274.290013 939025 850674 2835 1589 0 935039 0 423515
1788189275.289854 939025 850674 2835 1589 0 935039 0 423515
1788189276.289826 939025 850674 2835 1589 0 935039 0 423515
1788189277.291383 939025 850674 2835 1589 0 935039 0 423515
1788189278.290000 939025 850674 2835 1589 0 935039 0 423515
1788189279.290084 939025 850674 2835 1589 0 935039 0 423515
1788189280.289850 939025 850674 2835 1589 0 935039 0 423515
1788189281.289877 939025 850674 2835 1589 0 935039 0 423515
