# start_epoch=1788188805.012069  page_size=4096  cachestat=ok  fields=size,resident,shared,text,lib,data,dt,pagecache
1788188806.013347 46988 25589 2610 1589 0 43007 0 19053
1788188807.014133 56844 29444 2770 1589 0 52863 0 31243
1788188808.014812 57612 32167 2770 1589 0 53631 0 43430
1788188809.015527 57612 30184 2834 1589 0 53631 0 55635
1788188810.016709 57612 36266 2850 1589 0 53631 0 72027
1788188811.019736 59020 31937 2850 1589 0 55039 0 105658
1788188812.016796 59020 30918 2851 1589 0 55039 0 78762
1788188813.017514 59020 32966 2851 1589 0 55039 0 90950
1788188814.018183 59020 31817 2851 1589 0 55039 0 103138
1788188815.026027 59916 30531 2851 1589 0 55935 0 133351
1788188816.019843 59916 30494 2851 1589 0 55935 0 133352
1788188817.021201 59916 32742 2851 1589 0 55935 0 145539
1788188818.034411 59916 37300 2851 1589 0 55935 0 175557
1788188819.029872 59916 34018 2851 1589 0 55935 0 156085
1788188820.021782 59916 31280 2851 1589 0 55935 0 147699
1788188821.023441 59916 29825 2851 1589 0 55935 0 195933
1788188822.026167 60812 35973 2851 1589 0 56831 0 222122
1788188823.023735 60812 33181 2851 1589 0 56831 0 205950
1788188824.022404 60812 36841 2851 1589 0 56831 0 179341
1788188825.021532 60812 32729 2851 1589 0 56831 0 191529
1788188826.025887 60812 32472 2851 1589 0 56831 0 239762
1788188827.027005 60812 38457 2851 1589 0 56831 0 251950
1788188828.028401 60812 35991 2851 1589 0 56831 0 276609
1788188829.024870 61836 35424 2851 1589 0 57855 0 224542
1788188830.025616 61836 29750 2851 1589 0 57855 0 236729
1788188831.028121 61836 32167 2851 1589 0 57855 0 284962
1788188832.034917 61836 37220 2851 1589 0 57855 0 315172
1788188833.030693 61836 33620 2851 1589 0 57855 0 297150
1788188834.030045 61836 34469 2851 1589 0 57855 0 286573
1788188835.030627 61836 34550 2851 1589 0 57855 0 295895
1788188836.029681 61836 36752 2851 1589 0 57855 0 301960
1788188837.032311 61836 34007 2851 1589 0 57855 0 323237
1788188838.033051 63116 37519 2851 1589 0 59135 0 335425
1788188839.033709 63116 28857 2851 1589 0 59135 0 350843
1788188840.033140 63116 37422 2851 1589 0 59135 0 337287
1788188841.036720 63116 37696 2851 1589 0 59135 0 365519
1788188842.034232 63116 31705 2851 1589 0 59135 0 357909
1788188843.033371 63116 37838 2851 1589 0 59135 0 346046
1788188844.036552 63116 32747 2851 1589 0 59135 0 386069
1788188845.035569 63116 35026 2851 1589 0 59135 0 375037
1788188846.038251 63116 38621 2851 1589 0 59135 0 446076
1788188847.040145 63116 35382 2851 1589 0 59135 0 404776
1788188848.035072 63116 37454 2851 1589 0 59135 0 408831
1788188849.035626 63116 33000 2851 1589 0 59135 0 421021
1788188850.036401 63116 39239 2851 1589 0 59135 0 433210
1788188851.039507 63116 39631 2851 1589 0 59135 0 462718
1788188852.039060 63116 37178 2851 1589 0 59135 0 445879
1788188853.039499 63116 37305 2851 1589 0 59135 0 449405
1788188854.035839 63116 35589 2851 1589 0 59135 0 416350
1788188855.038567 63116 37961 2851 1589 0 59135 0 464585
1788188856.039046 63116 34974 2851 1589 0 59135 0 476770
1788188857.040266 63116 39588 2851 1589 0 59135 0 488960
1788188858.041875 63116 39221 2851 1589 0 59135 0 515317
1788188859.043271 63116 37102 2851 1589 0 59135 0 528172
1788188860.040539 63116 40849 2851 1589 0 59135 0 483790
1788188861.040241 63116 36737 2851 1589 0 59135 0 501863
1788188862.041647 63116 41417 2851 1589 0 59135 0 519732
1788188863.042422 63116 39361 2851 1589 0 59135 0 531921
1788188864.043794 63116 39873 2851 1589 0 59135 0 542267
1788188865.047714 63116 40559 2851 1589 0 59135 0 564687
1788188866.041851 63116 38513 2851 1589 0 59135 0 527265
1788188867.041255 63116 39976 2851 1589 0 59135 0 520084
1788188868.043106 64652 35712 2851 1589 0 60671 0 539181
1788188869.048528 64652 36489 2851 1589 0 60671 0 615686
1788188870.043714 64652 35956 2851 1589 0 60671 0 563656
1788188871.044849 64652 36209 2851 1589 0 60671 0 575846
1788188872.044783 64652 40557 2851 1589 0 60671 0 579395
1788188873.047302 64652 34387 2851 1589 0 60671 0 600224
1788188874.056503 64652 39315 2851 1589 0 60671 0 762197
1788188875.049336 70796 40182 2851 1589 0 66815 0 597004
1788188876.044927 70796 35062 2851 1589 0 66815 0 584787
1788188877.045440 70796 37048 2851 1589 0 66815 0 592137
1788188878.046640 70796 35758 2851 1589 0 66815 0 602684
1788188879.049192 70796 40368 2851 1589 0 66815 0 633741
1788188880.051233 70796 37513 2851 1589 0 66815 0 636081
1788188881.048469 70796 30469 2851 1589 0 66815 0 641033
1788188882.049354 70796 35316 2851 1589 0 66815 0 653222
1788188883.053730 70796 38211 2851 1589 0 66815 0 648159
1788188884.047258 70796 32954 2851 1589 0 66815 0 624147
1788188885.041563 74893 31126 2851 1589 0 70911 0 616799
1788188886.040841 74893 30858 2851 1589 0 70911 0 603782
1788188887.040748 74893 31109 2851 1589 0 70911 0 603783
1788188888.042011 74893 31060 2851 1589 0 70911 0 613978
1788188889.041885 74893 30834 2851 1589 0 70911 0 613980
1788188890.041925 74893 30634 2851 1589 0 70911 0 613980
1788188891.041863 74893 30892 2851 1589 0 70911 0 613981
1788188892.040568 74893 31237 2851 1589 0 70911 0 584810
1788188893.040305 74893 31162 2851 1589 0 70911 0 579425
1788188894.039887 74893 31165 2851 1589 0 70911 0 571530
1788188895.039543 74893 31125 2851 1589 0 70911 0 563084
1788188896.040744 74893 31237 2851 1589 0 70911 0 587504
1788188897.040663 74893 31249 2851 1589 0 70911 0 587505
1788188898.040296 74893 31198 2851 1589 0 70911 0 578263
1788188899.040659 74893 31532 2851 1589 0 70911 0 587507
1788188900.040692 74893 31432 2851 1589 0 70911 0 587508
1788188901.039898 74893 31435 2851 1589 0 70911 0 570502
1788188902.040518 74893 31281 2851 1589 0 70911 0 587510
1788188903.040344 74893 31281 2851 1589 0 70911 0 587511
1788188904.040694 74893 31312 2851 1589 0 70911 0 587512
1788188905.040718 74893 30912 2851 1589 0 70911 0 587513
1788188906.037373 76685 32862 2851 1589 0 72703 0 518103
1788188907.037259 76685 32674 2851 1589 0 72703 0 518103
1788188908.035869 121230 80331 2867 1589 0 117247 0 488717
1788188909.035863 229262 195531 2867 1589 0 225279 0 488717
1788188910.035847 357774 308683 2867 1589 0 353791 0 488717
1788188911.035858 484238 421835 2867 1589 0 480255 0 488717
1788188912.036294 570254 534475 2867 1589 0 566271 0 488717
1788188913.038770 672655 541097 2867 1589 0 668671 0 488717
1788188914.035881 672655 541097 2867 1589 0 668671 0 488717
1788188915.035828 672655 541097 2867 1589 0 668671 0 488717
1788188916.036108 676752 541101 2867 1589 0 672767 0 488717
1788188917.035805 676752 541101 2867 1589 0 672767 0 488717
1788188918.036091 676752 541101 2867 1589 0 672767 0 488717
1788188919.035850 680849 541101 2867 1589 0 676863 0 488717
1788188920.035864 680849 541101 2867 1589 0 676863 0 488717
1788188921.035825 680849 541101 2867 1589 0 676863 0 488717
1788188922.035826 680849 541101 2867 1589 0 676863 0 488717
1788188923.036111 680849 541101 2867 1589 0 676863 0 488717
1788188924.035839 680849 541101 2867 1589 0 676863 0 488717
1788188925.035849 680849 541101 2867 1589 0 676863 0 488717
1788188926.035809 680849 541101 2867 1589 0 676863 0 488717
1788188927.035813 680849 541101 2867 1589 0 676863 0 488717
1788188928.035794 680849 541101 2867 1589 0 676863 0 488717
1788188929.035793 680849 541101 2867 1589 0 676863 0 488717
1788188930.035788 680849 541101 2867 1589 0 676863 0 488717
1788188931.035799 680849 541101 2867 1589 0 676863 0 488717
1788188932.035798 680849 541101 2867 1589 0 676863 0 488717
1788188933.035899 680849 541101 2867 1589 0 676863 0 488717
1788188934.036114 680849 541101 2867 1589 0 676863 0 488717
1788188935.035912 680849 541101 2867 1589 0 676863 0 488717
1788188936.035830 680849 541101 2867 1589 0 676863 0 488717
1788188937.035815 680849 541101 2867 1589 0 676863 0 488717
1788188938.036110 680849 541101 2867 1589 0 676863 0 488717
1788188939.035858 680849 541101 2867 1589 0 676863 0 488717
1788188940.036256 680849 541101 2867 1589 0 676863 0 488717
1788188941.036073 680849 541101 2867 1589 0 676863 0 488717
1788188942.035857 680849 541101 2867 1589 0 676863 0 488717
1788188943.036238 680849 541101 2867 1589 0 676863 0 488717
1788188944.035786 680849 541101 2867 1589 0 676863 0 488717
1788188945.036025 680849 541101 2867 1589 0 676863 0 488717
1788188946.035915 680849 541101 2867 1589 0 676863 0 488717
1788188947.036177 680849 541101 2867 1589 0 676863 0 488717
1788188948.035851 680849 541101 2867 1589 0 676863 0 488717
1788188949.035811 680849 541101 2867 1589 0 676863 0 488717
1788188950.035714 680849 541101 2867 1589 0 676863 0 488717
1788188951.037782 680849 541101 2867 1589 0 676863 0 488717
1788188952.035782 680849 541101 2867 1589 0 676863 0 488717
1788188953.035844 680849 541101 2867 1589 0 676863 0 488717
1788188954.035848 680849 541101 2867 1589 0 676863 0 488717
1788188955.035873 680849 541101 2867 1589 0 676863 0 488717
1788188956.035915 680849 541101 2867 1589 0 676863 0 488717
1788188957.035887 680849 541101 2867 1589 0 676863 0 488717
1788188958.035882 680849 541101 2867 1589 0 676863 0 488717
1788188959.035858 680849 541101 2867 1589 0 676863 0 488717
1788188960.035803 680849 541101 2867 1589 0 676863 0 488717
1788188961.035861 680849 541101 2867 1589 0 676863 0 488717
1788188962.035999 680849 541101 2867 1589 0 676863 0 488717
1788188963.035839 680849 541101 2867 1589 0 676863 0 488717
1788188964.035840 680849 541101 2867 1589 0 676863 0 488717
1788188965.035903 680849 541101 2867 1589 0 676863 0 488717
1788188966.035875 680849 541101 2867 1589 0 676863 0 488717
1788188967.035869 680849 541101 2867 1589 0 676863 0 488717
1788188968.035856 680849 541101 2867 1589 0 676863 0 488717
1788188969.035879 680849 541101 2867 1589 0 676863 0 488717
1788188970.035728 680849 541101 2867 1589 0 676863 0 488717
1788188971.035861 680849 541101 2867 1589 0 676863 0 488717
1788188972.035866 680849 541101 2867 1589 0 676863 0 488717
1788188973.035882 680849 541101 2867 1589 0 676863 0 488717
1788188974.035907 680849 541101 2867 1589 0 676863 0 488717
1788188975.035820 680849 541101 2867 1589 0 676863 0 488717
1788188976.035842 680849 541101 2867 1589 0 676863 0 488717
1788188977.035854 680849 541101 2867 1589 0 676863 0 488717
1788188978.035819 680849 541101 2867 1589 0 676863 0 488717
1788188979.036130 680849 541101 2867 1589 0 676863 0 488717
1788188980.036976 680849 541101 2867 1589 0 676863 0 488717
1788188981.035973 680849 541101 2867 1589 0 676863 0 488717
1788188982.035826 680849 541101 2867 1589 0 676863 0 488717
1788188983.035876 680849 541101 2867 1589 0 676863 0 488717
1788188984.035903 680849 541101 2867 1589 0 676863 0 488717
1788188985.035865 680849 541101 2867 1589 0 676863 0 488717
1788188986.035880 680849 541101 2867 1589 0 676863 0 488717
1788188987.035899 680849 541101 2867 1589 0 676863 0 488717
1788188988.035893 680849 541101 2867 1589 0 676863 0 488717
1788188989.035873 680849 541101 2867 1589 0 676863 0 488717
1788188990.037039 680849 541101 2867 1589 0 676863 0 488717
1788188991.035841 680849 541101 2867 1589 0 676863 0 488717
1788188992.035819 680849 541101 2867 1589 0 676863 0 488717
1788188993.035838 680849 541101 2867 1589 0 676863 0 488717
1788188994.035836 680849 541101 2867 1589 0 676863 0 488717
1788188995.035867 680849 541101 2867 1589 0 676863 0 488717
1788188996.035873 680849 541101 2867 1589 0 676863 0 488717
1788188997.035886 680849 541101 2867 1589 0 676863 0 488717
1788188998.046094 680849 541101 2867 1589 0 676863 0 488717
1788188999.035840 680849 541101 2867 1589 0 676863 0 488717
1788189000.036980 680849 541101 2867 1589 0 676863 0 488717
1788189001.035925 680849 541101 2867 1589 0 676863 0 488717
1788189002.035810 680849 541101 2867 1589 0 676863 0 488717
1788189003.035833 680849 541101 2867 1589 0 676863 0 488717
1788189004.035831 680849 541101 2867 1589 0 676863 0 488717
1788189005.035799 680849 541101 2867 1589 0 676863 0 488717
1788189006.035869 680849 541101 2867 1589 0 676863 0 488717
1788189007.035897 680849 541101 2867 1589 0 676863 0 488717
1788189008.036034 680849 541101 2867 1589 0 676863 0 488717
1788189009.035876 680849 541101 2867 1589 0 676863 0 488717
1788189010.036792 680849 541101 2867 1589 0 676863 0 488717
1788189011.035826 680849 541101 2867 1589 0 676863 0 488717
1788189012.035823 680849 541101 2867 1589 0 676863 0 488717
1788189013.035821 680849 541101 2867 1589 0 676863 0 488717
1788189014.035975 680849 541101 2867 1589 0 676863 0 488717
1788189015.035857 680849 541101 2867 1589 0 676863 0 488717
1788189016.035832 680849 541101 2867 1589 0 676863 0 488717
1788189017.035800 680849 541101 2867 1589 0 676863 0 488717
1788189018.035823 680849 541101 2867 1589 0 676863 0 488717
1788189019.035842 680849 541101 2867 1589 0 676863 0 488717
1788189020.035828 680849 541101 2867 1589 0 676863 0 488717
1788189021.035849 680849 541101 2867 1589 0 676863 0 488717
1788189022.035864 680849 541101 2867 1589 0 676863 0 488717
1788189023.035741 680849 541101 2867 1589 0 676863 0 488717
1788189024.035840 680849 541101 2867 1589 0 676863 0 488717
1788189025.035856 680849 541101 2867 1589 0 676863 0 488717
1788189026.035823 680849 541101 2867 1589 0 676863 0 488717
1788189027.035834 680849 541101 2867 1589 0 676863 0 488717
1788189028.035887 680849 541101 2867 1589 0 676863 0 488717
1788189029.035841 680849 541101 2867 1589 0 676863 0 488717
1788189030.035865 680849 541101 2867 1589 0 676863 0 488717
1788189031.035737 680849 541101 2867 1589 0 676863 0 488717
1788189032.035839 680849 541101 2867 1589 0 676863 0 488717
1788189033.035829 680849 541101 2867 1589 0 676863 0 488717
1788189034.035805 680849 541101 2867 1589 0 676863 0 488717
1788189035.035920 680849 541101 2867 1589 0 676863 0 488717
1788189036.035954 680849 541101 2867 1589 0 676863 0 488717
1788189037.035830 680849 541101 2867 1589 0 676863 0 488717
1788189038.035800 680849 541101 2867 1589 0 676863 0 488717
1788189039.035881 680849 541101 2867 1589 0 676863 0 488717
1788189040.036245 680849 541101 2867 1589 0 676863 0 488717
1788189041.036032 680849 541101 2867 1589 0 676863 0 488717
1788189042.035851 680849 541101 2867 1589 0 676863 0 488717
1788189043.035795 680849 541101 2867 1589 0 676863 0 488717
1788189044.035872 680849 541101 2867 1589 0 676863 0 488717
1788189045.035777 680849 541101 2867 1589 0 676863 0 488717
1788189046.035788 680849 541101 2867 1589 0 676863 0 488717
1788189047.037881 680849 541101 2867 1589 0 676863 0 488717
1788189048.035927 680849 541101 2867 1589 0 676863 0 488717
1788189049.035909 680849 541101 2867 1589 0 676863 0 488717
1788189050.035961 680849 541101 2867 1589 0 676863 0 488717
1788189051.035958 680849 541101 2867 1589 0 676863 0 488717
1788189052.035909 680849 541101 2867 1589 0 676863 0 488717
1788189053.035853 680849 541101 2867 1589 0 676863 0 488717
1788189054.035888 680849 541101 2867 1589 0 676863 0 488717
1788189055.036073 680849 541101 2867 1589 0 676863 0 488717
1788189056.035797 680849 541101 2867 1589 0 676863 0 488717
1788189057.035862 680849 541101 2867 1589 0 676863 0 488717
1788189058.035837 680849 541101 2867 1589 0 676863 0 488717
1788189059.035855 680849 541101 2867 1589 0 676863 0 488717
1788189060.035874 680849 541101 2867 1589 0 676863 0 488717
1788189061.035783 680849 541101 2867 1589 0 676863 0 488717
1788189062.035829 680849 541101 2867 1589 0 676863 0 488717
1788189063.035981 680849 541101 2867 1589 0 676863 0 488717
1788189064.035798 680849 541101 2867 1589 0 676863 0 488717
1788189065.035787 680849 541101 2867 1589 0 676863 0 488717
1788189066.035803 680849 541101 2867 1589 0 676863 0 488717
1788189067.035804 680849 541101 2867 1589 0 676863 0 488717
1788189068.035799 680849 541101 2867 1589 0 676863 0 488717
1788189069.035836 680849 541101 2867 1589 0 676863 0 488717
1788189070.035814 680849 541101 2867 1589 0 676863 0 488717
1788189071.035795 680849 541101 2867 1589 0 676863 0 488717
1788189072.035760 680849 541101 2867 1589 0 676863 0 488717
