# start_epoch=1786189801.854655  page_size=4096  cachestat=ok  fields=size,resident,shared,text,lib,data,dt,pagecache
1786189802.854934 262500 28164 8177 99 0 248506 0 1
1786189803.854861 262500 28164 8177 99 0 248506 0 1
1786189804.857931 2932278 69958 49841 99 0 258106 0 53399
1786189805.860412 2955832 87599 67499 99 0 258106 0 93335
1786189806.861320 2979012 81926 61848 99 0 258106 0 115198
1786189807.866356 3067302 143047 122982 99 0 258106 0 190570
1786189808.863856 3075135 143006 122940 99 0 258106 0 196705
1786189809.867263 3084467 113042 93019 99 0 258106 0 219254
1786189810.869963 3121117 170901 150878 99 0 258106 0 261191
1786189811.871748 3154765 165022 145030 99 0 258106 0 283593
1786189812.873558 3192970 211742 191750 99 0 258106 0 333041
1786189813.872805 3200589 178054 158059 99 0 258106 0 319453
1786189814.873216 3200589 190108 170113 99 0 258106 0 324022
1786189815.874177 3216654 111525 91565 99 0 258106 0 338817
1786189816.893180 3248484 185690 165730 99 0 258106 0 384361
1786189817.881404 3319588 244365 224597 99 0 258106 0 437009
1786189818.884748 3283655 178364 158595 99 0 258106 0 403744
1786189819.884307 3283655 184166 164390 99 0 258106 0 413014
1786189820.881046 3375211 177938 158205 99 0 258106 0 467090
1786189821.900794 3296003 148160 128427 99 0 258106 0 448986
1786189822.882214 3349020 166227 146613 99 0 258106 0 476857
1786189823.882877 3366931 179712 160098 99 0 258106 0 479512
1786189824.882664 3366931 204235 184618 99 0 258106 0 497149
1786189825.882476 3310137 40440 20883 99 0 258106 0 440813
1786189826.886767 3396399 131749 112192 99 0 258106 0 532955
1786189827.888605 3407802 181411 161854 99 0 258106 0 550499
1786189828.919046 3437771 191302 170499 99 0 259642 0 581463
1786189829.901203 3493025 234296 213436 99 0 280122 0 597247
1786189830.920261 3517387 295645 274791 99 0 280122 0 632250
1786189831.892023 3400228 117959 97841 99 0 280122 0 528899
1786189832.893404 3499694 215263 195181 99 0 280122 0 620015
1786189833.927525 3474518 176728 155926 99 0 280122 0 604960
1786189834.902454 3543804 268827 246484 99 0 281658 0 651062
1786189835.898835 3596301 243827 221660 99 0 281658 0 709599
1786189836.891220 3504365 176549 154308 99 0 281658 0 605903
1786189837.894947 3549925 260238 239141 99 0 281658 0 659355
1786189838.906192 3567429 214283 193175 99 0 281658 0 663103
1786189839.910109 3590950 274967 252742 99 0 281658 0 705549
1786189840.902851 3658075 267343 245152 99 0 281658 0 781494
1786189841.925253 3741123 376317 354125 99 0 281658 0 864960
1786189842.899998 3599553 223932 202801 99 0 281658 0 732302
1786189843.912407 3613722 209509 186846 99 0 283194 0 708248
1786189844.916850 3643580 262322 238120 99 0 284730 0 752339
1786189845.917830 3666228 326278 302819 99 0 284730 0 785776
1786189846.904728 3740320 286672 263255 99 0 284730 0 834636
1786189847.898097 3577701 129736 106318 99 0 284730 0 699893
1786189848.927975 3655047 231431 208013 99 0 284730 0 773753
1786189849.911779 3632523 193577 171498 99 0 284730 0 756233
1786189850.912838 3669173 269723 245819 99 0 284730 0 790020
1786189851.901546 3695115 211116 187239 99 0 284730 0 798939
1786189852.947718 3719648 247386 223508 99 0 284730 0 803491
1786189853.916521 3708744 247518 223634 99 0 284730 0 813061
1786189854.920374 3708744 289211 265323 99 0 284730 0 805430
1786189855.908651 3840198 307077 283231 99 0 284730 0 931402
1786189856.913493 3902251 404263 382228 99 0 284730 0 1022267
1786189857.906982 3761865 240467 219578 99 0 284730 0 857998
1786189858.922796 3749435 239695 216648 99 0 284730 0 850174
1786189859.925407 3779475 293679 270626 99 0 284730 0 874256
1786189860.925064 3765399 343155 320101 99 0 284730 0 892485
1786189861.904807 3739231 158524 135492 99 0 284730 0 838334
1786189862.904803 3743542 173078 151862 99 0 284730 0 833024
1786189863.907368 4843902 239719 218507 99 0 284730 0 872335
1786189864.957681 3746879 191868 169937 99 0 284730 0 880839
1786189865.905399 3799659 262696 240757 99 0 284730 0 905662
1786189866.913828 3883914 276652 253657 99 0 284730 0 1003096
1786189867.923157 3953719 379405 356756 99 0 284730 0 1062893
1786189868.909869 3808811 208613 185963 99 0 284730 0 919311
1786189869.910146 3839460 249285 226623 99 0 284730 0 932697
1786189870.907379 3844365 267380 244729 99 0 284730 0 945521
1786189871.918575 3910901 267749 245796 99 0 284730 0 1038616
1786189872.911137 3791428 136020 114066 99 0 284730 0 899559
1786189873.914093 3865774 262061 240135 99 0 284730 0 981094
1786189874.928828 3915267 251776 229838 99 0 284730 0 974599
1786189875.932483 3876399 247826 224770 99 0 284730 0 991525
1786189876.957786 3908612 293407 271051 99 0 284730 0 1033489
1786189877.918874 3922922 342861 319782 99 0 284730 0 1043750
1786189878.913297 3841280 128842 105786 99 0 284730 0 960775
1786189879.914127 3876584 192073 170826 99 0 284730 0 977722
1786189880.950398 3928212 203545 182294 99 0 284730 0 1005165
1786189881.936731 3925967 221318 198246 99 0 284730 0 1015242
1786189882.915396 3943816 276942 255050 99 0 284730 0 1049598
1786189883.920532 4007262 268056 245771 99 0 284730 0 1119833
1786189884.913637 3951017 214658 192377 99 0 284730 0 1028025
1786189885.920180 3996804 267942 245660 99 0 284730 0 1082896
1786189886.940448 3989358 273845 252107 99 0 284730 0 1104862
1786189887.940315 3986027 279908 257116 99 0 284730 0 1109861
1786189888.950129 4018921 332405 310744 99 0 284730 0 1142515
1786189889.929541 4103131 305476 283545 99 0 284730 0 1220393
1786189890.917842 3915877 136463 114528 99 0 284730 0 1044340
1786189891.921224 3973274 207286 185351 99 0 284730 0 1095962
1786189892.923867 4008736 247571 225021 99 0 284730 0 1128572
1786189893.938009 4006618 228118 203732 99 0 284730 0 1107817
1786189894.945316 4026400 269541 245749 99 0 284730 0 1141135
1786189895.919615 3952996 118275 94473 99 0 284730 0 1076674
1786189896.923049 3995553 181830 158027 99 0 284730 0 1121032
1786189897.930036 4039895 233550 209085 99 0 284730 0 1164624
1786189898.940527 4075143 260181 238181 99 0 284730 0 1180549
1786189899.950821 4069548 251861 228437 99 0 284730 0 1169324
1786189900.954367 4092843 304311 280887 99 0 284730 0 1206485
1786189901.933668 4116457 232825 209431 99 0 284730 0 1104787
1786189902.923086 4009888 123087 99692 99 0 284730 0 1124024
1786189903.925165 4042338 185226 161829 99 0 284730 0 1151724
1786189904.927800 4078675 200328 178624 99 0 284730 0 1174683
1786189905.925266 4064991 201270 178419 99 0 288826 0 1151326
1786189906.926007 4088427 255801 232955 99 0 288826 0 1183247
1786189907.926633 4142151 258442 235599 99 0 288826 0 1240241
1786189908.926904 4107745 264846 243015 99 0 288826 0 1192302
1786189909.930020 4144606 413889 390618 99 0 288826 0 1232063
1786189910.930116 4194027 302557 279327 99 0 288826 0 1294573
1786189911.931426 4227590 382943 357842 99 0 288826 0 1321008
1786189912.917989 3948884 67311 44662 99 0 288826 0 1029703
1786189913.917875 3970871 197813 172999 99 0 288826 0 1062696
1786189914.917805 3970871 318493 294383 99 0 288826 0 1079359
1786189915.915091 3893402 50988 28673 99 0 288826 0 986901
1786189916.915861 3913221 118366 94947 99 0 288826 0 995679
1786189917.916272 3949791 192453 169023 99 0 288826 0 1055903
1786189918.916817 3947556 258695 234422 99 0 288826 0 1063080
1786189919.916636 3961520 332341 308775 99 0 288826 0 1065803
1786189920.917038 3980089 413619 389348 99 0 288826 0 1068134
1786189921.926823 4074577 460064 435793 99 0 288826 0 1179004
1786189922.924484 4047873 316385 292114 99 0 288826 0 1139458
1786189923.913484 3898295 174119 149850 99 0 288826 0 996808
1786189924.917994 3933249 246988 222728 99 0 288826 0 1027063
1786189925.918005 3931014 317375 293103 99 0 288826 0 1032985
1786189926.921112 3975380 378599 354326 99 0 288826 0 1084892
1786189927.919547 4018572 447383 423108 99 0 288826 0 1117733
1786189928.921129 4049708 520742 495461 99 0 288826 0 1145560
1786189929.906489 3809971 125133 100998 99 0 288826 0 848981
1786189930.891897 3744866 97069 73569 99 0 288826 0 820888
1786189931.892112 3744866 131843 109458 99 0 288826 0 824650
1786189932.892410 3744866 165487 141282 99 0 288826 0 829971
1786189933.892501 3744866 197263 173058 99 0 288826 0 835209
1786189934.892688 3744866 227727 203522 99 0 288826 0 843310
1786189935.893074 3758900 269599 245394 99 0 288826 0 844839
1786189936.891883 3744866 290884 266665 99 0 288826 0 822664
1786189937.893628 3802650 137688 114366 99 0 288826 0 859183
1786189938.889752 3701796 36870 13544 99 0 288826 0 776459
1786189939.889764 3701796 36870 13544 99 0 288826 0 776459
1786189940.889813 3701796 36870 13544 99 0 288826 0 776459
1786189941.889788 3701796 36870 13544 99 0 288826 0 776459
1786189942.890035 3705893 36866 13544 99 0 292922 0 776459
1786189943.889998 3705893 36866 13544 99 0 292922 0 776459
1786189944.889630 3705893 36866 13544 99 0 292922 0 776459
1786189945.889934 3705893 36866 13544 99 0 292922 0 776459
1786189946.889832 3709990 36843 13544 99 0 297018 0 776459
1786189947.889860 3709990 36843 13544 99 0 297018 0 776459
1786189948.890036 3709990 36843 13544 99 0 297018 0 776459
1786189949.889941 3709990 36843 13544 99 0 297018 0 776459
1786189950.889904 3709990 36843 13544 99 0 297018 0 776459
1786189951.889954 3714087 36807 13544 99 0 301114 0 776459
1786189952.889915 3714087 36807 13544 99 0 301114 0 776459
1786189953.889850 3714087 36807 13544 99 0 301114 0 776459
1786189954.889756 3714087 36807 13544 99 0 301114 0 776459
1786189955.890163 3714087 36807 13544 99 0 301114 0 776459
1786189956.889898 3714087 36807 13544 99 0 301114 0 776459
1786189957.889839 3714087 36807 13544 99 0 301114 0 776459
1786189958.889936 3714087 36807 13544 99 0 301114 0 776459
1786189959.890070 3714087 36807 13544 99 0 301114 0 776459
1786189960.889891 3714087 36807 13544 99 0 301114 0 776459
1786189961.889733 3714087 36807 13544 99 0 301114 0 776459
1786189962.889884 3714087 36807 13544 99 0 301114 0 776459
1786189963.889996 3714087 36807 13544 99 0 301114 0 776459
1786189964.890020 3714087 36807 13544 99 0 301114 0 776459
1786189965.889928 3714087 36807 13544 99 0 301114 0 776459
1786189966.889873 3714087 36807 13544 99 0 301114 0 776459
1786189967.890126 3714087 36807 13544 99 0 301114 0 776459
1786189968.890026 3714087 36807 13544 99 0 301114 0 776459
1786189969.890053 3714087 36807 13544 99 0 301114 0 776459
1786189970.890116 3714087 36807 13544 99 0 301114 0 776459
1786189971.889914 3714087 36807 13544 99 0 301114 0 776459
1786189972.890078 3714087 36807 13544 99 0 301114 0 776459
1786189973.889937 3714087 36807 13544 99 0 301114 0 776459
1786189974.889903 3714087 36807 13544 99 0 301114 0 776459
1786189975.889834 3714087 36807 13544 99 0 301114 0 776459
1786189976.889837 3714087 36807 13544 99 0 301114 0 776459
1786189977.889777 3714087 36807 13544 99 0 301114 0 776459
1786189978.889925 3714087 36804 13544 99 0 301114 0 776459
1786189979.889783 3714087 36804 13544 99 0 301114 0 776459
