# start_epoch=1789319143.826192  page_size=4096  cachestat=ok  fields=size,resident,shared,text,lib,data,dt,pagecache
1789319144.826439 260530 28452 8972 99 0 246458 0 1
1789319145.826404 260530 28452 8972 99 0 246458 0 1
1789319146.828604 2105139 51829 31734 99 0 254010 0 57193
1789319147.830595 2105139 71115 51019 99 0 254010 0 106885
1789319148.833531 3042725 180695 160575 99 0 258106 0 163668
1789319149.835501 3042725 196344 176223 99 0 258106 0 211577
1789319150.834684 3047155 90939 70854 99 0 258106 0 184708
1789319151.836804 2988914 84167 64082 99 0 258106 0 232466
1789319152.839387 3136011 236284 216189 99 0 258106 0 289826
1789319153.855235 3136011 277159 257064 99 0 258106 0 321494
1789319154.842163 3136011 311360 291310 99 0 258106 0 354533
1789319155.846657 3223898 182292 162269 99 0 258106 0 355175
1789319156.843377 3223898 197775 177752 99 0 258106 0 386860
1789319157.845414 3170091 88944 68919 99 0 258106 0 380189
1789319158.847692 3167530 124471 104453 99 0 258106 0 430266
1789319159.852100 3310891 224518 204500 99 0 258106 0 466764
1789319160.849113 3308495 218948 198973 99 0 258106 0 509865
1789319161.852229 3308495 238929 218950 99 0 258106 0 541493
1789319162.852475 3400790 206174 186213 99 0 258106 0 534744
1789319163.852577 3398864 244475 224573 99 0 258106 0 571359
1789319164.854381 3398864 285711 265806 99 0 258106 0 608754
1789319165.855476 3398864 319067 299158 99 0 258106 0 642851
1789319166.859597 3504109 242676 222767 99 0 258106 0 662203
1789319167.860911 3516790 273752 253843 99 0 258106 0 695899
1789319168.858749 3505920 284230 264321 99 0 258106 0 725981
1789319169.867759 3645939 392166 372257 99 0 258106 0 782995
1789319170.865348 3610489 353406 333495 99 0 258106 0 775358
1789319171.863538 3610489 383153 363238 99 0 258106 0 827479
1789319172.867377 3610489 402988 383071 99 0 258106 0 872841
1789319173.868106 3757546 518483 498566 99 0 258106 0 920320
1789319174.870481 3757546 542646 522729 99 0 258106 0 969143
1789319175.893362 3667566 283657 263801 99 0 258106 0 924980
1789319176.869338 3775538 382180 362288 99 0 258106 0 937737
1789319177.871242 3775538 411198 391298 99 0 258106 0 994336
1789319178.872332 3775538 446026 426123 99 0 258106 0 1030010
1789319179.876022 3922657 574740 554836 99 0 258106 0 1084396
1789319180.877129 3922657 609228 589320 99 0 258106 0 1123790
1789319181.880787 3922657 649353 629445 99 0 258106 0 1172529
1789319182.873571 4069732 767797 747942 99 0 258106 0 1182690
1789319183.881049 3950650 400817 381088 99 0 258106 0 1104211
1789319184.885295 3943769 411931 392202 99 0 258106 0 1146310
1789319185.890704 3931228 442059 422330 99 0 258106 0 1169731
1789319186.883416 4045207 520711 500968 99 0 258106 0 1173546
1789319187.881571 4045207 563124 543400 99 0 258106 0 1219429
1789319188.895563 4045207 596081 576355 99 0 258106 0 1271750
1789319189.885395 4192305 718014 698283 99 0 258106 0 1304969
1789319190.885463 4192305 744672 724941 99 0 258106 0 1311801
1789319191.878165 4192305 764376 744673 99 0 258106 0 1318635
1789319192.887473 4079318 383735 364042 99 0 258106 0 1234962
1789319193.889409 4071988 435057 415364 99 0 258106 0 1279629
1789319194.890487 4056536 444453 424760 99 0 258106 0 1296740
1789319195.883847 4162339 515936 496197 99 0 258106 0 1282673
1789319196.886585 4162339 551719 531974 99 0 258106 0 1322573
1789319197.888306 4162339 591259 571509 99 0 258106 0 1361603
1789319198.889211 4162339 620312 600559 99 0 258106 0 1387438
1789319199.890585 4309501 746506 726753 99 0 258106 0 1423858
1789319200.882251 4309501 757971 738213 99 0 258106 0 1425126
1789319201.886944 4177824 371810 352294 99 0 258106 0 1331225
1789319202.890209 4195609 421388 401871 99 0 258106 0 1407483
1789319203.891225 4182152 442886 423369 99 0 258106 0 1441720
1789319204.894047 4317030 543563 524046 99 0 258106 0 1476494
1789319205.894991 4313730 580358 560841 99 0 258106 0 1515950
1789319206.900943 4434282 710483 691620 99 0 258106 0 1543743
1789319207.901179 4444367 715642 696888 99 0 258106 0 1545256
1789319208.890657 4352728 600873 582030 99 0 262202 0 1464452
1789319209.890451 4352728 609945 591098 99 0 262202 0 1457173
1789319210.892056 4352728 617383 598535 99 0 262202 0 1462041
1789319211.889314 4352728 619322 600471 99 0 262202 0 1457261
1789319212.890107 4352728 619322 600471 99 0 262202 0 1461651
1789319213.891729 4352728 626379 607528 99 0 262202 0 1460364
1789319214.890285 4352728 637777 618925 99 0 262202 0 1463276
1789319215.882128 4352728 648519 629709 99 0 262202 0 1460632
1789319216.881638 4352728 653737 634927 99 0 262202 0 1460232
1789319217.889315 4178504 200050 181327 99 0 262202 0 1285295
1789319218.895249 4276587 438091 419366 99 0 262202 0 1392968
1789319219.886614 4098616 195011 176308 99 0 262202 0 1215012
1789319220.891624 4210214 438597 419894 99 0 262202 0 1327807
1789319221.871925 4015448 105359 86660 99 0 262202 0 1120240
1789319222.879275 3989303 138086 119387 99 0 262202 0 1067722
1789319223.868283 3987641 111827 93130 99 0 262202 0 1095196
1789319224.868175 3987641 225748 207049 99 0 262202 0 1097794
1789319225.868127 3987641 340351 321650 99 0 262202 0 1089520
1789319226.867857 3987641 455395 436693 99 0 262202 0 1093970
1789319227.868454 3987641 570318 551616 99 0 262202 0 1098333
1789319228.884103 4494107 603756 585030 99 0 262202 0 1510489
1789319229.867263 3934248 93296 66415 99 0 278074 0 1077678
1789319230.866531 3951276 131579 105938 99 0 295098 0 1054334
1789319231.864991 3927945 68106 40603 99 0 298170 0 1024589
1789319232.866875 3927945 106329 80819 99 0 298170 0 1001952
1789319233.870449 3901542 39656 14134 99 0 298170 0 970730
1789319234.867529 3948670 145171 119698 99 0 298170 0 1022389
1789319235.864599 3901542 146418 120941 99 0 298170 0 1009926
1789319236.866922 3875139 99399 70854 99 0 298170 0 1002344
1789319237.866356 3876931 137987 110309 99 0 299962 0 979030
1789319238.862506 3850737 74613 45730 99 0 299962 0 950276
1789319239.864114 3850737 113157 87334 99 0 299962 0 929031
1789319240.867344 3824334 47563 21718 99 0 299962 0 898877
1789319241.865446 3871696 147079 121234 99 0 299962 0 978755
1789319242.862579 3861171 184934 159088 99 0 299962 0 957494
1789319243.868504 3797931 100176 74323 99 0 299962 0 936789
1789319244.861070 3797931 149893 120966 99 0 299962 0 910398
1789319245.859843 3771528 81241 56423 99 0 299962 0 881581
1789319246.858758 3771528 120070 97162 99 0 299962 0 859548
1789319247.857599 3745125 55124 31522 99 0 299962 0 829400
1789319248.856781 3745125 98793 75191 99 0 299962 0 808114
1789319249.856275 3720487 45768 22163 99 0 299962 0 794974
1789319250.855668 3717071 38266 13539 99 0 304058 0 775969
1789319251.855716 3717071 38266 13539 99 0 304058 0 775969
1789319252.855723 3717071 38266 13539 99 0 304058 0 775969
1789319253.855441 3721168 38269 13539 99 0 308154 0 775969
1789319254.855600 3721168 38269 13539 99 0 308154 0 775969
1789319255.855683 3721168 38269 13539 99 0 308154 0 775969
1789319256.855503 3721168 38269 13539 99 0 308154 0 775969
1789319257.855653 3725265 38258 13539 99 0 312250 0 775969
1789319258.855535 3725265 38258 13539 99 0 312250 0 775969
1789319259.855688 3725265 38258 13539 99 0 312250 0 775969
1789319260.855532 3729362 38206 13539 99 0 316346 0 775969
1789319261.855379 3729362 38206 13539 99 0 316346 0 775969
1789319262.855507 3729362 38206 13539 99 0 316346 0 775969
1789319263.855493 3729362 38206 13539 99 0 316346 0 775969
1789319264.855788 3729362 38206 13539 99 0 316346 0 775969
1789319265.855554 3729362 38206 13539 99 0 316346 0 775969
1789319266.855509 3729362 38206 13539 99 0 316346 0 775969
1789319267.855567 3729362 38206 13539 99 0 316346 0 775969
1789319268.855597 3729362 38206 13539 99 0 316346 0 775969
1789319269.855803 3729362 38206 13539 99 0 316346 0 775969
1789319270.855588 3729362 38206 13539 99 0 316346 0 775969
1789319271.855572 3729362 38206 13539 99 0 316346 0 775969
1789319272.855801 3729362 38206 13539 99 0 316346 0 775969
1789319273.855616 3729362 38206 13539 99 0 316346 0 775969
1789319274.855978 3729362 38206 13539 99 0 316346 0 775969
1789319275.855797 3729362 38206 13539 99 0 316346 0 775969
1789319276.855701 3729362 38206 13539 99 0 316346 0 775969
1789319277.855661 3729362 38206 13539 99 0 316346 0 775969
1789319278.855580 3729362 38203 13539 99 0 316346 0 775969
1789319279.855586 3729362 38203 13539 99 0 316346 0 775969
