# start_epoch=1789319294.676233  page_size=4096  cachestat=ok  fields=size,resident,shared,text,lib,data,dt,pagecache
1789319295.676476 262578 27909 7917 99 0 248506 0 1
1789319296.676421 262578 27909 7917 99 0 248506 0 1
1789319297.684009 3042512 92126 72095 99 0 258106 0 154968
1789319298.692004 3072213 210992 184425 99 0 287802 0 315042
1789319299.693466 3149727 175765 144379 99 0 293946 0 353578
1789319300.700166 3299907 280630 251296 99 0 297018 0 492793
1789319301.703531 3371580 232846 203510 99 0 297018 0 556755
1789319302.709863 3518702 336061 306905 99 0 297018 0 696187
1789319303.713540 3593006 294509 263791 99 0 300090 0 796239
1789319304.710989 3740114 355416 323582 99 0 300090 0 815040
1789319305.717600 3664237 296970 265871 99 0 300090 0 862900
1789319306.739082 3735480 230046 198873 99 0 300090 0 822881
1789319307.723111 3760306 337993 306787 99 0 300090 0 968009
1789319308.723913 3806303 292671 260767 99 0 300090 0 990677
1789319309.719449 3953474 368872 337721 99 0 300090 0 1054642
1789319310.731573 3877597 333452 300038 99 0 300090 0 1130354
1789319311.733500 3948826 231771 203560 99 0 300090 0 1044512
1789319312.733262 4211990 427520 398421 99 0 300090 0 1186729
1789319313.733178 4020291 263918 232729 99 0 300090 0 1158404
1789319314.724503 4167396 357117 325480 99 0 300090 0 1243557
1789319315.739658 4091456 296966 265269 99 0 300090 0 1296588
1789319316.737344 4162705 237061 206479 99 0 300090 0 1262387
1789319317.729773 4309813 337692 306022 99 0 300090 0 1380916
1789319318.747629 4234062 248766 217517 99 0 300090 0 1353626
1789319319.734553 4381167 346407 315853 99 0 300090 0 1454366
1789319320.747706 4305293 272391 241842 99 0 300090 0 1465946
1789319321.736476 4452419 349256 319786 99 0 300090 0 1566037
1789319322.748628 4401246 255499 225821 99 0 304186 0 1496971
1789319323.735611 4401246 314986 285985 99 0 304186 0 1495865
1789319324.728770 4325369 198874 169743 99 0 304186 0 1387398
1789319325.729164 4327161 245721 215119 99 0 305978 0 1404121
1789319326.729788 4327161 290834 260197 99 0 305978 0 1424242
1789319327.728734 4327161 321122 290485 99 0 305978 0 1383750
1789319328.725905 4164301 47276 16635 99 0 305978 0 1233931
1789319329.724996 4164301 90058 59417 99 0 305978 0 1267935
1789319330.723480 4164301 121435 90794 99 0 305978 0 1233780
1789319331.724558 4164301 162449 133805 99 0 305978 0 1266852
1789319332.723572 4164301 194348 165574 99 0 305978 0 1234188
1789319333.724737 4164301 238830 208197 99 0 305978 0 1268260
1789319334.723055 4164301 270456 239812 99 0 305978 0 1234118
1789319335.724533 4164301 313197 282553 99 0 305978 0 1268076
1789319336.723436 4164301 343861 314336 99 0 305978 0 1234268
1789319337.724695 4164301 387594 356953 99 0 305978 0 1267316
1789319338.723219 4164301 417593 388069 99 0 305978 0 1233355
1789319339.723895 4164301 458313 427673 99 0 305978 0 1246081
1789319340.724587 4189122 86661 56021 99 0 305978 0 1275282
1789319341.724539 4164296 111496 78808 99 0 305978 0 1247310
1789319342.722944 4164296 139553 108913 99 0 305978 0 1221168
1789319343.724054 4164296 184405 153004 99 0 305978 0 1247088
1789319344.727285 4218415 252748 222701 99 0 305978 0 1275290
1789319345.723965 4164296 256135 226087 99 0 305978 0 1245333
1789319346.725180 4222387 324171 293528 99 0 305978 0 1275294
1789319347.723711 4164296 328341 297694 99 0 305978 0 1241603
1789319348.724102 4189122 376215 345567 99 0 305978 0 1250472
1789319349.723568 4164296 400557 369909 99 0 305978 0 1238645
1789319350.724142 4189121 456689 426041 99 0 305978 0 1250475
1789319351.724101 4164296 473830 443179 99 0 305978 0 1238813
1789319352.722793 4218411 105641 78872 99 0 305978 0 1221187
1789319353.724062 4164292 108456 78062 99 0 305978 0 1247874
1789319354.723034 4222383 193078 164298 99 0 305978 0 1221190
1789319355.724004 4164292 180577 151792 99 0 305978 0 1247000
1789319356.724966 4222383 253649 224555 99 0 305978 0 1275312
1789319357.723934 4164292 254787 225683 99 0 305978 0 1245455
1789319358.722744 4164288 36436 9553 99 0 305978 0 1220943
1789319359.722737 4164288 36436 9553 99 0 305978 0 1220943
1789319360.722375 4168385 36298 9553 99 0 310074 0 1220943
1789319361.722600 4168385 36298 9553 99 0 310074 0 1220943
1789319362.722786 4168385 36298 9553 99 0 310074 0 1220943
1789319363.722673 4172482 36305 9553 99 0 314170 0 1220943
1789319364.722452 4172482 36305 9553 99 0 314170 0 1220943
1789319365.722735 4172482 36305 9553 99 0 314170 0 1220943
1789319366.722494 4176579 36566 9553 99 0 318266 0 1220943
1789319367.722706 4176579 36566 9553 99 0 318266 0 1220943
1789319368.722737 4176579 36566 9553 99 0 318266 0 1220943
1789319369.722704 4176579 36566 9553 99 0 318266 0 1220943
1789319370.722595 4176579 36566 9553 99 0 318266 0 1220943
1789319371.722657 4176579 36566 9553 99 0 318266 0 1220943
1789319372.722703 4176579 36566 9553 99 0 318266 0 1220943
1789319373.722608 4176579 36566 9553 99 0 318266 0 1220943
1789319374.722593 4176579 36566 9553 99 0 318266 0 1220943
1789319375.722823 4176579 36566 9553 99 0 318266 0 1220943
1789319376.722891 4176579 36566 9553 99 0 318266 0 1220943
1789319377.722861 4176579 38325 9553 99 0 318266 0 1220943
1789319378.722800 4176579 38322 9553 99 0 318266 0 1220943
