# start_epoch=1786145104.403567  page_size=4096  cachestat=ok  fields=size,resident,shared,text,lib,data,dt,pagecache
1786145105.407579 466882 42394 3272 2101 0 462282 0 62151
1786145106.409456 466889 35408 3279 2101 0 462282 0 94638
1786145107.410790 467785 48578 3279 2101 0 463178 0 120355
1786145108.413362 467785 45217 3279 2101 0 463178 0 159874
1786145109.415412 467785 38763 3348 2101 0 463178 0 192390
1786145110.417179 468809 44074 3348 2101 0 464202 0 224943
1786145111.419142 468809 49085 3348 2101 0 464202 0 258000
1786145112.421100 468809 43140 3348 2101 0 464202 0 290739
1786145113.423110 470089 46468 3348 2101 0 465482 0 323363
1786145114.424738 470089 38266 3348 2101 0 465482 0 356172
1786145115.427033 470089 48626 3348 2101 0 465482 0 389229
1786145116.429073 470089 46045 3348 2101 0 465482 0 422038
1786145117.430942 471625 38440 3348 2101 0 467018 0 454634
1786145118.432252 471625 51489 3348 2101 0 467018 0 486632
1786145119.434799 471625 49457 3348 2101 0 467018 0 520713
1786145120.436834 471625 44098 3348 2101 0 467018 0 553523
1786145121.438743 473417 46955 3348 2101 0 468810 0 585820
1786145122.435949 473417 52905 3348 2101 0 468810 0 600349
1786145123.442714 473417 48102 3348 2101 0 468810 0 651686
1786145124.444641 473417 49497 3348 2101 0 468810 0 684496
1786145125.446599 473417 48008 3348 2101 0 468810 0 717305
1786145126.447644 475465 53606 3348 2101 0 470858 0 743685
1786145127.450441 475465 48778 3348 2101 0 470858 0 783171
1786145128.452471 475465 50604 3348 2101 0 470858 0 815981
1786145129.454349 475465 50701 3348 2101 0 470858 0 848535
1786145130.454882 475465 53727 3348 2101 0 470858 0 863221
1786145131.443924 480202 37093 3364 2101 0 475594 0 890369
1786145132.443993 480970 37904 3364 2101 0 476362 0 890370
1786145133.443903 480970 37904 3364 2101 0 476362 0 890370
1786145134.443933 480970 37846 3364 2101 0 476362 0 890371
1786145135.443867 480970 37327 3364 2101 0 476362 0 890372
1786145136.443900 481866 38290 3364 2101 0 477258 0 890372
1786145137.444058 481866 38290 3364 2101 0 477258 0 890372
1786145138.444528 481866 38000 3364 2101 0 477258 0 890373
1786145139.444019 481866 38148 3364 2101 0 477258 0 890374
1786145140.443898 481866 38172 3364 2101 0 477258 0 888828
1786145141.446749 482890 38840 3364 2101 0 478282 0 884330
1786145142.443632 482890 38335 3364 2101 0 478282 0 884330
1786145143.443583 482890 38598 3364 2101 0 478282 0 884330
1786145144.443726 482890 38598 3364 2101 0 478282 0 884331
1786145145.443764 484170 39202 3364 2101 0 479562 0 884332
1786145146.444021 484170 39203 3364 2101 0 479562 0 884332
1786145147.443760 484170 38977 3364 2101 0 479562 0 884333
1786145148.443734 484170 39219 3364 2101 0 479562 0 884334
1786145149.443633 484170 39220 3364 2101 0 479562 0 884334
1786145150.443247 485706 38329 3364 2101 0 481098 0 878319
1786145151.443280 485706 38329 3364 2101 0 481098 0 872310
1786145152.443382 485706 38329 3364 2101 0 481098 0 878320
1786145153.443432 485706 38329 3364 2101 0 481098 0 878321
1786145154.443214 485706 37975 3364 2101 0 481098 0 878321
1786145155.443352 485706 38172 3364 2101 0 481098 0 878322
1786145156.443306 485706 38173 3364 2101 0 481098 0 878323
1786145157.443360 485706 38178 3364 2101 0 481098 0 878323
1786145158.443324 485706 38443 3364 2101 0 481098 0 878323
1786145159.442885 487498 39773 3364 2101 0 482890 0 872308
1786145160.442881 487498 40614 3364 2101 0 482890 0 872308
1786145161.443062 487498 40671 3364 2101 0 482890 0 872309
1786145162.442734 487498 40672 3364 2101 0 482890 0 872309
1786145163.443146 487498 40679 3364 2101 0 482890 0 872310
1786145164.442944 487498 40688 3364 2101 0 482890 0 872310
1786145165.442939 487498 40688 3364 2101 0 482890 0 872311
1786145166.442918 487498 40688 3364 2101 0 482890 0 872312
1786145167.442872 487498 40688 3364 2101 0 482890 0 872312
1786145168.438078 487498 40688 3364 2101 0 482890 0 760063
1786145169.442521 489546 40429 3364 2101 0 484938 0 866297
1786145170.442720 489546 40941 3364 2101 0 484938 0 866297
1786145171.442770 489546 40941 3364 2101 0 484938 0 866298
1786145172.441587 514642 84115 3387 2101 0 510026 0 846214
1786145173.441468 604754 173059 3387 2101 0 600138 0 846214
1786145174.441525 709714 262379 3387 2101 0 705098 0 846214
1786145175.441680 821330 353108 3387 2101 0 816714 0 846214
1786145176.441436 890450 442164 3387 2101 0 885834 0 846214
1786145177.441438 976466 530574 3387 2101 0 971850 0 846214
1786145178.441548 1074770 619368 3387 2101 0 1070154 0 846214
1786145179.443813 1194578 708527 3387 2101 0 1189962 0 846214
1786145180.441643 1325650 796534 3387 2101 0 1321034 0 846214
1786145181.441550 1331794 885421 3387 2101 0 1327178 0 846214
1786145182.441861 1495634 973155 3387 2101 0 1491018 0 846214
1786145183.441462 1495634 1061779 3387 2101 0 1491018 0 846214
1786145184.449135 1701970 1149758 3387 2101 0 1697354 0 846214
1786145185.441598 1701970 1237607 3387 2101 0 1697354 0 846214
1786145186.441580 1939538 1326328 3387 2101 0 1934922 0 846214
1786145187.441605 1939538 1413907 3387 2101 0 1934922 0 846214
1786145188.441692 1939538 1490042 3387 2101 0 1934922 0 846214
1786145189.441599 2201682 1565123 3545 2101 0 2197066 0 846214
1786145190.441576 2211922 1641056 3545 2101 0 2207306 0 846214
1786145191.441466 2216019 1705200 3545 2101 0 2211402 0 846214
1786145192.441430 2216019 1705200 3545 2101 0 2211402 0 846214
1786145193.441403 2216019 1705200 3545 2101 0 2211402 0 846214
1786145194.441520 2216019 1705200 3545 2101 0 2211402 0 846214
1786145195.441630 2216019 1705200 3545 2101 0 2211402 0 846214
1786145196.441552 2216019 1705200 3545 2101 0 2211402 0 846214
1786145197.441508 2216019 1705200 3545 2101 0 2211402 0 846214
1786145198.441458 2216019 1705200 3545 2101 0 2211402 0 846214
1786145199.441510 2216019 1705200 3545 2101 0 2211402 0 846214
1786145200.441472 2216019 1705200 3545 2101 0 2211402 0 846214
1786145201.441509 2216019 1705200 3545 2101 0 2211402 0 846214
1786145202.441573 2216019 1705200 3545 2101 0 2211402 0 846214
1786145203.441542 2216019 1705200 3545 2101 0 2211402 0 846214
1786145204.441559 2220116 1705205 3545 2101 0 2215498 0 846214
1786145205.441588 2220116 1705205 3545 2101 0 2215498 0 846214
1786145206.441450 2220116 1705205 3545 2101 0 2215498 0 846214
1786145207.441441 2220116 1705205 3545 2101 0 2215498 0 846214
1786145208.441444 2220116 1705205 3545 2101 0 2215498 0 846214
1786145209.441747 2220116 1705205 3545 2101 0 2215498 0 846214
1786145210.441457 2220116 1705205 3545 2101 0 2215498 0 846214
1786145211.441633 2220116 1705205 3545 2101 0 2215498 0 846214
1786145212.441579 2220116 1705205 3545 2101 0 2215498 0 846214
1786145213.441529 2220116 1705205 3545 2101 0 2215498 0 846214
1786145214.441496 2220116 1705205 3545 2101 0 2215498 0 846214
1786145215.441583 2220116 1705205 3545 2101 0 2215498 0 846214
1786145216.444100 2224206 1705197 3538 2101 0 2219594 0 846214
1786145217.441540 2224206 1705197 3538 2101 0 2219594 0 846214
1786145218.441493 2224206 1705197 3538 2101 0 2219594 0 846214
1786145219.441675 2224206 1705197 3538 2101 0 2219594 0 846214
1786145220.441736 2224206 1705197 3538 2101 0 2219594 0 846214
1786145221.441660 2224206 1705197 3538 2101 0 2219594 0 846214
1786145222.441642 2224206 1705197 3538 2101 0 2219594 0 846214
1786145223.441629 2224206 1705197 3538 2101 0 2219594 0 846214
1786145224.441631 2224206 1705197 3538 2101 0 2219594 0 846214
1786145225.441651 2224206 1705197 3538 2101 0 2219594 0 846214
1786145226.441705 2224206 1705197 3538 2101 0 2219594 0 846214
1786145227.441502 2224206 1705197 3538 2101 0 2219594 0 846214
1786145228.441800 2224206 1705197 3538 2101 0 2219594 0 846214
1786145229.441723 2224206 1705197 3538 2101 0 2219594 0 846214
1786145230.444621 2224206 1705197 3538 2101 0 2219594 0 846214
1786145231.441735 2224206 1705197 3538 2101 0 2219594 0 846214
1786145232.443777 2224206 1705197 3538 2101 0 2219594 0 846214
1786145233.442778 2224206 1705197 3538 2101 0 2219594 0 846214
1786145234.442651 2224206 1705197 3538 2101 0 2219594 0 846214
1786145235.442689 2224206 1705197 3538 2101 0 2219594 0 846214
1786145236.443069 2224206 1705197 3538 2101 0 2219594 0 846214
1786145237.442954 2224206 1705197 3538 2101 0 2219594 0 846214
1786145238.442935 2224206 1705197 3538 2101 0 2219594 0 846214
1786145239.442878 2224206 1705197 3538 2101 0 2219594 0 846214
1786145240.441998 2224206 1705197 3538 2101 0 2219594 0 846214
1786145241.443004 2224206 1705197 3538 2101 0 2219594 0 846214
1786145242.441583 2224206 1705197 3538 2101 0 2219594 0 846214
1786145243.441712 2224206 1705197 3538 2101 0 2219594 0 846214
1786145244.441836 2224206 1705197 3538 2101 0 2219594 0 846214
1786145245.441708 2224206 1705197 3538 2101 0 2219594 0 846214
1786145246.441675 2224206 1705197 3538 2101 0 2219594 0 846214
1786145247.441610 2224206 1705197 3538 2101 0 2219594 0 846214
1786145248.441571 2224206 1705197 3538 2101 0 2219594 0 846214
1786145249.441590 2224206 1705197 3538 2101 0 2219594 0 846214
1786145250.441549 2224206 1705197 3538 2101 0 2219594 0 846214
1786145251.441754 2224206 1705197 3538 2101 0 2219594 0 846214
1786145252.441743 2224206 1705197 3538 2101 0 2219594 0 846214
1786145253.441746 2224206 1705197 3538 2101 0 2219594 0 846214
1786145254.441695 2224206 1705197 3538 2101 0 2219594 0 846214
1786145255.441728 2224206 1705197 3538 2101 0 2219594 0 846214
1786145256.441708 2224206 1705197 3538 2101 0 2219594 0 846214
1786145257.441635 2224206 1705197 3538 2101 0 2219594 0 846214
1786145258.441621 2224206 1705197 3538 2101 0 2219594 0 846214
1786145259.441640 2224206 1705197 3538 2101 0 2219594 0 846214
1786145260.441803 2224206 1705197 3538 2101 0 2219594 0 846214
1786145261.441789 2224206 1705197 3538 2101 0 2219594 0 846214
1786145262.441716 2224206 1705197 3538 2101 0 2219594 0 846214
1786145263.441627 2224206 1705197 3538 2101 0 2219594 0 846214
1786145264.441625 2224206 1705197 3538 2101 0 2219594 0 846214
1786145265.441598 2224206 1705197 3538 2101 0 2219594 0 846214
1786145266.441563 2224206 1705197 3538 2101 0 2219594 0 846214
1786145267.441612 2224206 1705197 3538 2101 0 2219594 0 846214
1786145268.441667 2224206 1705197 3538 2101 0 2219594 0 846214
1786145269.441676 2224206 1705197 3538 2101 0 2219594 0 846214
1786145270.441672 2224206 1705197 3538 2101 0 2219594 0 846214
1786145271.441726 2224206 1705197 3538 2101 0 2219594 0 846214
1786145272.441674 2224206 1705197 3538 2101 0 2219594 0 846214
1786145273.442687 2224206 1705197 3538 2101 0 2219594 0 846214
1786145274.441625 2224206 1705197 3538 2101 0 2219594 0 846214
1786145275.441593 2224206 1705197 3538 2101 0 2219594 0 846214
1786145276.441716 2224206 1705197 3538 2101 0 2219594 0 846214
1786145277.441769 2224206 1705197 3538 2101 0 2219594 0 846214
1786145278.441656 2224206 1705197 3538 2101 0 2219594 0 846214
1786145279.441738 2224206 1705197 3538 2101 0 2219594 0 846214
1786145280.441616 2224206 1705197 3538 2101 0 2219594 0 846214
1786145281.441579 2224206 1705197 3538 2101 0 2219594 0 846214
1786145282.441550 2224206 1705197 3538 2101 0 2219594 0 846214
1786145283.441629 2224206 1705197 3538 2101 0 2219594 0 846214
1786145284.441780 2224206 1705197 3538 2101 0 2219594 0 846214
1786145285.441766 2224206 1705197 3538 2101 0 2219594 0 846214
1786145286.441744 2224206 1705197 3538 2101 0 2219594 0 846214
1786145287.441781 2224206 1705197 3538 2101 0 2219594 0 846214
1786145288.441719 2224206 1705197 3538 2101 0 2219594 0 846214
1786145289.441873 2224206 1705197 3538 2101 0 2219594 0 846214
1786145290.441689 2224206 1705197 3538 2101 0 2219594 0 846214
1786145291.441535 2224206 1705197 3538 2101 0 2219594 0 846214
1786145292.441830 2224206 1705197 3538 2101 0 2219594 0 846214
1786145293.441660 2224206 1705197 3538 2101 0 2219594 0 846214
1786145294.441712 2224206 1705197 3538 2101 0 2219594 0 846214
1786145295.441659 2224206 1705197 3538 2101 0 2219594 0 846214
1786145296.441545 2224206 1705197 3538 2101 0 2219594 0 846214
1786145297.441685 2224206 1705197 3538 2101 0 2219594 0 846214
1786145298.441635 2224206 1705197 3538 2101 0 2219594 0 846214
1786145299.441641 2224206 1705197 3538 2101 0 2219594 0 846214
1786145300.441825 2224206 1705197 3538 2101 0 2219594 0 846214
1786145301.441860 2224206 1705197 3538 2101 0 2219594 0 846214
1786145302.441703 2224206 1705197 3538 2101 0 2219594 0 846214
1786145303.441875 2224206 1705197 3538 2101 0 2219594 0 846214
1786145304.441759 2224206 1705197 3538 2101 0 2219594 0 846214
1786145305.441706 2224206 1705197 3538 2101 0 2219594 0 846214
1786145306.441647 2224206 1705197 3538 2101 0 2219594 0 846214
1786145307.441529 2224206 1705197 3538 2101 0 2219594 0 846214
1786145308.441711 2224206 1705197 3538 2101 0 2219594 0 846214
1786145309.441589 2224206 1705197 3538 2101 0 2219594 0 846214
1786145310.441720 2224206 1705197 3538 2101 0 2219594 0 846214
1786145311.441783 2224206 1705197 3538 2101 0 2219594 0 846214
1786145312.441596 2224206 1705197 3538 2101 0 2219594 0 846214
1786145313.442155 2224206 1705197 3538 2101 0 2219594 0 846214
1786145314.441527 2224206 1705197 3538 2101 0 2219594 0 846214
1786145315.441711 2224206 1705197 3538 2101 0 2219594 0 846214
1786145316.441603 2224206 1705197 3538 2101 0 2219594 0 846214
1786145317.441592 2224206 1705197 3538 2101 0 2219594 0 846214
1786145318.441775 2224206 1705197 3538 2101 0 2219594 0 846214
1786145319.441736 2224206 1705197 3538 2101 0 2219594 0 846214
1786145320.441473 2224206 1705197 3538 2101 0 2219594 0 846214
1786145321.441796 2224206 1705197 3538 2101 0 2219594 0 846214
1786145322.441626 2224206 1705197 3538 2101 0 2219594 0 846214
1786145323.442787 2224206 1705197 3538 2101 0 2219594 0 846214
1786145324.441622 2224206 1705197 3538 2101 0 2219594 0 846214
1786145325.441768 2224206 1705197 3538 2101 0 2219594 0 846214
1786145326.441681 2224206 1705197 3538 2101 0 2219594 0 846214
1786145327.441780 2224206 1705197 3538 2101 0 2219594 0 846214
1786145328.441749 2224206 1705197 3538 2101 0 2219594 0 846214
1786145329.441606 2224206 1705197 3538 2101 0 2219594 0 846214
1786145330.441612 2224206 1705197 3538 2101 0 2219594 0 846214
1786145331.441590 2224206 1705197 3538 2101 0 2219594 0 846214
1786145332.441571 2224206 1705197 3538 2101 0 2219594 0 846214
1786145333.442593 2224206 1705197 3538 2101 0 2219594 0 846214
1786145334.441690 2224206 1705197 3538 2101 0 2219594 0 846214
1786145335.441677 2224206 1705197 3538 2101 0 2219594 0 846214
1786145336.441637 2224206 1705197 3538 2101 0 2219594 0 846214
1786145337.441685 2224206 1705197 3538 2101 0 2219594 0 846214
1786145338.441695 2224206 1705197 3538 2101 0 2219594 0 846214
1786145339.441481 2224206 1705197 3538 2101 0 2219594 0 846214
1786145340.441504 2224206 1705197 3538 2101 0 2219594 0 846214
1786145341.441740 2224206 1705197 3538 2101 0 2219594 0 846214
1786145342.441457 2224206 1705197 3538 2101 0 2219594 0 846214
1786145343.442909 2224206 1705197 3538 2101 0 2219594 0 846214
1786145344.441787 2224206 1705197 3538 2101 0 2219594 0 846214
1786145345.441746 2224206 1705197 3538 2101 0 2219594 0 846214
1786145346.441768 2224206 1705197 3538 2101 0 2219594 0 846214
1786145347.441529 2224206 1705198 3538 2101 0 2219594 0 846214
1786145348.441646 2224206 1705198 3538 2101 0 2219594 0 846214
1786145349.441710 2224206 1705198 3538 2101 0 2219594 0 846214
1786145350.441702 2224206 1705198 3538 2101 0 2219594 0 846214
1786145351.441709 2224206 1705198 3538 2101 0 2219594 0 846214
1786145352.441714 2224206 1705198 3538 2101 0 2219594 0 846214
1786145353.443505 2224206 1705198 3538 2101 0 2219594 0 846214
1786145354.441593 2224206 1705198 3538 2101 0 2219594 0 846214
1786145355.441467 2224206 1705198 3538 2101 0 2219594 0 846214
1786145356.441690 2224206 1705198 3538 2101 0 2219594 0 846214
1786145357.441605 2224206 1705745 3538 2101 0 2219594 0 846214
1786145358.442014 2224206 1705745 3538 2101 0 2219594 0 846214
1786145359.441698 2224206 1705745 3538 2101 0 2219594 0 846214
1786145360.441711 2224206 1705745 3538 2101 0 2219594 0 846214
1786145361.441635 2224206 1705745 3538 2101 0 2219594 0 846214
1786145362.441579 2224206 1705745 3538 2101 0 2219594 0 846214
1786145363.442402 2224206 1705745 3538 2101 0 2219594 0 846214
1786145364.441505 2224206 1705745 3538 2101 0 2219594 0 846214
1786145365.441453 2224206 1705745 3538 2101 0 2219594 0 846214
1786145366.441767 2224206 1705745 3538 2101 0 2219594 0 846214
1786145367.441854 2224206 1705745 3538 2101 0 2219594 0 846214
1786145368.441644 2224206 1705745 3538 2101 0 2219594 0 846214
1786145369.441599 2224206 1705745 3538 2101 0 2219594 0 846214
1786145370.441589 2224206 1705745 3538 2101 0 2219594 0 846214
1786145371.441747 2224206 1705745 3538 2101 0 2219594 0 846214
1786145372.441502 2224206 1705745 3538 2101 0 2219594 0 846214
1786145373.441727 2224206 1705745 3538 2101 0 2219594 0 846214
1786145374.441693 2224206 1705745 3538 2101 0 2219594 0 846214
1786145375.441711 2224206 1705745 3538 2101 0 2219594 0 846214
1786145376.441682 2224206 1705745 3538 2101 0 2219594 0 846214
1786145377.441638 2224206 1706656 3538 2101 0 2219594 0 846214
1786145378.441635 2224206 1706656 3538 2101 0 2219594 0 846214
1786145379.441628 2224206 1706656 3538 2101 0 2219594 0 846214
1786145380.441730 2224206 1706656 3538 2101 0 2219594 0 846214
1786145381.441793 2224206 1706656 3538 2101 0 2219594 0 846214
1786145382.441808 2224206 1706656 3538 2101 0 2219594 0 846214
1786145383.441525 2224206 1706656 3538 2101 0 2219594 0 846214
1786145384.441602 2224206 1706656 3538 2101 0 2219594 0 846214
1786145385.441642 2224206 1706656 3538 2101 0 2219594 0 846214
1786145386.441666 2224206 1706656 3538 2101 0 2219594 0 846214
1786145387.441647 2224206 1706656 3538 2101 0 2219594 0 846214
1786145388.441620 2224206 1707136 3538 2101 0 2219594 0 846214
1786145389.441562 2224206 1707136 3538 2101 0 2219594 0 846214
1786145390.441504 2224206 1707136 3538 2101 0 2219594 0 846214
1786145391.441725 2224206 1707136 3538 2101 0 2219594 0 846214
1786145392.441690 2224206 1707136 3538 2101 0 2219594 0 846214
1786145393.441678 2224206 1707136 3538 2101 0 2219594 0 846214
1786145394.441585 2224206 1707136 3538 2101 0 2219594 0 846214
1786145395.441544 2224206 1707136 3538 2101 0 2219594 0 846214
1786145396.441613 2224206 1707136 3538 2101 0 2219594 0 846214
1786145397.441559 2224206 1707136 3538 2101 0 2219594 0 846214
1786145398.441736 2224206 1707136 3538 2101 0 2219594 0 846214
1786145399.441709 2224206 1707136 3538 2101 0 2219594 0 846214
1786145400.441678 2224206 1707136 3538 2101 0 2219594 0 846214
1786145401.441678 2224206 1707136 3538 2101 0 2219594 0 846214
1786145402.441742 2224206 1707136 3538 2101 0 2219594 0 846214
1786145403.441700 2224206 1707136 3538 2101 0 2219594 0 846214
1786145404.441590 2224206 1707136 3538 2101 0 2219594 0 846214
1786145405.441556 2224206 1707136 3538 2101 0 2219594 0 846214
1786145406.441832 2224206 1707136 3538 2101 0 2219594 0 846214
1786145407.441754 2224206 1707136 3538 2101 0 2219594 0 846214
1786145408.441752 2224206 1707600 3538 2101 0 2219594 0 846214
1786145409.441641 2224206 1707600 3538 2101 0 2219594 0 846214
1786145410.441672 2224206 1707600 3538 2101 0 2219594 0 846214
1786145411.441605 2224206 1707600 3538 2101 0 2219594 0 846214
1786145412.441574 2224206 1707600 3538 2101 0 2219594 0 846214
1786145413.441633 2224206 1707600 3538 2101 0 2219594 0 846214
1786145414.441723 2224206 1707600 3538 2101 0 2219594 0 846214
1786145415.441748 2224206 1707600 3538 2101 0 2219594 0 846214
1786145416.441654 2224206 1707600 3538 2101 0 2219594 0 846214
1786145417.441727 2224206 1707600 3538 2101 0 2219594 0 846214
1786145418.441721 2224206 1708048 3538 2101 0 2219594 0 846214
1786145419.441581 2224206 1708048 3538 2101 0 2219594 0 846214
1786145420.441577 2224206 1708048 3538 2101 0 2219594 0 846214
1786145421.441458 2224206 1708048 3538 2101 0 2219594 0 846214
1786145422.441498 2224206 1708048 3538 2101 0 2219594 0 846214
1786145423.441734 2224206 1708048 3538 2101 0 2219594 0 846214
1786145424.441798 2224206 1708048 3538 2101 0 2219594 0 846214
1786145425.441655 2224206 1708048 3538 2101 0 2219594 0 846214
1786145426.441592 2224206 1708048 3538 2101 0 2219594 0 846214
1786145427.441541 2224206 1708048 3538 2101 0 2219594 0 846214
1786145428.441629 2224206 1708048 3538 2101 0 2219594 0 846214
1786145429.441521 2224206 1708048 3538 2101 0 2219594 0 846214
1786145430.441497 2224206 1708048 3538 2101 0 2219594 0 846214
1786145431.441719 2224206 1708048 3538 2101 0 2219594 0 846214
1786145432.441734 2224206 1708048 3538 2101 0 2219594 0 846214
1786145433.441752 2224206 1708048 3538 2101 0 2219594 0 846214
1786145434.441685 2224206 1708048 3538 2101 0 2219594 0 846214
1786145435.441729 2224206 1708048 3538 2101 0 2219594 0 846214
1786145436.441772 2224206 1708048 3538 2101 0 2219594 0 846214
1786145437.441615 2224206 1708048 3538 2101 0 2219594 0 846214
1786145438.441542 2224206 1708048 3538 2101 0 2219594 0 846214
1786145439.441753 2224206 1708048 3538 2101 0 2219594 0 846214
1786145440.441699 2224206 1708048 3538 2101 0 2219594 0 846214
1786145441.441708 2224206 1708048 3538 2101 0 2219594 0 846214
1786145442.441503 2224206 1708048 3538 2101 0 2219594 0 846214
1786145443.441749 2224206 1708048 3538 2101 0 2219594 0 846214
1786145444.441665 2224206 1708048 3538 2101 0 2219594 0 846214
1786145445.441644 2224206 1708048 3538 2101 0 2219594 0 846214
1786145446.441518 2224206 1708048 3538 2101 0 2219594 0 846214
1786145447.441748 2224206 1708048 3538 2101 0 2219594 0 846214
1786145448.441677 2224206 1708048 3538 2101 0 2219594 0 846214
1786145449.441496 2224206 1708048 3538 2101 0 2219594 0 846214
1786145450.441535 2224206 1708048 3538 2101 0 2219594 0 846214
1786145451.441760 2224206 1708048 3538 2101 0 2219594 0 846214
1786145452.441715 2224206 1708048 3538 2101 0 2219594 0 846214
1786145453.441568 2224206 1708048 3538 2101 0 2219594 0 846214
1786145454.441541 2224206 1708048 3538 2101 0 2219594 0 846214
1786145455.441678 2224206 1708048 3538 2101 0 2219594 0 846214
1786145456.441809 2224206 1708048 3538 2101 0 2219594 0 846214
1786145457.441717 2224206 1708048 3538 2101 0 2219594 0 846214
1786145458.441750 2224206 1708048 3538 2101 0 2219594 0 846214
1786145459.441622 2224206 1708048 3538 2101 0 2219594 0 846214
1786145460.441692 2224206 1708048 3538 2101 0 2219594 0 846214
1786145461.441741 2224206 1708048 3538 2101 0 2219594 0 846214
1786145462.441635 2224206 1708048 3538 2101 0 2219594 0 846214
1786145463.441863 2224206 1708048 3538 2101 0 2219594 0 846214
1786145464.441750 2224206 1708048 3538 2101 0 2219594 0 846214
1786145465.441809 2224206 1708048 3538 2101 0 2219594 0 846214
1786145466.441705 2224206 1708048 3538 2101 0 2219594 0 846214
1786145467.441664 2224206 1708048 3538 2101 0 2219594 0 846214
1786145468.441618 2224206 1708048 3538 2101 0 2219594 0 846214
1786145469.441632 2224206 1708048 3538 2101 0 2219594 0 846214
1786145470.441529 2224206 1708048 3538 2101 0 2219594 0 846214
1786145471.441784 2224206 1708048 3538 2101 0 2219594 0 846214
1786145472.441626 2224206 1708048 3538 2101 0 2219594 0 846214
1786145473.441692 2224206 1708048 3538 2101 0 2219594 0 846214
1786145474.441770 2224206 1708048 3538 2101 0 2219594 0 846214
1786145475.441808 2224206 1708048 3538 2101 0 2219594 0 846214
1786145476.441653 2224206 1708048 3538 2101 0 2219594 0 846214
1786145477.441553 2224206 1708048 3538 2101 0 2219594 0 846214
1786145478.441580 2224206 1708048 3538 2101 0 2219594 0 846214
1786145479.441649 2224206 1708048 3538 2101 0 2219594 0 846214
1786145480.441817 2224206 1708048 3538 2101 0 2219594 0 846214
1786145481.441869 2224206 1708048 3538 2101 0 2219594 0 846214
1786145482.441719 2224206 1708048 3538 2101 0 2219594 0 846214
1786145483.441698 2224206 1708048 3538 2101 0 2219594 0 846214
1786145484.441521 2224206 1708048 3538 2101 0 2219594 0 846214
1786145485.441534 2224206 1708048 3538 2101 0 2219594 0 846214
1786145486.441637 2224206 1708048 3538 2101 0 2219594 0 846214
1786145487.441521 2224206 1708048 3538 2101 0 2219594 0 846214
1786145488.441827 2224206 1708048 3538 2101 0 2219594 0 846214
1786145489.441738 2224206 1708048 3538 2101 0 2219594 0 846214
1786145490.441757 2224206 1708048 3538 2101 0 2219594 0 846214
1786145491.441722 2224206 1708048 3538 2101 0 2219594 0 846214
1786145492.441712 2224206 1708048 3538 2101 0 2219594 0 846214
1786145493.441679 2224206 1708048 3538 2101 0 2219594 0 846214
1786145494.441599 2224206 1708048 3538 2101 0 2219594 0 846214
1786145495.441639 2224206 1708048 3538 2101 0 2219594 0 846214
1786145496.441738 2224206 1708048 3538 2101 0 2219594 0 846214
1786145497.441761 2224206 1708048 3538 2101 0 2219594 0 846214
1786145498.441776 2224206 1708048 3538 2101 0 2219594 0 846214
1786145499.441716 2224206 1708048 3538 2101 0 2219594 0 846214
1786145500.441533 2224206 1708048 3538 2101 0 2219594 0 846214
1786145501.441698 2224206 1708048 3538 2101 0 2219594 0 846214
1786145502.441733 2224206 1708048 3538 2101 0 2219594 0 846214
1786145503.441590 2224206 1708048 3538 2101 0 2219594 0 846214
1786145504.441797 2224206 1708048 3538 2101 0 2219594 0 846214
1786145505.441726 2224206 1708048 3538 2101 0 2219594 0 846214
1786145506.441698 2224206 1708048 3538 2101 0 2219594 0 846214
1786145507.441726 2224206 1708048 3538 2101 0 2219594 0 846214
1786145508.441612 2224206 1708048 3538 2101 0 2219594 0 846214
1786145509.441610 2224206 1708048 3538 2101 0 2219594 0 846214
1786145510.441612 2224206 1708048 3538 2101 0 2219594 0 846214
1786145511.441529 2224206 1708048 3538 2101 0 2219594 0 846214
1786145512.441745 2224206 1708048 3538 2101 0 2219594 0 846214
1786145513.441717 2224206 1708048 3538 2101 0 2219594 0 846214
1786145514.441693 2224206 1708048 3538 2101 0 2219594 0 846214
1786145515.441713 2224206 1708048 3538 2101 0 2219594 0 846214
1786145516.441634 2224206 1708048 3538 2101 0 2219594 0 846214
1786145517.441554 2224206 1708048 3538 2101 0 2219594 0 846214
1786145518.441668 2224206 1708048 3538 2101 0 2219594 0 846214
1786145519.441603 2224206 1708048 3538 2101 0 2219594 0 846214
1786145520.441747 2224206 1708048 3538 2101 0 2219594 0 846214
