# start_epoch=1786144568.975094  page_size=4096  cachestat=ok  fields=size,resident,shared,text,lib,data,dt,pagecache
1786144569.976837 447675 31102 3185 2101 0 443082 0 26501
1786144570.978333 453570 33162 3241 2101 0 448970 0 51377
1786144571.979128 453570 34698 3241 2101 0 448970 0 64395
1786144572.978570 453570 33674 3241 2101 0 448970 0 56890
1786144573.981826 454217 34197 3317 2101 0 449610 0 86095
1786144574.981037 454217 36989 3317 2101 0 449610 0 98316
1786144575.981038 454217 36980 3317 2101 0 449610 0 101129
1786144576.980630 454217 32348 3317 2101 0 449610 0 91771
1786144577.981348 454217 35703 3317 2101 0 449610 0 104020
1786144578.983290 454985 34760 3317 2101 0 450378 0 134293
1786144579.996305 454985 38865 3317 2101 0 450378 0 160765
1786144580.983951 454985 38458 3317 2101 0 450378 0 146544
1786144581.984700 454985 36402 3317 2101 0 450378 0 158796
1786144582.982403 454985 38193 3317 2101 0 450378 0 150814
1786144583.986182 454985 36864 3317 2101 0 450378 0 199111
1786144584.986608 454985 40782 3317 2101 0 450378 0 207440
1786144585.988484 462025 40545 3317 2101 0 457418 0 239112
1786144586.986449 462025 37830 3317 2101 0 457418 0 198115
1786144587.988433 462025 40246 3317 2101 0 457418 0 246410
1786144588.990317 462025 40586 3317 2101 0 457418 0 273137
1786144589.990854 462025 40845 3317 2101 0 457418 0 286155
1786144590.995309 463945 41635 3317 2101 0 459338 0 359189
1786144591.991190 463945 45299 3317 2101 0 459338 0 288555
1786144592.991760 463945 40084 3317 2101 0 459338 0 306007
1786144593.993723 463945 40366 3317 2101 0 459338 0 329806
1786144594.993827 463945 40616 3317 2101 0 459338 0 341544
1786144596.000403 463945 38902 3317 2101 0 459338 0 442296
1786144596.994999 463945 43201 3317 2101 0 459338 0 339891
1786144597.995631 463945 40108 3317 2101 0 459338 0 350885
1786144598.996042 463945 42425 3317 2101 0 459338 0 362782
1786144599.995193 463945 35620 3317 2101 0 459338 0 372603
1786144600.995971 463945 42265 3317 2101 0 459338 0 384855
1786144601.997228 463945 42927 3317 2101 0 459338 0 397106
1786144602.997080 463945 42710 3317 2101 0 459338 0 409355
1786144603.996723 463945 44264 3317 2101 0 459338 0 398979
1786144604.997267 463945 45161 3317 2101 0 459338 0 411229
1786144605.999114 463945 37836 3317 2101 0 459338 0 439476
1786144606.999476 463945 36625 3317 2101 0 459338 0 451727
1786144608.000179 463945 44537 3317 2101 0 459338 0 463978
1786144609.000842 463945 45015 3317 2101 0 459338 0 476229
1786144610.001558 463945 45019 3317 2101 0 459338 0 488480
1786144611.002243 463945 44785 3317 2101 0 459338 0 500731
1786144612.004651 465225 44347 3317 2101 0 460618 0 530531
1786144613.003138 465225 44903 3317 2101 0 460618 0 515624
1786144614.004044 465225 41628 3317 2101 0 460618 0 523977
1786144615.004768 465225 44364 3317 2101 0 460618 0 532221
1786144616.005531 465225 45139 3317 2101 0 460618 0 542937
1786144617.006754 465225 45131 3317 2101 0 460618 0 553652
1786144618.008283 465225 45131 3317 2101 0 460618 0 576801
1786144619.006022 465225 44649 3317 2101 0 460618 0 570261
1786144620.006543 465225 44067 3317 2101 0 460618 0 582511
1786144621.007415 465225 45236 3317 2101 0 460618 0 594762
1786144622.008324 465225 45277 3317 2101 0 460618 0 607011
1786144623.008505 465225 45482 3317 2101 0 460618 0 619261
1786144624.009342 465225 45266 3317 2101 0 460618 0 631510
1786144625.009886 465225 43261 3317 2101 0 460618 0 643762
1786144626.013812 465225 42809 3317 2101 0 460618 0 648418
1786144627.011166 465225 41473 3317 2101 0 460618 0 650244
1786144628.015131 466761 43288 3317 2101 0 462154 0 710444
1786144629.010682 466761 42025 3317 2101 0 462154 0 645434
1786144630.011060 466761 43828 3317 2101 0 462154 0 672849
1786144631.011945 466761 43115 3317 2101 0 462154 0 685100
1786144632.012931 466761 45777 3317 2101 0 462154 0 697352
1786144633.017218 466761 43084 3317 2101 0 462154 0 703257
1786144634.014200 466761 46063 3317 2101 0 462154 0 721855
1786144635.014495 466761 44078 3317 2101 0 462154 0 734107
1786144636.015525 467785 46015 3317 2101 0 463178 0 746358
1786144637.016369 467785 46273 3317 2101 0 463178 0 758609
1786144638.017020 467785 46482 3317 2101 0 463178 0 770860
1786144639.018769 467785 46578 3317 2101 0 463178 0 800404
1786144640.020714 467785 47421 3317 2101 0 463178 0 769780
1786144641.020090 467785 43016 3317 2101 0 463178 0 756780
1786144642.017525 467785 43886 3317 2101 0 463178 0 747108
1786144643.018950 467785 41921 3317 2101 0 463178 0 764152
1786144644.020466 467785 41911 3317 2101 0 463178 0 802824
1786144645.025310 467785 42102 3317 2101 0 463178 0 828016
1786144646.024612 467785 42230 3317 2101 0 463178 0 834891
1786144647.023993 467785 42312 3317 2101 0 463178 0 827327
1786144648.024775 467785 45144 3317 2101 0 463178 0 839578
1786144649.025805 467785 45914 3317 2101 0 463178 0 851828
1786144650.026182 467785 42774 3317 2101 0 463178 0 864080
1786144651.023308 467785 48268 3317 2101 0 463178 0 876330
1786144652.026880 467785 48137 3317 2101 0 463178 0 876331
1786144653.027136 467785 48137 3317 2101 0 463178 0 876332
1786144654.016152 467785 37290 3317 2101 0 463178 0 888583
1786144655.021100 467785 37390 3317 2101 0 463178 0 845302
1786144656.022536 467785 44991 3317 2101 0 463178 0 870238
1786144657.024335 467785 48463 3317 2101 0 463178 0 877092
1786144658.026016 467785 43565 3317 2101 0 463178 0 883236
1786144659.028446 467785 48879 3317 2101 0 463178 0 931349
1786144660.027801 469577 45534 3317 2101 0 464970 0 900620
1786144661.028098 469577 49055 3317 2101 0 464970 0 888830
1786144662.029012 469577 44518 3317 2101 0 464970 0 915205
1786144663.030193 469577 44087 3317 2101 0 464970 0 927458
1786144664.031190 469577 46374 3317 2101 0 464970 0 939709
1786144665.032700 469577 46176 3317 2101 0 464970 0 966437
1786144666.033304 469577 44319 3317 2101 0 464970 0 974849
1786144667.032594 469577 46405 3317 2101 0 464970 0 964214
1786144668.033206 469577 46189 3317 2101 0 464970 0 976465
1786144669.022653 469577 43676 3317 2101 0 464970 0 988716
1786144670.021860 469577 43819 3317 2101 0 464970 0 988717
1786144671.021699 469577 43819 3317 2101 0 464970 0 988718
1786144672.024365 469577 44492 3317 2101 0 464970 0 925468
1786144673.027374 469577 43654 3317 2101 0 464970 0 955743
1786144674.027648 469577 43882 3317 2101 0 464970 0 962882
1786144675.027537 469577 44211 3317 2101 0 464970 0 956579
1786144676.030049 469577 44236 3317 2101 0 464970 0 994136
1786144677.031288 469577 45454 3317 2101 0 464970 0 995629
1786144678.033014 469577 45583 3317 2101 0 464970 0 1001182
1786144679.028204 469577 44655 3317 2101 0 464970 0 989541
1786144680.029828 469577 46749 3317 2101 0 464970 0 1015670
1786144681.030570 469577 42599 3317 2101 0 464970 0 1027921
1786144682.036610 469577 41325 3317 2101 0 464970 0 1040174
1786144683.044730 469577 45582 3317 2101 0 464970 0 1070447
1786144684.039264 469577 46497 3317 2101 0 464970 0 1078385
1786144685.038304 469577 40427 3317 2101 0 464970 0 1083300
1786144686.038769 469577 47317 3317 2101 0 464970 0 1076927
1786144687.029560 469577 42890 3317 2101 0 464970 0 1074055
1786144688.024196 469577 43401 3317 2101 0 464970 0 1089180
1786144689.028146 469577 43948 3317 2101 0 464970 0 1089181
1786144690.028228 469577 43155 3317 2101 0 464970 0 1101431
1786144691.037424 469577 42502 3317 2101 0 464970 0 1055654
1786144692.036818 469577 49700 3317 2101 0 464970 0 1085709
1786144693.034485 469577 49805 3317 2101 0 464970 0 1073928
1786144694.035922 469577 47669 3317 2101 0 464970 0 1096959
1786144695.036183 469577 47579 3317 2101 0 464970 0 1107932
1786144696.036151 469577 46184 3317 2101 0 464970 0 1111826
1786144697.038767 469577 49774 3317 2101 0 464970 0 1115976
1786144698.040174 469577 43657 3317 2101 0 464970 0 1140439
1786144699.042115 469577 45686 3317 2101 0 464970 0 1152177
1786144700.040625 469577 46232 3317 2101 0 464970 0 1131073
1786144701.036737 469577 47257 3317 2101 0 464970 0 1155328
1786144702.038098 469577 45042 3317 2101 0 464970 0 1163561
1786144703.040494 469577 44856 3317 2101 0 464970 0 1179830
1786144704.048621 469577 47247 3317 2101 0 464970 0 1208606
1786144705.046281 469577 46071 3317 2101 0 464970 0 1192083
1786144706.034387 469577 46071 3317 2101 0 464970 0 1192084
1786144707.031385 469577 46071 3317 2101 0 464970 0 1192085
1786144708.047476 469577 46669 3317 2101 0 464970 0 1213437
1786144709.030895 469577 39813 3317 2101 0 464970 0 1204337
1786144710.038496 471625 41083 3317 2101 0 467018 0 1135768
1786144711.042455 471625 45339 3317 2101 0 467018 0 1204442
1786144712.042820 471625 45309 3317 2101 0 467018 0 1182003
1786144713.050658 471625 44700 3317 2101 0 467018 0 1185480
1786144714.041496 471625 46927 3317 2101 0 467018 0 1171522
1786144715.038216 471625 46656 3317 2101 0 467018 0 1176016
1786144716.037841 471625 45858 3317 2101 0 467018 0 1155644
1786144717.039411 471625 47139 3317 2101 0 467018 0 1194870
1786144718.040143 471625 47674 3317 2101 0 467018 0 1201464
1786144719.040751 471625 47033 3317 2101 0 467018 0 1223327
1786144720.042329 471625 48969 3317 2101 0 467018 0 1235580
1786144721.042628 471625 47072 3317 2101 0 467018 0 1247830
1786144722.042926 471625 48447 3317 2101 0 467018 0 1260081
1786144723.030494 475722 38994 3317 2101 0 471114 0 1232776
1786144724.031233 475722 38994 3317 2101 0 471114 0 1253637
1786144725.031176 475722 38994 3317 2101 0 471114 0 1240811
1786144726.030890 475722 38994 3317 2101 0 471114 0 1242724
1786144727.031045 475722 38994 3317 2101 0 471114 0 1244473
1786144728.031590 475722 39102 3317 2101 0 471114 0 1253641
1786144729.031278 475722 38883 3317 2101 0 471114 0 1253642
1786144730.031565 475722 38704 3317 2101 0 471114 0 1253643
1786144731.031287 475722 38973 3317 2101 0 471114 0 1253644
1786144732.028121 475722 39888 3317 2101 0 471114 0 1181797
1786144733.028886 475722 40012 3317 2101 0 471114 0 1195220
1786144734.028356 475722 39713 3317 2101 0 471114 0 1189397
1786144735.028370 475722 39643 3317 2101 0 471114 0 1183587
1786144736.030968 475722 39663 3317 2101 0 471114 0 1176565
1786144737.026961 475722 39663 3317 2101 0 471114 0 1155438
1786144738.027090 475722 39518 3317 2101 0 471114 0 1157899
1786144739.026915 475722 40041 3317 2101 0 471114 0 1152017
1786144740.026527 475722 40036 3317 2101 0 471114 0 1144108
1786144741.026885 475722 40117 3317 2101 0 471114 0 1144109
1786144742.025966 475722 39926 3317 2101 0 471114 0 1130190
1786144743.025808 475722 39929 3317 2101 0 471114 0 1125536
1786144744.025211 475722 39925 3317 2101 0 471114 0 1116761
1786144745.023676 475722 39927 3317 2101 0 471114 0 1074703
1786144746.025210 475722 39586 3317 2101 0 471114 0 1109316
1786144747.024441 475722 39759 3317 2101 0 471114 0 1099818
1786144748.024003 475722 39280 3317 2101 0 471114 0 1089378
1786144749.023910 475722 40711 3317 2101 0 471114 0 1083799
1786144750.023762 475722 40728 3317 2101 0 471114 0 1083800
1786144751.024147 475722 40734 3317 2101 0 471114 0 1090560
1786144752.024179 475722 40821 3317 2101 0 471114 0 1090561
1786144753.023947 475722 40499 3317 2101 0 471114 0 1090562
1786144754.024064 475722 40499 3317 2101 0 471114 0 1090563
1786144755.023916 475722 40245 3317 2101 0 471114 0 1087087
1786144756.022931 475722 40545 3317 2101 0 471114 0 1066759
1786144757.022968 475722 40545 3317 2101 0 471114 0 1066760
1786144758.022801 475722 40346 3317 2101 0 471114 0 1057793
1786144759.022678 475722 40443 3317 2101 0 471114 0 1057794
1786144760.022683 475722 40362 3317 2101 0 471114 0 1057795
1786144761.022124 475722 40244 3317 2101 0 471114 0 1047288
1786144762.022349 475722 40244 3317 2101 0 471114 0 1047289
1786144763.022177 475722 40244 3317 2101 0 471114 0 1047290
1786144764.022309 475722 40244 3317 2101 0 471114 0 1047291
1786144765.021923 475722 40244 3317 2101 0 471114 0 1047292
1786144766.021923 475722 40098 3317 2101 0 471114 0 1034612
1786144767.022298 475722 40098 3317 2101 0 471114 0 1047294
1786144768.022307 475722 40130 3317 2101 0 471114 0 1047295
1786144769.022278 475722 40130 3317 2101 0 471114 0 1047296
1786144770.022101 475722 40641 3317 2101 0 471114 0 1047297
1786144771.021565 478282 42214 3317 2101 0 473674 0 1028825
1786144772.021297 478282 42214 3317 2101 0 473674 0 1028826
1786144773.021161 478282 42077 3317 2101 0 473674 0 1028827
1786144774.021342 478282 42077 3317 2101 0 473674 0 1028828
1786144775.021413 478282 42077 3317 2101 0 473674 0 1028829
1786144776.021421 478282 42077 3317 2101 0 473674 0 1028830
1786144777.021426 478282 42077 3317 2101 0 473674 0 1028831
1786144778.021361 478282 40818 3317 2101 0 473674 0 1028832
1786144779.020655 478282 41368 3317 2101 0 473674 0 1010854
1786144780.020702 478282 41301 3317 2101 0 473674 0 1010855
1786144781.020548 478282 41220 3317 2101 0 473674 0 1010856
1786144782.020674 478282 41160 3317 2101 0 473674 0 1010857
1786144783.020713 478282 41160 3317 2101 0 473674 0 1010858
1786144784.020724 478282 41160 3317 2101 0 473674 0 1010859
1786144785.020412 478282 41609 3317 2101 0 473674 0 1001931
1786144786.020246 478282 41625 3317 2101 0 473674 0 1001932
1786144787.019073 483410 53210 3356 2101 0 478794 0 976362
1786144788.019016 576082 151973 3356 2101 0 571466 0 976362
1786144789.019073 705618 251635 3356 2101 0 701002 0 976362
1786144790.019197 815186 351524 3356 2101 0 810570 0 976362
1786144791.019303 886354 450172 3356 2101 0 881738 0 976362
1786144792.019064 972370 548203 3356 2101 0 967754 0 976362
1786144793.019102 1070674 645038 3356 2101 0 1066058 0 976362
1786144794.019225 1190482 741437 3356 2101 0 1185866 0 976362
1786144795.019046 1321554 840250 3356 2101 0 1316938 0 976362
1786144796.019198 1491538 939409 3356 2101 0 1486922 0 976362
1786144797.019110 1491538 1038396 3356 2101 0 1486922 0 976362
1786144798.019186 1502803 1094506 3356 2101 0 1498186 0 976362
1786144799.019272 1502803 1094506 3356 2101 0 1498186 0 976362
1786144800.019065 1502803 1094874 3356 2101 0 1498186 0 976362
1786144801.018780 1502803 1094874 3356 2101 0 1498186 0 976362
1786144802.019075 1502803 1094874 3356 2101 0 1498186 0 976362
1786144803.019067 1502803 1094874 3356 2101 0 1498186 0 976362
1786144804.019014 1502803 1094874 3356 2101 0 1498186 0 976362
1786144805.019279 1502803 1094874 3356 2101 0 1498186 0 976362
1786144806.022084 1506900 1094858 3356 2101 0 1502282 0 976362
1786144807.019024 1506900 1094858 3356 2101 0 1502282 0 976362
1786144808.019162 1506900 1094858 3356 2101 0 1502282 0 976362
1786144809.018888 1506900 1094858 3356 2101 0 1502282 0 976362
1786144810.019056 1506900 1094858 3356 2101 0 1502282 0 976362
1786144811.019012 1506900 1095210 3356 2101 0 1502282 0 976362
1786144812.019141 1506900 1095210 3356 2101 0 1502282 0 976362
1786144813.018792 1506900 1095210 3356 2101 0 1502282 0 976362
1786144814.019226 1510990 1095203 3349 2101 0 1506378 0 976362
1786144815.019110 1510990 1095203 3349 2101 0 1506378 0 976362
1786144816.019275 1510990 1095203 3349 2101 0 1506378 0 976362
1786144817.019040 1510990 1095203 3349 2101 0 1506378 0 976362
1786144818.019185 1510990 1095203 3349 2101 0 1506378 0 976362
1786144819.019085 1510990 1095203 3349 2101 0 1506378 0 976362
1786144820.019120 1510990 1095203 3349 2101 0 1506378 0 976362
1786144821.018999 1510990 1095203 3349 2101 0 1506378 0 976362
1786144822.019112 1510990 1095203 3349 2101 0 1506378 0 976362
1786144823.019132 1510990 1095203 3349 2101 0 1506378 0 976362
1786144824.018934 1510990 1095203 3349 2101 0 1506378 0 976362
1786144825.018997 1510990 1095203 3349 2101 0 1506378 0 976362
1786144826.018950 1510990 1095203 3349 2101 0 1506378 0 976362
1786144827.018916 1510990 1095203 3349 2101 0 1506378 0 976362
1786144828.019046 1510990 1095203 3349 2101 0 1506378 0 976362
1786144829.019207 1510990 1095203 3349 2101 0 1506378 0 976362
1786144830.019005 1510990 1095203 3349 2101 0 1506378 0 976362
1786144831.019132 1510990 1095539 3349 2101 0 1506378 0 976362
1786144832.019036 1510990 1095539 3349 2101 0 1506378 0 976362
1786144833.018987 1510990 1095539 3349 2101 0 1506378 0 976362
1786144834.019041 1510990 1095539 3349 2101 0 1506378 0 976362
1786144835.019287 1510990 1095539 3349 2101 0 1506378 0 976362
1786144836.018939 1510990 1095539 3349 2101 0 1506378 0 976362
1786144837.018928 1510990 1095539 3349 2101 0 1506378 0 976362
1786144838.018896 1510990 1095539 3349 2101 0 1506378 0 976362
1786144839.019069 1510990 1095539 3349 2101 0 1506378 0 976362
1786144840.019115 1510990 1095539 3349 2101 0 1506378 0 976362
1786144841.019193 1510990 1095859 3349 2101 0 1506378 0 976362
1786144842.018785 1510990 1095859 3349 2101 0 1506378 0 976362
1786144843.019117 1510990 1095859 3349 2101 0 1506378 0 976362
1786144844.019071 1510990 1095859 3349 2101 0 1506378 0 976362
1786144845.019048 1510990 1095859 3349 2101 0 1506378 0 976362
1786144846.019059 1510990 1095859 3349 2101 0 1506378 0 976362
1786144847.019368 1510990 1095859 3349 2101 0 1506378 0 976362
1786144848.019155 1510990 1095859 3349 2101 0 1506378 0 976362
1786144849.019070 1510990 1095859 3349 2101 0 1506378 0 976362
1786144850.019088 1510990 1095859 3349 2101 0 1506378 0 976362
1786144851.019061 1510990 1095859 3349 2101 0 1506378 0 976362
1786144852.019034 1510990 1095859 3349 2101 0 1506378 0 976362
1786144853.019035 1510990 1095859 3349 2101 0 1506378 0 976362
1786144854.019060 1510990 1095859 3349 2101 0 1506378 0 976362
1786144855.019080 1510990 1095859 3349 2101 0 1506378 0 976362
1786144856.019075 1510990 1095859 3349 2101 0 1506378 0 976362
1786144857.019178 1510990 1095859 3349 2101 0 1506378 0 976362
1786144858.020031 1510990 1095859 3349 2101 0 1506378 0 976362
1786144859.019174 1510990 1095859 3349 2101 0 1506378 0 976362
1786144860.019134 1510990 1095859 3349 2101 0 1506378 0 976362
1786144861.019023 1510990 1095859 3349 2101 0 1506378 0 976362
1786144862.018956 1510990 1096163 3349 2101 0 1506378 0 976362
1786144863.018885 1510990 1096163 3349 2101 0 1506378 0 976362
1786144864.019083 1510990 1096163 3349 2101 0 1506378 0 976362
1786144865.019262 1510990 1096163 3349 2101 0 1506378 0 976362
1786144866.019016 1510990 1096163 3349 2101 0 1506378 0 976362
1786144867.018992 1510990 1096163 3349 2101 0 1506378 0 976362
1786144868.018941 1510990 1096163 3349 2101 0 1506378 0 976362
1786144869.018984 1510990 1096163 3349 2101 0 1506378 0 976362
1786144870.018945 1510990 1096163 3349 2101 0 1506378 0 976362
1786144871.019127 1510990 1096163 3349 2101 0 1506378 0 976362
1786144872.019127 1510990 1096451 3349 2101 0 1506378 0 976362
1786144873.019105 1510990 1096451 3349 2101 0 1506378 0 976362
1786144874.019249 1510990 1096451 3349 2101 0 1506378 0 976362
1786144875.019203 1510990 1096451 3349 2101 0 1506378 0 976362
1786144876.019061 1510990 1096451 3349 2101 0 1506378 0 976362
1786144877.019195 1510990 1096451 3349 2101 0 1506378 0 976362
1786144878.018989 1510990 1096451 3349 2101 0 1506378 0 976362
1786144879.019140 1510990 1096451 3349 2101 0 1506378 0 976362
1786144880.019085 1510990 1096451 3349 2101 0 1506378 0 976362
1786144881.019477 1510990 1096451 3349 2101 0 1506378 0 976362
1786144882.019028 1510990 1096451 3349 2101 0 1506378 0 976362
1786144883.018989 1510990 1096451 3349 2101 0 1506378 0 976362
1786144884.018980 1510990 1096451 3349 2101 0 1506378 0 976362
1786144885.019036 1510990 1096451 3349 2101 0 1506378 0 976362
1786144886.018952 1510990 1096451 3349 2101 0 1506378 0 976362
1786144887.018872 1510990 1096451 3349 2101 0 1506378 0 976362
1786144888.019039 1510990 1096451 3349 2101 0 1506378 0 976362
1786144889.019281 1510990 1096451 3349 2101 0 1506378 0 976362
1786144890.018941 1510990 1096451 3349 2101 0 1506378 0 976362
1786144891.019245 1510990 1096451 3349 2101 0 1506378 0 976362
1786144892.019217 1510990 1096451 3349 2101 0 1506378 0 976362
1786144893.018967 1510990 1096723 3349 2101 0 1506378 0 976362
1786144894.019074 1510990 1096723 3349 2101 0 1506378 0 976362
1786144895.019002 1510990 1096723 3349 2101 0 1506378 0 976362
1786144896.019212 1510990 1096723 3349 2101 0 1506378 0 976362
1786144897.019022 1510990 1096723 3349 2101 0 1506378 0 976362
1786144898.019117 1510990 1096723 3349 2101 0 1506378 0 976362
1786144899.019317 1510990 1096723 3349 2101 0 1506378 0 976362
1786144900.019159 1510990 1096723 3349 2101 0 1506378 0 976362
1786144901.019219 1510990 1096723 3349 2101 0 1506378 0 976362
1786144902.018979 1510990 1096723 3349 2101 0 1506378 0 976362
1786144903.019078 1510990 1096979 3349 2101 0 1506378 0 976362
1786144904.019372 1510990 1096979 3349 2101 0 1506378 0 976362
1786144905.020035 1510990 1096979 3349 2101 0 1506378 0 976362
1786144906.019219 1510990 1096979 3349 2101 0 1506378 0 976362
1786144907.019253 1510990 1096979 3349 2101 0 1506378 0 976362
1786144908.019097 1510990 1096979 3349 2101 0 1506378 0 976362
1786144909.019079 1510990 1096979 3349 2101 0 1506378 0 976362
1786144910.019054 1510990 1096979 3349 2101 0 1506378 0 976362
1786144911.019695 1510990 1096979 3349 2101 0 1506378 0 976362
1786144912.018822 1510990 1096979 3349 2101 0 1506378 0 976362
1786144913.019223 1510990 1096979 3349 2101 0 1506378 0 976362
1786144914.019079 1510990 1096979 3349 2101 0 1506378 0 976362
1786144915.019127 1510990 1096979 3349 2101 0 1506378 0 976362
1786144916.019043 1510990 1096979 3349 2101 0 1506378 0 976362
1786144917.020069 1510990 1096979 3349 2101 0 1506378 0 976362
1786144918.019015 1510990 1096979 3349 2101 0 1506378 0 976362
1786144919.019037 1510990 1096979 3349 2101 0 1506378 0 976362
1786144920.019239 1510990 1096979 3349 2101 0 1506378 0 976362
1786144921.019240 1510990 1096979 3349 2101 0 1506378 0 976362
1786144922.019173 1510990 1096979 3349 2101 0 1506378 0 976362
1786144923.019207 1510990 1097219 3349 2101 0 1506378 0 976362
1786144924.019088 1510990 1097219 3349 2101 0 1506378 0 976362
1786144925.019110 1510990 1097219 3349 2101 0 1506378 0 976362
1786144926.018916 1510990 1097219 3349 2101 0 1506378 0 976362
1786144927.018914 1510990 1097219 3349 2101 0 1506378 0 976362
1786144928.019084 1510990 1097219 3349 2101 0 1506378 0 976362
1786144929.019291 1510990 1097219 3349 2101 0 1506378 0 976362
1786144930.019356 1510990 1097219 3349 2101 0 1506378 0 976362
1786144931.018967 1510990 1097219 3349 2101 0 1506378 0 976362
1786144932.018853 1510990 1097219 3349 2101 0 1506378 0 976362
1786144933.019010 1510990 1097443 3349 2101 0 1506378 0 976362
1786144934.019170 1510990 1097443 3349 2101 0 1506378 0 976362
1786144935.018909 1510990 1097443 3349 2101 0 1506378 0 976362
1786144936.019269 1510990 1097443 3349 2101 0 1506378 0 976362
1786144937.019181 1510990 1097443 3349 2101 0 1506378 0 976362
1786144938.019141 1510990 1097443 3349 2101 0 1506378 0 976362
1786144939.019255 1510990 1097443 3349 2101 0 1506378 0 976362
1786144940.019181 1510990 1097443 3349 2101 0 1506378 0 976362
1786144941.018930 1510990 1097443 3349 2101 0 1506378 0 976362
1786144942.019167 1510990 1097443 3349 2101 0 1506378 0 976362
1786144943.019018 1510990 1097443 3349 2101 0 1506378 0 976362
1786144944.018984 1510990 1097443 3349 2101 0 1506378 0 976362
1786144945.019215 1510990 1097443 3349 2101 0 1506378 0 976362
1786144946.019060 1510990 1097443 3349 2101 0 1506378 0 976362
1786144947.019039 1510990 1097443 3349 2101 0 1506378 0 976362
1786144948.019240 1510990 1097443 3349 2101 0 1506378 0 976362
1786144949.019095 1510990 1097443 3349 2101 0 1506378 0 976362
1786144950.018988 1510990 1097443 3349 2101 0 1506378 0 976362
1786144951.018949 1510990 1097443 3349 2101 0 1506378 0 976362
1786144952.019058 1510990 1097443 3349 2101 0 1506378 0 976362
1786144953.019088 1510990 1097443 3349 2101 0 1506378 0 976362
1786144954.019019 1510990 1097651 3349 2101 0 1506378 0 976362
1786144955.019181 1510990 1097651 3349 2101 0 1506378 0 976362
1786144956.019051 1510990 1097651 3349 2101 0 1506378 0 976362
1786144957.019152 1510990 1097651 3349 2101 0 1506378 0 976362
1786144958.019026 1510990 1097651 3349 2101 0 1506378 0 976362
1786144959.019126 1510990 1097651 3349 2101 0 1506378 0 976362
1786144960.019041 1510990 1097651 3349 2101 0 1506378 0 976362
1786144961.019257 1510990 1097651 3349 2101 0 1506378 0 976362
1786144962.018982 1510990 1097651 3349 2101 0 1506378 0 976362
1786144963.019151 1510990 1097651 3349 2101 0 1506378 0 976362
1786144964.019032 1510990 1097843 3349 2101 0 1506378 0 976362
1786144965.018932 1510990 1097843 3349 2101 0 1506378 0 976362
1786144966.019213 1510990 1097843 3349 2101 0 1506378 0 976362
1786144967.019084 1510990 1097843 3349 2101 0 1506378 0 976362
1786144968.018920 1510990 1097843 3349 2101 0 1506378 0 976362
1786144969.019153 1510990 1097843 3349 2101 0 1506378 0 976362
1786144970.019202 1510990 1097843 3349 2101 0 1506378 0 976362
1786144971.018983 1510990 1097843 3349 2101 0 1506378 0 976362
1786144972.019028 1510990 1097843 3349 2101 0 1506378 0 976362
1786144973.019266 1510990 1097843 3349 2101 0 1506378 0 976362
1786144974.019034 1510990 1097843 3349 2101 0 1506378 0 976362
1786144975.018990 1510990 1097843 3349 2101 0 1506378 0 976362
1786144976.019219 1510990 1097843 3349 2101 0 1506378 0 976362
1786144977.020122 1510990 1097843 3349 2101 0 1506378 0 976362
1786144978.019215 1510990 1097843 3349 2101 0 1506378 0 976362
1786144979.019117 1510990 1097843 3349 2101 0 1506378 0 976362
1786144980.019153 1510990 1097843 3349 2101 0 1506378 0 976362
1786144981.019164 1510990 1097843 3349 2101 0 1506378 0 976362
1786144982.019168 1510990 1097843 3349 2101 0 1506378 0 976362
1786144983.018984 1510990 1097843 3349 2101 0 1506378 0 976362
1786144984.018931 1510990 1097843 3349 2101 0 1506378 0 976362
1786144985.018983 1510990 1098019 3349 2101 0 1506378 0 976362
1786144986.019277 1510990 1098019 3349 2101 0 1506378 0 976362
1786144987.019296 1510990 1098019 3349 2101 0 1506378 0 976362
1786144988.019347 1510990 1098019 3349 2101 0 1506378 0 976362
1786144989.019151 1510990 1098019 3349 2101 0 1506378 0 976362
1786144990.019099 1510990 1098019 3349 2101 0 1506378 0 976362
1786144991.019046 1510990 1098019 3349 2101 0 1506378 0 976362
1786144992.018936 1510990 1098019 3349 2101 0 1506378 0 976362
1786144993.019010 1510990 1098019 3349 2101 0 1506378 0 976362
1786144994.019403 1510990 1098019 3349 2101 0 1506378 0 976362
1786144995.018942 1510990 1098179 3349 2101 0 1506378 0 976362
1786144996.019260 1510990 1098179 3349 2101 0 1506378 0 976362
1786144997.019351 1510990 1098179 3349 2101 0 1506378 0 976362
1786144998.018986 1510990 1098179 3349 2101 0 1506378 0 976362
1786144999.019108 1510990 1098179 3349 2101 0 1506378 0 976362
1786145000.019042 1510990 1098179 3349 2101 0 1506378 0 976362
1786145001.019866 1510990 1098179 3349 2101 0 1506378 0 976362
1786145002.021378 1510990 1098179 3349 2101 0 1506378 0 976362
1786145003.019205 1510990 1098179 3349 2101 0 1506378 0 976362
1786145004.019209 1510990 1098179 3349 2101 0 1506378 0 976362
1786145005.019354 1510990 1098179 3349 2101 0 1506378 0 976362
1786145006.019172 1510990 1098179 3349 2101 0 1506378 0 976362
1786145007.019071 1510990 1098179 3349 2101 0 1506378 0 976362
1786145008.019126 1510990 1098179 3349 2101 0 1506378 0 976362
1786145009.019110 1510990 1098179 3349 2101 0 1506378 0 976362
1786145010.018952 1510990 1098179 3349 2101 0 1506378 0 976362
1786145011.019118 1510990 1098179 3349 2101 0 1506378 0 976362
1786145012.018981 1510990 1098179 3349 2101 0 1506378 0 976362
1786145013.018954 1510990 1098179 3349 2101 0 1506378 0 976362
1786145014.019200 1510990 1098179 3349 2101 0 1506378 0 976362
1786145015.019182 1510990 1098323 3349 2101 0 1506378 0 976362
1786145016.019221 1510990 1098323 3349 2101 0 1506378 0 976362
1786145017.019235 1510990 1098323 3349 2101 0 1506378 0 976362
1786145018.019037 1510990 1098323 3349 2101 0 1506378 0 976362
1786145019.019283 1510990 1098323 3349 2101 0 1506378 0 976362
1786145020.019191 1510990 1098323 3349 2101 0 1506378 0 976362
1786145021.019323 1510990 1098323 3349 2101 0 1506378 0 976362
1786145022.019278 1510990 1098323 3349 2101 0 1506378 0 976362
1786145023.019214 1510990 1098323 3349 2101 0 1506378 0 976362
1786145024.019200 1510990 1098323 3349 2101 0 1506378 0 976362
1786145025.019095 1510990 1098323 3349 2101 0 1506378 0 976362
1786145026.019142 1510990 1098451 3349 2101 0 1506378 0 976362
1786145027.019394 1510990 1098451 3349 2101 0 1506378 0 976362
1786145028.019235 1510990 1098451 3349 2101 0 1506378 0 976362
1786145029.019429 1510990 1098451 3349 2101 0 1506378 0 976362
1786145030.019265 1510990 1098451 3349 2101 0 1506378 0 976362
1786145031.019177 1510990 1098451 3349 2101 0 1506378 0 976362
1786145032.019001 1510990 1098451 3349 2101 0 1506378 0 976362
1786145033.019033 1510990 1098451 3349 2101 0 1506378 0 976362
1786145034.019139 1510990 1098451 3349 2101 0 1506378 0 976362
1786145035.019253 1510990 1098451 3349 2101 0 1506378 0 976362
1786145036.019115 1510990 1098451 3349 2101 0 1506378 0 976362
1786145037.019950 1510990 1098451 3349 2101 0 1506378 0 976362
1786145038.019343 1510990 1098451 3349 2101 0 1506378 0 976362
1786145039.019138 1510990 1098451 3349 2101 0 1506378 0 976362
1786145040.019182 1510990 1098451 3349 2101 0 1506378 0 976362
1786145041.019127 1510990 1098451 3349 2101 0 1506378 0 976362
1786145042.019259 1510990 1098451 3349 2101 0 1506378 0 976362
1786145043.019066 1510990 1098451 3349 2101 0 1506378 0 976362
1786145044.019143 1510990 1098451 3349 2101 0 1506378 0 976362
1786145045.019258 1510990 1098451 3349 2101 0 1506378 0 976362
1786145046.019085 1510990 1098567 3349 2101 0 1506378 0 976362
1786145047.019148 1510990 1098567 3349 2101 0 1506378 0 976362
1786145048.019162 1510990 1098567 3349 2101 0 1506378 0 976362
1786145049.019255 1510990 1098567 3349 2101 0 1506378 0 976362
1786145050.019321 1510990 1098567 3349 2101 0 1506378 0 976362
1786145051.019099 1510990 1098567 3349 2101 0 1506378 0 976362
1786145052.019154 1510990 1098567 3349 2101 0 1506378 0 976362
1786145053.019209 1510990 1098567 3349 2101 0 1506378 0 976362
1786145054.019279 1510990 1098567 3349 2101 0 1506378 0 976362
1786145055.019229 1510990 1098567 3349 2101 0 1506378 0 976362
1786145056.019220 1510990 1098688 3349 2101 0 1506378 0 976362
1786145057.019139 1510990 1098688 3349 2101 0 1506378 0 976362
1786145058.019221 1510990 1098688 3349 2101 0 1506378 0 976362
1786145059.019003 1510990 1098688 3349 2101 0 1506378 0 976362
1786145060.019282 1510990 1098688 3349 2101 0 1506378 0 976362
1786145061.019191 1510990 1098688 3349 2101 0 1506378 0 976362
1786145062.019052 1510990 1098688 3349 2101 0 1506378 0 976362
1786145063.019176 1510990 1098688 3349 2101 0 1506378 0 976362
1786145064.019215 1510990 1098688 3349 2101 0 1506378 0 976362
1786145065.019016 1510990 1098688 3349 2101 0 1506378 0 976362
1786145066.019002 1510990 1098688 3349 2101 0 1506378 0 976362
1786145067.019089 1510990 1098688 3349 2101 0 1506378 0 976362
1786145068.019440 1510990 1098688 3349 2101 0 1506378 0 976362
1786145069.019262 1510990 1098688 3349 2101 0 1506378 0 976362
1786145070.019278 1510990 1098688 3349 2101 0 1506378 0 976362
1786145071.019236 1510990 1098688 3349 2101 0 1506378 0 976362
1786145072.019068 1510990 1098688 3349 2101 0 1506378 0 976362
1786145073.019016 1510990 1098688 3349 2101 0 1506378 0 976362
1786145074.019115 1510990 1098688 3349 2101 0 1506378 0 976362
1786145075.019212 1510990 1098688 3349 2101 0 1506378 0 976362
1786145076.018918 1510990 1098688 3349 2101 0 1506378 0 976362
1786145077.019154 1510990 1098808 3349 2101 0 1506378 0 976362
1786145078.019197 1510990 1098808 3349 2101 0 1506378 0 976362
1786145079.019133 1510990 1098808 3349 2101 0 1506378 0 976362
1786145080.019216 1510990 1098808 3349 2101 0 1506378 0 976362
1786145081.019010 1510990 1098808 3349 2101 0 1506378 0 976362
1786145082.019066 1510990 1098808 3349 2101 0 1506378 0 976362
1786145083.019141 1510990 1098808 3349 2101 0 1506378 0 976362
1786145084.019310 1510990 1098808 3349 2101 0 1506378 0 976362
1786145085.019147 1510990 1098808 3349 2101 0 1506378 0 976362
1786145086.019176 1510990 1098808 3349 2101 0 1506378 0 976362
1786145087.019188 1510990 1098917 3349 2101 0 1506378 0 976362
1786145088.019115 1510990 1098917 3349 2101 0 1506378 0 976362
1786145089.019168 1510990 1098917 3349 2101 0 1506378 0 976362
1786145090.019089 1510990 1098917 3349 2101 0 1506378 0 976362
1786145091.018941 1510990 1098917 3349 2101 0 1506378 0 976362
1786145092.019074 1510990 1098917 3349 2101 0 1506378 0 976362
1786145093.019181 1510990 1098917 3349 2101 0 1506378 0 976362
1786145094.019383 1510990 1098917 3349 2101 0 1506378 0 976362
1786145095.019187 1510990 1098917 3349 2101 0 1506378 0 976362
1786145096.019073 1510990 1098917 3349 2101 0 1506378 0 976362
1786145097.019759 1510990 1098917 3349 2101 0 1506378 0 976362
1786145098.019025 1510990 1098917 3349 2101 0 1506378 0 976362
1786145099.019128 1510990 1098917 3349 2101 0 1506378 0 976362
1786145100.019113 1510990 1098917 3349 2101 0 1506378 0 976362
1786145101.019102 1510990 1098917 3349 2101 0 1506378 0 976362
1786145102.019051 1510990 1098917 3349 2101 0 1506378 0 976362
1786145103.019213 1510990 1098917 3349 2101 0 1506378 0 976362
