# start_epoch=1786268094.519623  page_size=4096  cachestat=ok  fields=size,resident,shared,text,lib,data,dt,pagecache
1786268095.519855 170349 27131 7721 99 0 156344 0 1
1786268096.519803 170349 27131 7721 99 0 156344 0 1
1786268097.523996 2855732 71469 49276 99 0 173112 0 67332
1786268098.527002 2892913 93528 70683 99 0 174648 0 117339
1786268099.527249 2918842 90537 67692 99 0 174648 0 123208
1786268100.527167 2963066 107421 84530 99 0 174648 0 153906
1786268101.529925 2962057 91468 68570 99 0 174648 0 169296
1786268102.529429 3006282 113161 91008 99 0 174648 0 202310
1786268103.532532 3005272 91782 68668 99 0 174648 0 213087
1786268104.534046 3049497 114082 90947 99 0 174648 0 248934
1786268105.534822 3048487 91241 68114 99 0 174648 0 254187
1786268106.533659 3092712 114166 91039 99 0 174648 0 289705
1786268107.537732 3091702 92062 69035 99 0 174648 0 300689
1786268108.535675 3135927 114430 91174 99 0 174648 0 335379
1786268109.540387 3134917 90997 68981 99 0 174648 0 343643
1786268110.537822 3179142 114519 91332 99 0 174648 0 378734
1786268111.543033 3178132 92298 69111 99 0 174648 0 387996
1786268112.539832 3222357 113893 91487 99 0 174648 0 422066
1786268113.545372 3221347 91392 68981 99 0 174648 0 429928
1786268114.541585 3265572 112956 91362 99 0 174648 0 465215
1786268115.547865 3264562 92208 69307 99 0 174648 0 473837
1786268116.543887 3308787 112992 91578 99 0 174648 0 508220
1786268117.550627 3307777 92515 69756 99 0 174648 0 518286
1786268118.551880 3352002 113856 91802 99 0 174648 0 551694
1786268119.552923 3350992 92215 69043 99 0 174648 0 559679
1786268120.551709 3397265 116508 91992 99 0 176696 0 595173
1786268121.555856 3396255 94922 69687 99 0 176696 0 604469
1786268122.551221 3440480 117298 92049 99 0 176696 0 638256
1786268123.558645 3439470 94163 69637 99 0 176696 0 648335
1786268124.557294 3483695 116607 92077 99 0 176696 0 681318
1786268125.560993 3482685 92228 69841 99 0 176696 0 692017
1786268126.554089 3526846 106079 83646 99 0 176696 0 724353
1786268127.563642 3525836 91717 69033 99 0 176696 0 732184
1786268128.555669 3561481 105912 83464 99 0 176696 0 758599
1786268129.565338 3569115 90263 66803 99 0 176696 0 766176
1786268130.564286 3586411 95502 72410 99 0 176696 0 784418
1786268131.556379 3612330 89508 66395 99 0 176696 0 804627
1786268132.568372 3629616 93403 70913 99 0 176696 0 841367
1786268133.559997 3673841 111945 88282 99 0 176696 0 853005
1786268134.617887 3672895 93957 70091 99 0 176696 0 881189
1786268135.562798 3708412 108436 84009 99 0 176696 0 906007
1786268136.623236 3716046 92426 67280 99 0 176696 0 914864
1786268137.623501 3733332 94995 71000 99 0 176696 0 945484
1786268138.563888 3777557 117157 92894 99 0 176696 0 956413
1786268139.624991 3776547 94367 70270 99 0 176696 0 985521
1786268140.565949 3812064 109329 84419 99 0 176696 0 1014340
1786268141.629119 3819762 92777 67844 99 0 176696 0 1019671
1786268142.630745 3837048 96507 71568 99 0 176696 0 1051512
1786268143.571163 3882297 119265 93301 99 0 177720 0 1058611
1786268144.631042 3881351 94354 70454 99 0 177720 0 1090230
1786268145.571907 3924613 115522 90509 99 0 177720 0 1113573
1786268146.631840 3924502 90423 67857 99 0 177720 0 1123335
1786268147.636784 3941788 94037 71579 99 0 177720 0 1154399
1786268148.574470 3986013 112355 89558 99 0 177720 0 1154659
1786268149.638676 3985003 95358 71591 99 0 177720 0 1196739
1786268150.575898 4020584 109182 84829 99 0 177720 0 1217275
1786268151.643919 4028218 93491 68434 99 0 177720 0 1229918
1786268152.640832 4045504 95840 72215 99 0 177720 0 1260347
1786268153.576608 4059796 75203 52718 99 0 179768 0 1246684
1786268154.575212 4038032 32748 11650 99 0 179768 0 1221229
1786268155.575527 4038032 32748 11650 99 0 179768 0 1221229
1786268156.575136 4038032 32748 11650 99 0 179768 0 1221229
1786268157.575036 4038032 32748 11650 99 0 179768 0 1221229
1786268158.575182 4038032 32748 11650 99 0 179768 0 1221229
1786268159.575265 4038032 32748 11650 99 0 179768 0 1221229
1786268160.574843 4038032 32748 11650 99 0 179768 0 1221229
1786268161.575224 4038032 32748 11650 99 0 179768 0 1221229
1786268162.575138 4038032 32748 11650 99 0 179768 0 1221229
1786268163.575483 4038032 32748 11650 99 0 179768 0 1221229
1786268164.575072 4038032 32748 11650 99 0 179768 0 1221229
1786268165.575130 4038032 32748 11650 99 0 179768 0 1221229
1786268166.575156 4038032 32748 11650 99 0 179768 0 1221229
1786268167.574782 4038032 32748 11650 99 0 179768 0 1221229
1786268168.574768 4038032 32748 11650 99 0 179768 0 1221229
1786268169.574904 4038024 32032 10913 99 0 179768 0 1221227
1786268170.574795 4038024 32032 10913 99 0 179768 0 1221227
1786268171.575082 4038024 32032 10913 99 0 179768 0 1221227
1786268172.575369 4038024 32032 10913 99 0 179768 0 1221227
1786268173.574883 4038024 32032 10913 99 0 179768 0 1221227
1786268174.574853 4038024 32032 10913 99 0 179768 0 1221227
1786268175.575179 4038024 32032 10913 99 0 179768 0 1221227
1786268176.574832 4038024 32032 10913 99 0 179768 0 1221227
1786268177.574994 4038024 32032 10913 99 0 179768 0 1221227
1786268178.575092 4038024 32032 10913 99 0 179768 0 1221227
1786268179.574963 4038024 32032 10913 99 0 179768 0 1221227
1786268180.574757 4038024 32032 10913 99 0 179768 0 1221227
1786268181.574725 4038024 32032 10913 99 0 179768 0 1221227
1786268182.574863 4038024 32032 10913 99 0 179768 0 1221227
1786268183.574787 4038024 32032 10913 99 0 179768 0 1221227
1786268184.589345 4401023 32290 11170 99 0 179768 0 1549655
1786268185.574375 4038017 31258 10169 99 0 179768 0 1221225
1786268186.574552 4038017 31258 10169 99 0 179768 0 1221225
1786268187.574865 4038017 31258 10169 99 0 179768 0 1221225
1786268188.574670 4038017 31258 10169 99 0 179768 0 1221225
1786268189.574629 4038017 31258 10169 99 0 179768 0 1221225
1786268190.574479 4038017 31258 10169 99 0 179768 0 1221225
1786268191.574757 4038017 31258 10169 99 0 179768 0 1221225
1786268192.574643 4038017 31258 10169 99 0 179768 0 1221225
1786268193.574722 4038017 31258 10169 99 0 179768 0 1221225
1786268194.574525 4038017 31258 10169 99 0 179768 0 1221225
1786268195.575003 4038017 31258 10169 99 0 179768 0 1221225
1786268196.575110 4038017 31258 10169 99 0 179768 0 1221225
1786268197.574661 4038017 31258 10169 99 0 179768 0 1221225
1786268198.574565 4038010 29635 9521 99 0 179768 0 1221224
1786268199.574516 4038010 29635 9521 99 0 179768 0 1221224
1786268200.574565 4038010 29635 9521 99 0 179768 0 1221224
1786268201.574670 4038010 29635 9521 99 0 179768 0 1221224
1786268202.576050 4038010 29635 9521 99 0 179768 0 1221224
1786268203.574188 4038010 29635 9521 99 0 179768 0 1221224
1786268204.574290 4038010 29635 9521 99 0 179768 0 1221224
1786268205.574595 4038010 29635 9521 99 0 179768 0 1221224
1786268206.574635 4038010 29635 9521 99 0 179768 0 1221224
1786268207.574356 4038010 29635 9521 99 0 179768 0 1221224
1786268208.574586 4038010 29635 9521 99 0 179768 0 1221224
1786268209.574370 4038010 29635 9521 99 0 179768 0 1221224
1786268210.574402 4038010 29635 9521 99 0 179768 0 1221224
1786268211.574408 4038010 29635 9521 99 0 179768 0 1221224
1786268212.574458 4038010 29635 9521 99 0 179768 0 1221224
1786268213.574250 4038010 29618 9503 99 0 179768 0 1221227
1786268214.574434 4038010 29618 9503 99 0 179768 0 1221227
1786268215.574955 4038010 29618 9503 99 0 179768 0 1221227
1786268216.574463 4038010 29618 9503 99 0 179768 0 1221227
1786268217.574508 4038010 29618 9503 99 0 179768 0 1221227
1786268218.574527 4038010 29618 9503 99 0 179768 0 1221227
1786268219.574580 4038010 29618 9503 99 0 179768 0 1221227
1786268220.574603 4038010 29618 9503 99 0 179768 0 1221227
1786268221.574444 4038010 29618 9503 99 0 179768 0 1221227
1786268222.574292 4038010 29618 9503 99 0 179768 0 1221227
1786268223.574244 4038010 29618 9503 99 0 179768 0 1221227
1786268224.574570 4038010 29618 9503 99 0 179768 0 1221227
1786268225.574270 4038010 29618 9503 99 0 179768 0 1221227
1786268226.574710 4038010 29618 9503 99 0 179768 0 1221227
1786268227.574222 4038010 29618 9503 99 0 179768 0 1221227
1786268228.574356 4038010 29636 9520 99 0 179768 0 1221229
1786268229.574427 4038010 29636 9520 99 0 179768 0 1221229
1786268230.574742 4038010 29636 9520 99 0 179768 0 1221229
1786268231.574561 4038010 29636 9520 99 0 179768 0 1221229
1786268232.574453 4038010 29636 9520 99 0 179768 0 1221229
1786268233.574460 4038010 29636 9520 99 0 179768 0 1221229
1786268234.574258 4038010 29636 9520 99 0 179768 0 1221229
1786268235.574320 4038010 29636 9520 99 0 179768 0 1221229
1786268236.574336 4038010 29636 9520 99 0 179768 0 1221229
1786268237.574202 4038010 29636 9520 99 0 179768 0 1221229
1786268238.574894 4038010 29636 9520 99 0 179768 0 1221229
1786268239.574728 4038010 29636 9520 99 0 179768 0 1221229
1786268240.574437 4038010 29636 9520 99 0 179768 0 1221229
1786268241.587299 4310352 29848 9732 99 0 179768 0 1468747
1786268242.574324 4040059 29342 9482 99 0 181816 0 1221232
1786268243.574271 4040059 29342 9482 99 0 181816 0 1221232
1786268244.574250 4040059 29342 9482 99 0 181816 0 1221232
1786268245.574081 4042108 29283 9482 99 0 183864 0 1221232
1786268246.574140 4042108 29283 9482 99 0 183864 0 1221232
1786268247.574291 4042108 29283 9482 99 0 183864 0 1221232
1786268248.574180 4042108 29283 9482 99 0 183864 0 1221232
1786268249.574291 4044157 29289 9482 99 0 185912 0 1221232
1786268250.574537 4044157 29289 9482 99 0 185912 0 1221232
1786268251.574370 4044157 29289 9482 99 0 185912 0 1221232
1786268252.574439 4044157 29289 9482 99 0 185912 0 1221232
1786268253.574253 4046206 29293 9482 99 0 187960 0 1221232
1786268254.574245 4046206 29293 9482 99 0 187960 0 1221232
1786268255.574421 4046206 29293 9482 99 0 187960 0 1221232
1786268256.574449 4046206 29293 9482 99 0 187960 0 1221232
1786268257.574726 4046206 29293 9482 99 0 187960 0 1221232
1786268258.574353 4046206 29293 9482 99 0 187960 0 1221232
1786268259.574385 4046206 29293 9482 99 0 187960 0 1221232
1786268260.574262 4046206 29293 9482 99 0 187960 0 1221232
1786268261.574297 4046206 29293 9482 99 0 187960 0 1221232
1786268262.574368 4046206 29293 9482 99 0 187960 0 1221232
1786268263.574384 4046206 29293 9482 99 0 187960 0 1221232
1786268264.574536 4046206 29293 9482 99 0 187960 0 1221232
1786268265.574380 4046206 29293 9482 99 0 187960 0 1221232
1786268266.574379 4046206 29293 9482 99 0 187960 0 1221232
1786268267.574380 4046206 29293 9482 99 0 187960 0 1221232
1786268268.574376 4046206 29290 9482 99 0 187960 0 1221232
