# start_epoch=1786713204.844056  page_size=4096  cachestat=ok  fields=size,resident,shared,text,lib,data,dt,pagecache
1786713205.847486 72460 47544 2743 1589 0 68479 0 51906
1786713206.849835 72460 45484 2743 1589 0 68479 0 86777
1786713207.852633 73356 35889 2743 1589 0 69375 0 130999
1786713208.854977 73356 39824 2807 1589 0 69375 0 169090
1786713209.857287 73356 33044 2807 1589 0 69375 0 204428
1786713210.859710 74380 42625 2807 1589 0 70399 0 239541
1786713211.861711 74380 38801 2807 1589 0 70399 0 274642
1786713212.863816 74380 41010 2807 1589 0 70399 0 309765
1786713213.866031 75660 39588 2807 1589 0 71679 0 344621
1786713214.868227 75660 44104 2807 1589 0 71679 0 379734
1786713215.871490 75660 41826 2807 1589 0 71679 0 414590
1786713216.872646 77196 42595 2807 1589 0 73215 0 448679
1786713217.874908 77196 42595 2807 1589 0 73215 0 483791
1786713218.877377 77196 45117 2807 1589 0 73215 0 518903
1786713219.879101 77196 44148 2807 1589 0 73215 0 553504
1786713220.881438 77196 46493 2807 1589 0 73215 0 588616
1786713221.883723 78988 46996 2807 1589 0 75007 0 623728
1786713222.885788 78988 46668 2807 1589 0 75007 0 657562
1786713223.888328 78988 46219 2807 1589 0 75007 0 692418
1786713224.890605 78988 47209 2807 1589 0 75007 0 727019
1786713225.892109 78988 45755 2807 1589 0 75007 0 761363
1786713226.894652 81036 47765 2807 1589 0 77055 0 796221
1786713227.896621 81036 47778 2807 1589 0 77055 0 831078
1786713228.898775 81036 48988 2807 1589 0 77055 0 865678
1786713229.900936 81036 48415 2807 1589 0 77055 0 900534
1786713230.889392 86541 33823 2807 1589 0 82559 0 890348
1786713231.888285 86541 33554 2807 1589 0 82559 0 890348
1786713232.887547 86541 33997 2807 1589 0 82559 0 890348
1786713233.887633 86541 34009 2807 1589 0 82559 0 890349
1786713234.887591 86541 34009 2807 1589 0 82559 0 890350
1786713235.887569 86541 34009 2807 1589 0 82559 0 890351
1786713236.887551 86541 34156 2807 1589 0 82559 0 890351
1786713237.887525 86541 34156 2807 1589 0 82559 0 890352
1786713238.887128 88461 24058 2807 1589 0 84479 0 884104
1786713239.887528 89741 24717 2807 1589 0 85759 0 884104
1786713240.887178 89741 24717 2807 1589 0 85759 0 884105
1786713241.887200 89741 24493 2807 1589 0 85759 0 884105
1786713242.887075 89741 25035 2807 1589 0 85759 0 884106
1786713243.887173 89741 25035 2807 1589 0 85759 0 884107
1786713244.887501 89741 25035 2807 1589 0 85759 0 884107
1786713245.887119 89741 25035 2807 1589 0 85759 0 884108
1786713246.887303 89741 25035 2807 1589 0 85759 0 884108
1786713247.886586 91277 23758 2807 1589 0 87295 0 872014
1786713248.886742 91277 23763 2807 1589 0 87295 0 877886
1786713249.886793 91277 23763 2807 1589 0 87295 0 877886
1786713250.886756 91277 23397 2807 1589 0 87295 0 877887
1786713251.886759 91277 23128 2807 1589 0 87295 0 877888
1786713252.886749 91277 23692 2807 1589 0 87295 0 877889
1786713253.886740 91277 23727 2807 1589 0 87295 0 877889
1786713254.886849 91277 23732 2807 1589 0 87295 0 877890
1786713255.886373 93069 23361 2807 1589 0 89087 0 871666
1786713256.886707 95117 23096 2807 1589 0 91135 0 871666
1786713257.886409 95117 23243 2807 1589 0 91135 0 871667
1786713258.886322 95117 23032 2807 1589 0 91135 0 871667
1786713259.886421 95117 22919 2807 1589 0 91135 0 871668
1786713260.886568 95117 23171 2807 1589 0 91135 0 871669
1786713261.886248 95117 23171 2807 1589 0 91135 0 866428
1786713262.886986 95117 23715 2807 1589 0 91135 0 871670
1786713263.886341 95117 23295 2807 1589 0 91135 0 871670
1786713264.888282 95117 24182 2807 1589 0 91135 0 865446
1786713265.885249 97677 24694 2807 1589 0 93695 0 850063
1786713266.885113 165774 114346 2823 1589 0 161791 0 846192
1786713267.885054 276878 214698 2823 1589 0 272895 0 846192
1786713268.885095 370062 315562 2823 1589 0 366079 0 846192
1786713269.885058 496526 416426 2823 1589 0 492543 0 846192
1786713270.885085 584590 515754 2823 1589 0 580607 0 846192
1786713271.885056 682894 615594 2823 1589 0 678911 0 846192
1786713272.885073 802702 715434 2823 1589 0 798719 0 846192
1786713273.885047 933774 816298 2823 1589 0 929791 0 846192
1786713274.885105 1103758 915114 2823 1589 0 1099775 0 846192
1786713275.885139 1103758 1015466 2823 1589 0 1099775 0 846192
1786713276.885055 1307534 1115306 2823 1589 0 1303551 0 846192
1786713277.885068 1307534 1215146 2823 1589 0 1303551 0 846192
1786713278.885156 1547662 1316522 2823 1589 0 1543679 0 846192
1786713279.885442 1547662 1411943 2823 1589 0 1543679 0 846192
1786713280.885166 1547662 1495149 2823 1589 0 1543679 0 846192
1786713281.885214 1820046 1578211 3000 1589 0 1816063 0 846192
1786713282.896880 1820046 1666301 3000 1589 0 1816063 0 846192
1786713283.885005 1824143 1687735 3000 1589 0 1820159 0 846192
1786713284.885038 1824143 1687735 3000 1589 0 1820159 0 846192
1786713285.885023 1824143 1687735 3000 1589 0 1820159 0 846192
1786713286.885245 1824143 1687735 3000 1589 0 1820159 0 846192
1786713287.885141 1824143 1687735 3000 1589 0 1820159 0 846192
1786713288.885074 1824143 1687735 3000 1589 0 1820159 0 846192
1786713289.885466 1824143 1687735 3000 1589 0 1820159 0 846192
1786713290.885035 1824143 1687735 3000 1589 0 1820159 0 846192
1786713291.885016 1824143 1687735 3000 1589 0 1820159 0 846192
1786713292.885037 1824143 1687735 3000 1589 0 1820159 0 846192
1786713293.887827 1828240 1687722 3000 1589 0 1824255 0 846192
1786713294.885112 1828240 1687722 3000 1589 0 1824255 0 846192
1786713295.885084 1828240 1687722 3000 1589 0 1824255 0 846192
1786713296.884972 1828240 1687722 3000 1589 0 1824255 0 846192
1786713297.885317 1828240 1687722 3000 1589 0 1824255 0 846192
1786713298.885090 1828240 1687722 3000 1589 0 1824255 0 846192
1786713299.885108 1828240 1687722 3000 1589 0 1824255 0 846192
1786713300.885053 1828240 1687722 3000 1589 0 1824255 0 846192
1786713301.885140 1828240 1687722 3000 1589 0 1824255 0 846192
1786713302.885088 1828240 1687722 3000 1589 0 1824255 0 846192
1786713303.885050 1832337 1687722 3000 1589 0 1828351 0 846192
1786713304.885043 1832337 1687722 3000 1589 0 1828351 0 846192
1786713305.885059 1832337 1687722 3000 1589 0 1828351 0 846192
1786713306.885029 1832337 1687722 3000 1589 0 1828351 0 846192
1786713307.885097 1832337 1687722 3000 1589 0 1828351 0 846192
1786713308.885105 1832337 1687722 3000 1589 0 1828351 0 846192
1786713309.885086 1832337 1687722 3000 1589 0 1828351 0 846192
1786713310.885298 1832337 1687722 3000 1589 0 1828351 0 846192
1786713311.885007 1832337 1687722 3000 1589 0 1828351 0 846192
1786713312.885072 1832337 1687722 3000 1589 0 1828351 0 846192
1786713313.885026 1832337 1687722 3000 1589 0 1828351 0 846192
1786713314.885056 1832337 1687722 3000 1589 0 1828351 0 846192
1786713315.885394 1832337 1687722 3000 1589 0 1828351 0 846192
1786713316.885065 1832337 1687722 3000 1589 0 1828351 0 846192
1786713317.885110 1832337 1687722 3000 1589 0 1828351 0 846192
1786713318.885066 1832337 1687722 3000 1589 0 1828351 0 846192
1786713319.885085 1832337 1687722 3000 1589 0 1828351 0 846192
1786713320.885095 1832337 1687722 3000 1589 0 1828351 0 846192
1786713321.885076 1832337 1687722 3000 1589 0 1828351 0 846192
1786713322.885259 1832337 1687722 3000 1589 0 1828351 0 846192
1786713323.885114 1832337 1687722 3000 1589 0 1828351 0 846192
1786713324.884706 1832337 1687722 3000 1589 0 1828351 0 846192
1786713325.884647 1832337 1687722 3000 1589 0 1828351 0 846192
1786713326.884480 1832337 1687722 3000 1589 0 1828351 0 846192
1786713327.884562 1832337 1687722 3000 1589 0 1828351 0 846192
1786713328.884665 1832337 1687722 3000 1589 0 1828351 0 846192
1786713329.884636 1832337 1687722 3000 1589 0 1828351 0 846192
1786713330.884328 1832337 1687722 3000 1589 0 1828351 0 846192
1786713331.884740 1832337 1687722 3000 1589 0 1828351 0 846192
1786713332.884604 1832337 1687722 3000 1589 0 1828351 0 846192
1786713333.884788 1832337 1687722 3000 1589 0 1828351 0 846192
1786713334.884757 1832337 1687722 3000 1589 0 1828351 0 846192
1786713335.884678 1832337 1687722 3000 1589 0 1828351 0 846192
1786713336.884832 1832337 1687722 3000 1589 0 1828351 0 846192
1786713337.885027 1832337 1687722 3000 1589 0 1828351 0 846192
1786713338.884669 1832337 1687722 3000 1589 0 1828351 0 846192
1786713339.884687 1832337 1687722 3000 1589 0 1828351 0 846192
1786713340.884489 1832337 1687722 3000 1589 0 1828351 0 846192
1786713341.884423 1832337 1687722 3000 1589 0 1828351 0 846192
1786713342.884375 1832337 1687722 3000 1589 0 1828351 0 846192
1786713343.884749 1832337 1687722 3000 1589 0 1828351 0 846192
1786713344.885427 1832337 1687722 3000 1589 0 1828351 0 846192
1786713345.885117 1832337 1687722 3000 1589 0 1828351 0 846192
1786713346.885073 1832337 1687722 3000 1589 0 1828351 0 846192
1786713347.885131 1832337 1687722 3000 1589 0 1828351 0 846192
1786713348.885181 1832337 1687722 3000 1589 0 1828351 0 846192
1786713349.885178 1832337 1687722 3000 1589 0 1828351 0 846192
1786713350.885196 1832337 1687722 3000 1589 0 1828351 0 846192
1786713351.884996 1832337 1687722 3000 1589 0 1828351 0 846192
1786713352.885188 1832337 1687722 3000 1589 0 1828351 0 846192
1786713353.884803 1832337 1687722 3000 1589 0 1828351 0 846192
1786713354.884620 1832337 1687722 3000 1589 0 1828351 0 846192
1786713355.884414 1832337 1687722 3000 1589 0 1828351 0 846192
1786713356.884945 1832337 1687722 3000 1589 0 1828351 0 846192
1786713357.884474 1832337 1687722 3000 1589 0 1828351 0 846192
1786713358.884712 1832337 1687722 3000 1589 0 1828351 0 846192
1786713359.884867 1832337 1687722 3000 1589 0 1828351 0 846192
1786713360.884650 1832337 1687722 3000 1589 0 1828351 0 846192
1786713361.884775 1832337 1687722 3000 1589 0 1828351 0 846192
1786713362.884844 1832337 1687722 3000 1589 0 1828351 0 846192
1786713363.884448 1832337 1687722 3000 1589 0 1828351 0 846192
1786713364.884460 1832337 1687722 3000 1589 0 1828351 0 846192
1786713365.884537 1832337 1687722 3000 1589 0 1828351 0 846192
1786713366.884593 1832337 1687722 3000 1589 0 1828351 0 846192
1786713367.884490 1832337 1687722 3000 1589 0 1828351 0 846192
1786713368.884493 1832337 1687722 3000 1589 0 1828351 0 846192
1786713369.884303 1832337 1687722 3000 1589 0 1828351 0 846192
1786713370.884680 1832337 1687722 3000 1589 0 1828351 0 846192
1786713371.884652 1832337 1687722 3000 1589 0 1828351 0 846192
1786713372.884765 1832337 1687722 3000 1589 0 1828351 0 846192
1786713373.885058 1832337 1687722 3000 1589 0 1828351 0 846192
1786713374.885196 1832337 1687722 3000 1589 0 1828351 0 846192
1786713375.884277 1832337 1687722 3000 1589 0 1828351 0 846192
1786713376.884690 1832337 1687722 3000 1589 0 1828351 0 846192
1786713377.884626 1832337 1687722 3000 1589 0 1828351 0 846192
1786713378.884652 1832337 1687722 3000 1589 0 1828351 0 846192
1786713379.884522 1832337 1687722 3000 1589 0 1828351 0 846192
1786713380.884502 1832337 1687722 3000 1589 0 1828351 0 846192
1786713381.884996 1832337 1687722 3000 1589 0 1828351 0 846192
1786713382.884607 1832337 1687722 3000 1589 0 1828351 0 846192
1786713383.895848 1832337 1687722 3000 1589 0 1828351 0 846192
1786713384.884847 1832337 1687722 3000 1589 0 1828351 0 846192
1786713385.884831 1832337 1687722 3000 1589 0 1828351 0 846192
1786713386.885819 1832337 1687722 3000 1589 0 1828351 0 846192
1786713387.884456 1832337 1687831 3000 1589 0 1828351 0 846192
1786713388.884689 1832337 1687831 3000 1589 0 1828351 0 846192
1786713389.884644 1832337 1687831 3000 1589 0 1828351 0 846192
1786713390.884614 1832337 1687831 3000 1589 0 1828351 0 846192
1786713391.884554 1832337 1687831 3000 1589 0 1828351 0 846192
1786713392.884550 1832337 1687831 3000 1589 0 1828351 0 846192
1786713393.884435 1832337 1687831 3000 1589 0 1828351 0 846192
1786713394.885086 1832337 1687831 3000 1589 0 1828351 0 846192
1786713395.884529 1832337 1687831 3000 1589 0 1828351 0 846192
1786713396.884630 1832337 1687831 3000 1589 0 1828351 0 846192
1786713397.884825 1832337 1688550 3000 1589 0 1828351 0 846192
1786713398.884634 1832337 1688550 3000 1589 0 1828351 0 846192
1786713399.884416 1832337 1688550 3000 1589 0 1828351 0 846192
1786713400.884744 1832337 1688550 3000 1589 0 1828351 0 846192
1786713401.884382 1832337 1688550 3000 1589 0 1828351 0 846192
1786713402.884616 1832337 1688550 3000 1589 0 1828351 0 846192
1786713403.884460 1832337 1688550 3000 1589 0 1828351 0 846192
1786713404.884726 1832337 1688550 3000 1589 0 1828351 0 846192
1786713405.884648 1832337 1688550 3000 1589 0 1828351 0 846192
1786713406.884325 1832337 1688550 3000 1589 0 1828351 0 846192
1786713407.885031 1832337 1688550 3000 1589 0 1828351 0 846192
1786713408.884290 1832337 1688550 3000 1589 0 1828351 0 846192
1786713409.884606 1832337 1688550 3000 1589 0 1828351 0 846192
1786713410.884603 1832337 1688550 3000 1589 0 1828351 0 846192
1786713411.884343 1832337 1688550 3000 1589 0 1828351 0 846192
1786713412.884716 1832337 1688550 3000 1589 0 1828351 0 846192
1786713413.884713 1832337 1688550 3000 1589 0 1828351 0 846192
1786713414.884471 1832337 1688550 3000 1589 0 1828351 0 846192
1786713415.884296 1832337 1688550 3000 1589 0 1828351 0 846192
1786713416.884591 1832337 1688550 3000 1589 0 1828351 0 846192
1786713417.884690 1832337 1688550 3000 1589 0 1828351 0 846192
1786713418.884811 1832337 1688550 3000 1589 0 1828351 0 846192
1786713419.884618 1832337 1688550 3000 1589 0 1828351 0 846192
1786713420.884771 1832337 1688550 3000 1589 0 1828351 0 846192
1786713421.884401 1832337 1688550 3000 1589 0 1828351 0 846192
1786713422.884554 1832337 1688550 3000 1589 0 1828351 0 846192
1786713423.884723 1832337 1688550 3000 1589 0 1828351 0 846192
1786713424.884627 1832337 1688550 3000 1589 0 1828351 0 846192
1786713425.884740 1832337 1688550 3000 1589 0 1828351 0 846192
1786713426.884509 1832337 1688550 3000 1589 0 1828351 0 846192
1786713427.884424 1832337 1688550 3000 1589 0 1828351 0 846192
1786713428.885485 1832337 1688550 3000 1589 0 1828351 0 846192
1786713429.884684 1832337 1688550 3000 1589 0 1828351 0 846192
1786713430.884702 1832337 1688550 3000 1589 0 1828351 0 846192
1786713431.884402 1832337 1688550 3000 1589 0 1828351 0 846192
1786713432.884411 1832337 1688550 3000 1589 0 1828351 0 846192
1786713433.884373 1832337 1688550 3000 1589 0 1828351 0 846192
1786713434.885542 1832337 1688550 3000 1589 0 1828351 0 846192
1786713435.884481 1832337 1688550 3000 1589 0 1828351 0 846192
1786713436.884572 1832337 1688550 3000 1589 0 1828351 0 846192
1786713437.884264 1832337 1688550 3000 1589 0 1828351 0 846192
1786713438.884623 1832337 1688550 3000 1589 0 1828351 0 846192
1786713439.887654 1832337 1688550 3000 1589 0 1828351 0 846192
1786713440.885719 1832337 1688550 3000 1589 0 1828351 0 846192
1786713441.884811 1832337 1688550 3000 1589 0 1828351 0 846192
1786713442.901127 1832337 1688550 3000 1589 0 1828351 0 846192
1786713443.884518 1832337 1688550 3000 1589 0 1828351 0 846192
1786713444.884809 1832337 1688550 3000 1589 0 1828351 0 846192
1786713445.884238 1832337 1688550 3000 1589 0 1828351 0 846192
1786713446.885772 1832337 1688550 3000 1589 0 1828351 0 846192
1786713447.884386 1832337 1688550 3000 1589 0 1828351 0 846192
1786713448.884440 1832337 1688550 3000 1589 0 1828351 0 846192
1786713449.884695 1832337 1688550 3000 1589 0 1828351 0 846192
1786713450.884606 1832337 1688550 3000 1589 0 1828351 0 846192
1786713451.884390 1832337 1688550 3000 1589 0 1828351 0 846192
1786713452.884882 1832337 1688550 3000 1589 0 1828351 0 846192
1786713453.884215 1832337 1688550 3000 1589 0 1828351 0 846192
1786713454.884404 1832337 1688550 3000 1589 0 1828351 0 846192
1786713455.884370 1832337 1688550 3000 1589 0 1828351 0 846192
1786713456.884507 1832337 1688550 3000 1589 0 1828351 0 846192
1786713457.884637 1832337 1688550 3000 1589 0 1828351 0 846192
1786713458.884556 1832337 1688550 3000 1589 0 1828351 0 846192
1786713459.884744 1832337 1688550 3000 1589 0 1828351 0 846192
1786713460.884715 1832337 1688550 3000 1589 0 1828351 0 846192
1786713461.884454 1832337 1688550 3000 1589 0 1828351 0 846192
1786713462.884245 1832337 1688550 3000 1589 0 1828351 0 846192
1786713463.884771 1832337 1688550 3000 1589 0 1828351 0 846192
1786713464.884582 1832337 1688550 3000 1589 0 1828351 0 846192
1786713465.884337 1832337 1688550 3000 1589 0 1828351 0 846192
1786713466.884415 1832337 1688550 3000 1589 0 1828351 0 846192
1786713467.884503 1832337 1688550 3000 1589 0 1828351 0 846192
1786713468.884370 1832337 1688550 3000 1589 0 1828351 0 846192
1786713469.884895 1832337 1688550 3000 1589 0 1828351 0 846192
1786713470.884567 1832337 1688550 3000 1589 0 1828351 0 846192
1786713471.884544 1832337 1688550 3000 1589 0 1828351 0 846192
1786713472.884512 1832337 1688550 3000 1589 0 1828351 0 846192
1786713473.884759 1832337 1688550 3000 1589 0 1828351 0 846192
1786713474.884414 1832337 1688550 3000 1589 0 1828351 0 846192
1786713475.884564 1832337 1688550 3000 1589 0 1828351 0 846192
1786713476.884390 1832337 1688550 3000 1589 0 1828351 0 846192
1786713477.884367 1832337 1688550 3000 1589 0 1828351 0 846192
1786713478.884270 1832337 1688550 3000 1589 0 1828351 0 846192
1786713479.884344 1832337 1688550 3000 1589 0 1828351 0 846192
1786713480.884630 1832337 1688550 3000 1589 0 1828351 0 846192
1786713481.884270 1832337 1688550 3000 1589 0 1828351 0 846192
1786713482.884642 1832337 1688550 3000 1589 0 1828351 0 846192
1786713483.884541 1832337 1688550 3000 1589 0 1828351 0 846192
1786713484.884544 1832337 1688550 3000 1589 0 1828351 0 846192
1786713485.884623 1832337 1688550 3000 1589 0 1828351 0 846192
1786713486.884540 1832337 1688550 3000 1589 0 1828351 0 846192
1786713487.884449 1832337 1688550 3000 1589 0 1828351 0 846192
1786713488.884515 1832337 1688550 3000 1589 0 1828351 0 846192
1786713489.884870 1832337 1688550 3000 1589 0 1828351 0 846192
1786713490.884255 1832337 1688550 3000 1589 0 1828351 0 846192
1786713491.884743 1832337 1688550 3000 1589 0 1828351 0 846192
1786713492.884601 1832337 1688550 3000 1589 0 1828351 0 846192
1786713493.884742 1832337 1688550 3000 1589 0 1828351 0 846192
1786713494.884586 1832337 1688550 3000 1589 0 1828351 0 846192
1786713495.884317 1832337 1688550 3000 1589 0 1828351 0 846192
1786713496.884558 1832337 1688550 3000 1589 0 1828351 0 846192
1786713497.884512 1832337 1688550 3000 1589 0 1828351 0 846192
1786713498.884746 1832337 1688550 3000 1589 0 1828351 0 846192
1786713499.885024 1832337 1688550 3000 1589 0 1828351 0 846192
1786713500.884397 1832337 1688550 3000 1589 0 1828351 0 846192
1786713501.884603 1832337 1688550 3000 1589 0 1828351 0 846192
1786713502.884573 1832337 1688550 3000 1589 0 1828351 0 846192
1786713503.884614 1832337 1688550 3000 1589 0 1828351 0 846192
1786713504.884775 1832337 1688550 3000 1589 0 1828351 0 846192
1786713505.884362 1832337 1688550 3000 1589 0 1828351 0 846192
1786713506.884546 1832337 1688550 3000 1589 0 1828351 0 846192
1786713507.884784 1832337 1688550 3000 1589 0 1828351 0 846192
1786713508.884701 1832337 1688550 3000 1589 0 1828351 0 846192
1786713509.884559 1832337 1688550 3000 1589 0 1828351 0 846192
1786713510.884703 1832337 1688550 3000 1589 0 1828351 0 846192
1786713511.884609 1832337 1688550 3000 1589 0 1828351 0 846192
1786713512.884584 1832337 1688550 3000 1589 0 1828351 0 846192
1786713513.884556 1832337 1688550 3000 1589 0 1828351 0 846192
1786713514.884571 1832337 1688550 3000 1589 0 1828351 0 846192
1786713515.884597 1832337 1688550 3000 1589 0 1828351 0 846192
1786713516.884680 1832337 1688550 3000 1589 0 1828351 0 846192
1786713517.884716 1832337 1688550 3000 1589 0 1828351 0 846192
1786713518.884667 1832337 1688550 3000 1589 0 1828351 0 846192
1786713519.884475 1832337 1688550 3000 1589 0 1828351 0 846192
1786713520.884673 1832337 1688550 3000 1589 0 1828351 0 846192
1786713521.885012 1832337 1688550 3000 1589 0 1828351 0 846192
1786713522.884637 1832337 1688550 3000 1589 0 1828351 0 846192
1786713523.884706 1832337 1688550 3000 1589 0 1828351 0 846192
1786713524.884603 1832337 1688550 3000 1589 0 1828351 0 846192
1786713525.884881 1832337 1688550 3000 1589 0 1828351 0 846192
1786713526.884678 1832337 1688550 3000 1589 0 1828351 0 846192
1786713527.884723 1832337 1688550 3000 1589 0 1828351 0 846192
1786713528.884449 1832337 1688550 3000 1589 0 1828351 0 846192
1786713529.884520 1832337 1688550 3000 1589 0 1828351 0 846192
1786713530.900462 1832337 1688550 3000 1589 0 1828351 0 846192
1786713531.884881 1832337 1688550 3000 1589 0 1828351 0 846192
1786713532.885325 1832337 1688550 3000 1589 0 1828351 0 846192
1786713533.885136 1832337 1688550 3000 1589 0 1828351 0 846192
1786713534.885073 1832337 1688550 3000 1589 0 1828351 0 846192
1786713535.885079 1832337 1688550 3000 1589 0 1828351 0 846192
1786713536.885089 1832337 1688550 3000 1589 0 1828351 0 846192
1786713537.885079 1832337 1688550 3000 1589 0 1828351 0 846192
1786713538.884520 1832337 1688550 3000 1589 0 1828351 0 846192
1786713539.884781 1832337 1688550 3000 1589 0 1828351 0 846192
1786713540.884706 1832337 1688550 3000 1589 0 1828351 0 846192
1786713541.884208 1832337 1688550 3000 1589 0 1828351 0 846192
1786713542.884447 1832337 1688550 3000 1589 0 1828351 0 846192
1786713543.884664 1832337 1688550 3000 1589 0 1828351 0 846192
1786713544.884437 1832337 1688550 3000 1589 0 1828351 0 846192
1786713545.884654 1832337 1688550 3000 1589 0 1828351 0 846192
1786713546.884583 1832337 1688550 3000 1589 0 1828351 0 846192
1786713547.884673 1832337 1688550 3000 1589 0 1828351 0 846192
1786713548.884602 1832337 1688550 3000 1589 0 1828351 0 846192
1786713549.884885 1832337 1688550 3000 1589 0 1828351 0 846192
1786713550.884739 1832337 1688550 3000 1589 0 1828351 0 846192
1786713551.884458 1832337 1688550 3000 1589 0 1828351 0 846192
1786713552.884343 1832337 1688550 3000 1589 0 1828351 0 846192
1786713553.884780 1832337 1688550 3000 1589 0 1828351 0 846192
1786713554.884563 1832337 1688550 3000 1589 0 1828351 0 846192
1786713555.884488 1832337 1688550 3000 1589 0 1828351 0 846192
1786713556.885056 1832337 1688550 3000 1589 0 1828351 0 846192
1786713557.884336 1832337 1688550 3000 1589 0 1828351 0 846192
1786713558.884457 1832337 1688550 3000 1589 0 1828351 0 846192
1786713559.884663 1832337 1688550 3000 1589 0 1828351 0 846192
1786713560.884414 1832337 1688550 3000 1589 0 1828351 0 846192
1786713561.884483 1832337 1688550 3000 1589 0 1828351 0 846192
1786713562.884303 1832337 1688550 3000 1589 0 1828351 0 846192
1786713563.884455 1832337 1688550 3000 1589 0 1828351 0 846192
1786713564.884529 1832337 1688550 3000 1589 0 1828351 0 846192
1786713565.884974 1832337 1688550 3000 1589 0 1828351 0 846192
1786713566.884770 1832337 1688550 3000 1589 0 1828351 0 846192
1786713567.884521 1832337 1688550 3000 1589 0 1828351 0 846192
1786713568.884626 1832337 1688550 3000 1589 0 1828351 0 846192
1786713569.884625 1832337 1688550 3000 1589 0 1828351 0 846192
1786713570.884647 1832337 1688550 3000 1589 0 1828351 0 846192
1786713571.884174 1832337 1688550 3000 1589 0 1828351 0 846192
1786713572.884521 1832337 1688550 3000 1589 0 1828351 0 846192
1786713573.884465 1832337 1688550 3000 1589 0 1828351 0 846192
1786713574.885260 1832337 1688550 3000 1589 0 1828351 0 846192
1786713575.885068 1832337 1688550 3000 1589 0 1828351 0 846192
1786713576.885078 1832337 1688550 3000 1589 0 1828351 0 846192
1786713577.885082 1832337 1688550 3000 1589 0 1828351 0 846192
1786713578.885066 1832337 1688550 3000 1589 0 1828351 0 846192
1786713579.885065 1832337 1688550 3000 1589 0 1828351 0 846192
1786713580.886110 1832337 1688550 3000 1589 0 1828351 0 846192
1786713581.885004 1832337 1688550 3000 1589 0 1828351 0 846192
1786713582.885118 1832337 1688550 3000 1589 0 1828351 0 846192
1786713583.885002 1832337 1688550 3000 1589 0 1828351 0 846192
1786713584.885028 1832337 1688550 3000 1589 0 1828351 0 846192
1786713585.885289 1832337 1688550 3000 1589 0 1828351 0 846192
1786713586.885087 1832337 1688550 3000 1589 0 1828351 0 846192
1786713587.885099 1832337 1688550 3000 1589 0 1828351 0 846192
1786713588.885079 1832337 1688550 3000 1589 0 1828351 0 846192
1786713589.885032 1832337 1688550 3000 1589 0 1828351 0 846192
1786713590.885025 1832337 1688550 3000 1589 0 1828351 0 846192
1786713591.884980 1832337 1688550 3000 1589 0 1828351 0 846192
1786713592.885050 1832337 1688550 3000 1589 0 1828351 0 846192
1786713593.884919 1832337 1688550 3000 1589 0 1828351 0 846192
1786713594.884287 1832337 1688550 3000 1589 0 1828351 0 846192
1786713595.884337 1832337 1688550 3000 1589 0 1828351 0 846192
1786713596.885261 1832337 1688550 3000 1589 0 1828351 0 846192
1786713597.885025 1832337 1688550 3000 1589 0 1828351 0 846192
1786713598.884734 1832337 1688550 3000 1589 0 1828351 0 846192
1786713599.884721 1832337 1688550 3000 1589 0 1828351 0 846192
1786713600.884827 1832337 1688550 3000 1589 0 1828351 0 846192
1786713601.884315 1832337 1688550 3000 1589 0 1828351 0 846192
1786713602.884229 1832337 1688550 3000 1589 0 1828351 0 846192
1786713603.884679 1832337 1688550 3000 1589 0 1828351 0 846192
1786713604.884329 1832337 1688550 3000 1589 0 1828351 0 846192
1786713605.884405 1832337 1688550 3000 1589 0 1828351 0 846192
1786713606.884437 1832337 1688550 3000 1589 0 1828351 0 846192
1786713607.884642 1832337 1688550 3000 1589 0 1828351 0 846192
1786713608.884816 1832337 1688550 3000 1589 0 1828351 0 846192
1786713609.884657 1832337 1688550 3000 1589 0 1828351 0 846192
1786713610.885095 1832337 1688550 3000 1589 0 1828351 0 846192
1786713611.885031 1832337 1688550 3000 1589 0 1828351 0 846192
1786713612.885022 1832337 1688550 3000 1589 0 1828351 0 846192
1786713613.884989 1832337 1688550 3000 1589 0 1828351 0 846192
1786713614.885157 1832337 1688550 3000 1589 0 1828351 0 846192
1786713615.885070 1832337 1688550 3000 1589 0 1828351 0 846192
1786713616.885081 1832337 1688550 3000 1589 0 1828351 0 846192
1786713617.884766 1832337 1688550 3000 1589 0 1828351 0 846192
1786713618.884537 1832337 1688550 3000 1589 0 1828351 0 846192
1786713619.884306 1832337 1688550 3000 1589 0 1828351 0 846192
1786713620.886916 1832337 1688550 3000 1589 0 1828351 0 846192
1786713621.884931 1832337 1688550 3000 1589 0 1828351 0 846192
1786713622.884421 1832337 1688550 3000 1589 0 1828351 0 846192
1786713623.884313 1832337 1688550 3000 1589 0 1828351 0 846192
1786713624.884703 1832337 1688550 3000 1589 0 1828351 0 846192
1786713625.884619 1832337 1688550 3000 1589 0 1828351 0 846192
1786713626.884256 1832337 1688550 3000 1589 0 1828351 0 846192
1786713627.884323 1832337 1688550 3000 1589 0 1828351 0 846192
1786713628.884767 1832337 1688550 3000 1589 0 1828351 0 846192
1786713629.884675 1832337 1688550 3000 1589 0 1828351 0 846192
1786713630.884372 1832337 1688550 3000 1589 0 1828351 0 846192
1786713631.884187 1832337 1688550 3000 1589 0 1828351 0 846192
1786713632.884111 1832337 1688550 3000 1589 0 1828351 0 846192
1786713633.885062 1832337 1688550 3000 1589 0 1828351 0 846192
1786713634.884634 1832337 1688550 3000 1589 0 1828351 0 846192
1786713635.884615 1832337 1688550 3000 1589 0 1828351 0 846192
1786713636.884595 1832337 1688550 3000 1589 0 1828351 0 846192
1786713637.884368 1832337 1688550 3000 1589 0 1828351 0 846192
1786713638.884255 1832337 1688550 3000 1589 0 1828351 0 846192
1786713639.884668 1832337 1688550 3000 1589 0 1828351 0 846192
1786713640.884454 1832337 1688550 3000 1589 0 1828351 0 846192
1786713641.884597 1832337 1688550 3000 1589 0 1828351 0 846192
1786713642.884556 1832337 1688550 3000 1589 0 1828351 0 846192
1786713643.884684 1832337 1688550 3000 1589 0 1828351 0 846192
1786713644.844163 0 0 0 0 0 0 0 0
