# start_epoch=1786712659.581453  page_size=4096  cachestat=ok  fields=size,resident,shared,text,lib,data,dt,pagecache
1786712660.582758 46988 26666 2580 1589 0 43007 0 19053
1786712661.583220 56844 30522 2741 1589 0 52863 0 31304
1786712662.583833 59148 34235 2741 1589 0 55167 0 43554
1786712663.584408 59148 33291 2805 1589 0 55167 0 55821
1786712664.587052 59788 36006 2821 1589 0 55807 0 86095
1786712665.590497 59788 36629 2821 1589 0 55807 0 98346
1786712666.587501 59788 34657 2821 1589 0 55807 0 91771
1786712667.588362 59788 31312 2821 1589 0 55807 0 104021
1786712668.589394 59788 38174 2821 1589 0 55807 0 130828
1786712669.603252 60556 38194 2821 1589 0 56575 0 159483
1786712670.590781 60556 32218 2821 1589 0 56575 0 146544
1786712671.591643 60556 35074 2821 1589 0 56575 0 158794
1786712672.591301 60556 30126 2821 1589 0 56575 0 150813
1786712673.591892 60556 34437 2821 1589 0 56575 0 173443
1786712674.594040 60556 35312 2821 1589 0 56575 0 199110
1786712675.594781 61452 34451 2821 1589 0 57471 0 211359
1786712676.590640 61452 38871 2821 1589 0 57471 0 185866
1786712677.591240 61452 32707 2821 1589 0 57471 0 198115
1786712678.594966 61452 35648 2821 1589 0 57471 0 225895
1786712679.598302 61452 35712 2821 1589 0 57471 0 268272
1786712680.598216 61452 35281 2821 1589 0 57471 0 258661
1786712681.597298 61452 37532 2821 1589 0 57471 0 251115
1786712682.593544 61452 34444 2821 1589 0 57471 0 244333
1786712683.595634 61452 34956 2821 1589 0 57471 0 244333
1786712684.599843 62476 37040 2821 1589 0 58495 0 292628
1786712685.600038 68620 37024 2821 1589 0 64639 0 301605
1786712686.601304 68620 36232 2821 1589 0 64639 0 317129
1786712687.606989 68620 41753 2821 1589 0 64639 0 348883
1786712688.604962 68620 39254 2821 1589 0 64639 0 376852
1786712689.602309 68620 36520 2821 1589 0 64639 0 337534
1786712690.603234 68620 36856 2821 1589 0 64639 0 348130
1786712691.603967 68620 35238 2821 1589 0 64639 0 360383
1786712692.601560 69516 38531 2821 1589 0 65535 0 337224
1786712693.605238 69516 39990 2821 1589 0 65535 0 380717
1786712694.605699 69516 37005 2821 1589 0 65535 0 387896
1786712695.602977 69516 36785 2821 1589 0 65535 0 358311
1786712696.606525 69516 36172 2821 1589 0 65535 0 401642
1786712697.607375 69516 34906 2821 1589 0 65535 0 413893
1786712698.607705 69516 39270 2821 1589 0 65535 0 430446
1786712699.607857 70796 34961 2821 1589 0 66815 0 424471
1786712700.607283 70796 35517 2821 1589 0 66815 0 414361
1786712701.608070 70796 36332 2821 1589 0 66815 0 426612
1786712702.610126 70796 36293 2821 1589 0 66815 0 454064
1786712703.611712 70796 39629 2821 1589 0 66815 0 484338
1786712704.611960 70796 36352 2821 1589 0 66815 0 490226
1786712705.611225 70796 38461 2821 1589 0 66815 0 476898
1786712706.610446 70796 36508 2821 1589 0 66815 0 467856
1786712707.612431 70796 40602 2821 1589 0 66815 0 494665
1786712708.613011 70796 35749 2821 1589 0 66815 0 506916
1786712709.615665 70796 39341 2821 1589 0 66815 0 536712
1786712710.614151 70796 37771 2821 1589 0 66815 0 527043
1786712711.614967 70796 34739 2821 1589 0 66815 0 509334
1786712712.615088 70796 38066 2821 1589 0 66815 0 521585
1786712713.612790 72332 36570 2821 1589 0 68351 0 528393
1786712714.616561 72332 40487 2821 1589 0 68351 0 538791
1786712715.618060 72332 38666 2821 1589 0 68351 0 578345
1786712716.616831 72332 36769 2821 1589 0 68351 0 566432
1786712717.617884 72332 40894 2821 1589 0 68351 0 578683
1786712718.618267 72332 36948 2821 1589 0 68351 0 590934
1786712719.618171 72332 41786 2821 1589 0 68351 0 580068
1786712720.621563 72332 38567 2821 1589 0 68351 0 644425
1786712721.618505 72332 36436 2821 1589 0 68351 0 586783
1786712722.616933 72332 39131 2821 1589 0 68351 0 577076
1786712723.619251 72332 36299 2821 1589 0 68351 0 622602
1786712724.619458 72332 41683 2821 1589 0 68351 0 620078
1786712725.622570 72332 40017 2821 1589 0 68351 0 659741
1786712726.622368 72332 37744 2821 1589 0 68351 0 649874
1786712727.622837 74124 41631 2821 1589 0 70143 0 638069
1786712728.623535 74124 42254 2821 1589 0 70143 0 662196
1786712729.623497 74124 39678 2821 1589 0 70143 0 667809
1786712730.623680 74124 40702 2821 1589 0 70143 0 672041
1786712731.623119 74124 40702 2821 1589 0 70143 0 664988
1786712732.624663 74124 40950 2821 1589 0 70143 0 689855
1786712733.625158 74124 41029 2821 1589 0 70143 0 702106
1786712734.626919 74124 40826 2821 1589 0 70143 0 731646
1786712735.626499 74124 37347 2821 1589 0 70143 0 714358
1786712736.627454 74124 38014 2821 1589 0 70143 0 744041
1786712737.626077 74124 38309 2821 1589 0 70143 0 713788
1786712738.626971 74124 42127 2821 1589 0 70143 0 721447
1786712739.632094 74124 41137 2821 1589 0 70143 0 801961
1786712740.629614 74124 39859 2821 1589 0 70143 0 763419
1786712741.628805 74124 39206 2821 1589 0 70143 0 754832
1786712742.629902 74124 41438 2821 1589 0 70143 0 767083
1786712743.630849 74124 39780 2821 1589 0 70143 0 779336
1786712744.631878 74124 41501 2821 1589 0 70143 0 807596
1786712745.631826 74124 43172 2821 1589 0 70143 0 811403
1786712746.629799 74124 39745 2821 1589 0 70143 0 774416
1786712747.630249 74124 38728 2821 1589 0 70143 0 783600
1786712748.630987 74124 42326 2821 1589 0 70143 0 790687
1786712749.635150 74124 42675 2821 1589 0 70143 0 853739
1786712750.634475 74124 38183 2821 1589 0 70143 0 834527
1786712751.633872 74124 44326 2821 1589 0 70143 0 825684
1786712752.633737 74124 37918 2821 1589 0 70143 0 837935
1786712753.631950 74124 44005 2821 1589 0 70143 0 826665
1786712754.635332 74124 37707 2821 1589 0 70143 0 862437
1786712755.636644 74124 40565 2821 1589 0 70143 0 887625
1786712756.634615 74124 44275 2821 1589 0 70143 0 864933
1786712757.635242 74124 40324 2821 1589 0 70143 0 858463
1786712758.633003 74124 43843 2821 1589 0 70143 0 843445
1786712759.636505 74124 44104 2821 1589 0 70143 0 870429
1786712760.636900 74124 39914 2821 1589 0 70143 0 890549
1786712761.635235 74124 44136 2821 1589 0 70143 0 862791
1786712762.637773 74124 35656 2821 1589 0 70143 0 901959
1786712763.638922 74124 43814 2821 1589 0 70143 0 914211
1786712764.640836 74124 43814 2821 1589 0 70143 0 943239
1786712765.644065 74124 39985 2821 1589 0 70143 0 948837
1786712766.640185 74124 44013 2821 1589 0 70143 0 938713
1786712767.639891 74124 37929 2821 1589 0 70143 0 950963
1786712768.647485 74124 44421 2821 1589 0 70143 0 1039779
1786712769.641733 74124 42560 2821 1589 0 70143 0 955483
1786712770.639805 74124 37633 2821 1589 0 70143 0 934767
1786712771.641124 74124 41235 2821 1589 0 70143 0 943443
1786712772.640676 74124 37898 2821 1589 0 70143 0 948156
1786712773.640589 74124 41327 2821 1589 0 70143 0 973857
1786712774.640696 74124 36811 2821 1589 0 70143 0 972722
1786712775.637179 74124 38701 2821 1589 0 70143 0 984972
1786712776.638491 74124 43093 2821 1589 0 70143 0 990247
1786712777.638337 74124 38797 2821 1589 0 70143 0 1009473
1786712778.641482 74124 42956 2821 1589 0 70143 0 1036198
1786712779.644185 74124 43372 2821 1589 0 70143 0 1044100
1786712780.639926 74124 38959 2821 1589 0 70143 0 1033977
1786712781.640969 74124 42556 2821 1589 0 70143 0 1043281
1786712782.640055 74124 39685 2821 1589 0 70143 0 1026526
1786712783.643465 74124 43096 2821 1589 0 70143 0 1072212
1786712784.646274 74124 43926 2821 1589 0 70143 0 1049824
1786712785.641019 74124 41447 2821 1589 0 70143 0 1035116
1786712786.641213 74124 45684 2821 1589 0 70143 0 1047366
1786712787.642684 74124 43577 2821 1589 0 70143 0 1068687
1786712788.645580 74124 43479 2821 1589 0 70143 0 1076381
1786712789.648329 75148 42126 2821 1589 0 71167 0 1105617
1786712790.648117 75148 41415 2821 1589 0 71167 0 1115169
1786712791.644527 75148 43976 2821 1589 0 71167 0 1105443
1786712792.645864 75148 41873 2821 1589 0 71167 0 1117693
1786712793.646976 75148 47046 2821 1589 0 71167 0 1129944
1786712794.649327 75148 45116 2821 1589 0 71167 0 1142194
1786712795.648762 75148 47183 2821 1589 0 71167 0 1154446
1786712796.650309 75148 45288 2821 1589 0 71167 0 1183218
1786712797.652013 77196 45373 2821 1589 0 73215 0 1143934
1786712798.645333 77196 45373 2821 1589 0 73215 0 1113183
1786712799.647173 77196 46398 2821 1589 0 73215 0 1143457
1786712800.647121 77196 46259 2821 1589 0 73215 0 1147325
1786712801.647435 77196 45482 2821 1589 0 73215 0 1155390
1786712802.652172 77196 47543 2821 1589 0 73215 0 1220940
1786712803.651325 77196 46409 2821 1589 0 73215 0 1204859
1786712804.651825 77196 45729 2821 1589 0 73215 0 1185033
1786712805.649620 77196 47585 2821 1589 0 73215 0 1201104
1786712806.650811 77196 46309 2821 1589 0 73215 0 1213355
1786712807.651584 77196 48232 2821 1589 0 73215 0 1225606
1786712808.653191 77196 45887 2821 1589 0 73215 0 1237857
1786712809.656119 77196 47679 2821 1589 0 73215 0 1261940
1786712810.645163 77196 45177 2821 1589 0 73215 0 1250111
1786712811.644925 77196 45257 2821 1589 0 73215 0 1241824
1786712812.658447 77196 45371 2821 1589 0 73215 0 1257377
1786712813.644703 77196 38178 2821 1589 0 73215 0 1262365
1786712814.651443 77196 37901 2821 1589 0 73215 0 1215930
1786712815.650694 77196 39935 2821 1589 0 73215 0 1215781
1786712816.651762 77196 42119 2821 1589 0 73215 0 1223379
1786712817.639008 81293 31644 2821 1589 0 77311 0 1205917
1786712818.639691 81293 31919 2821 1589 0 77311 0 1200813
1786712819.639216 81293 31839 2821 1589 0 77311 0 1193990
1786712820.638660 81293 31933 2821 1589 0 77311 0 1189331
1786712821.638532 81293 31765 2821 1589 0 77311 0 1179346
1786712822.638482 81293 31765 2821 1589 0 77311 0 1173022
1786712823.637894 81293 31667 2821 1589 0 77311 0 1166975
1786712824.638139 81293 31761 2821 1589 0 77311 0 1177902
1786712825.638773 81293 31761 2821 1589 0 77311 0 1177903
1786712826.638254 81293 31761 2821 1589 0 77311 0 1177904
1786712827.637149 81293 31761 2821 1589 0 77311 0 1152616
1786712828.638255 81293 31422 2821 1589 0 77311 0 1177906
1786712829.638813 81293 31576 2821 1589 0 77311 0 1177908
1786712830.638412 81293 31601 2821 1589 0 77311 0 1177909
1786712831.638853 81293 31601 2821 1589 0 77311 0 1177909
1786712832.638452 81293 31601 2821 1589 0 77311 0 1177910
1786712833.636614 81293 32403 2821 1589 0 77311 0 1140096
1786712834.637675 81293 32411 2821 1589 0 77311 0 1161038
1786712835.648732 81293 32412 2821 1589 0 77311 0 1161039
1786712836.637488 81293 32412 2821 1589 0 77311 0 1161039
1786712837.637542 81293 32266 2821 1589 0 77311 0 1161041
1786712838.637543 81293 32266 2821 1589 0 77311 0 1161041
1786712839.637691 81293 32113 2821 1589 0 77311 0 1161042
1786712840.637018 81293 32046 2821 1589 0 77311 0 1145339
1786712841.638146 81293 32046 2821 1589 0 77311 0 1161044
1786712842.637508 81293 32046 2821 1589 0 77311 0 1161045
1786712843.633857 81293 33398 2821 1589 0 77311 0 1085441
1786712844.635324 81293 33202 2821 1589 0 77311 0 1109607
1786712845.634903 81293 33202 2821 1589 0 77311 0 1109608
1786712846.635073 81293 33202 2821 1589 0 77311 0 1109609
1786712847.634947 81293 33202 2821 1589 0 77311 0 1109610
1786712848.635096 81293 32242 2821 1589 0 77311 0 1109611
1786712849.635522 81293 32242 2821 1589 0 77311 0 1109612
1786712850.635197 81293 32080 2821 1589 0 77311 0 1109613
1786712851.635156 81293 31548 2821 1589 0 77311 0 1109614
1786712852.634942 81293 31533 2821 1589 0 77311 0 1109615
1786712853.635263 81293 31533 2821 1589 0 77311 0 1109616
1786712854.630906 83853 33161 2821 1589 0 79871 0 1019404
1786712855.630660 83853 33161 2821 1589 0 79871 0 1020995
1786712856.630860 83853 32896 2821 1589 0 79871 0 1020996
1786712857.630863 83853 32653 2821 1589 0 79871 0 1020997
1786712858.630705 83853 32393 2821 1589 0 79871 0 1020998
1786712859.630850 83853 32312 2821 1589 0 79871 0 1020999
1786712860.642745 88974 49918 2837 1589 0 84991 0 976416
1786712861.629126 206222 163070 2837 1589 0 202239 0 976416
1786712862.628806 360334 277758 2837 1589 0 356351 0 976416
1786712863.628812 489870 390910 2837 1589 0 485887 0 976416
1786712864.629064 573838 504574 2837 1589 0 569855 0 976416
1786712865.628789 676238 617214 2837 1589 0 672255 0 976416
1786712866.628764 796046 731902 2837 1589 0 792063 0 976416
1786712867.628718 933262 846078 2837 1589 0 929279 0 976416
1786712868.628882 1097102 960254 2837 1589 0 1093119 0 976416
1786712869.629159 1304975 1072371 2837 1589 0 1300991 0 976416
1786712870.629133 1304975 1072371 2837 1589 0 1300991 0 976416
1786712871.629257 1304975 1072371 2837 1589 0 1300991 0 976416
1786712872.628735 1304975 1072371 2837 1589 0 1300991 0 976416
1786712873.628820 1304975 1072371 2837 1589 0 1300991 0 976416
1786712874.628775 1304975 1072371 2837 1589 0 1300991 0 976416
1786712875.629846 1304975 1072371 2837 1589 0 1300991 0 976416
1786712876.628863 1309072 1072363 2837 1589 0 1305087 0 976416
1786712877.629270 1309072 1072363 2837 1589 0 1305087 0 976416
1786712878.628743 1309072 1072363 2837 1589 0 1305087 0 976416
1786712879.628652 1309072 1072363 2837 1589 0 1305087 0 976416
1786712880.628618 1309072 1072363 2837 1589 0 1305087 0 976416
1786712881.628959 1309072 1072363 2837 1589 0 1305087 0 976416
1786712882.628711 1313169 1072364 2837 1589 0 1309183 0 976416
1786712883.628743 1313169 1072364 2837 1589 0 1309183 0 976416
1786712884.628842 1313169 1072364 2837 1589 0 1309183 0 976416
1786712885.628715 1313169 1072364 2837 1589 0 1309183 0 976416
1786712886.628562 1313169 1072364 2837 1589 0 1309183 0 976416
1786712887.629096 1313169 1072364 2837 1589 0 1309183 0 976416
1786712888.628680 1313169 1072364 2837 1589 0 1309183 0 976416
1786712889.629279 1313169 1072364 2837 1589 0 1309183 0 976416
1786712890.629652 1313169 1072364 2837 1589 0 1309183 0 976416
1786712891.628769 1313169 1072364 2837 1589 0 1309183 0 976416
1786712892.629182 1313169 1072364 2837 1589 0 1309183 0 976416
1786712893.628805 1313169 1072364 2837 1589 0 1309183 0 976416
1786712894.629122 1313169 1072364 2837 1589 0 1309183 0 976416
1786712895.628910 1313169 1072364 2837 1589 0 1309183 0 976416
1786712896.629243 1313169 1072364 2837 1589 0 1309183 0 976416
1786712897.628684 1313169 1072364 2837 1589 0 1309183 0 976416
1786712898.629160 1313169 1072364 2837 1589 0 1309183 0 976416
1786712899.628843 1313169 1072364 2837 1589 0 1309183 0 976416
1786712900.628707 1313169 1072364 2837 1589 0 1309183 0 976416
1786712901.629255 1313169 1072364 2837 1589 0 1309183 0 976416
1786712902.628635 1313169 1072364 2837 1589 0 1309183 0 976416
1786712903.628712 1313169 1072364 2837 1589 0 1309183 0 976416
1786712904.629127 1313169 1072364 2837 1589 0 1309183 0 976416
1786712905.629009 1313169 1072364 2837 1589 0 1309183 0 976416
1786712906.628665 1313169 1072364 2837 1589 0 1309183 0 976416
1786712907.628559 1313169 1072364 2837 1589 0 1309183 0 976416
1786712908.628486 1313169 1072364 2837 1589 0 1309183 0 976416
1786712909.628707 1313169 1072364 2837 1589 0 1309183 0 976416
1786712910.628540 1313169 1072364 2837 1589 0 1309183 0 976416
1786712911.628945 1313169 1072364 2837 1589 0 1309183 0 976416
1786712912.628987 1313169 1072364 2837 1589 0 1309183 0 976416
1786712913.628727 1313169 1072364 2837 1589 0 1309183 0 976416
1786712914.628844 1313169 1072364 2837 1589 0 1309183 0 976416
1786712915.628611 1313169 1072364 2837 1589 0 1309183 0 976416
1786712916.628758 1313169 1072364 2837 1589 0 1309183 0 976416
1786712917.628780 1313169 1072364 2837 1589 0 1309183 0 976416
1786712918.628660 1313169 1072364 2837 1589 0 1309183 0 976416
1786712919.628928 1313169 1072364 2837 1589 0 1309183 0 976416
1786712920.628618 1313169 1072364 2837 1589 0 1309183 0 976416
1786712921.628664 1313169 1072364 2837 1589 0 1309183 0 976416
1786712922.629137 1313169 1072364 2837 1589 0 1309183 0 976416
1786712923.628636 1313169 1072364 2837 1589 0 1309183 0 976416
1786712924.628775 1313169 1072364 2837 1589 0 1309183 0 976416
1786712925.628671 1313169 1072364 2837 1589 0 1309183 0 976416
1786712926.628612 1313169 1072364 2837 1589 0 1309183 0 976416
1786712927.628715 1313169 1072364 2837 1589 0 1309183 0 976416
1786712928.628634 1313169 1072364 2837 1589 0 1309183 0 976416
1786712929.628661 1313169 1072364 2837 1589 0 1309183 0 976416
1786712930.628692 1313169 1072364 2837 1589 0 1309183 0 976416
1786712931.629155 1313169 1072364 2837 1589 0 1309183 0 976416
1786712932.629019 1313169 1072364 2837 1589 0 1309183 0 976416
1786712933.629132 1313169 1072364 2837 1589 0 1309183 0 976416
1786712934.628734 1313169 1072364 2837 1589 0 1309183 0 976416
1786712935.628700 1313169 1072364 2837 1589 0 1309183 0 976416
1786712936.628617 1313169 1072364 2837 1589 0 1309183 0 976416
1786712937.628533 1313169 1072364 2837 1589 0 1309183 0 976416
1786712938.628661 1313169 1072364 2837 1589 0 1309183 0 976416
1786712939.628579 1313169 1072364 2837 1589 0 1309183 0 976416
1786712940.628570 1313169 1072364 2837 1589 0 1309183 0 976416
1786712941.628822 1313169 1072364 2837 1589 0 1309183 0 976416
1786712942.629010 1313169 1072364 2837 1589 0 1309183 0 976416
1786712943.629388 1313169 1072364 2837 1589 0 1309183 0 976416
1786712944.628821 1313169 1072364 2837 1589 0 1309183 0 976416
1786712945.628797 1313169 1072364 2837 1589 0 1309183 0 976416
1786712946.628921 1313169 1072364 2837 1589 0 1309183 0 976416
1786712947.628750 1313169 1072364 2837 1589 0 1309183 0 976416
1786712948.628816 1313169 1072364 2837 1589 0 1309183 0 976416
1786712949.628951 1313169 1072364 2837 1589 0 1309183 0 976416
1786712950.628690 1313169 1072364 2837 1589 0 1309183 0 976416
1786712951.628679 1313169 1072364 2837 1589 0 1309183 0 976416
1786712952.628999 1313169 1072364 2837 1589 0 1309183 0 976416
1786712953.628710 1313169 1072364 2837 1589 0 1309183 0 976416
1786712954.629016 1313169 1072364 2837 1589 0 1309183 0 976416
1786712955.628541 1313169 1072364 2837 1589 0 1309183 0 976416
1786712956.628799 1313169 1072364 2837 1589 0 1309183 0 976416
1786712957.628718 1313169 1072364 2837 1589 0 1309183 0 976416
1786712958.628667 1313169 1072364 2837 1589 0 1309183 0 976416
1786712959.628488 1313169 1072364 2837 1589 0 1309183 0 976416
1786712960.628643 1313169 1072364 2837 1589 0 1309183 0 976416
1786712961.628693 1313169 1072364 2837 1589 0 1309183 0 976416
1786712962.628841 1313169 1072364 2837 1589 0 1309183 0 976416
1786712963.628674 1313169 1072364 2837 1589 0 1309183 0 976416
1786712964.628764 1313169 1072364 2837 1589 0 1309183 0 976416
1786712965.628746 1313169 1072364 2837 1589 0 1309183 0 976416
1786712966.628724 1313169 1072364 2837 1589 0 1309183 0 976416
1786712967.628697 1313169 1072364 2837 1589 0 1309183 0 976416
1786712968.628682 1313169 1072364 2837 1589 0 1309183 0 976416
1786712969.628664 1313169 1072364 2837 1589 0 1309183 0 976416
1786712970.628803 1313169 1072364 2837 1589 0 1309183 0 976416
1786712971.628693 1313169 1072364 2837 1589 0 1309183 0 976416
1786712972.631210 1313169 1072364 2837 1589 0 1309183 0 976416
1786712973.628694 1313169 1072364 2837 1589 0 1309183 0 976416
1786712974.628738 1313169 1072364 2837 1589 0 1309183 0 976416
1786712975.628718 1313169 1072379 2837 1589 0 1309183 0 976416
1786712976.628721 1313169 1072379 2837 1589 0 1309183 0 976416
1786712977.628771 1313169 1072379 2837 1589 0 1309183 0 976416
1786712978.628467 1313169 1072379 2837 1589 0 1309183 0 976416
1786712979.628530 1313169 1072379 2837 1589 0 1309183 0 976416
1786712980.628651 1313169 1072379 2837 1589 0 1309183 0 976416
1786712981.628674 1313169 1072379 2837 1589 0 1309183 0 976416
1786712982.628540 1313169 1072379 2837 1589 0 1309183 0 976416
1786712983.628761 1313169 1072379 2837 1589 0 1309183 0 976416
1786712984.628813 1313169 1072379 2837 1589 0 1309183 0 976416
1786712985.628783 1313169 1072379 2837 1589 0 1309183 0 976416
1786712986.628813 1313169 1072379 2837 1589 0 1309183 0 976416
1786712987.628623 1313169 1072379 2837 1589 0 1309183 0 976416
1786712988.628782 1313169 1072379 2837 1589 0 1309183 0 976416
1786712989.628776 1313169 1072379 2837 1589 0 1309183 0 976416
1786712990.628730 1313169 1072379 2837 1589 0 1309183 0 976416
1786712991.628839 1313169 1072379 2837 1589 0 1309183 0 976416
1786712992.629064 1313169 1072379 2837 1589 0 1309183 0 976416
1786712993.629269 1313169 1072379 2837 1589 0 1309183 0 976416
1786712994.628768 1313169 1072379 2837 1589 0 1309183 0 976416
1786712995.628797 1313169 1072379 2837 1589 0 1309183 0 976416
1786712996.629068 1313169 1072379 2837 1589 0 1309183 0 976416
1786712997.628811 1313169 1072379 2837 1589 0 1309183 0 976416
1786712998.628768 1313169 1072379 2837 1589 0 1309183 0 976416
1786712999.628575 1313169 1072379 2837 1589 0 1309183 0 976416
1786713000.628783 1313169 1072379 2837 1589 0 1309183 0 976416
1786713001.628704 1313169 1072379 2837 1589 0 1309183 0 976416
1786713002.628699 1313169 1072379 2837 1589 0 1309183 0 976416
1786713003.629101 1313169 1072379 2837 1589 0 1309183 0 976416
1786713004.628851 1313169 1072379 2837 1589 0 1309183 0 976416
1786713005.628775 1313169 1072379 2837 1589 0 1309183 0 976416
1786713006.628750 1313169 1072379 2837 1589 0 1309183 0 976416
1786713007.629058 1313169 1072379 2837 1589 0 1309183 0 976416
1786713008.628856 1313169 1072379 2837 1589 0 1309183 0 976416
1786713009.628757 1313169 1072379 2837 1589 0 1309183 0 976416
1786713010.628846 1313169 1072379 2837 1589 0 1309183 0 976416
1786713011.629052 1313169 1072379 2837 1589 0 1309183 0 976416
1786713012.628716 1313169 1072379 2837 1589 0 1309183 0 976416
1786713013.628668 1313169 1072379 2837 1589 0 1309183 0 976416
1786713014.628785 1313169 1072379 2837 1589 0 1309183 0 976416
1786713015.628767 1313169 1072379 2837 1589 0 1309183 0 976416
1786713016.629126 1313169 1072379 2837 1589 0 1309183 0 976416
1786713017.628837 1313169 1072379 2837 1589 0 1309183 0 976416
1786713018.628786 1313169 1072379 2837 1589 0 1309183 0 976416
1786713019.628924 1313169 1072379 2837 1589 0 1309183 0 976416
1786713020.628744 1313169 1072379 2837 1589 0 1309183 0 976416
1786713021.628782 1313169 1072379 2837 1589 0 1309183 0 976416
1786713022.628778 1313169 1072379 2837 1589 0 1309183 0 976416
1786713023.628721 1313169 1072379 2837 1589 0 1309183 0 976416
1786713024.628803 1313169 1072379 2837 1589 0 1309183 0 976416
1786713025.628797 1313169 1072379 2837 1589 0 1309183 0 976416
1786713026.628749 1313169 1072379 2837 1589 0 1309183 0 976416
1786713027.628725 1313169 1072379 2837 1589 0 1309183 0 976416
1786713028.628905 1313169 1072379 2837 1589 0 1309183 0 976416
1786713029.628673 1313169 1072379 2837 1589 0 1309183 0 976416
1786713030.628664 1313169 1072379 2837 1589 0 1309183 0 976416
1786713031.628361 1313169 1072379 2837 1589 0 1309183 0 976416
1786713032.628698 1313169 1072379 2837 1589 0 1309183 0 976416
1786713033.628509 1313169 1072379 2837 1589 0 1309183 0 976416
1786713034.629058 1313169 1072379 2837 1589 0 1309183 0 976416
1786713035.628575 1313169 1072379 2837 1589 0 1309183 0 976416
1786713036.628715 1313169 1072379 2837 1589 0 1309183 0 976416
1786713037.628765 1313169 1072379 2837 1589 0 1309183 0 976416
1786713038.629067 1313169 1072379 2837 1589 0 1309183 0 976416
1786713039.628712 1313169 1072379 2837 1589 0 1309183 0 976416
1786713040.628628 1313169 1072379 2837 1589 0 1309183 0 976416
1786713041.628440 1313169 1072379 2837 1589 0 1309183 0 976416
1786713042.628606 1313169 1072379 2837 1589 0 1309183 0 976416
1786713043.628535 1313169 1072379 2837 1589 0 1309183 0 976416
1786713044.628688 1313169 1072379 2837 1589 0 1309183 0 976416
1786713045.628727 1313169 1072379 2837 1589 0 1309183 0 976416
1786713046.628730 1313169 1072379 2837 1589 0 1309183 0 976416
1786713047.628948 1313169 1072379 2837 1589 0 1309183 0 976416
1786713048.628726 1313169 1072379 2837 1589 0 1309183 0 976416
1786713049.629125 1313169 1072379 2837 1589 0 1309183 0 976416
1786713050.628777 1313169 1072379 2837 1589 0 1309183 0 976416
1786713051.628773 1313169 1072379 2837 1589 0 1309183 0 976416
1786713052.628813 1313169 1072379 2837 1589 0 1309183 0 976416
1786713053.629548 1313169 1072379 2837 1589 0 1309183 0 976416
1786713054.628765 1313169 1072379 2837 1589 0 1309183 0 976416
1786713055.629470 1313169 1072379 2837 1589 0 1309183 0 976416
1786713056.628568 1313169 1072379 2837 1589 0 1309183 0 976416
1786713057.628734 1313169 1072379 2837 1589 0 1309183 0 976416
1786713058.628552 1313169 1072379 2837 1589 0 1309183 0 976416
1786713059.628790 1313169 1072379 2837 1589 0 1309183 0 976416
1786713060.628721 1313169 1072379 2837 1589 0 1309183 0 976416
1786713061.628755 1313169 1072379 2837 1589 0 1309183 0 976416
1786713062.629232 1313169 1072379 2837 1589 0 1309183 0 976416
1786713063.629574 1313169 1072379 2837 1589 0 1309183 0 976416
1786713064.628760 1313169 1072379 2837 1589 0 1309183 0 976416
1786713065.629067 1313169 1072379 2837 1589 0 1309183 0 976416
1786713066.628650 1313169 1072379 2837 1589 0 1309183 0 976416
1786713067.629454 1313169 1072379 2837 1589 0 1309183 0 976416
1786713068.628811 1313169 1072379 2837 1589 0 1309183 0 976416
1786713069.629089 1313169 1072379 2837 1589 0 1309183 0 976416
1786713070.628593 1313169 1072379 2837 1589 0 1309183 0 976416
1786713071.628598 1313169 1072379 2837 1589 0 1309183 0 976416
1786713072.628536 1313169 1072379 2837 1589 0 1309183 0 976416
1786713073.629583 1313169 1072379 2837 1589 0 1309183 0 976416
1786713074.628710 1313169 1072379 2837 1589 0 1309183 0 976416
1786713075.628701 1313169 1072379 2837 1589 0 1309183 0 976416
1786713076.628720 1313169 1072379 2837 1589 0 1309183 0 976416
1786713077.628844 1313169 1072379 2837 1589 0 1309183 0 976416
1786713078.628742 1313169 1072379 2837 1589 0 1309183 0 976416
1786713079.628601 1313169 1072379 2837 1589 0 1309183 0 976416
1786713080.628702 1313169 1072379 2837 1589 0 1309183 0 976416
1786713081.628701 1313169 1072379 2837 1589 0 1309183 0 976416
1786713082.628736 1313169 1072379 2837 1589 0 1309183 0 976416
1786713083.629542 1313169 1072379 2837 1589 0 1309183 0 976416
1786713084.628734 1313169 1072379 2837 1589 0 1309183 0 976416
1786713085.628462 1313169 1072379 2837 1589 0 1309183 0 976416
1786713086.628564 1313169 1072379 2837 1589 0 1309183 0 976416
1786713087.628698 1313169 1072379 2837 1589 0 1309183 0 976416
1786713088.628675 1313169 1072379 2837 1589 0 1309183 0 976416
1786713089.628743 1313169 1072379 2837 1589 0 1309183 0 976416
1786713090.628651 1313169 1072379 2837 1589 0 1309183 0 976416
1786713091.628664 1313169 1072379 2837 1589 0 1309183 0 976416
1786713092.628642 1313169 1072379 2837 1589 0 1309183 0 976416
1786713093.629192 1313169 1072379 2837 1589 0 1309183 0 976416
1786713094.629833 1313169 1072379 2837 1589 0 1309183 0 976416
1786713095.628526 1313169 1072379 2837 1589 0 1309183 0 976416
1786713096.629078 1313169 1072379 2837 1589 0 1309183 0 976416
1786713097.630813 1313169 1072379 2837 1589 0 1309183 0 976416
1786713098.628606 1313169 1072379 2837 1589 0 1309183 0 976416
1786713099.628394 1313169 1072379 2837 1589 0 1309183 0 976416
1786713100.628702 1313169 1072379 2837 1589 0 1309183 0 976416
1786713101.628748 1313169 1072379 2837 1589 0 1309183 0 976416
1786713102.628620 1313169 1072379 2837 1589 0 1309183 0 976416
1786713103.629544 1313169 1072379 2837 1589 0 1309183 0 976416
1786713104.628691 1313169 1072379 2837 1589 0 1309183 0 976416
1786713105.628598 1313169 1072379 2837 1589 0 1309183 0 976416
1786713106.629932 1313169 1072379 2837 1589 0 1309183 0 976416
1786713107.629010 1313169 1072379 2837 1589 0 1309183 0 976416
1786713108.628755 1313169 1072379 2837 1589 0 1309183 0 976416
1786713109.628731 1313169 1072379 2837 1589 0 1309183 0 976416
1786713110.628643 1313169 1072379 2837 1589 0 1309183 0 976416
1786713111.628800 1313169 1072379 2837 1589 0 1309183 0 976416
1786713112.628554 1313169 1072379 2837 1589 0 1309183 0 976416
1786713113.629487 1313169 1072379 2837 1589 0 1309183 0 976416
1786713114.628581 1313169 1072379 2837 1589 0 1309183 0 976416
1786713115.628737 1313169 1072379 2837 1589 0 1309183 0 976416
1786713116.628712 1313169 1072379 2837 1589 0 1309183 0 976416
1786713117.628672 1313169 1072379 2837 1589 0 1309183 0 976416
1786713118.628510 1313169 1072379 2837 1589 0 1309183 0 976416
1786713119.628732 1313169 1072379 2837 1589 0 1309183 0 976416
1786713120.628734 1313169 1072379 2837 1589 0 1309183 0 976416
1786713121.628733 1313169 1072379 2837 1589 0 1309183 0 976416
1786713122.628729 1313169 1072379 2837 1589 0 1309183 0 976416
1786713123.629707 1313169 1072379 2837 1589 0 1309183 0 976416
1786713124.628803 1313169 1072379 2837 1589 0 1309183 0 976416
1786713125.628600 1313169 1072379 2837 1589 0 1309183 0 976416
1786713126.628673 1313169 1072379 2837 1589 0 1309183 0 976416
1786713127.628664 1313169 1072379 2837 1589 0 1309183 0 976416
1786713128.628865 1313169 1072379 2837 1589 0 1309183 0 976416
1786713129.628811 1313169 1072379 2837 1589 0 1309183 0 976416
1786713130.628803 1313169 1072379 2837 1589 0 1309183 0 976416
1786713131.628643 1313169 1072379 2837 1589 0 1309183 0 976416
1786713132.628669 1313169 1072379 2837 1589 0 1309183 0 976416
1786713133.629341 1313169 1072379 2837 1589 0 1309183 0 976416
1786713134.628702 1313169 1072379 2837 1589 0 1309183 0 976416
1786713135.628747 1313169 1072379 2837 1589 0 1309183 0 976416
1786713136.628600 1313169 1072379 2837 1589 0 1309183 0 976416
1786713137.628731 1313169 1072379 2837 1589 0 1309183 0 976416
1786713138.628733 1313169 1072379 2837 1589 0 1309183 0 976416
1786713139.629026 1313169 1072379 2837 1589 0 1309183 0 976416
1786713140.628883 1313169 1072379 2837 1589 0 1309183 0 976416
1786713141.629128 1313169 1072379 2837 1589 0 1309183 0 976416
1786713142.628807 1313169 1072379 2837 1589 0 1309183 0 976416
1786713143.629936 1313169 1072379 2837 1589 0 1309183 0 976416
1786713144.628815 1313169 1072379 2837 1589 0 1309183 0 976416
1786713145.628823 1313169 1072379 2837 1589 0 1309183 0 976416
1786713146.629026 1313169 1072379 2837 1589 0 1309183 0 976416
1786713147.628522 1313169 1072379 2837 1589 0 1309183 0 976416
1786713148.628791 1313169 1072379 2837 1589 0 1309183 0 976416
1786713149.628696 1313169 1072379 2837 1589 0 1309183 0 976416
1786713150.628609 1313169 1072379 2837 1589 0 1309183 0 976416
1786713151.628557 1313169 1072379 2837 1589 0 1309183 0 976416
1786713152.628781 1313169 1072379 2837 1589 0 1309183 0 976416
1786713153.628731 1313169 1072379 2837 1589 0 1309183 0 976416
1786713154.628744 1313169 1072379 2837 1589 0 1309183 0 976416
1786713155.628609 1313169 1072379 2837 1589 0 1309183 0 976416
1786713156.628642 1313169 1072379 2837 1589 0 1309183 0 976416
1786713157.628716 1313169 1072379 2837 1589 0 1309183 0 976416
1786713158.628689 1313169 1072379 2837 1589 0 1309183 0 976416
1786713159.628662 1313169 1072379 2837 1589 0 1309183 0 976416
1786713160.628710 1313169 1072379 2837 1589 0 1309183 0 976416
1786713161.628805 1313169 1072379 2837 1589 0 1309183 0 976416
1786713162.628664 1313169 1072379 2837 1589 0 1309183 0 976416
1786713163.628607 1313169 1072379 2837 1589 0 1309183 0 976416
1786713164.629001 1313169 1072379 2837 1589 0 1309183 0 976416
1786713165.628696 1313169 1072379 2837 1589 0 1309183 0 976416
1786713166.628473 1313169 1072379 2837 1589 0 1309183 0 976416
1786713167.628929 1313169 1072379 2837 1589 0 1309183 0 976416
1786713168.628499 1313169 1072379 2837 1589 0 1309183 0 976416
1786713169.628560 1313169 1072379 2837 1589 0 1309183 0 976416
1786713170.628686 1313169 1072379 2837 1589 0 1309183 0 976416
1786713171.630940 1313169 1072379 2837 1589 0 1309183 0 976416
1786713172.628723 1313169 1072379 2837 1589 0 1309183 0 976416
1786713173.628744 1313169 1072379 2837 1589 0 1309183 0 976416
1786713174.628621 1313169 1072379 2837 1589 0 1309183 0 976416
1786713175.628874 1313169 1072379 2837 1589 0 1309183 0 976416
1786713176.628646 1313169 1072379 2837 1589 0 1309183 0 976416
1786713177.628774 1313169 1072379 2837 1589 0 1309183 0 976416
1786713178.628595 1313169 1072379 2837 1589 0 1309183 0 976416
1786713179.628666 1313169 1072379 2837 1589 0 1309183 0 976416
1786713180.628742 1313169 1072379 2837 1589 0 1309183 0 976416
1786713181.628790 1313169 1072379 2837 1589 0 1309183 0 976416
1786713182.628722 1313169 1072379 2837 1589 0 1309183 0 976416
1786713183.637225 1313169 1072379 2837 1589 0 1309183 0 976416
1786713184.629107 1313169 1072379 2837 1589 0 1309183 0 976416
1786713185.628805 1313169 1072379 2837 1589 0 1309183 0 976416
1786713186.628822 1313169 1072379 2837 1589 0 1309183 0 976416
1786713187.628851 1313169 1072379 2837 1589 0 1309183 0 976416
1786713188.629013 1313169 1072379 2837 1589 0 1309183 0 976416
1786713189.628592 1313169 1072379 2837 1589 0 1309183 0 976416
1786713190.628535 1313169 1072379 2837 1589 0 1309183 0 976416
1786713191.628803 1313169 1072379 2837 1589 0 1309183 0 976416
1786713192.628942 1313169 1072379 2837 1589 0 1309183 0 976416
1786713193.628755 1313169 1072379 2837 1589 0 1309183 0 976416
1786713194.628702 1313169 1072379 2837 1589 0 1309183 0 976416
1786713195.630030 1313169 1072379 2837 1589 0 1309183 0 976416
1786713196.628492 1313169 1072379 2837 1589 0 1309183 0 976416
1786713197.628669 1313169 1072379 2837 1589 0 1309183 0 976416
1786713198.628719 1313169 1072379 2837 1589 0 1309183 0 976416
1786713199.628544 1313169 1072379 2837 1589 0 1309183 0 976416
1786713200.628871 1313169 1072379 2837 1589 0 1309183 0 976416
1786713201.628836 1313169 1072379 2837 1589 0 1309183 0 976416
1786713202.628643 1313169 1072379 2837 1589 0 1309183 0 976416
1786713203.628596 1313169 1072379 2837 1589 0 1309183 0 976416
