# start_epoch=1786836046.089480  page_size=4096  cachestat=ok  fields=size,resident,shared,text,lib,data,dt,pagecache
1786836047.089768 262499 27627 7640 99 0 248506 0 1
1786836048.089723 262499 27627 7640 99 0 248506 0 1
1786836049.098029 3005387 129263 106684 99 0 277562 0 129570
1786836050.100068 3062600 144143 119377 99 0 280634 0 164242
1786836051.103919 3097260 144180 119406 99 0 280634 0 183599
1786836052.102763 3151148 179974 155206 99 0 280634 0 255356
1786836053.105697 3149256 149283 124515 99 0 280634 0 255071
1786836054.104721 3220561 193240 167950 99 0 280634 0 307753
1786836055.110836 3201285 152976 130679 99 0 280634 0 331984
1786836056.110395 3235937 145177 120819 99 0 280634 0 327511
1786836057.109748 3289924 179567 155387 99 0 280634 0 400892
1786836058.114609 3288024 150110 125944 99 0 280634 0 399381
1786836059.114968 3359362 196479 172313 99 0 280634 0 446926
1786836060.119210 3340101 153234 130231 99 0 280634 0 469354
1786836061.119006 3374805 141579 120247 99 0 280634 0 463951
1786836062.116811 3428695 176952 155485 99 0 280634 0 537717
1786836063.123635 3426766 148825 125788 99 0 280634 0 538773
1786836064.119749 3498107 197665 173386 99 0 280634 0 602977
1786836065.128284 3478900 155839 131566 99 0 280634 0 613709
1786836066.128000 3513532 143950 121932 99 0 280634 0 609917
1786836067.124102 3567420 179954 155779 99 0 280634 0 683002
1786836068.132691 3565519 151023 127435 99 0 280634 0 684131
1786836069.126816 3660035 198056 174468 99 0 280634 0 742007
1786836070.139779 3617564 156446 133135 99 0 280634 0 758790
1786836071.136589 3652240 144451 122843 99 0 280634 0 754320
1786836072.132827 3706141 179471 156053 99 0 280634 0 810666
1786836073.142002 3704235 153185 129760 99 0 280634 0 832751
1786836074.141883 3738892 142996 120420 99 0 280634 0 830314
1786836075.135025 3792815 178601 155903 99 0 280634 0 902711
1786836076.146248 3790901 148647 125942 99 0 280634 0 904458
1786836077.137981 3862147 195333 173782 99 0 280634 0 967292
1786836078.150945 3842924 155652 132291 99 0 280634 0 980812
1786836079.150701 3877609 145300 121937 99 0 280634 0 974867
1786836080.142514 3931532 179690 156324 99 0 280634 0 1052580
1786836081.155677 3929637 152417 129051 99 0 280634 0 1055731
1786836082.148994 3983607 180344 156977 99 0 280634 0 1034951
1786836083.159149 5084313 180644 157273 99 0 280634 0 1126522
1786836084.159898 4016313 148576 125205 99 0 280634 0 1128349
1786836085.150727 4070236 179906 156533 99 0 280634 0 1175010
1786836086.164368 4068333 151812 129658 99 0 280634 0 1197431
1786836087.164330 4118391 159295 135969 99 0 280634 0 1195843
1786836088.153041 4157003 180163 156666 99 0 280634 0 1261680
1786836089.169141 4155170 148596 125200 99 0 280634 0 1266929
1786836090.153542 4209149 180313 156889 99 0 280634 0 1316704
1786836091.152279 4189083 120663 97316 99 0 284730 0 1288505
1786836092.151773 4172894 84623 60728 99 0 287802 0 1277970
1786836093.148977 4146049 61574 37670 99 0 287802 0 1230002
1786836094.150420 4146049 100710 77481 99 0 287802 0 1250351
1786836095.150457 4146049 132286 108936 99 0 287802 0 1250543
1786836096.148913 4146049 159654 136303 99 0 287802 0 1229239
1786836097.149938 4146049 199241 175890 99 0 287802 0 1249314
1786836098.150659 4146049 232144 208088 99 0 287802 0 1250548
1786836099.149061 4146049 259291 235208 99 0 287802 0 1228910
1786836100.149839 4146049 298214 274828 99 0 287802 0 1249020
1786836101.150765 4146049 330599 307213 99 0 287802 0 1250553
1786836102.149328 4146049 356902 333516 99 0 287802 0 1227821
1786836103.150366 4146049 396193 372807 99 0 287802 0 1247474
1786836104.151956 4146049 429789 406403 99 0 287802 0 1273661
1786836105.156456 4302190 189799 165719 99 0 287802 0 1377157
1786836106.149287 4146044 64757 40633 99 0 287802 0 1229509
1786836107.150257 4146044 106656 80474 99 0 287802 0 1249966
1786836108.150810 4170869 147957 123823 99 0 287802 0 1250562
1786836109.148904 4146044 161954 137818 99 0 287802 0 1226869
1786836110.151201 4146044 203109 176925 99 0 287802 0 1246273
1786836111.151191 4146044 232019 207883 99 0 287802 0 1270235
1786836112.148883 4146044 258092 233956 99 0 287802 0 1222747
1786836113.149766 4147836 298868 273299 99 0 289594 0 1242508
1786836114.151013 4147836 332651 307069 99 0 289594 0 1263538
1786836115.149105 4147836 357442 331860 99 0 289594 0 1221029
1786836116.150242 4147836 396089 370507 99 0 289594 0 1239807
1786836117.150214 4147836 431844 406262 99 0 289594 0 1258349
1786836118.159284 4390480 277673 252090 99 0 289594 0 1446321
1786836119.148687 4147828 61820 37427 99 0 289594 0 1226996
1786836120.149632 4149620 101960 76360 99 0 291386 0 1246111
1786836121.151450 4149620 133077 108617 99 0 291386 0 1269897
1786836122.149982 4149620 157850 133390 99 0 291386 0 1221036
1786836123.149780 4149620 196815 172115 99 0 291386 0 1241567
1786836124.150761 4149620 232479 207779 99 0 291386 0 1263880
1786836125.149038 4149620 257284 232584 99 0 291386 0 1221041
1786836126.149865 4149620 296189 270337 99 0 291386 0 1240295
1786836127.151035 4149620 332790 306938 99 0 291386 0 1260727
1786836128.149401 4207711 411337 385485 99 0 291386 0 1221299
1786836129.149772 4219050 94845 71360 99 0 291386 0 1238401
1786836130.148655 4153711 32871 9345 99 0 295482 0 1221045
1786836131.148713 4153711 32871 9345 99 0 295482 0 1221045
1786836132.148324 4153711 32871 9345 99 0 295482 0 1221045
1786836133.151714 4157808 32874 9345 99 0 299578 0 1221045
1786836134.148877 4157808 32874 9345 99 0 299578 0 1221045
1786836135.149577 4157808 32874 9345 99 0 299578 0 1221045
1786836136.148732 4161905 32864 9345 99 0 303674 0 1221045
1786836137.148914 4161905 32864 9345 99 0 303674 0 1221045
1786836138.148886 4161905 32864 9345 99 0 303674 0 1221045
1786836139.148807 4166002 32863 9345 99 0 307770 0 1221045
1786836140.148814 4166002 32863 9345 99 0 307770 0 1221045
1786836141.148879 4166002 32863 9345 99 0 307770 0 1221045
1786836142.148615 4166002 32863 9345 99 0 307770 0 1221045
1786836143.148763 4166002 32863 9345 99 0 307770 0 1221045
1786836144.148878 4166002 32863 9345 99 0 307770 0 1221045
1786836145.148843 4166002 32863 9345 99 0 307770 0 1221045
1786836146.148707 4166002 32923 9345 99 0 307770 0 1221045
1786836147.148536 4166002 32923 9345 99 0 307770 0 1221045
1786836148.148623 4166002 32923 9345 99 0 307770 0 1221045
1786836149.148702 4166002 32923 9345 99 0 307770 0 1221045
1786836150.148715 4166002 32923 9345 99 0 307770 0 1221045
1786836151.148719 4166002 32923 9345 99 0 307770 0 1221045
1786836152.163024 4166002 32923 9345 99 0 307770 0 1221045
1786836153.148640 4166002 32923 9345 99 0 307770 0 1221045
1786836154.148307 4166002 32923 9345 99 0 307770 0 1221045
1786836155.148871 4166002 32917 9345 99 0 307770 0 1221045
1786836156.148499 4166002 32977 9345 99 0 307770 0 1221045
