# start_epoch=1786264577.455457  page_size=4096  cachestat=ok  fields=size,resident,shared,text,lib,data,dt,pagecache
1786264578.519801 58897 42310 2724 1589 0 54910 0 43116
1786264579.520224 66833 33741 2757 1589 0 62846 0 51656
1786264580.520887 66833 40890 2757 1589 0 62846 0 60866
1786264581.521416 66833 40006 2821 1589 0 62846 0 69323
1786264582.521624 66833 46562 2821 1589 0 62846 0 78021
1786264583.522858 66833 41469 2821 1589 0 62846 0 86973
1786264584.523055 66833 37614 2821 1589 0 62846 0 95854
1786264585.525819 66833 42972 2821 1589 0 62846 0 104879
1786264586.522889 67729 42259 2821 1589 0 63742 0 97882
1786264587.527937 67729 39705 2821 1589 0 63742 0 122018
1786264588.527526 67729 39364 2821 1589 0 63742 0 130717
1786264589.528059 67729 43604 2821 1589 0 63742 0 139927
1786264590.525978 67729 42932 2821 1589 0 63742 0 147793
1786264591.526936 67729 44520 2821 1589 0 63742 0 157066
1786264592.527489 67729 41018 2821 1589 0 63742 0 166020
1786264593.527984 67729 45522 2821 1589 0 63742 0 174717
1786264594.528542 67729 45278 2821 1589 0 63742 0 183159
1786264595.531445 67729 41825 2821 1589 0 63742 0 192123
1786264596.529673 67729 45422 2821 1589 0 63742 0 200833
1786264597.530193 68753 46481 2821 1589 0 64766 0 209288
1786264598.530771 68753 42043 2821 1589 0 64766 0 218013
1786264599.531248 68753 41523 2821 1589 0 64766 0 226723
1786264600.531668 68753 41112 2821 1589 0 64766 0 235433
1786264601.534646 68753 47590 2821 1589 0 64766 0 244144
1786264602.535158 68753 45599 2821 1589 0 64766 0 252869
1786264603.534734 68753 43900 2821 1589 0 64766 0 261323
1786264604.620236 68753 47948 2821 1589 0 64766 0 270034
1786264605.534170 70033 46135 2821 1589 0 66046 0 278489
1786264606.620197 70033 46520 2821 1589 0 66046 0 286958
1786264607.619386 70033 48602 2821 1589 0 66046 0 295668
1786264608.618876 70033 46424 2821 1589 0 66046 0 304379
1786264609.621785 70033 48300 2821 1589 0 66046 0 313089
1786264610.535960 70033 48185 2821 1589 0 66046 0 321047
1786264611.621530 70033 46731 2821 1589 0 66046 0 330013
1786264612.624141 70033 48739 2821 1589 0 66046 0 338723
1786264613.623168 70033 45439 2821 1589 0 66046 0 346922
1786264614.534751 70033 48697 2821 1589 0 66046 0 340196
1786264615.626056 70033 49185 2821 1589 0 66046 0 364601
1786264616.625280 70033 47189 2821 1589 0 66046 0 373068
1786264617.627776 70033 49063 2821 1589 0 66046 0 381779
1786264618.623152 70033 48073 2821 1589 0 66046 0 371712
1786264619.627840 70033 38489 2821 1589 0 66046 0 398447
1786264620.625433 70033 48368 2821 1589 0 66046 0 406841
1786264621.628870 70033 47023 2821 1589 0 66046 0 415356
1786264622.628430 70033 49457 2821 1589 0 66046 0 423299
1786264623.627773 71569 49616 2821 1589 0 67582 0 428803
1786264624.631248 71569 48121 2821 1589 0 67582 0 440480
1786264625.630427 71569 50196 2821 1589 0 67582 0 448933
1786264626.631666 71569 43902 2821 1589 0 67582 0 457388
1786264627.628567 71569 46658 2821 1589 0 67582 0 465856
1786264628.627527 71569 50054 2821 1589 0 67582 0 454754
1786264629.631073 71569 44084 2821 1589 0 67582 0 481999
1786264630.634120 71569 48187 2821 1589 0 67582 0 490198
1786264631.632242 71569 46332 2821 1589 0 67582 0 498397
1786264632.631474 71569 48687 2821 1589 0 67582 0 507108
1786264633.631258 71569 49937 2821 1589 0 67582 0 496273
1786264634.634923 73361 47321 2821 1589 0 69374 0 522753
1786264635.720174 73361 48684 2821 1589 0 69374 0 531464
1786264636.720968 73361 44764 2821 1589 0 69374 0 539662
1786264637.722599 73361 51179 2821 1589 0 69374 0 548117
1786264638.719403 73361 48114 2821 1589 0 69374 0 553060
1786264639.633625 73361 40440 2821 1589 0 69374 0 563762
1786264640.722810 73361 46812 2821 1589 0 69374 0 572473
1786264641.721328 73361 42775 2821 1589 0 69374 0 580160
1786264642.719019 73361 46956 2821 1589 0 69374 0 588615
1786264643.722808 73361 46998 2821 1589 0 69374 0 597070
1786264644.721477 73361 50447 2821 1589 0 69374 0 593337
1786264645.722368 73361 47381 2821 1589 0 69374 0 612970
1786264646.723730 73361 41719 2821 1589 0 69374 0 621169
1786264647.724253 73361 47090 2821 1589 0 69374 0 629112
1786264648.725730 73361 45723 2821 1589 0 69374 0 637566
1786264649.726244 73361 48023 2821 1589 0 69374 0 645510
1786264650.722996 73361 50702 2821 1589 0 69374 0 634675
1786264651.727846 73361 47884 2821 1589 0 69374 0 661446
1786264652.728669 73361 47603 2821 1589 0 69374 0 669866
1786264653.722881 73361 49951 2821 1589 0 69374 0 677553
1786264654.729007 73361 48155 2821 1589 0 69374 0 686263
1786264655.729175 73361 50361 2821 1589 0 69374 0 693951
1786264656.727046 73361 51173 2821 1589 0 69374 0 686793
1786264657.724405 73361 48292 2821 1589 0 69374 0 707978
1786264658.732876 73361 50227 2821 1589 0 69374 0 718051
1786264659.731633 73361 48188 2821 1589 0 69374 0 725994
1786264660.729244 73361 48681 2821 1589 0 69374 0 733937
1786264661.730784 75409 47403 2821 1589 0 71422 0 741880
1786264662.734567 75409 53116 2821 1589 0 71422 0 749580
1786264663.731241 75409 52683 2821 1589 0 71422 0 755611
1786264664.731382 75409 51468 2821 1589 0 71422 0 764446
1786264665.734211 75409 49768 2821 1589 0 71422 0 773156
1786264666.732957 75409 50286 2821 1589 0 71422 0 781610
1786264667.820163 75409 53663 2821 1589 0 71422 0 789809
1786264668.732441 75409 49509 2821 1589 0 71422 0 797498
1786264669.734668 75409 53213 2821 1589 0 71422 0 786918
1786264670.732445 75409 52459 2821 1589 0 71422 0 811861
1786264671.822843 75409 51770 2821 1589 0 71422 0 821085
1786264672.823302 75409 53637 2821 1589 0 71422 0 829029
1786264673.818949 75409 51378 2821 1589 0 71422 0 836460
1786264674.822347 75409 53819 2821 1589 0 71422 0 844659
1786264675.734958 75409 48045 2821 1589 0 71422 0 852347
1786264676.827024 75409 52664 2821 1589 0 71422 0 860303
1786264677.736061 75409 51277 2821 1589 0 71422 0 849200
1786264678.735094 75409 54088 2821 1589 0 71422 0 856122
1786264679.820763 75409 54367 2821 1589 0 71422 0 883367
1786264680.823491 75409 50503 2821 1589 0 71422 0 891309
1786264681.824364 75409 54837 2821 1589 0 71422 0 898229
1786264682.629267 75409 52349 2821 1589 0 71422 0 889174
1786264683.499710 75409 34169 2884 1589 0 71422 0 872321
1786264684.497795 75409 34169 2884 1589 0 71422 0 872321
1786264685.497807 75409 34169 2884 1589 0 71422 0 872321
1786264686.497945 75409 34169 2884 1589 0 71422 0 872321
1786264687.497802 75409 34169 2884 1589 0 71422 0 872321
1786264688.497573 75409 34169 2884 1589 0 71422 0 872321
1786264689.497679 75409 34169 2884 1589 0 71422 0 872321
1786264690.497666 75409 34169 2884 1589 0 71422 0 872321
1786264691.497556 75409 34169 2884 1589 0 71422 0 872321
1786264692.497425 77713 36311 2884 1589 0 73726 0 866073
1786264693.497399 77713 36311 2884 1589 0 73726 0 866073
1786264694.497350 77713 36311 2884 1589 0 73726 0 866073
1786264695.497490 77713 36311 2884 1589 0 73726 0 866073
1786264696.497381 77713 36311 2884 1589 0 73726 0 866073
1786264697.497165 77713 36311 2884 1589 0 73726 0 866073
1786264698.497213 77713 36311 2884 1589 0 73726 0 866073
1786264699.497205 77713 30143 2884 1589 0 73726 0 866073
1786264700.501480 77713 30143 2884 1589 0 73726 0 866073
1786264701.538372 80017 30525 2884 1589 0 76030 0 859850
1786264702.496958 80017 30527 2884 1589 0 76030 0 859850
1786264703.496718 80017 30527 2884 1589 0 76030 0 859850
1786264704.499643 80017 30527 2884 1589 0 76030 0 859850
1786264705.496719 80017 30527 2884 1589 0 76030 0 859850
1786264706.496922 80017 30527 2884 1589 0 76030 0 859850
1786264707.499592 80017 30527 2884 1589 0 76030 0 859850
1786264708.496735 80017 30527 2884 1589 0 76030 0 859850
1786264709.496748 80017 30527 2884 1589 0 76030 0 859850
1786264710.499655 80017 30527 2884 1589 0 76030 0 859850
1786264711.496329 83345 23730 2884 1589 0 79358 0 853626
1786264712.496684 83345 23730 2884 1589 0 79358 0 853626
1786264713.496326 83345 23730 2884 1589 0 79358 0 853626
1786264714.496277 83345 23730 2884 1589 0 79358 0 853626
1786264715.496288 83345 23730 2884 1589 0 79358 0 853626
1786264716.496268 83345 23730 2884 1589 0 79358 0 853626
1786264717.496251 83345 23730 2884 1589 0 79358 0 853626
1786264718.496543 83345 23730 2884 1589 0 79358 0 853626
1786264719.496552 83345 23730 2884 1589 0 79358 0 853626
1786264720.532615 85393 23064 2884 1589 0 81406 0 847401
1786264721.495916 85393 23064 2884 1589 0 81406 0 847401
1786264722.541284 85393 23638 2884 1589 0 81406 0 846169
1786264723.626549 94609 63706 2900 1589 0 90622 0 846170
1786264724.625277 149393 109786 2900 1589 0 145406 0 846170
1786264725.625596 196497 155866 2900 1589 0 192510 0 846170
1786264726.625380 262033 202458 2900 1589 0 258046 0 846170
1786264727.627320 302993 249050 2900 1589 0 299006 0 846170
1786264728.625884 355217 291034 2900 1589 0 351230 0 846170
1786264729.624359 412561 337114 2900 1589 0 408574 0 846170
1786264730.628573 412561 383194 2900 1589 0 408574 0 846170
1786264731.625546 481681 429274 2900 1589 0 477694 0 846170
1786264732.625438 563601 474842 2900 1589 0 559614 0 846170
1786264733.625455 567697 520410 2900 1589 0 563710 0 846170
1786264734.629457 666001 566490 2900 1589 0 662014 0 846170
1786264735.628314 666001 612058 2900 1589 0 662014 0 846170
1786264736.625200 787857 658650 2900 1589 0 783870 0 846170
1786264737.628468 787857 705242 2900 1589 0 783870 0 846170
1786264738.626501 787857 750298 2900 1589 0 783870 0 846170
1786264739.628919 918929 796378 2900 1589 0 914942 0 846170
1786264740.629878 925073 841434 2900 1589 0 921086 0 846170
1786264741.626715 925073 886490 2900 1589 0 921086 0 846170
1786264742.626024 1088913 932570 2900 1589 0 1084926 0 846170
1786264743.628349 1088913 978138 2900 1589 0 1084926 0 846170
1786264744.628355 1088913 1024218 2900 1589 0 1084926 0 846170
1786264745.625341 1292689 1070298 2900 1589 0 1288702 0 846170
1786264746.628359 1292689 1116378 2900 1589 0 1288702 0 846170
1786264747.629363 1292689 1161946 2900 1589 0 1288702 0 846170
1786264748.625754 1292689 1207514 2900 1589 0 1288702 0 846170
1786264749.625712 1292689 1253594 2900 1589 0 1288702 0 846170
1786264750.628356 1530257 1299674 2900 1589 0 1526270 0 846170
1786264751.625560 1530257 1344393 2900 1589 0 1526270 0 846170
1786264752.626453 1530257 1381927 2900 1589 0 1526270 0 846170
1786264753.628596 1530257 1420047 2900 1589 0 1526270 0 846170
1786264754.624464 1530257 1457832 2900 1589 0 1526270 0 846170
1786264755.627452 1530257 1495266 2900 1589 0 1526270 0 846170
1786264756.630803 1794961 1532617 3070 1589 0 1790974 0 846170
1786264757.627455 1805201 1569978 3070 1589 0 1801214 0 846170
1786264758.625736 1805201 1607767 3070 1589 0 1801214 0 846170
1786264759.632461 1805201 1645094 3070 1589 0 1801214 0 846169
1786264760.628533 1805201 1682451 3070 1589 0 1801214 0 846169
1786264761.625498 1807250 1686196 3070 1589 0 1803262 0 846170
1786264762.625424 1807250 1686196 3070 1589 0 1803262 0 846170
1786264763.625334 1807250 1686196 3070 1589 0 1803262 0 846170
1786264764.625324 1807250 1686196 3070 1589 0 1803262 0 846170
1786264765.626879 1807250 1686196 3070 1589 0 1803262 0 846170
1786264766.624575 1807250 1686196 3070 1589 0 1803262 0 846170
1786264767.627347 1807250 1686196 3070 1589 0 1803262 0 846170
1786264768.624449 1807250 1686196 3070 1589 0 1803262 0 846170
1786264769.628498 1807250 1686196 3070 1589 0 1803262 0 846170
1786264770.627441 1807250 1686196 3070 1589 0 1803262 0 846170
1786264771.624370 1807250 1686196 3070 1589 0 1803262 0 846170
1786264772.627283 1807250 1686196 3070 1589 0 1803262 0 846170
1786264773.628363 1807250 1686196 3070 1589 0 1803262 0 846170
1786264774.625529 1807250 1686196 3070 1589 0 1803262 0 846170
1786264775.628617 1807250 1686196 3070 1589 0 1803262 0 846170
1786264776.624280 1807250 1686196 3070 1589 0 1803262 0 846170
1786264777.624570 1807250 1686196 3070 1589 0 1803262 0 846170
1786264778.624332 1807250 1686196 3070 1589 0 1803262 0 846170
1786264779.625402 1807250 1686196 3070 1589 0 1803262 0 846170
1786264780.628516 1807250 1686196 3070 1589 0 1803262 0 846170
1786264781.624390 1807250 1686196 3070 1589 0 1803262 0 846170
1786264782.624375 1807250 1686196 3070 1589 0 1803262 0 846170
1786264783.626518 1809299 1686201 3070 1589 0 1805310 0 846170
1786264784.625381 1809299 1686201 3070 1589 0 1805310 0 846170
1786264785.628759 1809299 1686201 3070 1589 0 1805310 0 846170
1786264786.625372 1809299 1686201 3070 1589 0 1805310 0 846170
1786264787.624807 1809299 1686201 3070 1589 0 1805310 0 846170
1786264788.624344 1809299 1686201 3070 1589 0 1805310 0 846170
1786264789.624307 1809299 1686201 3070 1589 0 1805310 0 846170
1786264790.627392 1809299 1686201 3070 1589 0 1805310 0 846170
1786264791.624650 1809299 1686201 3070 1589 0 1805310 0 846170
1786264792.628604 1809299 1686201 3070 1589 0 1805310 0 846170
1786264793.628502 1809299 1686201 3070 1589 0 1805310 0 846170
1786264794.629610 1809299 1686201 3070 1589 0 1805310 0 846170
1786264795.628362 1809299 1686201 3070 1589 0 1805310 0 846170
1786264796.625315 1809299 1686201 3070 1589 0 1805310 0 846170
1786264797.625308 1809299 1686201 3070 1589 0 1805310 0 846170
1786264798.627287 1809299 1686201 3070 1589 0 1805310 0 846170
1786264799.625567 1809299 1686201 3070 1589 0 1805310 0 846170
1786264800.629628 1809299 1686201 3070 1589 0 1805310 0 846170
1786264801.625654 1809299 1686201 3070 1589 0 1805310 0 846170
1786264802.625367 1809299 1686201 3070 1589 0 1805310 0 846170
1786264803.625338 1809299 1686201 3070 1589 0 1805310 0 846170
1786264804.627354 1809299 1686201 3070 1589 0 1805310 0 846170
1786264805.625345 1811348 1686202 3070 1589 0 1807358 0 846170
1786264806.627358 1811348 1686202 3070 1589 0 1807358 0 846170
1786264807.624406 1811348 1686202 3070 1589 0 1807358 0 846170
1786264808.625865 1811348 1686202 3070 1589 0 1807358 0 846170
1786264809.627688 1811348 1686202 3070 1589 0 1807358 0 846170
1786264810.624492 1811348 1686202 3070 1589 0 1807358 0 846170
1786264811.625756 1811348 1686202 3070 1589 0 1807358 0 846170
1786264812.628979 1811348 1686202 3070 1589 0 1807358 0 846170
1786264813.628162 1811348 1686202 3070 1589 0 1807358 0 846170
1786264814.628442 1811348 1686202 3070 1589 0 1807358 0 846170
1786264815.624353 1811348 1686202 3070 1589 0 1807358 0 846170
1786264816.627315 1811348 1686202 3070 1589 0 1807358 0 846170
1786264817.624613 1811348 1686202 3070 1589 0 1807358 0 846170
1786264818.628665 1811348 1686202 3070 1589 0 1807358 0 846170
1786264819.628479 1811348 1686202 3070 1589 0 1807358 0 846170
1786264820.625546 1811348 1686202 3070 1589 0 1807358 0 846170
1786264821.625418 1811348 1686202 3070 1589 0 1807358 0 846170
1786264822.624526 1811348 1686202 3070 1589 0 1807358 0 846170
1786264823.627386 1811348 1686202 3070 1589 0 1807358 0 846170
1786264824.623356 1811348 1686202 3070 1589 0 1807358 0 846170
1786264825.627890 1811348 1686202 3070 1589 0 1807358 0 846170
1786264826.625615 1811348 1686202 3070 1589 0 1807358 0 846170
1786264827.627336 1811348 1686202 3070 1589 0 1807358 0 846170
1786264828.625348 1811348 1686202 3070 1589 0 1807358 0 846170
1786264829.627328 1811348 1686202 3070 1589 0 1807358 0 846170
1786264830.628374 1811348 1686202 3070 1589 0 1807358 0 846170
1786264831.625355 1811348 1686202 3070 1589 0 1807358 0 846170
1786264832.625369 1811348 1686202 3070 1589 0 1807358 0 846170
1786264833.629333 1811348 1686202 3070 1589 0 1807358 0 846170
1786264834.627938 1811348 1686202 3070 1589 0 1807358 0 846170
1786264835.627556 1811348 1686202 3070 1589 0 1807358 0 846170
1786264836.629348 1811348 1686202 3070 1589 0 1807358 0 846170
1786264837.624603 1811348 1686202 3070 1589 0 1807358 0 846170
1786264838.625390 1811348 1686202 3070 1589 0 1807358 0 846170
1786264839.627343 1811348 1686202 3070 1589 0 1807358 0 846170
1786264840.628377 1811348 1686202 3070 1589 0 1807358 0 846170
1786264841.624344 1811348 1686202 3070 1589 0 1807358 0 846170
1786264842.625345 1811348 1686202 3070 1589 0 1807358 0 846170
1786264843.628742 1811348 1686202 3070 1589 0 1807358 0 846170
1786264844.627577 1811348 1686202 3070 1589 0 1807358 0 846170
1786264845.624279 1811348 1686202 3070 1589 0 1807358 0 846170
1786264846.625575 1811348 1686202 3070 1589 0 1807358 0 846170
1786264847.625352 1811348 1686202 3070 1589 0 1807358 0 846170
1786264848.627407 1811348 1686202 3070 1589 0 1807358 0 846170
1786264849.625317 1811348 1686202 3070 1589 0 1807358 0 846170
1786264850.625299 1811348 1686202 3070 1589 0 1807358 0 846170
1786264851.625794 1811348 1686202 3070 1589 0 1807358 0 846170
1786264852.623582 1811348 1686202 3070 1589 0 1807358 0 846170
1786264853.625680 1811348 1686202 3070 1589 0 1807358 0 846170
1786264854.625396 1811348 1686202 3070 1589 0 1807358 0 846170
1786264855.626353 1811348 1686202 3070 1589 0 1807358 0 846170
1786264856.628329 1811348 1686202 3070 1589 0 1807358 0 846170
1786264857.627335 1811348 1686202 3070 1589 0 1807358 0 846170
1786264858.628296 1811348 1686202 3070 1589 0 1807358 0 846170
1786264859.627267 1811348 1686202 3070 1589 0 1807358 0 846170
1786264860.627828 1811348 1686202 3070 1589 0 1807358 0 846170
1786264861.625708 1811348 1686202 3070 1589 0 1807358 0 846170
1786264862.628366 1811348 1686202 3070 1589 0 1807358 0 846170
1786264863.629622 1811348 1686202 3070 1589 0 1807358 0 846170
1786264864.627371 1811348 1686202 3070 1589 0 1807358 0 846170
1786264865.625349 1811348 1686202 3070 1589 0 1807358 0 846170
1786264866.625372 1811348 1686202 3070 1589 0 1807358 0 846170
1786264867.625338 1811348 1686202 3070 1589 0 1807358 0 846170
1786264868.629632 1811348 1686202 3070 1589 0 1807358 0 846170
1786264869.626637 1811348 1686202 3070 1589 0 1807358 0 846170
1786264870.628571 1811348 1686202 3070 1589 0 1807358 0 846170
1786264871.627362 1811348 1686202 3070 1589 0 1807358 0 846170
1786264872.625435 1811348 1686202 3070 1589 0 1807358 0 846170
1786264873.624335 1811348 1686202 3070 1589 0 1807358 0 846170
1786264874.623382 1811348 1686202 3070 1589 0 1807358 0 846170
1786264875.628320 1811348 1686202 3070 1589 0 1807358 0 846170
1786264876.625315 1811348 1686202 3070 1589 0 1807358 0 846170
1786264877.627798 1811348 1686202 3070 1589 0 1807358 0 846170
1786264878.624704 1811348 1686202 3070 1589 0 1807358 0 846170
1786264879.625333 1811348 1686202 3070 1589 0 1807358 0 846170
1786264880.624658 1811348 1686202 3070 1589 0 1807358 0 846170
1786264881.624494 1811348 1686202 3070 1589 0 1807358 0 846170
1786264882.627453 1811348 1686202 3070 1589 0 1807358 0 846170
1786264883.626679 1811348 1686202 3070 1589 0 1807358 0 846170
1786264884.629844 1811348 1686202 3070 1589 0 1807358 0 846170
1786264885.628737 1811348 1686202 3070 1589 0 1807358 0 846170
1786264886.628716 1811348 1686202 3070 1589 0 1807358 0 846170
1786264887.625780 1811348 1686202 3070 1589 0 1807358 0 846170
1786264888.628462 1811348 1686202 3070 1589 0 1807358 0 846170
1786264889.625593 1811348 1686202 3070 1589 0 1807358 0 846170
1786264890.625445 1811348 1686202 3070 1589 0 1807358 0 846170
1786264891.625407 1811348 1686202 3070 1589 0 1807358 0 846170
1786264892.627403 1811348 1686202 3070 1589 0 1807358 0 846170
1786264893.626523 1811348 1686202 3070 1589 0 1807358 0 846170
1786264894.624575 1811348 1686202 3070 1589 0 1807358 0 846170
1786264895.624679 1811348 1686202 3070 1589 0 1807358 0 846170
1786264896.624408 1811348 1686202 3070 1589 0 1807358 0 846170
1786264897.624649 1811348 1686202 3070 1589 0 1807358 0 846170
1786264898.625491 1811348 1686202 3070 1589 0 1807358 0 846170
1786264899.628811 1811348 1686202 3070 1589 0 1807358 0 846170
1786264900.625397 1811348 1686202 3070 1589 0 1807358 0 846170
1786264901.625428 1811348 1686202 3070 1589 0 1807358 0 846170
1786264902.627362 1811348 1686202 3070 1589 0 1807358 0 846170
1786264903.624662 1811348 1686202 3070 1589 0 1807358 0 846170
1786264904.628721 1811348 1686202 3070 1589 0 1807358 0 846170
1786264905.625429 1811348 1686202 3070 1589 0 1807358 0 846170
1786264906.627677 1811348 1686202 3070 1589 0 1807358 0 846170
1786264907.625503 1811348 1686202 3070 1589 0 1807358 0 846170
1786264908.627466 1811348 1686202 3070 1589 0 1807358 0 846170
1786264909.626490 1811348 1686202 3070 1589 0 1807358 0 846170
1786264910.624380 1811348 1686202 3070 1589 0 1807358 0 846170
1786264911.624913 1811348 1686202 3070 1589 0 1807358 0 846170
1786264912.624654 1811348 1686202 3070 1589 0 1807358 0 846170
1786264913.625766 1811348 1686202 3070 1589 0 1807358 0 846170
1786264914.628573 1811348 1686202 3070 1589 0 1807358 0 846170
1786264915.624505 1811348 1686202 3070 1589 0 1807358 0 846170
1786264916.625504 1811348 1686202 3070 1589 0 1807358 0 846170
1786264917.624433 1811348 1686202 3070 1589 0 1807358 0 846170
1786264918.628415 1811348 1686202 3070 1589 0 1807358 0 846170
1786264919.624344 1811348 1686202 3070 1589 0 1807358 0 846170
1786264920.624631 1811348 1686202 3070 1589 0 1807358 0 846170
1786264921.624684 1811348 1686202 3070 1589 0 1807358 0 846170
1786264922.625434 1811348 1686202 3070 1589 0 1807358 0 846170
1786264923.628147 1811348 1686202 3070 1589 0 1807358 0 846170
1786264924.625493 1811348 1686202 3070 1589 0 1807358 0 846170
1786264925.628454 1811348 1686202 3070 1589 0 1807358 0 846170
1786264926.629416 1811348 1686202 3070 1589 0 1807358 0 846170
1786264927.625449 1811348 1686202 3070 1589 0 1807358 0 846170
1786264928.624970 1811348 1686202 3070 1589 0 1807358 0 846170
1786264929.624791 1811348 1686202 3070 1589 0 1807358 0 846170
1786264930.628448 1811348 1686202 3070 1589 0 1807358 0 846170
1786264931.627804 1811348 1686202 3070 1589 0 1807358 0 846170
1786264932.626357 1811348 1686202 3070 1589 0 1807358 0 846170
1786264933.627437 1811348 1686202 3070 1589 0 1807358 0 846170
1786264934.627458 1811348 1686202 3070 1589 0 1807358 0 846170
1786264935.625443 1811348 1686202 3070 1589 0 1807358 0 846170
1786264936.624382 1811348 1686202 3070 1589 0 1807358 0 846170
1786264937.625767 1811348 1686202 3070 1589 0 1807358 0 846170
1786264938.624597 1811348 1686202 3070 1589 0 1807358 0 846170
1786264939.626017 1811348 1686202 3070 1589 0 1807358 0 846170
1786264940.626648 1811348 1686202 3070 1589 0 1807358 0 846170
1786264941.627659 1811348 1686202 3070 1589 0 1807358 0 846170
1786264942.628489 1811348 1686202 3070 1589 0 1807358 0 846170
1786264943.629207 1811348 1686202 3070 1589 0 1807358 0 846170
1786264944.624463 1811348 1686202 3070 1589 0 1807358 0 846170
1786264945.630420 1811348 1686202 3070 1589 0 1807358 0 846170
1786264946.624553 1811348 1686202 3070 1589 0 1807358 0 846170
1786264947.626460 1811348 1686202 3070 1589 0 1807358 0 846170
1786264948.627263 1811348 1686202 3070 1589 0 1807358 0 846170
1786264949.625424 1811348 1686202 3070 1589 0 1807358 0 846170
1786264950.627382 1811348 1686202 3070 1589 0 1807358 0 846170
1786264951.627289 1811348 1686202 3070 1589 0 1807358 0 846170
1786264952.625344 1811348 1686202 3070 1589 0 1807358 0 846170
1786264953.623342 1811348 1686202 3070 1589 0 1807358 0 846170
1786264954.627892 1811348 1686202 3070 1589 0 1807358 0 846170
1786264955.628657 1811348 1686202 3070 1589 0 1807358 0 846170
1786264956.624412 1811348 1686202 3070 1589 0 1807358 0 846170
1786264957.624546 1811348 1686202 3070 1589 0 1807358 0 846170
1786264958.624352 1811348 1686202 3070 1589 0 1807358 0 846170
1786264959.624311 1811348 1686202 3070 1589 0 1807358 0 846170
1786264960.627320 1811348 1686202 3070 1589 0 1807358 0 846170
1786264961.624307 1811348 1686202 3070 1589 0 1807358 0 846170
1786264962.625352 1811348 1686202 3070 1589 0 1807358 0 846170
1786264963.625593 1811348 1686202 3070 1589 0 1807358 0 846170
1786264964.624623 1811348 1686202 3070 1589 0 1807358 0 846170
1786264965.627354 1811348 1686202 3070 1589 0 1807358 0 846170
1786264966.627514 1811348 1686202 3070 1589 0 1807358 0 846170
1786264967.625428 1811348 1686202 3070 1589 0 1807358 0 846170
1786264968.624311 1811348 1686202 3070 1589 0 1807358 0 846170
1786264969.626491 1811348 1686202 3070 1589 0 1807358 0 846170
1786264970.628290 1811348 1686202 3070 1589 0 1807358 0 846170
1786264971.628762 1811348 1686202 3070 1589 0 1807358 0 846170
1786264972.625578 1811348 1686202 3070 1589 0 1807358 0 846170
1786264973.625674 1811348 1686202 3070 1589 0 1807358 0 846170
1786264974.625418 1811348 1686202 3070 1589 0 1807358 0 846170
1786264975.629571 1811348 1686202 3070 1589 0 1807358 0 846170
1786264976.629495 1811348 1686202 3070 1589 0 1807358 0 846170
1786264977.626458 1811348 1686202 3070 1589 0 1807358 0 846170
1786264978.624305 1811348 1686202 3070 1589 0 1807358 0 846170
1786264979.627339 1811348 1686202 3070 1589 0 1807358 0 846170
1786264980.624678 1811348 1686202 3070 1589 0 1807358 0 846170
1786264981.624636 1811348 1686202 3070 1589 0 1807358 0 846170
1786264982.624428 1811348 1686202 3070 1589 0 1807358 0 846170
1786264983.628679 1811348 1686202 3070 1589 0 1807358 0 846170
1786264984.626486 1811348 1686202 3070 1589 0 1807358 0 846170
1786264985.624397 1811348 1686202 3070 1589 0 1807358 0 846170
1786264986.626978 1811348 1686202 3070 1589 0 1807358 0 846170
1786264987.624372 1811348 1686202 3070 1589 0 1807358 0 846170
1786264988.624992 1811348 1686202 3070 1589 0 1807358 0 846170
1786264989.624709 1811348 1686202 3070 1589 0 1807358 0 846170
1786264990.629656 1811348 1686202 3070 1589 0 1807358 0 846170
1786264991.625448 1811348 1686202 3070 1589 0 1807358 0 846170
1786264992.627566 1811348 1686202 3070 1589 0 1807358 0 846170
1786264993.627390 1811348 1686202 3070 1589 0 1807358 0 846170
1786264994.626454 1811348 1686202 3070 1589 0 1807358 0 846170
1786264995.627381 1811348 1686202 3070 1589 0 1807358 0 846170
1786264996.624363 1811348 1686202 3070 1589 0 1807358 0 846170
1786264997.628806 1811348 1686202 3070 1589 0 1807358 0 846170
1786264998.628555 1811348 1686202 3070 1589 0 1807358 0 846170
1786264999.624545 1811348 1686202 3070 1589 0 1807358 0 846170
1786265000.627351 1811348 1686202 3070 1589 0 1807358 0 846170
1786265001.625582 1811348 1686202 3070 1589 0 1807358 0 846170
1786265002.625306 1811348 1686202 3070 1589 0 1807358 0 846170
1786265003.626344 1811348 1686202 3070 1589 0 1807358 0 846170
1786265004.625313 1811348 1686202 3070 1589 0 1807358 0 846170
1786265005.627274 1811348 1686202 3070 1589 0 1807358 0 846170
1786265006.625594 1811348 1686202 3070 1589 0 1807358 0 846170
1786265007.625637 1811348 1686202 3070 1589 0 1807358 0 846170
1786265008.627323 1811348 1686202 3070 1589 0 1807358 0 846170
1786265009.628718 1811348 1686202 3070 1589 0 1807358 0 846170
1786265010.625362 1811348 1686202 3070 1589 0 1807358 0 846170
1786265011.624318 1811348 1686202 3070 1589 0 1807358 0 846170
1786265012.628341 1811348 1686202 3070 1589 0 1807358 0 846170
1786265013.624310 1811348 1686202 3070 1589 0 1807358 0 846170
1786265014.624280 1811348 1686202 3070 1589 0 1807358 0 846170
1786265015.624577 1811348 1686202 3070 1589 0 1807358 0 846170
1786265016.627706 1811348 1686202 3070 1589 0 1807358 0 846170
1786265017.624428 1811348 1686202 3070 1589 0 1807358 0 846170
1786265018.628737 1811348 1686202 3070 1589 0 1807358 0 846170
1786265019.628385 1811348 1686202 3070 1589 0 1807358 0 846170
1786265020.624323 1811348 1686202 3070 1589 0 1807358 0 846170
1786265021.625319 1811348 1686202 3070 1589 0 1807358 0 846170
1786265022.628379 1811348 1686202 3070 1589 0 1807358 0 846170
1786265023.624794 1811348 1686202 3070 1589 0 1807358 0 846170
1786265024.628572 1811348 1686202 3070 1589 0 1807358 0 846170
1786265025.627397 1811348 1686202 3070 1589 0 1807358 0 846170
1786265026.625369 1811348 1686202 3070 1589 0 1807358 0 846170
1786265027.625402 1811348 1686202 3070 1589 0 1807358 0 846170
1786265028.624366 1811348 1686202 3070 1589 0 1807358 0 846170
1786265029.624333 1811348 1686202 3070 1589 0 1807358 0 846170
1786265030.624307 1811348 1686202 3070 1589 0 1807358 0 846170
1786265031.624291 1811348 1686202 3070 1589 0 1807358 0 846170
1786265032.628824 1811348 1686202 3070 1589 0 1807358 0 846170
1786265033.628565 1811348 1686202 3070 1589 0 1807358 0 846170
1786265034.625288 1811348 1686202 3070 1589 0 1807358 0 846170
1786265035.628729 1811348 1686202 3070 1589 0 1807358 0 846170
1786265036.628470 1811348 1686202 3070 1589 0 1807358 0 846170
1786265037.625369 1811348 1686202 3070 1589 0 1807358 0 846170
1786265038.625337 1811348 1686202 3070 1589 0 1807358 0 846170
1786265039.625335 1811348 1686202 3070 1589 0 1807358 0 846170
1786265040.628275 1811348 1686202 3070 1589 0 1807358 0 846170
1786265041.625765 1811348 1686202 3070 1589 0 1807358 0 846170
1786265042.628585 1811348 1686202 3070 1589 0 1807358 0 846170
1786265043.624648 1811348 1686202 3070 1589 0 1807358 0 846170
1786265044.625462 1811348 1686202 3070 1589 0 1807358 0 846170
1786265045.624377 1811348 1686202 3070 1589 0 1807358 0 846170
1786265046.624364 1811348 1686202 3070 1589 0 1807358 0 846170
1786265047.627444 1811348 1686202 3070 1589 0 1807358 0 846170
1786265048.628385 1811348 1686202 3070 1589 0 1807358 0 846170
1786265049.626895 1811348 1686202 3070 1589 0 1807358 0 846170
1786265050.628570 1811348 1686202 3070 1589 0 1807358 0 846170
1786265051.627303 1811348 1686202 3070 1589 0 1807358 0 846170
1786265052.628249 1811348 1686202 3070 1589 0 1807358 0 846170
1786265053.625689 1811348 1686202 3070 1589 0 1807358 0 846170
1786265054.627337 1811348 1686202 3070 1589 0 1807358 0 846170
1786265055.624370 1811348 1686202 3070 1589 0 1807358 0 846170
1786265056.628249 1811348 1686202 3070 1589 0 1807358 0 846170
1786265057.625311 1811348 1686202 3070 1589 0 1807358 0 846170
1786265058.627859 1811348 1686202 3070 1589 0 1807358 0 846170
1786265059.629083 1811348 1686202 3070 1589 0 1807358 0 846170
1786265060.628360 1811348 1686202 3070 1589 0 1807358 0 846170
1786265061.629599 1811348 1686202 3070 1589 0 1807358 0 846170
1786265062.628417 1811348 1686202 3070 1589 0 1807358 0 846170
1786265063.625348 1811348 1686202 3070 1589 0 1807358 0 846170
1786265064.628339 1811348 1686202 3070 1589 0 1807358 0 846170
1786265065.625344 1811348 1686202 3070 1589 0 1807358 0 846170
1786265066.625284 1811348 1686202 3070 1589 0 1807358 0 846170
1786265067.624662 1811348 1686202 3070 1589 0 1807358 0 846170
1786265068.628631 1811348 1686202 3070 1589 0 1807358 0 846170
1786265069.624462 1811348 1686202 3070 1589 0 1807358 0 846170
1786265070.624374 1811348 1686202 3070 1589 0 1807358 0 846170
1786265071.628362 1811348 1686202 3070 1589 0 1807358 0 846170
1786265072.625600 1811348 1686202 3070 1589 0 1807358 0 846170
1786265073.623250 1811348 1686202 3070 1589 0 1807358 0 846170
1786265074.628684 1811348 1686202 3070 1589 0 1807358 0 846170
1786265075.630823 1811348 1686202 3070 1589 0 1807358 0 846170
1786265076.629095 1811348 1686202 3070 1589 0 1807358 0 846170
1786265077.624937 1811348 1686202 3070 1589 0 1807358 0 846170
1786265078.627891 1811348 1686202 3070 1589 0 1807358 0 846170
1786265079.628675 1811348 1686202 3070 1589 0 1807358 0 846170
1786265080.628064 1811348 1686202 3070 1589 0 1807358 0 846170
1786265081.629287 1811348 1686202 3070 1589 0 1807358 0 846170
1786265082.628597 1811348 1686202 3070 1589 0 1807358 0 846170
1786265083.628733 1811348 1686202 3070 1589 0 1807358 0 846170
1786265084.628082 1811348 1686202 3070 1589 0 1807358 0 846170
1786265085.624636 1811348 1686202 3070 1589 0 1807358 0 846170
1786265086.625461 1811348 1686202 3070 1589 0 1807358 0 846170
1786265087.625709 1811348 1686202 3070 1589 0 1807358 0 846170
1786265088.627435 1811348 1686202 3070 1589 0 1807358 0 846170
1786265089.625529 1811348 1686202 3070 1589 0 1807358 0 846170
1786265090.625351 1811348 1686202 3070 1589 0 1807358 0 846170
1786265091.624516 1811348 1686202 3070 1589 0 1807358 0 846170
1786265092.627699 1811348 1686202 3070 1589 0 1807358 0 846170
1786265093.625666 1811348 1686202 3070 1589 0 1807358 0 846170
1786265094.626735 1811348 1686202 3070 1589 0 1807358 0 846170
1786265095.630159 1811348 1686202 3070 1589 0 1807358 0 846170
1786265096.625503 1811348 1686202 3070 1589 0 1807358 0 846170
1786265097.625563 1811348 1686202 3070 1589 0 1807358 0 846170
1786265098.625450 1811348 1686202 3070 1589 0 1807358 0 846170
1786265099.625523 1811348 1686202 3070 1589 0 1807358 0 846170
1786265100.627523 1811348 1686202 3070 1589 0 1807358 0 846170
1786265101.628790 1811348 1686202 3070 1589 0 1807358 0 846170
1786265102.624600 1811348 1686202 3070 1589 0 1807358 0 846170
1786265103.625516 1811348 1686202 3070 1589 0 1807358 0 846170
1786265104.625487 1811348 1686202 3070 1589 0 1807358 0 846170
1786265105.625564 1811348 1686202 3070 1589 0 1807358 0 846170
1786265106.625388 1811348 1686202 3070 1589 0 1807358 0 846170
1786265107.625374 1811348 1686202 3070 1589 0 1807358 0 846170
1786265108.625401 1811348 1686202 3070 1589 0 1807358 0 846170
1786265109.624342 1811348 1686202 3070 1589 0 1807358 0 846170
1786265110.627914 1811348 1686202 3070 1589 0 1807358 0 846170
1786265111.627637 1811348 1686202 3070 1589 0 1807358 0 846170
1786265112.625309 1811348 1686202 3070 1589 0 1807358 0 846170
1786265113.624762 1811348 1686202 3070 1589 0 1807358 0 846170
1786265114.625339 1811348 1686202 3070 1589 0 1807358 0 846170
1786265115.627307 1811348 1686202 3070 1589 0 1807358 0 846170
1786265116.627348 1811348 1686202 3070 1589 0 1807358 0 846170
1786265117.624385 1811348 1686202 3070 1589 0 1807358 0 846170
1786265118.625432 1811348 1686202 3070 1589 0 1807358 0 846170
1786265119.628756 1811348 1686202 3070 1589 0 1807358 0 846170
1786265120.630356 1811348 1686202 3070 1589 0 1807358 0 846170
1786265121.629429 1811348 1686202 3070 1589 0 1807358 0 846170
1786265122.625520 1811348 1686202 3070 1589 0 1807358 0 846170
1786265123.627407 1811348 1686202 3070 1589 0 1807358 0 846170
1786265124.625429 1811348 1686202 3070 1589 0 1807358 0 846170
1786265125.626289 1811348 1686202 3070 1589 0 1807358 0 846170
1786265126.624449 1811348 1686202 3070 1589 0 1807358 0 846170
1786265127.625234 1811348 1686202 3070 1589 0 1807358 0 846170
1786265128.625798 1811348 1686202 3070 1589 0 1807358 0 846170
1786265129.624585 1811348 1686202 3070 1589 0 1807358 0 846170
1786265130.624648 1811348 1686202 3070 1589 0 1807358 0 846170
1786265131.624520 1811348 1686202 3070 1589 0 1807358 0 846170
1786265132.625344 1811348 1686202 3070 1589 0 1807358 0 846170
1786265133.625322 1811348 1686202 3070 1589 0 1807358 0 846170
1786265134.627349 1811348 1686202 3070 1589 0 1807358 0 846170
1786265135.625348 1811348 1686202 3070 1589 0 1807358 0 846170
1786265136.626569 1811348 1686202 3070 1589 0 1807358 0 846170
1786265137.624599 1811348 1686202 3070 1589 0 1807358 0 846170
1786265138.624287 1811348 1686202 3070 1589 0 1807358 0 846170
1786265139.626056 1811348 1686202 3070 1589 0 1807358 0 846170
1786265140.631894 1811348 1686202 3070 1589 0 1807358 0 846170
1786265141.624369 1811348 1686202 3070 1589 0 1807358 0 846170
1786265142.624359 1811348 1686202 3070 1589 0 1807358 0 846170
1786265143.624221 1811348 1686202 3070 1589 0 1807358 0 846170
1786265144.628105 1811348 1686202 3070 1589 0 1807358 0 846170
1786265145.624573 1811348 1686202 3070 1589 0 1807358 0 846170
1786265146.624560 1811348 1686202 3070 1589 0 1807358 0 846170
1786265147.627191 1811348 1686202 3070 1589 0 1807358 0 846170
1786265148.627317 1811348 1686202 3070 1589 0 1807358 0 846170
1786265149.627360 1811348 1686202 3070 1589 0 1807358 0 846170
1786265150.625398 1811348 1686202 3070 1589 0 1807358 0 846170
1786265151.624363 1811348 1686202 3070 1589 0 1807358 0 846170
1786265152.624362 1811348 1686202 3070 1589 0 1807358 0 846170
1786265153.626004 1811348 1686202 3070 1589 0 1807358 0 846170
1786265154.625546 1811348 1686202 3070 1589 0 1807358 0 846170
1786265155.628669 1811348 1686202 3070 1589 0 1807358 0 846170
1786265156.627825 1811348 1686202 3070 1589 0 1807358 0 846170
1786265157.624248 1811348 1686202 3070 1589 0 1807358 0 846170
1786265158.625387 1811348 1686202 3070 1589 0 1807358 0 846170
1786265159.628448 1811348 1686202 3070 1589 0 1807358 0 846170
1786265160.625323 1811348 1686202 3070 1589 0 1807358 0 846170
1786265161.625373 1811348 1686202 3070 1589 0 1807358 0 846170
1786265162.625690 1811348 1686202 3070 1589 0 1807358 0 846170
1786265163.628623 1811348 1686202 3070 1589 0 1807358 0 846170
1786265164.624332 1811348 1686202 3070 1589 0 1807358 0 846170
1786265165.625420 1811348 1686202 3070 1589 0 1807358 0 846170
1786265166.624352 1811348 1686202 3070 1589 0 1807358 0 846170
1786265167.624371 1811348 1686202 3070 1589 0 1807358 0 846170
1786265168.624434 1811348 1686202 3070 1589 0 1807358 0 846170
1786265169.623712 1811348 1686202 3070 1589 0 1807358 0 846170
1786265170.629881 1811348 1686202 3070 1589 0 1807358 0 846170
1786265171.626701 1811348 1686202 3070 1589 0 1807358 0 846170
1786265172.624430 1811348 1686202 3070 1589 0 1807358 0 846170
1786265173.624622 1811348 1686202 3070 1589 0 1807358 0 846170
1786265174.625439 1811348 1686202 3070 1589 0 1807358 0 846170
1786265175.624404 1811348 1686202 3070 1589 0 1807358 0 846170
1786265176.628358 1811348 1686202 3070 1589 0 1807358 0 846170
1786265177.625673 1811348 1686202 3070 1589 0 1807358 0 846170
1786265178.626609 1811348 1686202 3070 1589 0 1807358 0 846170
1786265179.625726 1811348 1686202 3070 1589 0 1807358 0 846170
1786265180.634569 1811348 1686202 3070 1589 0 1807358 0 846170
1786265181.728465 1811348 1686202 3070 1589 0 1807358 0 846170
1786265182.628928 1811988 1686255 3070 1589 0 1807998 0 846170
1786265183.624707 1811988 1686255 3070 1589 0 1807998 0 846187
1786265184.626579 1811988 1686255 3070 1589 0 1807998 0 846187
1786265185.625699 1811988 1686255 3070 1589 0 1807998 0 846187
1786265186.624530 1811988 1686255 3070 1589 0 1807998 0 846187
1786265187.624911 1811988 1686255 3070 1589 0 1807998 0 846187
1786265188.624719 1811988 1686255 3070 1589 0 1807998 0 846187
1786265189.624756 1811988 1686255 3070 1589 0 1807998 0 846187
1786265190.627386 1811988 1686255 3070 1589 0 1807998 0 846187
1786265191.627503 1811988 1686255 3070 1589 0 1807998 0 846187
1786265192.627525 1811988 1686255 3070 1589 0 1807998 0 846187
1786265193.625391 1811988 1686255 3070 1589 0 1807998 0 846187
1786265194.626454 1811988 1686255 3070 1589 0 1807998 0 846187
1786265195.626375 1811988 1686255 3070 1589 0 1807998 0 846187
1786265196.625980 1811988 1686255 3070 1589 0 1807998 0 846187
1786265197.624602 1811988 1686255 3070 1589 0 1807998 0 846187
1786265198.624447 1811988 1686255 3070 1589 0 1807998 0 846187
1786265199.629683 1811988 1686255 3070 1589 0 1807998 0 846187
1786265200.626417 1811988 1686255 3070 1589 0 1807998 0 846187
1786265201.628501 1811988 1686255 3070 1589 0 1807998 0 846187
1786265202.628481 1811988 1686255 3070 1589 0 1807998 0 846187
1786265203.626441 1811988 1686255 3070 1589 0 1807998 0 846187
1786265204.629387 1811988 1686255 3070 1589 0 1807998 0 846187
1786265205.627138 1811988 1686255 3070 1589 0 1807998 0 846187
1786265206.629646 1811988 1686255 3070 1589 0 1807998 0 846187
1786265207.629412 1811988 1686255 3070 1589 0 1807998 0 846187
1786265208.624394 1811988 1686255 3070 1589 0 1807998 0 846187
1786265209.623429 1811988 1686255 3070 1589 0 1807998 0 846187
1786265210.624437 1811988 1686255 3070 1589 0 1807998 0 846187
1786265211.628339 1811988 1686255 3070 1589 0 1807998 0 846187
1786265212.629369 1811988 1686255 3070 1589 0 1807998 0 846187
1786265213.624947 1811988 1686255 3070 1589 0 1807998 0 846187
1786265214.625803 1811988 1686255 3070 1589 0 1807998 0 846187
1786265215.625064 1811988 1686255 3070 1589 0 1807998 0 846187
1786265216.628610 1811988 1686255 3070 1589 0 1807998 0 846187
1786265217.624330 1811988 1686255 3070 1589 0 1807998 0 846187
1786265218.624338 1811988 1686255 3070 1589 0 1807998 0 846187
1786265219.624284 1811988 1686255 3070 1589 0 1807998 0 846187
1786265220.625359 1811988 1686255 3070 1589 0 1807998 0 846187
1786265221.627494 1811988 1686255 3070 1589 0 1807998 0 846187
1786265222.627648 1811988 1686255 3070 1589 0 1807998 0 846187
1786265223.625645 1811988 1686255 3070 1589 0 1807998 0 846187
1786265224.624444 1811988 1686255 3070 1589 0 1807998 0 846187
1786265225.625796 1811988 1686255 3070 1589 0 1807998 0 846187
1786265226.625416 1811988 1686255 3070 1589 0 1807998 0 846187
1786265227.625357 1811988 1686255 3070 1589 0 1807998 0 846187
1786265228.628316 1811988 1686255 3070 1589 0 1807998 0 846187
1786265229.624271 1811988 1686255 3070 1589 0 1807998 0 846187
1786265230.624795 1811988 1686255 3070 1589 0 1807998 0 846187
1786265231.627679 1811988 1686255 3070 1589 0 1807998 0 846187
1786265232.624583 1811988 1686255 3070 1589 0 1807998 0 846187
1786265233.627372 1811988 1686255 3070 1589 0 1807998 0 846187
1786265234.624470 1811988 1686255 3070 1589 0 1807998 0 846187
1786265235.629220 1811988 1686255 3070 1589 0 1807998 0 846187
1786265236.625341 1811988 1686255 3070 1589 0 1807998 0 846187
1786265237.627240 1811988 1686255 3070 1589 0 1807998 0 846187
1786265238.625321 1811988 1686255 3070 1589 0 1807998 0 846187
1786265239.625600 1811988 1686255 3070 1589 0 1807998 0 846187
1786265240.628604 1811988 1686255 3070 1589 0 1807998 0 846187
1786265241.625458 1811988 1686255 3070 1589 0 1807998 0 846187
1786265242.625771 1811988 1686255 3070 1589 0 1807998 0 846187
1786265243.630411 1811988 1686255 3070 1589 0 1807998 0 846187
1786265244.624442 1811988 1686255 3070 1589 0 1807998 0 846187
1786265245.627733 1811988 1686255 3070 1589 0 1807998 0 846187
1786265246.628492 1811988 1686255 3070 1589 0 1807998 0 846187
1786265247.624663 1811988 1686255 3070 1589 0 1807998 0 846187
1786265248.625590 1811988 1686255 3070 1589 0 1807998 0 846187
1786265249.624842 1811988 1686255 3070 1589 0 1807998 0 846187
1786265250.627357 1811988 1686255 3070 1589 0 1807998 0 846187
1786265251.626426 1811988 1686255 3070 1589 0 1807998 0 846187
1786265252.626441 1811988 1686255 3070 1589 0 1807998 0 846187
1786265253.624453 1811988 1686255 3070 1589 0 1807998 0 846187
1786265254.624439 1811988 1686255 3070 1589 0 1807998 0 846187
1786265255.624394 1811988 1686255 3070 1589 0 1807998 0 846187
1786265256.628885 1811988 1686255 3070 1589 0 1807998 0 846187
1786265257.625654 1811988 1686255 3070 1589 0 1807998 0 846187
1786265258.624517 1811988 1686255 3070 1589 0 1807998 0 846187
1786265259.626039 1811988 1686255 3070 1589 0 1807998 0 846187
1786265260.625404 1811988 1686255 3070 1589 0 1807998 0 846187
1786265261.625462 1811988 1686255 3070 1589 0 1807998 0 846187
1786265262.625482 1811988 1686255 3070 1589 0 1807998 0 846187
1786265263.627374 1811988 1686255 3070 1589 0 1807998 0 846187
1786265264.625412 1811988 1686255 3070 1589 0 1807998 0 846187
1786265265.628985 1811988 1686255 3070 1589 0 1807998 0 846187
1786265266.625808 1811988 1686255 3070 1589 0 1807998 0 846187
1786265267.625380 1811988 1686255 3070 1589 0 1807998 0 846187
1786265268.625637 1811988 1686255 3070 1589 0 1807998 0 846187
1786265269.625364 1811988 1686255 3070 1589 0 1807998 0 846187
1786265270.628431 1811988 1686255 3070 1589 0 1807998 0 846187
1786265271.625368 1811988 1686255 3070 1589 0 1807998 0 846187
1786265272.625330 1811988 1686255 3070 1589 0 1807998 0 846187
1786265273.625837 1811988 1686255 3070 1589 0 1807998 0 846187
1786265274.625696 1811988 1686255 3070 1589 0 1807998 0 846187
1786265275.628553 1811988 1686255 3070 1589 0 1807998 0 846187
1786265276.629859 1811988 1686255 3070 1589 0 1807998 0 846187
1786265277.629493 1811988 1686255 3070 1589 0 1807998 0 846187
1786265278.625524 1811988 1686255 3070 1589 0 1807998 0 846187
1786265279.624444 1811988 1686255 3070 1589 0 1807998 0 846187
1786265280.624345 1811988 1686255 3070 1589 0 1807998 0 846187
1786265281.627330 1811988 1686255 3070 1589 0 1807998 0 846187
1786265282.624839 1811988 1686255 3070 1589 0 1807998 0 846187
1786265283.626567 1811988 1686255 3070 1589 0 1807998 0 846187
1786265284.625431 1811988 1686255 3070 1589 0 1807998 0 846187
1786265285.624600 1811988 1686255 3070 1589 0 1807998 0 846187
1786265286.625435 1811988 1686255 3070 1589 0 1807998 0 846187
1786265287.628543 1811988 1686255 3070 1589 0 1807998 0 846187
1786265288.626431 1811988 1686255 3070 1589 0 1807998 0 846187
1786265289.628450 1811988 1686255 3070 1589 0 1807998 0 846187
1786265290.624311 1811988 1686255 3070 1589 0 1807998 0 846187
1786265291.625570 1811988 1686255 3070 1589 0 1807998 0 846187
1786265292.627594 1811988 1686255 3070 1589 0 1807998 0 846187
1786265293.628498 1811988 1686255 3070 1589 0 1807998 0 846187
1786265294.624647 1811988 1686255 3070 1589 0 1807998 0 846187
1786265295.628408 1811988 1686255 3070 1589 0 1807998 0 846187
1786265296.625389 1811988 1686255 3070 1589 0 1807998 0 846187
1786265297.626464 1811988 1686255 3070 1589 0 1807998 0 846187
1786265298.625442 1811988 1686255 3070 1589 0 1807998 0 846187
1786265299.625848 1811988 1686255 3070 1589 0 1807998 0 846187
1786265300.624571 1811988 1686255 3070 1589 0 1807998 0 846187
1786265301.628433 1811988 1686255 3070 1589 0 1807998 0 846187
1786265302.628410 1811988 1686255 3070 1589 0 1807998 0 846187
1786265303.624344 1811988 1686255 3070 1589 0 1807998 0 846187
1786265304.627452 1811988 1686255 3070 1589 0 1807998 0 846187
1786265305.628481 1811988 1686255 3070 1589 0 1807998 0 846187
1786265306.624450 1811988 1686255 3070 1589 0 1807998 0 846187
1786265307.624408 1811988 1686255 3070 1589 0 1807998 0 846187
1786265308.628389 1811988 1686255 3070 1589 0 1807998 0 846187
1786265309.625712 1811988 1686255 3070 1589 0 1807998 0 846187
1786265310.628693 1811988 1686255 3070 1589 0 1807998 0 846187
1786265311.628581 1811988 1686255 3070 1589 0 1807998 0 846187
1786265312.624333 1811988 1686255 3070 1589 0 1807998 0 846187
1786265313.625291 1811988 1686255 3070 1589 0 1807998 0 846187
1786265314.626497 1811988 1686255 3070 1589 0 1807998 0 846187
1786265315.625420 1811988 1686255 3070 1589 0 1807998 0 846187
1786265316.625859 1811988 1686255 3070 1589 0 1807998 0 846187
1786265317.628405 1811988 1686255 3070 1589 0 1807998 0 846187
1786265318.629457 1811988 1686255 3070 1589 0 1807998 0 846187
1786265319.628612 1811988 1686255 3070 1589 0 1807998 0 846187
1786265320.625404 1811988 1686255 3070 1589 0 1807998 0 846187
1786265321.626382 1811988 1686255 3070 1589 0 1807998 0 846187
1786265322.628349 1811988 1686255 3070 1589 0 1807998 0 846187
1786265323.626395 1811988 1686255 3070 1589 0 1807998 0 846187
1786265324.624326 1811988 1686255 3070 1589 0 1807998 0 846187
1786265325.626636 1811988 1686255 3070 1589 0 1807998 0 846187
1786265326.624396 1811988 1686255 3070 1589 0 1807998 0 846187
1786265327.627608 1811988 1686255 3070 1589 0 1807998 0 846187
1786265328.631318 1811988 1686255 3070 1589 0 1807998 0 846187
1786265329.628361 1811988 1686255 3070 1589 0 1807998 0 846187
1786265330.625403 1811988 1686255 3070 1589 0 1807998 0 846187
1786265331.628301 1811988 1686255 3070 1589 0 1807998 0 846187
1786265332.626337 1811988 1686255 3070 1589 0 1807998 0 846187
1786265333.628366 1811988 1686255 3070 1589 0 1807998 0 846187
1786265334.625430 1811988 1686255 3070 1589 0 1807998 0 846187
1786265335.626334 1811988 1686255 3070 1589 0 1807998 0 846187
1786265336.628840 1811988 1686255 3070 1589 0 1807998 0 846187
1786265337.627516 1811988 1686255 3070 1589 0 1807998 0 846187
1786265338.625539 1811988 1686255 3070 1589 0 1807998 0 846187
1786265339.625567 1811988 1686255 3070 1589 0 1807998 0 846187
1786265340.624511 1811988 1686255 3070 1589 0 1807998 0 846187
1786265341.624965 1811988 1686255 3070 1589 0 1807998 0 846187
1786265342.625759 1811988 1686255 3070 1589 0 1807998 0 846187
1786265343.625667 1811988 1686255 3070 1589 0 1807998 0 846187
1786265344.625403 1811988 1686255 3070 1589 0 1807998 0 846187
1786265345.624474 1811988 1686255 3070 1589 0 1807998 0 846187
1786265346.628527 1811988 1686255 3070 1589 0 1807998 0 846187
1786265347.625420 1811988 1686255 3070 1589 0 1807998 0 846187
1786265348.624441 1811988 1686255 3070 1589 0 1807998 0 846187
1786265349.625380 1811988 1686255 3070 1589 0 1807998 0 846187
1786265350.627863 1811988 1686255 3070 1589 0 1807998 0 846187
1786265351.625606 1811988 1686255 3070 1589 0 1807998 0 846187
1786265352.627399 1811988 1686255 3070 1589 0 1807998 0 846187
1786265353.628095 1811988 1686255 3070 1589 0 1807998 0 846187
1786265354.625451 1811988 1686255 3070 1589 0 1807998 0 846187
1786265355.625500 1811988 1686255 3070 1589 0 1807998 0 846187
1786265356.627465 1811988 1686255 3070 1589 0 1807998 0 846187
1786265357.624439 1811988 1686255 3070 1589 0 1807998 0 846187
1786265358.626000 1811988 1686255 3070 1589 0 1807998 0 846187
1786265359.625696 1811988 1686255 3070 1589 0 1807998 0 846187
1786265360.625465 1811988 1686255 3070 1589 0 1807998 0 846187
1786265361.629455 1811988 1686255 3070 1589 0 1807998 0 846187
1786265362.625431 1811988 1686255 3070 1589 0 1807998 0 846187
1786265363.625481 1811988 1686255 3070 1589 0 1807998 0 846187
1786265364.624426 1811988 1686255 3070 1589 0 1807998 0 846187
1786265365.625370 1811988 1686255 3070 1589 0 1807998 0 846187
1786265366.628395 1811988 1686255 3070 1589 0 1807998 0 846187
1786265367.626628 1811988 1686255 3070 1589 0 1807998 0 846187
1786265368.625697 1811988 1686255 3070 1589 0 1807998 0 846187
1786265369.628440 1811988 1686255 3070 1589 0 1807998 0 846187
1786265370.624616 1811988 1686255 3070 1589 0 1807998 0 846187
1786265371.625463 1811988 1686255 3070 1589 0 1807998 0 846187
1786265372.628370 1811988 1686255 3070 1589 0 1807998 0 846187
1786265373.627274 1811988 1686255 3070 1589 0 1807998 0 846187
1786265374.628373 1811988 1686255 3070 1589 0 1807998 0 846187
1786265375.628786 1811988 1686255 3070 1589 0 1807998 0 846187
1786265376.628755 1811988 1686255 3070 1589 0 1807998 0 846187
1786265377.624638 1811988 1686255 3070 1589 0 1807998 0 846187
1786265378.626427 1811988 1686255 3070 1589 0 1807998 0 846187
1786265379.626918 1811988 1686255 3070 1589 0 1807998 0 846187
1786265380.624394 1811988 1686255 3070 1589 0 1807998 0 846187
1786265381.628383 1811988 1686255 3070 1589 0 1807998 0 846187
1786265382.625436 1811988 1686255 3070 1589 0 1807998 0 846187
1786265383.624300 1811988 1686255 3070 1589 0 1807998 0 846187
1786265384.624598 1811988 1686255 3070 1589 0 1807998 0 846187
1786265385.625678 1811988 1686255 3070 1589 0 1807998 0 846187
1786265386.623453 1811988 1686255 3070 1589 0 1807998 0 846187
1786265387.624595 1811988 1686255 3070 1589 0 1807998 0 846187
1786265388.625408 1811988 1686255 3070 1589 0 1807998 0 846187
1786265389.625444 1811988 1686255 3070 1589 0 1807998 0 846187
1786265390.627377 1811988 1686255 3070 1589 0 1807998 0 846187
1786265391.628259 1811988 1686255 3070 1589 0 1807998 0 846187
1786265392.626652 1811988 1686255 3070 1589 0 1807998 0 846187
1786265393.625768 1811988 1686255 3070 1589 0 1807998 0 846187
1786265394.629600 1811988 1686255 3070 1589 0 1807998 0 846187
1786265395.626500 1811988 1686255 3070 1589 0 1807998 0 846187
1786265396.625466 1811988 1686255 3070 1589 0 1807998 0 846187
1786265397.627633 1811988 1686255 3070 1589 0 1807998 0 846187
1786265398.625858 1811988 1686255 3070 1589 0 1807998 0 846187
1786265399.625526 1811988 1686255 3070 1589 0 1807998 0 846187
1786265400.626456 1811988 1686255 3070 1589 0 1807998 0 846187
1786265401.625595 1811988 1686255 3070 1589 0 1807998 0 846187
1786265402.624784 1811988 1686255 3070 1589 0 1807998 0 846187
1786265403.625483 1811988 1686255 3070 1589 0 1807998 0 846187
1786265404.627171 1811988 1686255 3070 1589 0 1807998 0 846187
1786265405.625522 1811988 1686255 3070 1589 0 1807998 0 846187
1786265406.626522 1811988 1686255 3070 1589 0 1807998 0 846187
1786265407.629255 1811988 1686255 3070 1589 0 1807998 0 846187
1786265408.626535 1811988 1686255 3070 1589 0 1807998 0 846187
1786265409.624536 1811988 1686255 3070 1589 0 1807998 0 846187
1786265410.625679 1811988 1686255 3070 1589 0 1807998 0 846187
1786265411.624840 1811988 1686255 3070 1589 0 1807998 0 846187
1786265412.625487 1811988 1686255 3070 1589 0 1807998 0 846187
1786265413.625464 1811988 1686255 3070 1589 0 1807998 0 846187
1786265414.625534 1811988 1686255 3070 1589 0 1807998 0 846187
1786265415.624443 1811988 1686255 3070 1589 0 1807998 0 846187
1786265416.625400 1811988 1686255 3070 1589 0 1807998 0 846187
1786265417.624417 1811988 1686255 3070 1589 0 1807998 0 846187
1786265418.624943 1811988 1686255 3070 1589 0 1807998 0 846187
1786265419.625790 1811988 1686255 3070 1589 0 1807998 0 846187
1786265420.628478 1811988 1686255 3070 1589 0 1807998 0 846187
1786265421.628706 1811988 1686255 3070 1589 0 1807998 0 846187
1786265422.625373 1811988 1686255 3070 1589 0 1807998 0 846187
1786265423.624426 1811988 1686255 3070 1589 0 1807998 0 846187
1786265424.627380 1811988 1686255 3070 1589 0 1807998 0 846187
1786265425.628441 1811988 1686255 3070 1589 0 1807998 0 846187
1786265426.624310 1811988 1686255 3070 1589 0 1807998 0 846187
1786265427.627586 1811988 1686255 3070 1589 0 1807998 0 846187
1786265428.628366 1811988 1686255 3070 1589 0 1807998 0 846187
1786265429.624697 1811988 1686255 3070 1589 0 1807998 0 846187
1786265430.625539 1811988 1686255 3070 1589 0 1807998 0 846187
1786265431.626578 1811988 1686255 3070 1589 0 1807998 0 846187
1786265432.628420 1811988 1686255 3070 1589 0 1807998 0 846187
1786265433.624463 1811988 1686255 3070 1589 0 1807998 0 846187
1786265434.628464 1811988 1686255 3070 1589 0 1807998 0 846187
1786265435.630047 1811988 1686255 3070 1589 0 1807998 0 846187
1786265436.625456 1811988 1686255 3070 1589 0 1807998 0 846187
1786265437.624631 1811988 1686255 3070 1589 0 1807998 0 846187
1786265438.627568 1811988 1686255 3070 1589 0 1807998 0 846187
1786265439.624446 1811988 1686255 3070 1589 0 1807998 0 846187
1786265440.624461 1811988 1686255 3070 1589 0 1807998 0 846187
1786265441.625559 1811988 1686255 3070 1589 0 1807998 0 846187
1786265442.626536 1811988 1686255 3070 1589 0 1807998 0 846187
1786265443.629005 1811988 1686255 3070 1589 0 1807998 0 846187
1786265444.629058 1811988 1686255 3070 1589 0 1807998 0 846187
1786265445.627635 1811988 1686255 3070 1589 0 1807998 0 846187
1786265446.625816 1811988 1686255 3070 1589 0 1807998 0 846187
1786265447.625434 1811988 1686255 3070 1589 0 1807998 0 846187
1786265448.628536 1811988 1686255 3070 1589 0 1807998 0 846187
1786265449.628472 1811988 1686255 3070 1589 0 1807998 0 846187
1786265450.625393 1811988 1686255 3070 1589 0 1807998 0 846187
1786265451.625389 1811988 1686255 3070 1589 0 1807998 0 846187
1786265452.626706 1811988 1686255 3070 1589 0 1807998 0 846187
1786265453.628655 1811988 1686255 3070 1589 0 1807998 0 846187
1786265454.628699 1811988 1686255 3070 1589 0 1807998 0 846187
1786265455.625462 1811988 1686255 3070 1589 0 1807998 0 846187
1786265456.625449 1811988 1686255 3070 1589 0 1807998 0 846187
1786265457.625417 1811988 1686255 3070 1589 0 1807998 0 846187
1786265458.626289 1811988 1686255 3070 1589 0 1807998 0 846187
1786265459.626513 1811988 1686255 3070 1589 0 1807998 0 846187
1786265460.624604 1811988 1686255 3070 1589 0 1807998 0 846187
1786265461.626410 1811988 1686255 3070 1589 0 1807998 0 846187
1786265462.628479 1811988 1686255 3070 1589 0 1807998 0 846187
1786265463.625470 1811988 1686255 3070 1589 0 1807998 0 846187
1786265464.624831 1811988 1686255 3070 1589 0 1807998 0 846187
1786265465.624488 1811988 1686255 3070 1589 0 1807998 0 846187
1786265466.626535 1811988 1686255 3070 1589 0 1807998 0 846187
1786265467.624525 1811988 1686255 3070 1589 0 1807998 0 846187
1786265468.628433 1811988 1686255 3070 1589 0 1807998 0 846187
1786265469.627575 1811988 1686255 3070 1589 0 1807998 0 846187
1786265470.628417 1811988 1686255 3070 1589 0 1807998 0 846187
1786265471.626477 1811988 1686255 3070 1589 0 1807998 0 846187
1786265472.624445 1811988 1686255 3070 1589 0 1807998 0 846187
1786265473.625397 1811988 1686255 3070 1589 0 1807998 0 846187
1786265474.625530 1811988 1686255 3070 1589 0 1807998 0 846187
1786265475.629399 1811988 1686255 3070 1589 0 1807998 0 846187
1786265476.628359 1811988 1686255 3070 1589 0 1807998 0 846187
1786265477.624454 1811988 1686255 3070 1589 0 1807998 0 846187
1786265478.624474 1811988 1686255 3070 1589 0 1807998 0 846187
1786265479.625366 1811988 1686255 3070 1589 0 1807998 0 846187
1786265480.630301 1811988 1686255 3070 1589 0 1807998 0 846187
1786265481.628489 1811988 1686255 3070 1589 0 1807998 0 846187
1786265482.625456 1811988 1686255 3070 1589 0 1807998 0 846187
1786265483.624868 1811988 1686255 3070 1589 0 1807998 0 846187
1786265484.625414 1811988 1686255 3070 1589 0 1807998 0 846187
1786265485.630373 1811988 1686255 3070 1589 0 1807998 0 846187
1786265486.626447 1811988 1686255 3070 1589 0 1807998 0 846187
1786265487.627389 1811988 1686255 3070 1589 0 1807998 0 846187
1786265488.631810 1811988 1686255 3070 1589 0 1807998 0 846187
1786265489.625462 1811988 1686255 3070 1589 0 1807998 0 846187
1786265490.625488 1811988 1686255 3070 1589 0 1807998 0 846187
1786265491.625444 1811988 1686255 3070 1589 0 1807998 0 846187
1786265492.628436 1811988 1686255 3070 1589 0 1807998 0 846187
1786265493.625469 1811988 1686255 3070 1589 0 1807998 0 846187
1786265494.628599 1811988 1686255 3070 1589 0 1807998 0 846187
1786265495.625477 1811988 1686255 3070 1589 0 1807998 0 846187
1786265496.626448 1811988 1686255 3070 1589 0 1807998 0 846187
1786265497.624393 1811988 1686255 3070 1589 0 1807998 0 846187
1786265498.626457 1811988 1686255 3070 1589 0 1807998 0 846187
1786265499.628474 1811988 1686255 3070 1589 0 1807998 0 846187
1786265500.628540 1811988 1686255 3070 1589 0 1807998 0 846187
1786265501.628508 1811988 1686255 3070 1589 0 1807998 0 846187
1786265502.625734 1811988 1686255 3070 1589 0 1807998 0 846187
1786265503.625718 1811988 1686255 3070 1589 0 1807998 0 846187
1786265504.625430 1811988 1686255 3070 1589 0 1807998 0 846187
1786265505.629732 1811988 1686255 3070 1589 0 1807998 0 846187
1786265506.625494 1811988 1686255 3070 1589 0 1807998 0 846187
1786265507.630281 1811988 1686255 3070 1589 0 1807998 0 846187
1786265508.625427 1811988 1686255 3070 1589 0 1807998 0 846187
1786265509.626464 1811988 1686255 3070 1589 0 1807998 0 846187
1786265510.627038 1811988 1686255 3070 1589 0 1807998 0 846187
1786265511.625759 1811988 1686255 3070 1589 0 1807998 0 846187
1786265512.628582 1811988 1686255 3070 1589 0 1807998 0 846187
1786265513.625405 1811988 1686255 3070 1589 0 1807998 0 846187
1786265514.625474 1811988 1686255 3070 1589 0 1807998 0 846187
