# start_epoch=1786849777.094698  page_size=4096  cachestat=ok  fields=size,resident,shared,text,lib,data,dt,pagecache
1786849778.099973 459853 42156 3257 2109 0 455244 0 84132
1786849779.102987 468436 45447 3297 2109 0 463820 0 136067
1786849780.104181 468436 46058 3297 2109 0 463820 0 156423
1786849781.104508 469332 49268 3297 2109 0 464716 0 161695
1786849782.105672 469332 41947 3345 2109 0 464716 0 181301
1786849783.107606 469332 41886 3345 2109 0 464716 0 213672
1786849784.108780 469332 41355 3345 2109 0 464716 0 233519
1786849785.112057 469332 42752 3345 2109 0 464716 0 238278
1786849786.110213 469332 41290 3345 2109 0 464716 0 257893
1786849787.112755 470356 42458 3345 2109 0 465740 0 290818
1786849788.114035 470356 39346 3345 2109 0 465740 0 310705
1786849789.114642 470356 41974 3345 2109 0 465740 0 315635
1786849790.115792 470356 40072 3345 2109 0 465740 0 343254
1786849791.118883 471636 50406 3345 2109 0 467020 0 347316
1786849792.123012 471636 50443 3345 2109 0 467020 0 380211
1786849793.118583 471636 48667 3345 2109 0 467020 0 394600
1786849794.120014 471636 50423 3345 2109 0 467020 0 422420
1786849795.121708 471636 46929 3345 2109 0 467020 0 450879
1786849796.122885 471636 47190 3345 2109 0 467020 0 471022
1786849797.122554 471636 36076 3345 2109 0 467020 0 462903
1786849798.125440 471636 46144 3345 2109 0 467020 0 511308
1786849799.125708 473172 48012 3345 2109 0 468556 0 515853
1786849800.126509 473172 32341 3345 2109 0 468556 0 528889
1786849801.128915 473172 45925 3345 2109 0 468556 0 570970
1786849802.130124 473172 45816 3345 2109 0 468556 0 588039
1786849803.130738 473172 42231 3345 2109 0 468556 0 593608
1786849804.132933 473172 50130 3345 2109 0 468556 0 636953
1786849805.133375 474964 52547 3345 2109 0 470348 0 643290
1786849806.134136 474964 40624 3345 2109 0 470348 0 660106
1786849807.136072 474964 53644 3345 2109 0 470348 0 672131
1786849808.137008 474964 42150 3345 2109 0 470348 0 690706
1786849809.138737 474964 51899 3345 2109 0 470348 0 717461
1786849810.131773 474964 51284 3345 2109 0 470348 0 729282
1786849811.139688 474964 51513 3345 2109 0 470348 0 750219
1786849812.140948 475860 54724 3345 2109 0 471244 0 774835
1786849813.146006 477908 42485 3345 2109 0 473292 0 806150
1786849814.134449 477908 55191 3345 2109 0 473292 0 822001
1786849815.149584 477908 42158 3345 2109 0 473292 0 861755
1786849816.153036 477908 50197 3345 2109 0 473292 0 905304
1786849817.150750 477908 36510 3345 2109 0 473292 0 905814
1786849818.152163 477908 53762 3345 2109 0 473292 0 956960
1786849819.135927 482005 35915 3345 2109 0 477388 0 920682
1786849820.135892 482005 36516 3345 2109 0 477388 0 919652
1786849821.135835 482005 37123 3345 2109 0 477388 0 919652
1786849822.135948 482005 36384 3345 2109 0 477388 0 919653
1786849823.133419 484565 37453 3345 2109 0 479948 0 864394
1786849824.133209 484565 37453 3345 2109 0 479948 0 853296
1786849825.133529 484565 37453 3345 2109 0 479948 0 864395
1786849826.134041 484565 37453 3345 2109 0 479948 0 864396
1786849827.133595 484565 37422 3345 2109 0 479948 0 864396
1786849828.133596 484565 37345 3345 2109 0 479948 0 864397
1786849829.133512 484565 37703 3345 2109 0 479948 0 864398
1786849830.133554 484565 37718 3345 2109 0 479948 0 864398
1786849831.133422 484565 37718 3345 2109 0 479948 0 864398
1786849832.133624 484565 37718 3345 2109 0 479948 0 864399
1786849833.133736 484565 38676 3345 2109 0 479948 0 864386
1786849834.133210 484565 38545 3345 2109 0 479948 0 864387
1786849835.133480 484565 38545 3345 2109 0 479948 0 864388
1786849836.133186 484565 38079 3345 2109 0 479948 0 864388
1786849837.133143 484565 38205 3345 2109 0 479948 0 864389
1786849838.133078 484565 38653 3345 2109 0 479948 0 864389
1786849839.132985 484565 38653 3345 2109 0 479948 0 864390
1786849840.133196 484565 38653 3345 2109 0 479948 0 864390
1786849841.133232 484565 38457 3345 2109 0 479948 0 864391
1786849842.132681 484565 39174 3345 2109 0 479948 0 851901
1786849843.132867 484565 39199 3345 2109 0 479948 0 864380
1786849844.133068 484565 38779 3345 2109 0 479948 0 864381
1786849845.132963 484565 38779 3345 2109 0 479948 0 864381
1786849846.133085 484565 38395 3345 2109 0 479948 0 864382
1786849847.132715 484565 38395 3345 2109 0 479948 0 864382
1786849848.132784 484565 38403 3345 2109 0 479948 0 864383
1786849849.132432 484565 38403 3345 2109 0 479948 0 852947
1786849850.132704 484565 37882 3345 2109 0 479948 0 864384
1786849851.132572 484565 37883 3345 2109 0 479948 0 864385
1786849852.133067 487637 39073 3345 2109 0 483020 0 864377
1786849853.132752 487637 39057 3345 2109 0 483020 0 864377
1786849854.132712 487637 39057 3345 2109 0 483020 0 864378
1786849855.132662 487637 39057 3345 2109 0 483020 0 864379
1786849856.132891 487637 39057 3345 2109 0 483020 0 864379
1786849857.132771 487637 38400 3345 2109 0 483020 0 864380
1786849858.132716 487637 38273 3345 2109 0 483020 0 864381
1786849859.132803 487637 38450 3345 2109 0 483020 0 864381
1786849860.131937 512733 78668 3384 2109 0 508108 0 846346
1786849861.131905 602845 165615 3384 2109 0 598220 0 846346
1786849862.131863 707805 251466 3384 2109 0 703180 0 846346
1786849863.131800 760029 337245 3384 2109 0 755404 0 846346
1786849864.131755 888541 423457 3384 2109 0 883916 0 846346
1786849865.131699 970461 508482 3384 2109 0 965836 0 846346
1786849866.131865 1072861 594387 3384 2109 0 1068236 0 846346
1786849867.131855 1192669 679634 3384 2109 0 1188044 0 846346
1786849868.131673 1192669 765768 3384 2109 0 1188044 0 846346
1786849869.131853 1329885 853283 3384 2109 0 1325260 0 846346
1786849870.131853 1493725 939638 3384 2109 0 1489100 0 846346
1786849871.131647 1493725 1025326 3384 2109 0 1489100 0 846346
1786849872.131833 1700061 1112404 3384 2109 0 1695436 0 846346
1786849873.131645 1700061 1198334 3384 2109 0 1695436 0 846346
1786849874.131901 1700061 1284107 3384 2109 0 1695436 0 846346
1786849875.131820 1937629 1369216 3384 2109 0 1933004 0 846346
1786849876.131641 1937629 1454220 3384 2109 0 1933004 0 846346
1786849877.131974 1937629 1530596 3384 2109 0 1933004 0 846346
1786849878.131904 2210013 1601325 3537 2109 0 2205388 0 846346
1786849879.131983 2210013 1673550 3537 2109 0 2205388 0 846346
1786849880.131860 2214110 1705493 3537 2109 0 2209484 0 846346
1786849881.131874 2214110 1705493 3537 2109 0 2209484 0 846346
1786849882.131869 2214110 1705493 3537 2109 0 2209484 0 846346
1786849883.131848 2214110 1705493 3537 2109 0 2209484 0 846346
1786849884.131783 2214110 1705493 3537 2109 0 2209484 0 846346
1786849885.131927 2214110 1705493 3537 2109 0 2209484 0 846346
1786849886.131964 2214110 1705493 3537 2109 0 2209484 0 846346
1786849887.131870 2214110 1705493 3537 2109 0 2209484 0 846346
1786849888.131791 2214110 1705493 3537 2109 0 2209484 0 846346
1786849889.131909 2214110 1705493 3537 2109 0 2209484 0 846346
1786849890.131762 2214110 1705493 3537 2109 0 2209484 0 846346
1786849891.131848 2214110 1705493 3537 2109 0 2209484 0 846346
1786849892.132041 2214110 1705493 3537 2109 0 2209484 0 846346
1786849893.134050 2218207 1705498 3537 2109 0 2213580 0 846346
1786849894.131904 2218207 1705498 3537 2109 0 2213580 0 846346
1786849895.131771 2218207 1705498 3537 2109 0 2213580 0 846346
1786849896.132069 2218207 1705498 3537 2109 0 2213580 0 846346
1786849897.131973 2218207 1705498 3537 2109 0 2213580 0 846346
1786849898.131853 2218207 1705498 3537 2109 0 2213580 0 846346
1786849899.131928 2218207 1705514 3537 2109 0 2213580 0 846346
1786849900.132100 2218207 1705514 3537 2109 0 2213580 0 846346
1786849901.131817 2218207 1705514 3537 2109 0 2213580 0 846346
1786849902.131967 2218207 1705514 3537 2109 0 2213580 0 846346
1786849903.131965 2218207 1705514 3537 2109 0 2213580 0 846346
1786849904.131768 2218207 1705514 3537 2109 0 2213580 0 846346
1786849905.131951 2218207 1705514 3537 2109 0 2213580 0 846346
1786849906.131805 2222297 1705493 3530 2109 0 2217676 0 846346
1786849907.131800 2222297 1705493 3530 2109 0 2217676 0 846346
1786849908.131849 2222297 1705493 3530 2109 0 2217676 0 846346
1786849909.131884 2222297 1705942 3530 2109 0 2217676 0 846346
1786849910.131822 2222297 1705942 3530 2109 0 2217676 0 846346
1786849911.131867 2222297 1705942 3530 2109 0 2217676 0 846346
1786849912.140038 2222297 1705942 3530 2109 0 2217676 0 846346
1786849913.131814 2222297 1705942 3530 2109 0 2217676 0 846346
1786849914.131807 2222297 1705942 3530 2109 0 2217676 0 846346
1786849915.131735 2222297 1705942 3530 2109 0 2217676 0 846346
1786849916.131737 2222297 1705942 3530 2109 0 2217676 0 846346
1786849917.131889 2222297 1705942 3530 2109 0 2217676 0 846346
1786849918.131842 2222297 1705942 3530 2109 0 2217676 0 846346
1786849919.131825 2222297 1705942 3530 2109 0 2217676 0 846346
1786849920.131862 2222297 1706326 3530 2109 0 2217676 0 846346
1786849921.131937 2222297 1706326 3530 2109 0 2217676 0 846346
1786849922.131850 2222297 1706326 3530 2109 0 2217676 0 846346
1786849923.132134 2222297 1706326 3530 2109 0 2217676 0 846346
1786849924.132028 2222297 1706326 3530 2109 0 2217676 0 846346
1786849925.132003 2222297 1706326 3530 2109 0 2217676 0 846346
1786849926.131923 2222297 1706326 3530 2109 0 2217676 0 846346
1786849927.131796 2222297 1706326 3530 2109 0 2217676 0 846346
1786849928.131950 2222297 1706326 3530 2109 0 2217676 0 846346
1786849929.131804 2222297 1706326 3530 2109 0 2217676 0 846346
1786849930.131758 2222297 1706696 3530 2109 0 2217676 0 846346
1786849931.131849 2222297 1706696 3530 2109 0 2217676 0 846346
1786849932.131844 2222297 1706696 3530 2109 0 2217676 0 846346
1786849933.131705 2222297 1706696 3530 2109 0 2217676 0 846346
1786849934.131940 2222297 1706696 3530 2109 0 2217676 0 846346
1786849935.131981 2222297 1706696 3530 2109 0 2217676 0 846346
1786849936.131957 2222297 1706696 3530 2109 0 2217676 0 846346
1786849937.131951 2222297 1706696 3530 2109 0 2217676 0 846346
1786849938.132258 2222297 1706696 3530 2109 0 2217676 0 846346
1786849939.131784 2222297 1706696 3530 2109 0 2217676 0 846346
1786849940.132795 2222297 1706696 3530 2109 0 2217676 0 846346
1786849941.131790 2222297 1706696 3530 2109 0 2217676 0 846346
1786849942.131881 2222297 1706696 3530 2109 0 2217676 0 846346
1786849943.132003 2222297 1706696 3530 2109 0 2217676 0 846346
1786849944.131945 2222297 1706696 3530 2109 0 2217676 0 846346
1786849945.131786 2222297 1706696 3530 2109 0 2217676 0 846346
1786849946.131872 2222297 1706696 3530 2109 0 2217676 0 846346
1786849947.131696 2222297 1706696 3530 2109 0 2217676 0 846346
1786849948.131893 2222297 1706696 3530 2109 0 2217676 0 846346
1786849949.131684 2222297 1706696 3530 2109 0 2217676 0 846346
1786849950.131932 2222297 1707052 3530 2109 0 2217676 0 846346
1786849951.131913 2222297 1707052 3530 2109 0 2217676 0 846346
1786849952.131854 2222297 1707052 3530 2109 0 2217676 0 846346
1786849953.131682 2222297 1707052 3530 2109 0 2217676 0 846346
1786849954.131809 2222297 1707052 3530 2109 0 2217676 0 846346
1786849955.131864 2222297 1707052 3530 2109 0 2217676 0 846346
1786849956.131978 2222297 1707052 3530 2109 0 2217676 0 846346
1786849957.131824 2222297 1707052 3530 2109 0 2217676 0 846346
1786849958.131700 2222297 1707052 3530 2109 0 2217676 0 846346
1786849959.131907 2222297 1707052 3530 2109 0 2217676 0 846346
1786849960.131910 2222297 1707052 3530 2109 0 2217676 0 846346
1786849961.131751 2222297 1707394 3530 2109 0 2217676 0 846346
1786849962.132083 2222297 1707394 3530 2109 0 2217676 0 846346
1786849963.132108 2222297 1707394 3530 2109 0 2217676 0 846346
1786849964.132223 2222297 1707394 3530 2109 0 2217676 0 846346
1786849965.132119 2222297 1707394 3530 2109 0 2217676 0 846346
1786849966.132144 2222297 1707394 3530 2109 0 2217676 0 846346
1786849967.132186 2222297 1707394 3530 2109 0 2217676 0 846346
1786849968.132078 2222297 1707394 3530 2109 0 2217676 0 846346
1786849969.132134 2222297 1707394 3530 2109 0 2217676 0 846346
1786849970.132272 2222297 1707394 3530 2109 0 2217676 0 846346
1786849971.132167 2222297 1707394 3530 2109 0 2217676 0 846346
1786849972.133045 2222297 1707394 3530 2109 0 2217676 0 846346
1786849973.132238 2222297 1707394 3530 2109 0 2217676 0 846346
1786849974.132190 2222297 1707394 3530 2109 0 2217676 0 846346
1786849975.132150 2222297 1707394 3530 2109 0 2217676 0 846346
1786849976.132269 2222297 1707394 3530 2109 0 2217676 0 846346
1786849977.132215 2222297 1707394 3530 2109 0 2217676 0 846346
1786849978.132368 2222297 1707394 3530 2109 0 2217676 0 846346
1786849979.132166 2222297 1707394 3530 2109 0 2217676 0 846346
1786849980.131963 2222297 1707394 3530 2109 0 2217676 0 846346
1786849981.132157 2222297 1707722 3530 2109 0 2217676 0 846346
1786849982.132238 2222297 1707722 3530 2109 0 2217676 0 846346
1786849983.132039 2222297 1707722 3530 2109 0 2217676 0 846346
1786849984.132281 2222297 1707722 3530 2109 0 2217676 0 846346
1786849985.132177 2222297 1707722 3530 2109 0 2217676 0 846346
1786849986.132204 2222297 1707722 3530 2109 0 2217676 0 846346
1786849987.132337 2222297 1707722 3530 2109 0 2217676 0 846346
1786849988.131951 2222297 1707722 3530 2109 0 2217676 0 846346
1786849989.131981 2222297 1707722 3530 2109 0 2217676 0 846346
1786849990.131976 2222297 1707722 3530 2109 0 2217676 0 846346
1786849991.132092 2222297 1708036 3530 2109 0 2217676 0 846346
1786849992.132211 2222297 1708036 3530 2109 0 2217676 0 846346
1786849993.132069 2222297 1708036 3530 2109 0 2217676 0 846346
1786849994.131966 2222297 1708036 3530 2109 0 2217676 0 846346
1786849995.131884 2222297 1708036 3530 2109 0 2217676 0 846346
1786849996.131845 2222297 1708036 3530 2109 0 2217676 0 846346
1786849997.131861 2222297 1708036 3530 2109 0 2217676 0 846346
1786849998.131889 2222297 1708036 3530 2109 0 2217676 0 846346
1786849999.131769 2222297 1708036 3530 2109 0 2217676 0 846346
1786850000.131921 2222297 1708036 3530 2109 0 2217676 0 846346
1786850001.131713 2222297 1708036 3530 2109 0 2217676 0 846346
1786850002.131909 2222297 1708036 3530 2109 0 2217676 0 846346
1786850003.131883 2222297 1708036 3530 2109 0 2217676 0 846346
1786850004.131932 2222297 1708036 3530 2109 0 2217676 0 846346
1786850005.131897 2222297 1708036 3530 2109 0 2217676 0 846346
1786850006.131818 2222297 1708036 3530 2109 0 2217676 0 846346
1786850007.131769 2222297 1708036 3530 2109 0 2217676 0 846346
1786850008.131697 2222297 1708036 3530 2109 0 2217676 0 846346
1786850009.131938 2222297 1708036 3530 2109 0 2217676 0 846346
1786850010.131651 2222297 1708036 3530 2109 0 2217676 0 846346
1786850011.131895 2222297 1708036 3530 2109 0 2217676 0 846346
1786850012.131821 2222297 1708336 3530 2109 0 2217676 0 846346
1786850013.131788 2222297 1708336 3530 2109 0 2217676 0 846346
1786850014.131762 2222297 1708336 3530 2109 0 2217676 0 846346
1786850015.131755 2222297 1708336 3530 2109 0 2217676 0 846346
1786850016.131841 2222297 1708336 3530 2109 0 2217676 0 846346
1786850017.131897 2222297 1708336 3530 2109 0 2217676 0 846346
1786850018.131930 2222297 1708336 3530 2109 0 2217676 0 846346
1786850019.131942 2222297 1708336 3530 2109 0 2217676 0 846346
1786850020.131887 2222297 1708336 3530 2109 0 2217676 0 846346
1786850021.131661 2222297 1708336 3530 2109 0 2217676 0 846346
1786850022.131809 2222297 1708622 3530 2109 0 2217676 0 846346
1786850023.131798 2222297 1708622 3530 2109 0 2217676 0 846346
1786850024.131753 2222297 1708622 3530 2109 0 2217676 0 846346
1786850025.131744 2222297 1708622 3530 2109 0 2217676 0 846346
1786850026.131907 2222297 1708622 3530 2109 0 2217676 0 846346
1786850027.131886 2222297 1708622 3530 2109 0 2217676 0 846346
1786850028.131681 2222297 1708622 3530 2109 0 2217676 0 846346
1786850029.131681 2222297 1708622 3530 2109 0 2217676 0 846346
1786850030.131764 2222297 1708622 3530 2109 0 2217676 0 846346
1786850031.131839 2222297 1708622 3530 2109 0 2217676 0 846346
1786850032.140406 2222297 1708622 3530 2109 0 2217676 0 846346
1786850033.131831 2222297 1708622 3530 2109 0 2217676 0 846346
1786850034.131700 2222297 1708622 3530 2109 0 2217676 0 846346
1786850035.131686 2222297 1708622 3530 2109 0 2217676 0 846346
1786850036.131840 2222297 1708622 3530 2109 0 2217676 0 846346
1786850037.131686 2222297 1708622 3530 2109 0 2217676 0 846346
1786850038.131711 2222297 1708622 3530 2109 0 2217676 0 846346
1786850039.131634 2222297 1708622 3530 2109 0 2217676 0 846346
1786850040.131786 2222297 1708622 3530 2109 0 2217676 0 846346
1786850041.131832 2222297 1708622 3530 2109 0 2217676 0 846346
1786850042.131884 2222297 1708622 3530 2109 0 2217676 0 846346
1786850043.132215 2222297 1708894 3530 2109 0 2217676 0 846346
1786850044.132249 2222297 1708894 3530 2109 0 2217676 0 846346
1786850045.131895 2222297 1708894 3530 2109 0 2217676 0 846346
1786850046.131870 2222297 1708894 3530 2109 0 2217676 0 846346
1786850047.131870 2222297 1708894 3530 2109 0 2217676 0 846346
1786850048.131822 2222297 1708894 3530 2109 0 2217676 0 846346
1786850049.131698 2222297 1708894 3530 2109 0 2217676 0 846346
1786850050.131726 2222297 1708894 3530 2109 0 2217676 0 846346
1786850051.131744 2222297 1708894 3530 2109 0 2217676 0 846346
1786850052.131753 2222297 1708894 3530 2109 0 2217676 0 846346
1786850053.132091 2222297 1709152 3530 2109 0 2217676 0 846346
1786850054.132237 2222297 1709152 3530 2109 0 2217676 0 846346
1786850055.132068 2222297 1709152 3530 2109 0 2217676 0 846346
1786850056.132090 2222297 1709152 3530 2109 0 2217676 0 846346
1786850057.132201 2222297 1709152 3530 2109 0 2217676 0 846346
1786850058.132083 2222297 1709152 3530 2109 0 2217676 0 846346
1786850059.132170 2222297 1709152 3530 2109 0 2217676 0 846346
1786850060.132299 2222297 1709152 3530 2109 0 2217676 0 846346
1786850061.132708 2222297 1709152 3530 2109 0 2217676 0 846346
1786850062.132193 2222297 1709152 3530 2109 0 2217676 0 846346
1786850063.132224 2222297 1709152 3530 2109 0 2217676 0 846346
1786850064.132084 2222297 1709152 3530 2109 0 2217676 0 846346
1786850065.132006 2222297 1709152 3530 2109 0 2217676 0 846346
1786850066.132052 2222297 1709152 3530 2109 0 2217676 0 846346
1786850067.132028 2222297 1709152 3530 2109 0 2217676 0 846346
1786850068.132159 2222297 1709152 3530 2109 0 2217676 0 846346
1786850069.131995 2222297 1709152 3530 2109 0 2217676 0 846346
1786850070.132122 2222297 1709152 3530 2109 0 2217676 0 846346
1786850071.132117 2222297 1709152 3530 2109 0 2217676 0 846346
1786850072.132141 2222297 1709152 3530 2109 0 2217676 0 846346
1786850073.132182 2222297 1709396 3530 2109 0 2217676 0 846346
1786850074.132083 2222297 1709396 3530 2109 0 2217676 0 846346
1786850075.132139 2222297 1709396 3530 2109 0 2217676 0 846346
1786850076.132228 2222297 1709396 3530 2109 0 2217676 0 846346
1786850077.132190 2222297 1709396 3530 2109 0 2217676 0 846346
1786850078.132152 2222297 1709396 3530 2109 0 2217676 0 846346
1786850079.132270 2222297 1709396 3530 2109 0 2217676 0 846346
1786850080.132094 2222297 1709396 3530 2109 0 2217676 0 846346
1786850081.132040 2222297 1709396 3530 2109 0 2217676 0 846346
1786850082.131909 2222297 1709396 3530 2109 0 2217676 0 846346
1786850083.131833 2222297 1709396 3530 2109 0 2217676 0 846346
1786850084.131847 2222297 1709626 3530 2109 0 2217676 0 846346
1786850085.132019 2222297 1709626 3530 2109 0 2217676 0 846346
1786850086.131948 2222297 1709626 3530 2109 0 2217676 0 846346
1786850087.131911 2222297 1709626 3530 2109 0 2217676 0 846346
1786850088.131816 2222297 1709626 3530 2109 0 2217676 0 846346
1786850089.131838 2222297 1709626 3530 2109 0 2217676 0 846346
1786850090.131807 2222297 1709626 3530 2109 0 2217676 0 846346
1786850091.131766 2222297 1709626 3530 2109 0 2217676 0 846346
1786850092.139922 2222297 1709626 3530 2109 0 2217676 0 846346
1786850093.131914 2222297 1709626 3530 2109 0 2217676 0 846346
1786850094.131912 2222297 1709626 3530 2109 0 2217676 0 846346
1786850095.131827 2222297 1709626 3530 2109 0 2217676 0 846346
1786850096.131841 2222297 1709626 3530 2109 0 2217676 0 846346
1786850097.131826 2222297 1709626 3530 2109 0 2217676 0 846346
1786850098.131799 2222297 1709626 3530 2109 0 2217676 0 846346
1786850099.131823 2222297 1709626 3530 2109 0 2217676 0 846346
1786850100.131802 2222297 1709626 3530 2109 0 2217676 0 846346
1786850101.132005 2222297 1709626 3530 2109 0 2217676 0 846346
1786850102.131901 2222297 1709626 3530 2109 0 2217676 0 846346
1786850103.132019 2222297 1709626 3530 2109 0 2217676 0 846346
1786850104.131683 2222297 1709842 3530 2109 0 2217676 0 846346
1786850105.131797 2222297 1709842 3530 2109 0 2217676 0 846346
1786850106.131772 2222297 1709842 3530 2109 0 2217676 0 846346
1786850107.131841 2222297 1709842 3530 2109 0 2217676 0 846346
1786850108.131902 2222297 1709842 3530 2109 0 2217676 0 846346
1786850109.131762 2222297 1709842 3530 2109 0 2217676 0 846346
1786850110.131970 2222297 1709842 3530 2109 0 2217676 0 846346
1786850111.132151 2222297 1709842 3530 2109 0 2217676 0 846346
1786850112.132540 2222297 1709842 3530 2109 0 2217676 0 846346
1786850113.131864 2222297 1709842 3530 2109 0 2217676 0 846346
1786850114.132027 2222297 1710044 3530 2109 0 2217676 0 846346
1786850115.131926 2222297 1710044 3530 2109 0 2217676 0 846346
1786850116.132104 2222297 1710044 3530 2109 0 2217676 0 846346
1786850117.132096 2222297 1710044 3530 2109 0 2217676 0 846346
1786850118.132187 2222297 1710044 3530 2109 0 2217676 0 846346
1786850119.132144 2222297 1710044 3530 2109 0 2217676 0 846346
1786850120.132184 2222297 1710044 3530 2109 0 2217676 0 846346
1786850121.132233 2222297 1710044 3530 2109 0 2217676 0 846346
1786850122.132384 2222297 1710044 3530 2109 0 2217676 0 846346
1786850123.132239 2222297 1710044 3530 2109 0 2217676 0 846346
1786850124.132116 2222297 1710044 3530 2109 0 2217676 0 846346
1786850125.132102 2222297 1710044 3530 2109 0 2217676 0 846346
1786850126.131924 2222297 1710044 3530 2109 0 2217676 0 846346
1786850127.132006 2222297 1710044 3530 2109 0 2217676 0 846346
1786850128.131958 2222297 1710044 3530 2109 0 2217676 0 846346
1786850129.131796 2222297 1710044 3530 2109 0 2217676 0 846346
1786850130.131834 2222297 1710044 3530 2109 0 2217676 0 846346
1786850131.131962 2222297 1710044 3530 2109 0 2217676 0 846346
1786850132.131977 2222297 1710044 3530 2109 0 2217676 0 846346
1786850133.131939 2222297 1710044 3530 2109 0 2217676 0 846346
1786850134.131945 2222297 1710044 3530 2109 0 2217676 0 846346
1786850135.131896 2222297 1710232 3530 2109 0 2217676 0 846346
1786850136.132094 2222297 1710232 3530 2109 0 2217676 0 846346
1786850137.132087 2222297 1710232 3530 2109 0 2217676 0 846346
1786850138.131969 2222297 1710232 3530 2109 0 2217676 0 846346
1786850139.131856 2222297 1710232 3530 2109 0 2217676 0 846346
1786850140.132078 2222297 1710232 3530 2109 0 2217676 0 846346
1786850141.132146 2222297 1710232 3530 2109 0 2217676 0 846346
1786850142.132133 2222297 1710232 3530 2109 0 2217676 0 846346
1786850143.131960 2222297 1710232 3530 2109 0 2217676 0 846346
1786850144.131954 2222297 1710232 3530 2109 0 2217676 0 846346
1786850145.131827 2222297 1710406 3530 2109 0 2217676 0 846346
1786850146.132026 2222297 1710406 3530 2109 0 2217676 0 846346
1786850147.132116 2222297 1710406 3530 2109 0 2217676 0 846346
1786850148.132063 2222297 1710406 3530 2109 0 2217676 0 846346
1786850149.132104 2222297 1710406 3530 2109 0 2217676 0 846346
1786850150.131965 2222297 1710406 3530 2109 0 2217676 0 846346
1786850151.131874 2222297 1710406 3530 2109 0 2217676 0 846346
1786850152.134244 2222297 1710406 3530 2109 0 2217676 0 846346
1786850153.131860 2222297 1710406 3530 2109 0 2217676 0 846346
1786850154.132199 2222297 1710406 3530 2109 0 2217676 0 846346
1786850155.132236 2222297 1710406 3530 2109 0 2217676 0 846346
1786850156.132089 2222297 1710406 3530 2109 0 2217676 0 846346
1786850157.131944 2222297 1710406 3530 2109 0 2217676 0 846346
1786850158.131843 2222297 1710406 3530 2109 0 2217676 0 846346
1786850159.131861 2222297 1710406 3530 2109 0 2217676 0 846346
1786850160.131964 2222297 1710406 3530 2109 0 2217676 0 846346
1786850161.131891 2222297 1710406 3530 2109 0 2217676 0 846346
1786850162.132192 2222297 1710406 3530 2109 0 2217676 0 846346
1786850163.132080 2222297 1710406 3530 2109 0 2217676 0 846346
1786850164.132298 2222297 1710406 3530 2109 0 2217676 0 846346
1786850165.131912 2222297 1710566 3530 2109 0 2217676 0 846346
1786850166.131985 2222297 1710566 3530 2109 0 2217676 0 846346
1786850167.131918 2222297 1710566 3530 2109 0 2217676 0 846346
1786850168.131916 2222297 1710566 3530 2109 0 2217676 0 846346
1786850169.131992 2222297 1710566 3530 2109 0 2217676 0 846346
1786850170.131968 2222297 1710566 3530 2109 0 2217676 0 846346
1786850171.132375 2222297 1710566 3530 2109 0 2217676 0 846346
1786850172.132106 2222297 1710566 3530 2109 0 2217676 0 846346
1786850173.132288 2222297 1710566 3530 2109 0 2217676 0 846346
1786850174.132357 2222297 1710566 3530 2109 0 2217676 0 846346
1786850175.132241 2222297 1710566 3530 2109 0 2217676 0 846346
1786850176.132080 2222297 1710712 3530 2109 0 2217676 0 846346
1786850177.133291 2222297 1710712 3530 2109 0 2217676 0 846346
1786850178.132250 2222297 1710712 3530 2109 0 2217676 0 846346
1786850179.132555 2222297 1710712 3530 2109 0 2217676 0 846346
1786850180.132285 2222297 1710712 3530 2109 0 2217676 0 846346
1786850181.132519 2222297 1710712 3530 2109 0 2217676 0 846346
1786850182.132389 2222297 1710712 3530 2109 0 2217676 0 846346
1786850183.132442 2222297 1710712 3530 2109 0 2217676 0 846346
1786850184.132197 2222297 1710712 3530 2109 0 2217676 0 846346
1786850185.132205 2222297 1710712 3530 2109 0 2217676 0 846346
1786850186.132386 2222297 1710712 3530 2109 0 2217676 0 846346
1786850187.132149 2222297 1710712 3530 2109 0 2217676 0 846346
1786850188.132089 2222297 1710712 3530 2109 0 2217676 0 846346
1786850189.132163 2222297 1710712 3530 2109 0 2217676 0 846346
1786850190.132147 2222297 1710712 3530 2109 0 2217676 0 846346
1786850191.132259 2222297 1710712 3530 2109 0 2217676 0 846346
1786850192.132149 2222297 1710712 3530 2109 0 2217676 0 846346
1786850193.132239 2222297 1710712 3530 2109 0 2217676 0 846346
1786850194.132132 2222297 1710712 3530 2109 0 2217676 0 846346
1786850195.132217 2222297 1710712 3530 2109 0 2217676 0 846346
1786850196.132550 2222297 1710844 3530 2109 0 2217676 0 846346
1786850197.132120 2222297 1710844 3530 2109 0 2217676 0 846346
1786850198.140073 2222297 1710844 3530 2109 0 2217676 0 846346
1786850199.132202 2222297 1710844 3530 2109 0 2217676 0 846346
1786850200.132169 2222297 1710844 3530 2109 0 2217676 0 846346
1786850201.132199 2222297 1710844 3530 2109 0 2217676 0 846346
1786850202.133273 2222297 1710844 3530 2109 0 2217676 0 846346
1786850203.132054 2222297 1710844 3530 2109 0 2217676 0 846346
1786850204.132053 2222297 1710844 3530 2109 0 2217676 0 846346
1786850205.131912 2222297 1710844 3530 2109 0 2217676 0 846346
1786850206.131941 2222297 1710962 3530 2109 0 2217676 0 846346
1786850207.131960 2222297 1710962 3530 2109 0 2217676 0 846346
1786850208.131885 2222297 1710962 3530 2109 0 2217676 0 846346
1786850209.131909 2222297 1710962 3530 2109 0 2217676 0 846346
1786850210.131924 2222297 1710962 3530 2109 0 2217676 0 846346
1786850211.131859 2222297 1710962 3530 2109 0 2217676 0 846346
1786850212.132261 2222297 1710962 3530 2109 0 2217676 0 846346
1786850213.094801 0 0 0 0 0 0 0 0
