# start_epoch=1786141417.100932  page_size=4096  cachestat=ok  fields=size,resident,shared,text,lib,data,dt,pagecache
1786141418.101232 260452 27097 7626 99 0 246458 0 1
1786141419.101173 260452 27097 7626 99 0 246458 0 1
1786141420.107933 2932278 72117 51981 99 0 258106 0 67476
1786141421.106623 2955849 92406 72286 99 0 258106 0 94981
1786141422.107769 2965920 48010 27889 99 0 258106 0 107826
1786141423.109439 3002275 88293 68172 99 0 258106 0 151575
1786141424.111579 3062011 115027 94907 99 0 258106 0 178401
1786141425.115944 3109300 158154 138041 99 0 258106 0 242694
1786141426.114480 3120987 157738 137624 99 0 258106 0 245611
1786141427.115363 3130214 111090 91055 99 0 258106 0 249035
1786141428.120406 3165491 148770 128775 99 0 258106 0 296875
1786141429.118504 3202179 193978 173976 99 0 258106 0 319230
1786141430.122143 3257122 169729 149750 99 0 258106 0 371170
1786141431.121855 3215453 164843 144864 99 0 258106 0 369274
1786141432.120314 3293737 220052 200073 99 0 258106 0 404652
1786141433.123016 3265364 190886 170896 99 0 258106 0 393050
1786141434.122876 3265364 205945 185950 99 0 258106 0 396797
1786141435.123091 3228097 64293 44323 99 0 258106 0 368385
1786141436.125888 3274045 146170 126200 99 0 258106 0 418176
1786141437.127265 3304137 150122 130152 99 0 258106 0 442023
1786141438.128780 3310356 158471 138487 99 0 258106 0 441669
1786141439.129419 3343234 154570 134642 99 0 258106 0 474230
1786141440.132057 3390364 232005 212076 99 0 258106 0 520658
1786141441.129108 3386272 191755 171811 99 0 258106 0 501352
1786141442.124353 3386272 211395 191451 99 0 258106 0 506054
1786141443.132859 4482786 161872 141941 99 0 258106 0 519870
1786141444.134808 3416298 178129 158412 99 0 258106 0 561310
1786141445.166445 3490950 237206 217484 99 0 258106 0 578381
1786141446.134949 3481492 217624 196745 99 0 280122 0 571625
1786141447.136107 3501040 260028 239123 99 0 280122 0 604087
1786141448.139568 3498414 191531 171081 99 0 280122 0 591355
1786141449.140405 3480668 209311 188861 99 0 280122 0 608316
1786141450.166921 3476755 165464 144539 99 0 281658 0 604900
1786141451.136219 3532919 240354 219422 99 0 281658 0 628681
1786141452.138279 3553285 295891 273420 99 0 283194 0 668136
1786141453.144082 3628421 282018 260876 99 0 283194 0 705522
1786141454.139133 3539097 203352 182210 99 0 283194 0 632260
1786141455.144752 4618420 212358 190090 99 0 283194 0 658648
1786141456.155267 3554544 247747 224639 99 0 284730 0 671404
1786141457.157379 3630487 235228 212133 99 0 284730 0 745276
1786141458.140458 3555066 208728 185632 99 0 284730 0 665530
1786141459.143891 3633647 273452 250354 99 0 284730 0 706143
1786141460.152828 3628473 252033 230301 99 0 284730 0 726287
1786141461.154806 3628473 297775 274918 99 0 284730 0 743612
1786141462.141474 3558849 126736 103903 99 0 284730 0 678033
1786141463.146029 3641397 228784 205950 99 0 284730 0 749512
1786141464.147052 3648803 254836 230186 99 0 284730 0 763588
1786141465.158930 3683592 283645 260123 99 0 284730 0 809967
1786141466.163218 3692586 280052 256260 99 0 284730 0 799477
1786141467.147872 3615882 134724 110978 99 0 284730 0 745809
1786141468.147746 3696225 229238 205490 99 0 284730 0 797505
1786141469.152287 3733218 247946 224500 99 0 284730 0 836135
1786141470.163255 3718584 239793 216305 99 0 284730 0 822303
1786141471.172207 3732840 295116 271625 99 0 284730 0 837713
1786141472.161761 3750954 339031 315591 99 0 284730 0 870793
1786141473.149578 3764978 216257 192839 99 0 284730 0 829915
1786141474.149424 3709097 168865 145447 99 0 284730 0 813296
1786141475.151028 3749184 215059 191640 99 0 284730 0 839793
1786141476.168209 3759784 211889 189168 99 0 284730 0 860632
1786141477.166896 3788206 272005 248520 99 0 284730 0 877843
1786141478.158090 3835786 265957 241722 99 0 284730 0 945743
1786141479.161915 3903249 360346 335867 99 0 284730 0 1020153
1786141480.154449 3781571 223828 199346 99 0 284730 0 891129
1786141481.152713 3785165 213198 189773 99 0 284730 0 884396
1786141482.167643 3825342 271611 247159 99 0 284730 0 915509
1786141483.175218 3878381 265545 241002 99 0 284730 0 992375
1786141484.154516 3781177 180677 156133 99 0 284730 0 888412
1786141485.160035 3819911 260841 236297 99 0 284730 0 926544
1786141486.171950 3865226 263280 241072 99 0 284730 0 956922
1786141487.172592 3852867 258109 235889 99 0 284730 0 955507
1786141488.162653 3951306 295547 274003 99 0 284730 0 1028594
1786141489.169621 4028607 387458 365894 99 0 284730 0 1146681
1786141490.174953 4129348 511178 489608 99 0 284730 0 1238150
1786141491.161517 4009013 354548 332978 99 0 284730 0 1052703
1786141492.174088 3869220 236692 212679 99 0 284730 0 969822
1786141493.182284 3909384 288660 264707 99 0 284730 0 1012511
1786141494.163038 3920931 333725 309772 99 0 284730 0 1034213
1786141495.167922 4021437 303211 279253 99 0 284730 0 1111602
1786141496.158917 3846075 176445 152472 99 0 284730 0 973572
1786141497.169285 3901103 218613 196500 99 0 284730 0 1021593
1786141498.172827 3870071 164290 141825 99 0 284730 0 996938
1786141499.176070 3923231 244688 220032 99 0 284730 0 1021398
1786141500.158827 3940505 284427 261012 99 0 284730 0 1054991
1786141501.160023 3897517 143546 121525 99 0 284730 0 989583
1786141502.179299 3909607 209780 187759 99 0 284730 0 1013797
1786141503.230406 3968959 239375 215877 99 0 284730 0 1076810
1786141504.163109 3995040 264585 240028 99 0 284730 0 1066946
1786141505.185009 3996412 300588 275987 99 0 284730 0 1102355
1786141506.171451 5008930 158793 136075 99 0 284730 0 1023961
1786141507.163643 3983339 217843 195125 99 0 284730 0 1103982
1786141508.178276 4020364 243444 220716 99 0 284730 0 1113479
1786141509.185291 4003034 249091 225914 99 0 284730 0 1132929
1786141510.210162 4022433 298564 275382 99 0 284730 0 1142245
1786141511.169371 4145004 294422 271290 99 0 284730 0 1206463
1786141512.163424 3993026 151935 131673 99 0 284730 0 1092241
1786141513.165924 4035708 206371 186109 99 0 284730 0 1149720
1786141514.170243 4069455 262697 242440 99 0 284730 0 1163950
1786141515.192845 4052776 222919 200297 99 0 284730 0 1164748
1786141516.197313 4072790 279904 257969 99 0 284730 0 1197530
1786141517.201040 4122793 362846 340910 99 0 284730 0 1202893
1786141518.179073 4204562 317639 295812 99 0 284730 0 1305150
1786141519.168781 4047393 183030 161184 99 0 284730 0 1141986
1786141520.177075 5146543 228110 206263 99 0 284730 0 1167279
1786141521.169708 4079492 238500 215337 99 0 284730 0 1152400
1786141522.176169 4057768 212395 188074 99 0 288826 0 1150243
1786141523.172015 4097674 264435 240819 99 0 288826 0 1193157
1786141524.172839 4150508 237380 212486 99 0 290618 0 1229572
1786141525.166186 4005260 106300 81406 99 0 290618 0 1097731
1786141526.163737 3975627 122553 97650 99 0 290618 0 1067547
1786141527.168685 4059629 224121 199670 99 0 290618 0 1150893
1786141528.170478 4083579 343404 320214 99 0 290618 0 1180196
1786141529.171311 4161774 265705 244881 99 0 290618 0 1175241
1786141530.163746 3974360 189143 166084 99 0 290618 0 1061852
1786141531.172283 4012837 320202 297140 99 0 290618 0 1116476
1786141532.162324 3955964 130917 106212 99 0 290618 0 1057924
1786141533.164996 3989295 204886 180178 99 0 290618 0 1080840
1786141534.166661 4013709 280654 255938 99 0 290618 0 1123788
1786141535.168244 4027963 327740 303011 99 0 290618 0 1125821
1786141536.169659 4058701 385005 358989 99 0 292410 0 1155654
1786141537.169725 4069300 462660 436625 99 0 292410 0 1174475
1786141538.169326 4061702 308703 284150 99 0 292410 0 1169027
1786141539.158742 3867364 143635 118479 99 0 292410 0 966009
1786141540.162634 3931793 172713 147237 99 0 292410 0 1032544
1786141541.163841 3972816 246952 221480 99 0 292410 0 1053259
1786141542.166221 3997049 338348 312875 99 0 292410 0 1096595
1786141543.165574 4016685 389002 363736 99 0 292410 0 1096416
1786141544.165921 4016685 453992 428688 99 0 292410 0 1102412
1786141545.169556 4063685 499802 476386 99 0 292410 0 1148623
1786141546.169762 4063685 572694 547294 99 0 292410 0 1153902
1786141547.165458 3983812 316054 290620 99 0 292410 0 1078363
1786141548.152420 3767886 109419 85579 99 0 292410 0 865971
1786141549.150657 3768111 139676 114701 99 0 292410 0 857290
1786141550.142555 3763231 119490 94096 99 0 292410 0 850934
1786141551.145727 3749197 137884 112578 99 0 292410 0 821049
1786141552.135961 3705445 37893 13002 99 0 292410 0 776536
1786141553.136017 3705445 37893 13002 99 0 292410 0 776536
1786141554.136059 3705445 37893 13002 99 0 292410 0 776536
1786141555.135967 3705445 37893 13002 99 0 292410 0 776536
1786141556.135826 3709542 37805 13002 99 0 296506 0 776536
1786141557.136229 3709542 37805 13002 99 0 296506 0 776536
1786141558.136078 3709542 37805 13002 99 0 296506 0 776536
1786141559.136005 3709542 37805 13002 99 0 296506 0 776536
1786141560.135967 3709542 37805 13002 99 0 296506 0 776536
1786141561.136078 3713639 37812 13002 99 0 300602 0 776536
1786141562.135905 3713639 37812 13002 99 0 300602 0 776536
1786141563.136010 3713639 37812 13002 99 0 300602 0 776536
1786141564.135963 3713639 37812 13002 99 0 300602 0 776536
1786141565.136163 3717736 37815 13002 99 0 304698 0 776536
1786141566.136087 3717736 37815 13002 99 0 304698 0 776536
1786141567.136003 3717736 37815 13002 99 0 304698 0 776536
1786141568.136403 3717736 37815 13002 99 0 304698 0 776536
1786141569.136348 3717736 37815 13002 99 0 304698 0 776536
1786141570.136206 3717736 37815 13002 99 0 304698 0 776536
1786141571.136180 3717736 37815 13002 99 0 304698 0 776536
1786141572.136234 3717736 37815 13002 99 0 304698 0 776536
1786141573.136042 3717736 37815 13002 99 0 304698 0 776536
1786141574.136342 3717736 37815 13002 99 0 304698 0 776536
1786141575.136243 3717736 37815 13002 99 0 304698 0 776536
1786141576.136051 3717736 37815 13002 99 0 304698 0 776536
1786141577.139483 3717736 37815 13002 99 0 304698 0 776536
1786141578.136078 3717736 37815 13002 99 0 304698 0 776536
1786141579.135995 3717736 37815 13002 99 0 304698 0 776536
1786141580.135994 3717736 37815 13002 99 0 304698 0 776536
1786141581.135987 3717736 37815 13002 99 0 304698 0 776536
1786141582.136162 3717736 37815 13002 99 0 304698 0 776536
1786141583.135959 3717736 37815 13002 99 0 304698 0 776536
1786141584.136265 3717736 37815 13002 99 0 304698 0 776536
1786141585.136156 3717736 37815 13002 99 0 304698 0 776536
1786141586.135833 3717736 37815 13002 99 0 304698 0 776536
1786141587.135917 3717736 37815 13002 99 0 304698 0 776536
1786141588.136091 3717736 37815 13002 99 0 304698 0 776536
1786141589.136069 3717736 37815 13002 99 0 304698 0 776536
1786141590.136015 3717736 37812 13002 99 0 304698 0 776536
1786141591.136018 3717736 37812 13002 99 0 304698 0 776536
