# start_epoch=1786141607.975603  page_size=4096  cachestat=ok  fields=size,resident,shared,text,lib,data,dt,pagecache
1786141608.975856 260452 27751 8277 99 0 246458 0 1
1786141609.975820 260452 27751 8277 99 0 246458 0 1
1786141610.982261 3005379 118173 95082 99 0 277562 0 107827
1786141611.984434 3025786 119587 93615 99 0 280634 0 146353
1786141612.986853 3116103 181493 155520 99 0 280634 0 237063
1786141613.989331 3114173 152091 127541 99 0 280634 0 229733
1786141614.988532 3185252 191242 166685 99 0 280634 0 272479
1786141615.992589 3166013 153392 128834 99 0 280634 0 286084
1786141616.991131 3237123 192276 167717 99 0 280634 0 324591
1786141617.995633 3217889 151982 128771 99 0 280634 0 337308
1786141618.993550 3271686 181037 156016 99 0 280634 0 376299
1786141619.998355 3269729 152314 127293 99 0 280634 0 383454
1786141620.995727 3323556 180841 156038 99 0 280634 0 442918
1786141622.001336 3321590 151438 126633 99 0 280634 0 432727
1786141622.998743 3375408 178691 156014 99 0 280634 0 489419
1786141624.003906 3373463 150726 125575 99 0 280634 0 480268
1786141625.000747 3427254 181519 156355 99 0 280634 0 532264
1786141626.006669 3425318 149011 123843 99 0 280634 0 526383
1786141627.002884 3479100 181081 155906 99 0 280634 0 582900
1786141628.009514 3477146 146349 122997 99 0 280634 0 575323
1786141629.006111 3530943 181097 155930 99 0 280634 0 636911
1786141630.012801 3529010 145293 122166 99 0 280634 0 625643
1786141631.010443 3582807 180094 155960 99 0 280634 0 688812
1786141632.015871 3580853 146026 121803 99 0 280634 0 674862
1786141633.018302 3598124 158515 134248 99 0 280634 0 716696
1786141634.018381 3632669 145939 121672 99 0 280634 0 725881
1786141635.014056 4731431 173232 149140 99 0 280634 0 770069
1786141636.021822 3684632 146322 122187 99 0 280634 0 780201
1786141637.026373 3702008 157993 133781 99 0 280634 0 841914
1786141638.024843 3736733 145579 122439 99 0 280634 0 832407
1786141639.026508 3754053 159548 134587 99 0 280634 0 857008
1786141640.034965 3788729 146732 121731 99 0 280634 0 882281
1786141641.031824 3806037 158576 133570 99 0 280634 0 944961
1786141642.030373 3877381 176998 153816 99 0 280634 0 928224
1786141643.036852 3858118 159067 134073 99 0 280634 0 998039
1786141644.034075 3892758 147616 122615 99 0 280634 0 989325
1786141645.026923 4991604 162072 137069 99 0 280634 0 1030522
1786141646.022504 3944815 144401 121981 99 0 280634 0 1035925
1786141647.036071 3962110 159197 134319 99 0 280634 0 1065381
1786141648.039770 3996766 146578 121666 99 0 280634 0 1089527
1786141649.034890 4014115 159705 134781 99 0 280634 0 1118519
1786141650.026898 4048841 145056 121941 99 0 280634 0 1139776
1786141651.045951 4066184 158129 133203 99 0 280634 0 1204108
1786141652.033551 4160620 213935 189007 99 0 280634 0 1186819
1786141653.048855 4118134 157421 132493 99 0 280634 0 1254194
1786141654.042689 4172146 182987 158058 99 0 280634 0 1223341
1786141655.052400 4170248 156845 132720 99 0 280634 0 1306224
1786141656.040360 4228043 166642 142325 99 0 284730 0 1269575
1786141657.032516 4172229 90390 66078 99 0 284730 0 1270849
1786141658.031329 4146053 55484 29102 99 0 287802 0 1250172
1786141659.031706 4146053 84986 60139 99 0 287802 0 1250546
1786141660.030718 4146053 111706 86859 99 0 287802 0 1227667
1786141661.031354 4146053 149362 124515 99 0 287802 0 1245125
1786141662.032379 4146053 184126 159279 99 0 287802 0 1267013
1786141663.030454 4200172 253337 228490 99 0 287802 0 1222219
1786141664.031354 4146053 244653 219785 99 0 287802 0 1239894
1786141665.031810 4146053 283966 257049 99 0 287802 0 1250556
1786141666.033030 4170879 331408 308058 99 0 287802 0 1275383
1786141667.031390 4146053 340591 315688 99 0 287802 0 1235509
1786141668.031629 4146053 380147 353196 99 0 287802 0 1252676
1786141669.032153 4146053 406627 382388 99 0 287802 0 1254522
1786141670.031056 4146053 435178 410904 99 0 287802 0 1230136
1786141671.030837 4146045 47631 23353 99 0 287802 0 1238624
1786141672.031624 4146045 84233 59953 99 0 287802 0 1252164
1786141673.033135 4170871 131896 109559 99 0 287802 0 1275389
1786141674.030871 4146045 141981 117817 99 0 287802 0 1232293
1786141675.031676 4146045 181323 155093 99 0 287802 0 1249204
1786141676.033176 4146045 206154 183878 99 0 287802 0 1275294
1786141677.030303 4146045 236183 212055 99 0 287802 0 1225604
1786141678.031068 4146045 273548 249420 99 0 287802 0 1242657
1786141679.032196 4146045 307157 283029 99 0 287802 0 1262085
1786141680.030425 4146045 331946 307813 99 0 287802 0 1221029
1786141681.031063 4146045 368614 344480 99 0 287802 0 1237130
1786141682.031988 4146045 407762 381532 99 0 287802 0 1253787
1786141683.032597 4170871 456026 431802 99 0 287802 0 1261155
1786141684.030608 4146037 37525 13289 99 0 287802 0 1226669
1786141685.031711 4146037 74942 50681 99 0 287802 0 1243762
1786141686.032239 4146037 108789 84513 99 0 287802 0 1264792
1786141687.030507 4146037 133593 109315 99 0 287802 0 1221038
1786141688.031190 4146037 170240 145939 99 0 287802 0 1238461
1786141689.031654 4146037 209587 183542 99 0 287802 0 1250585
1786141690.036209 4170863 257362 233291 99 0 287802 0 1275412
1786141691.030880 4146037 265089 240807 99 0 287802 0 1232610
1786141692.031665 4146037 304855 278525 99 0 287802 0 1250113
1786141693.032294 4170862 333327 309045 99 0 287802 0 1250592
1786141694.030894 4146037 360931 336649 99 0 287802 0 1228113
1786141695.030469 4150129 30478 10064 99 0 291898 0 1221048
1786141696.030226 4150129 30478 10064 99 0 291898 0 1221048
1786141697.030457 4150129 30478 10064 99 0 291898 0 1221048
1786141698.030536 4150129 30478 10064 99 0 291898 0 1221048
1786141699.030473 4154226 30485 10064 99 0 295994 0 1221048
1786141700.030323 4154226 30485 10064 99 0 295994 0 1221048
1786141701.033449 4154226 30485 10064 99 0 295994 0 1221048
1786141702.030283 4154226 30485 10064 99 0 295994 0 1221048
1786141703.030294 4158323 30464 10064 99 0 300090 0 1221048
1786141704.030146 4158323 30464 10064 99 0 300090 0 1221048
1786141705.030693 4158323 30464 10064 99 0 300090 0 1221048
1786141706.030382 4158323 30464 10064 99 0 300090 0 1221048
1786141707.030704 4162420 30460 10064 99 0 304186 0 1221048
1786141708.030385 4162420 30460 10064 99 0 304186 0 1221048
1786141709.030282 4162420 30460 10064 99 0 304186 0 1221048
1786141710.030279 4162420 30460 10064 99 0 304186 0 1221048
1786141711.030350 4162420 30460 10064 99 0 304186 0 1221048
1786141712.030583 4162420 30460 10064 99 0 304186 0 1221048
1786141713.030425 4162420 30460 10064 99 0 304186 0 1221048
1786141714.030853 4162420 30460 10064 99 0 304186 0 1221048
1786141715.030630 4162420 30460 10064 99 0 304186 0 1221048
1786141716.030628 4162420 30460 10064 99 0 304186 0 1221048
1786141717.030718 4162420 30460 10064 99 0 304186 0 1221048
1786141718.030651 4162420 30460 10064 99 0 304186 0 1221048
1786141719.030319 4162420 30460 10064 99 0 304186 0 1221048
1786141720.030531 4162420 30460 10064 99 0 304186 0 1221048
1786141721.030460 4162420 30460 10064 99 0 304186 0 1221048
1786141722.030249 4162420 30457 10064 99 0 304186 0 1221048
