# start_epoch=1786176049.213414  page_size=4096  cachestat=ok  fields=size,resident,shared,text,lib,data,dt,pagecache
1786176050.213684 260452 27115 7642 99 0 246458 0 1
1786176051.213634 260452 27115 7642 99 0 246458 0 1
1786176052.220261 3003333 110447 88369 99 0 275514 0 107873
1786176053.222655 3023935 117603 93337 99 0 278586 0 148439
1786176054.224099 3131810 190452 166186 99 0 278586 0 220510
1786176055.227749 3112492 151895 128322 99 0 278586 0 235287
1786176056.226985 3207006 197252 173672 99 0 278586 0 290807
1786176057.231330 3164600 153946 130402 99 0 278586 0 294501
1786176058.228855 3218475 179359 155815 99 0 278586 0 305177
1786176059.234893 3216567 155311 131932 99 0 278586 0 352653
1786176060.234190 3266666 148582 125196 99 0 278586 0 339706
1786176061.237727 3268600 154440 131054 99 0 278586 0 401908
1786176062.237336 3303318 143763 120447 99 0 278586 0 395023
1786176063.239870 4402026 169050 145730 99 0 278586 0 441239
1786176064.240536 3355395 144686 121365 99 0 278586 0 450432
1786176065.237885 3409265 178249 155294 99 0 278586 0 516038
1786176066.244014 3409161 146979 122704 99 0 280378 0 507965
1786176067.240148 3463107 179146 155476 99 0 280378 0 567201
1786176068.247591 3461277 148377 124607 99 0 280378 0 567069
1786176069.242922 3515212 178380 155837 99 0 280378 0 628445
1786176070.251231 3513259 149473 125811 99 0 280378 0 623912
1786176071.245694 3567141 179679 156012 99 0 280378 0 685239
1786176072.253853 3565246 149223 125553 99 0 280378 0 675523
1786176073.248039 3619135 179761 156086 99 0 280378 0 734227
1786176074.257035 3617291 148478 125802 99 0 280378 0 728529
1786176075.250541 3671221 179680 156176 99 0 280378 0 792493
1786176076.259742 3669330 150306 126773 99 0 280378 0 784364
1786176077.253555 3723260 179754 156210 99 0 280378 0 828094
1786176078.263263 3721341 150758 127212 99 0 280378 0 839053
1786176079.258827 3775364 179947 156397 99 0 280378 0 880401
1786176080.267103 3773446 150324 128362 99 0 280378 0 893951
1786176081.258155 3844646 180699 157593 99 0 280378 0 949786
1786176082.270896 3825363 153213 130103 99 0 280378 0 953399
1786176083.261140 3919787 211561 188451 99 0 280378 0 960803
1786176084.274575 3877444 155212 132099 99 0 280378 0 1012967
1786176085.274039 3927606 153142 131255 99 0 280378 0 1002982
1786176086.277012 3929587 158014 134048 99 0 280378 0 1033705
1786176087.276700 3964247 145917 121927 99 0 280378 0 1061073
1786176088.278971 3981577 158155 134138 99 0 280378 0 1085493
1786176089.280315 4016246 145278 121259 99 0 280378 0 1110117
1786176090.281616 5084234 158720 134696 99 0 280378 0 1139641
1786176091.282462 4068295 146367 122358 99 0 280378 0 1166589
1786176092.275207 5188290 179056 155044 99 0 280378 0 1228394
1786176093.286619 4120321 146889 122874 99 0 280378 0 1220599
1786176094.273156 4174274 180547 156525 99 0 280378 0 1278506
1786176095.290079 4172365 146926 124550 99 0 280378 0 1278943
1786176096.272814 4207973 157911 133782 99 0 284474 0 1317893
1786176097.270166 4169438 83432 60591 99 0 284474 0 1258836
1786176098.269210 4145792 48766 24150 99 0 287546 0 1244414
1786176099.270404 4145792 84048 59431 99 0 287546 0 1266623
1786176100.268327 4145792 106794 84208 99 0 287546 0 1221015
1786176101.269545 4145792 145682 121233 99 0 287546 0 1241642
1786176102.270266 4145792 183048 158598 99 0 287546 0 1262298
1786176103.268478 4203883 258986 234535 99 0 287546 0 1221710
1786176104.269202 4145792 243625 219131 99 0 287546 0 1239925
1786176105.269713 4145792 283329 257170 99 0 287546 0 1250549
1786176106.268468 4170618 331488 307358 99 0 287546 0 1221258
1786176107.269142 4145792 340539 316389 99 0 287546 0 1237368
1786176108.269563 4145792 380465 354258 99 0 287546 0 1250554
1786176109.270900 4170618 422099 397720 99 0 287546 0 1275381
1786176110.269053 4145792 437209 412664 99 0 287546 0 1233495
1786176111.272128 4145787 47889 23327 99 0 287546 0 1239500
1786176112.270003 4145787 82005 59252 99 0 287546 0 1253196
1786176113.270867 4203878 131730 108976 99 0 287546 0 1275385
1786176114.269280 4145787 139671 116917 99 0 287546 0 1232033
1786176115.269469 4145787 178454 153706 99 0 287546 0 1248284
1786176116.271179 4145787 205872 183167 99 0 287546 0 1273474
1786176117.268517 4145787 233646 210941 99 0 287546 0 1225048
1786176118.269170 4145787 269669 246964 99 0 287546 0 1240301
1786176119.270150 4145787 305036 282331 99 0 287546 0 1255819
1786176120.270875 4203878 371056 350270 99 0 287546 0 1275396
1786176121.268914 4145787 363327 340713 99 0 287546 0 1232998
1786176122.269786 4145787 402399 377736 99 0 287546 0 1249579
1786176123.269807 4170612 429507 406892 99 0 287546 0 1250575
1786176124.269235 4180426 66698 44068 99 0 287546 0 1238314
1786176125.273352 4145781 67909 44721 99 0 287546 0 1236873
1786176126.269807 4145781 108070 81676 99 0 287546 0 1253166
1786176127.270110 4170607 153480 129112 99 0 287546 0 1260723
1786176128.270912 4145781 163895 139525 99 0 287546 0 1230593
1786176129.269396 4145781 201065 176686 99 0 287546 0 1247426
1786176130.270574 4145781 231870 207770 99 0 287546 0 1271933
1786176131.268419 4145781 257361 234374 99 0 287546 0 1224850
1786176132.269162 4145781 296715 271900 99 0 287546 0 1242125
1786176133.270186 4145781 331765 306947 99 0 287546 0 1261951
1786176134.268276 4170607 361247 336429 99 0 287546 0 1221046
1786176135.268533 4163111 50362 26660 99 0 287546 0 1221043
1786176136.268065 4149873 32812 9357 99 0 291642 0 1221046
1786176137.268244 4149873 32812 9357 99 0 291642 0 1221046
1786176138.268137 4149873 32812 9357 99 0 291642 0 1221046
1786176139.267717 4153970 32683 9357 99 0 295738 0 1221046
1786176140.267847 4153970 32697 9357 99 0 295738 0 1221046
1786176141.268023 4153970 32697 9357 99 0 295738 0 1221046
1786176142.268033 4153970 32697 9357 99 0 295738 0 1221046
1786176143.267930 4158067 32704 9357 99 0 299834 0 1221046
1786176144.268093 4158067 32704 9357 99 0 299834 0 1221046
1786176145.267762 4158067 32704 9357 99 0 299834 0 1221046
1786176146.268113 4158067 32704 9357 99 0 299834 0 1221046
1786176147.267823 4162164 32707 9357 99 0 303930 0 1221046
1786176148.268235 4162164 32707 9357 99 0 303930 0 1221046
1786176149.268005 4162164 32707 9357 99 0 303930 0 1221046
1786176150.268241 4162164 32707 9357 99 0 303930 0 1221046
1786176151.268060 4162164 32707 9357 99 0 303930 0 1221046
1786176152.268224 4162164 32707 9357 99 0 303930 0 1221046
1786176153.268054 4162164 32707 9357 99 0 303930 0 1221046
1786176154.267794 4162164 32707 9357 99 0 303930 0 1221046
1786176155.267932 4162164 32707 9357 99 0 303930 0 1221046
1786176156.268021 4162164 32707 9357 99 0 303930 0 1221046
1786176157.268230 4162164 32707 9357 99 0 303930 0 1221046
1786176158.268003 4162164 32707 9357 99 0 303930 0 1221046
1786176159.267769 4162164 32707 9357 99 0 303930 0 1221046
1786176160.268118 4162164 32707 9357 99 0 303930 0 1221046
1786176161.268288 4162164 33475 9357 99 0 303930 0 1221046
