# start_epoch=1786705873.698980  page_size=4096  cachestat=ok  fields=size,resident,shared,text,lib,data,dt,pagecache
1786705874.736813 58897 42805 2708 1589 0 54910 0 42193
1786705875.737217 66833 46092 2773 1589 0 62846 0 47075
1786705876.738167 66833 37619 2773 1589 0 62846 0 59075
1786705877.738220 66833 34478 2837 1589 0 62846 0 67277
1786705878.738959 66833 39879 2837 1589 0 62846 0 75462
1786705879.740975 66833 43543 2837 1589 0 62846 0 83904
1786705880.737786 66833 35784 2837 1589 0 62846 0 74321
1786705881.740244 66833 39925 2837 1589 0 62846 0 100531
1786705882.741960 67729 36387 2837 1589 0 63742 0 108717
1786705883.741093 67729 39390 2837 1589 0 63742 0 117159
1786705884.741805 67729 41935 2837 1589 0 63742 0 125719
1786705885.741137 67729 47000 2837 1589 0 63742 0 115763
1786705886.742930 67729 39628 2837 1589 0 63742 0 141717
1786705887.744933 67729 39349 2837 1589 0 63742 0 149903
1786705888.743782 67729 41444 2837 1589 0 63742 0 158090
1786705889.744211 67729 42806 2837 1589 0 63742 0 167044
1786705890.744549 67729 47512 2837 1589 0 63742 0 174973
1786705891.746936 67729 41332 2837 1589 0 63742 0 182903
1786705892.745865 67729 35734 2837 1589 0 63742 0 191355
1786705893.746470 67729 40102 2837 1589 0 63742 0 199554
1786705894.746888 67729 42133 2837 1589 0 63742 0 208265
1786705895.746991 68753 46688 2837 1589 0 64766 0 216209
1786705896.747798 68753 40332 2837 1589 0 64766 0 224422
1786705897.749856 68753 36232 2837 1589 0 64766 0 232621
1786705898.748696 68753 42080 2837 1589 0 64766 0 240564
1786705899.835695 68753 42322 2837 1589 0 64766 0 249274
1786705900.835662 68753 45814 2837 1589 0 64766 0 257729
1786705901.749995 68753 40915 2837 1589 0 64766 0 262385
1786705902.836039 68753 36014 2837 1589 0 64766 0 273886
1786705903.836953 68753 40549 2837 1589 0 64766 0 281829
1786705904.835833 70033 42046 2837 1589 0 66046 0 289772
1786705905.837184 70033 45695 2837 1589 0 66046 0 298227
1786705906.752494 70033 48262 2837 1589 0 66046 0 303936
1786705907.752367 70033 38517 2837 1589 0 66046 0 314639
1786705908.838052 70033 42622 2837 1589 0 66046 0 322838
1786705909.752943 70033 39658 2837 1589 0 66046 0 331037
1786705910.839202 70033 43044 2837 1589 0 66046 0 339236
1786705911.841134 70033 46902 2837 1589 0 66046 0 346923
1786705912.835408 70033 49455 2837 1589 0 66046 0 350788
1786705913.839236 70033 39917 2837 1589 0 66046 0 363591
1786705914.840576 70033 39154 2837 1589 0 66046 0 371790
1786705915.840385 70033 45330 2837 1589 0 66046 0 379734
1786705916.839741 70033 43306 2837 1589 0 66046 0 387677
1786705917.841312 71569 46877 2837 1589 0 67582 0 395876
1786705918.752503 71569 49682 2837 1589 0 67582 0 403576
1786705919.837156 71569 38160 2837 1589 0 67582 0 411776
1786705920.842675 71569 44373 2837 1589 0 67582 0 419464
1786705921.846203 71569 39240 2837 1589 0 67582 0 427662
1786705922.843825 71569 45979 2837 1589 0 67582 0 435604
1786705923.846131 71569 45306 2837 1589 0 67582 0 443294
1786705924.844131 71569 48231 2837 1589 0 67582 0 451237
1786705925.845733 71569 50118 2837 1589 0 67582 0 458938
1786705926.849240 71569 37632 2837 1589 0 67582 0 467393
1786705927.846033 71569 45169 2837 1589 0 67582 0 474825
1786705928.850503 71569 39442 2837 1589 0 67582 0 482768
1786705929.935740 71569 46475 2837 1589 0 67582 0 490712
1786705930.847753 71569 44498 2837 1589 0 67582 0 497887
1786705931.937607 71569 46009 2837 1589 0 67582 0 506087
1786705932.848443 71569 49897 2837 1589 0 67582 0 513262
1786705933.835627 71569 50450 2837 1589 0 67582 0 507936
1786705934.849655 71569 45303 2837 1589 0 67582 0 529931
1786705935.852328 73361 40049 2837 1589 0 69374 0 537618
1786705936.849874 73361 46250 2837 1589 0 69374 0 545306
1786705937.848872 73361 41027 2837 1589 0 69374 0 552993
1786705938.851060 73361 47335 2837 1589 0 69374 0 560936
1786705939.852102 73361 46001 2837 1589 0 69374 0 568623
1786705940.851226 73361 48882 2837 1589 0 69374 0 576056
1786705941.937092 73361 50315 2837 1589 0 69374 0 570304
1786705942.843610 73361 51568 2837 1589 0 69374 0 586228
1786705943.942851 73361 49770 2837 1589 0 69374 0 598620
1786705944.942685 73361 41341 2837 1589 0 69374 0 606819
1786705945.937024 73361 49606 2837 1589 0 69374 0 613995
1786705946.938677 73361 43478 2837 1589 0 69374 0 621938
1786705947.941913 73361 49762 2837 1589 0 69374 0 629370
1786705948.940839 73361 44792 2837 1589 0 69374 0 637314
1786705949.940517 73361 49494 2837 1589 0 69374 0 644488
1786705950.943462 73361 48741 2837 1589 0 69374 0 652701
1786705951.941874 73361 50188 2837 1589 0 69374 0 651735
1786705952.848085 73361 51754 2837 1589 0 69374 0 664784
1786705953.943765 73361 44155 2837 1589 0 69374 0 675509
1786705954.942913 73361 50324 2837 1589 0 69374 0 683197
1786705955.942311 73361 42060 2837 1589 0 69374 0 690885
1786705956.946509 75409 50291 2837 1589 0 71422 0 698571
1786705957.943605 75409 45370 2837 1589 0 71422 0 706259
1786705958.942260 75409 50774 2837 1589 0 71422 0 713179
1786705959.946717 75409 48779 2837 1589 0 71422 0 721378
1786705960.944561 75409 50592 2837 1589 0 71422 0 710915
1786705961.850633 75409 53329 2837 1589 0 71422 0 717719
1786705962.945772 75409 43134 2837 1589 0 71422 0 744455
1786705963.949851 75409 49724 2837 1589 0 71422 0 752142
1786705964.942057 75409 45116 2837 1589 0 71422 0 759318
1786705965.947422 75409 50991 2837 1589 0 71422 0 767005
1786705966.950843 75409 43378 2837 1589 0 71422 0 774437
1786705967.947606 75409 50928 2837 1589 0 71422 0 781612
1786705968.946915 75409 46456 2837 1589 0 71422 0 789173
1786705970.036648 75409 51428 2837 1589 0 71422 0 796477
1786705970.950931 75409 49415 2837 1589 0 71422 0 804164
1786705971.948284 75409 51222 2837 1589 0 71422 0 811595
1786705972.947008 75409 51425 2837 1589 0 71422 0 801824
1786705973.852252 75409 53453 2837 1589 0 71422 0 807682
1786705975.036136 75409 51658 2837 1589 0 71422 0 834673
1786705976.037888 75409 45348 2837 1589 0 71422 0 841848
1786705977.038165 75409 51904 2837 1589 0 71422 0 849281
1786705978.037668 75409 44160 2837 1589 0 71422 0 856712
1786705979.037296 75409 52652 2837 1589 0 71422 0 864400
1786705980.042135 75409 46651 2837 1589 0 71422 0 871831
1786705981.039893 75409 54746 2837 1589 0 71422 0 879007
1786705982.039876 75409 47206 2837 1589 0 71422 0 886183
1786705982.949127 75409 54817 2837 1589 0 71422 0 893359
1786705983.950690 75409 50824 2837 1589 0 71422 0 900534
1786705984.737963 77969 35645 2900 1589 0 73982 0 872324
1786705985.738044 77969 35645 2900 1589 0 73982 0 872324
1786705986.738086 77969 35645 2900 1589 0 73982 0 872324
1786705987.737874 77969 35645 2900 1589 0 73982 0 872324
1786705988.737840 77969 35751 2900 1589 0 73982 0 872324
1786705989.737632 77969 35751 2900 1589 0 73982 0 872324
1786705990.737787 77969 35751 2900 1589 0 73982 0 872324
1786705991.737872 77969 35751 2900 1589 0 73982 0 872324
1786705992.737809 77969 35751 2900 1589 0 73982 0 872324
1786705993.738327 77969 35751 2900 1589 0 73982 0 872324
1786705994.737565 80273 36861 2900 1589 0 76286 0 866076
1786705995.737751 80273 36861 2900 1589 0 76286 0 866076
1786705996.737776 80273 36861 2900 1589 0 76286 0 866076
1786705997.737444 80273 36861 2900 1589 0 76286 0 866076
1786705998.737443 80273 36865 2900 1589 0 76286 0 866076
1786705999.737377 80273 36865 2900 1589 0 76286 0 866076
1786706000.737571 80273 35685 2900 1589 0 76286 0 866076
1786706001.737388 80273 29753 2900 1589 0 76286 0 866076
1786706002.737327 80273 29753 2900 1589 0 76286 0 866076
1786706003.737384 82577 31138 2900 1589 0 78590 0 859853
1786706004.740798 82577 31138 2900 1589 0 78590 0 859853
1786706005.737438 82577 31138 2900 1589 0 78590 0 859853
1786706006.737044 82577 31138 2900 1589 0 78590 0 859853
1786706007.737016 82577 31138 2900 1589 0 78590 0 859853
1786706008.736983 82577 31138 2900 1589 0 78590 0 859853
1786706009.736975 82577 31138 2900 1589 0 78590 0 859853
1786706010.736999 82577 31138 2900 1589 0 78590 0 859853
1786706011.736930 82577 31138 2900 1589 0 78590 0 859853
1786706012.743696 85905 32780 2900 1589 0 81918 0 853628
1786706013.736925 85905 32780 2900 1589 0 81918 0 853628
1786706014.737022 85905 32780 2900 1589 0 81918 0 853628
1786706015.736877 85905 32780 2900 1589 0 81918 0 853628
1786706016.736635 85905 32780 2900 1589 0 81918 0 853628
1786706017.736638 85905 32780 2900 1589 0 81918 0 853628
1786706018.736736 85905 32780 2900 1589 0 81918 0 853628
1786706019.736606 85905 32780 2900 1589 0 81918 0 853629
1786706020.736636 85905 32780 2900 1589 0 81918 0 853629
1786706021.736780 85905 32780 2900 1589 0 81918 0 853629
1786706022.736715 87953 33610 2900 1589 0 83966 0 847404
1786706023.736691 87953 33610 2900 1589 0 83966 0 847404
1786706024.843421 88977 61505 2916 1589 0 84990 0 846173
1786706025.844951 151953 112193 2916 1589 0 147966 0 846173
1786706026.847010 199057 161857 2916 1589 0 195070 0 846173
1786706027.844580 264593 212033 2916 1589 0 260606 0 846173
1786706028.843506 305553 262721 2916 1589 0 301566 0 846173
1786706029.847984 357777 312897 2916 1589 0 353790 0 846173
1786706030.844812 415121 363073 2916 1589 0 411134 0 846173
1786706031.844681 484241 413761 2916 1589 0 480254 0 846173
1786706032.844680 566161 463425 2916 1589 0 562174 0 846173
1786706033.843550 570257 513601 2916 1589 0 566270 0 846173
1786706034.843841 668561 564289 2916 1589 0 664574 0 846173
1786706035.848989 668561 613441 2916 1589 0 664574 0 846173
1786706036.848817 790417 664641 2916 1589 0 786430 0 846173
1786706037.844471 790417 715329 2916 1589 0 786430 0 846173
1786706038.843575 921489 765505 2916 1589 0 917502 0 846173
1786706039.850659 921489 816193 2916 1589 0 917502 0 846173
1786706040.848741 927633 865345 2916 1589 0 923646 0 846173
1786706041.843570 1091473 915009 2916 1589 0 1087486 0 846173
1786706042.849649 1091473 964161 2916 1589 0 1087486 0 846173
1786706043.850629 1091473 1012289 2916 1589 0 1087486 0 846173
1786706044.848233 1098641 1059897 2908 1589 0 1094654 0 846173
1786706045.850803 1295249 1109049 2908 1589 0 1291262 0 846173
1786706046.850089 1295249 1156665 2908 1589 0 1291262 0 846173
1786706047.843804 1295249 1204281 2908 1589 0 1291262 0 846173
1786706048.843953 1295249 1253945 2908 1589 0 1291262 0 846173
1786706049.847809 1532817 1304121 2908 1589 0 1528830 0 846173
1786706050.843651 1532817 1352469 2908 1589 0 1528830 0 846173
1786706051.847732 1532817 1394389 2908 1589 0 1528830 0 846173
1786706052.844644 1532817 1435987 2908 1589 0 1528830 0 846173
1786706053.844382 1532817 1477703 2908 1589 0 1528830 0 846173
1786706054.852257 1797521 1518880 3058 1589 0 1793534 0 846173
1786706055.850860 1807761 1559834 3058 1589 0 1803774 0 846173
1786706056.850094 1807761 1600097 3058 1589 0 1803774 0 846173
1786706057.843534 1807761 1640737 3058 1589 0 1803774 0 846173
1786706058.848550 1807761 1687590 3058 1589 0 1803774 0 846173
1786706059.847544 1809810 1689116 3058 1589 0 1805822 0 846173
1786706060.844394 1809810 1689116 3058 1589 0 1805822 0 846173
1786706061.843356 1809810 1689116 3058 1589 0 1805822 0 846173
1786706062.845023 1809810 1689116 3058 1589 0 1805822 0 846173
1786706063.848002 1809810 1689116 3058 1589 0 1805822 0 846173
1786706064.844423 1809810 1689116 3058 1589 0 1805822 0 846173
1786706065.843130 1809810 1689116 3058 1589 0 1805822 0 846173
1786706066.843606 1809810 1689116 3058 1589 0 1805822 0 846173
1786706067.847533 1809810 1689116 3058 1589 0 1805822 0 846173
1786706068.843498 1809810 1689116 3058 1589 0 1805822 0 846173
1786706069.844453 1809810 1689116 3058 1589 0 1805822 0 846173
1786706070.846296 1809810 1689116 3058 1589 0 1805822 0 846173
1786706071.848949 1809810 1689116 3058 1589 0 1805822 0 846173
1786706072.844998 1809810 1689116 3058 1589 0 1805822 0 846173
1786706073.847642 1809810 1689116 3058 1589 0 1805822 0 846173
1786706074.843550 1809810 1689116 3058 1589 0 1805822 0 846173
1786706075.844439 1809810 1689116 3058 1589 0 1805822 0 846173
1786706076.847462 1809810 1689116 3058 1589 0 1805822 0 846173
1786706077.844503 1809810 1689116 3058 1589 0 1805822 0 846173
1786706078.850445 1809810 1689116 3058 1589 0 1805822 0 846173
1786706079.849577 1811859 1689108 3058 1589 0 1807870 0 846173
1786706080.844588 1811859 1689108 3058 1589 0 1807870 0 846173
1786706081.844016 1811859 1689108 3058 1589 0 1807870 0 846173
1786706082.843960 1811859 1689108 3058 1589 0 1807870 0 846173
1786706083.843332 1811859 1689108 3058 1589 0 1807870 0 846173
1786706084.843315 1811859 1689108 3058 1589 0 1807870 0 846173
1786706085.847417 1811859 1689108 3058 1589 0 1807870 0 846173
1786706086.843564 1811859 1689108 3058 1589 0 1807870 0 846173
1786706087.843241 1811859 1689108 3058 1589 0 1807870 0 846173
1786706088.843394 1811859 1689108 3058 1589 0 1807870 0 846173
1786706089.844744 1811859 1689108 3058 1589 0 1807870 0 846173
1786706090.845789 1811859 1689108 3058 1589 0 1807870 0 846173
1786706091.844894 1811859 1689108 3058 1589 0 1807870 0 846173
1786706092.847553 1811859 1689108 3058 1589 0 1807870 0 846173
1786706093.843451 1811859 1689108 3058 1589 0 1807870 0 846173
1786706094.844424 1811859 1689108 3058 1589 0 1807870 0 846173
1786706095.844217 1811859 1689108 3058 1589 0 1807870 0 846173
1786706096.844270 1811859 1689108 3058 1589 0 1807870 0 846173
1786706097.844340 1811859 1689108 3058 1589 0 1807870 0 846173
1786706098.848896 1811859 1689108 3058 1589 0 1807870 0 846173
1786706099.844152 1813908 1689109 3058 1589 0 1809918 0 846173
1786706100.847925 1813908 1689109 3058 1589 0 1809918 0 846173
1786706101.848668 1813908 1689109 3058 1589 0 1809918 0 846173
1786706102.844542 1813908 1689109 3058 1589 0 1809918 0 846173
1786706103.843450 1813908 1689109 3058 1589 0 1809918 0 846173
1786706104.844417 1813908 1689109 3058 1589 0 1809918 0 846173
1786706105.843488 1813908 1689109 3058 1589 0 1809918 0 846173
1786706106.847649 1813908 1689109 3058 1589 0 1809918 0 846173
1786706107.844761 1813908 1689109 3058 1589 0 1809918 0 846173
1786706108.843656 1813908 1689109 3058 1589 0 1809918 0 846173
1786706109.843726 1813908 1689109 3058 1589 0 1809918 0 846173
1786706110.844786 1813908 1689109 3058 1589 0 1809918 0 846173
1786706111.844621 1813908 1689109 3058 1589 0 1809918 0 846173
1786706112.843418 1813908 1689109 3058 1589 0 1809918 0 846173
1786706113.844507 1813908 1689109 3058 1589 0 1809918 0 846173
1786706114.847183 1813908 1689109 3058 1589 0 1809918 0 846173
1786706115.844125 1813908 1689109 3058 1589 0 1809918 0 846173
1786706116.852123 1813908 1689109 3058 1589 0 1809918 0 846173
1786706117.844871 1813908 1689109 3058 1589 0 1809918 0 846173
1786706118.844886 1813908 1689109 3058 1589 0 1809918 0 846173
1786706119.844660 1813908 1689109 3058 1589 0 1809918 0 846173
1786706120.843481 1813908 1689109 3058 1589 0 1809918 0 846173
1786706121.844332 1813908 1689109 3058 1589 0 1809918 0 846173
1786706122.844507 1813908 1689109 3058 1589 0 1809918 0 846173
1786706123.847435 1813908 1689109 3058 1589 0 1809918 0 846173
1786706124.845634 1813908 1689109 3058 1589 0 1809918 0 846173
1786706125.847570 1813908 1689109 3058 1589 0 1809918 0 846173
1786706126.843600 1813908 1689109 3058 1589 0 1809918 0 846173
1786706127.848305 1813908 1689109 3058 1589 0 1809918 0 846173
1786706128.843743 1813908 1689109 3058 1589 0 1809918 0 846173
1786706129.844530 1813908 1689109 3058 1589 0 1809918 0 846173
1786706130.844403 1813908 1689109 3058 1589 0 1809918 0 846173
1786706131.844177 1813908 1689109 3058 1589 0 1809918 0 846173
1786706132.843559 1813908 1689109 3058 1589 0 1809918 0 846173
1786706133.848751 1813908 1689109 3058 1589 0 1809918 0 846173
1786706134.844689 1813908 1689109 3058 1589 0 1809918 0 846173
1786706135.843711 1813908 1689109 3058 1589 0 1809918 0 846173
1786706136.843150 1813908 1689109 3058 1589 0 1809918 0 846173
1786706137.847707 1813908 1689109 3058 1589 0 1809918 0 846173
1786706138.848658 1813908 1689109 3058 1589 0 1809918 0 846173
1786706139.843379 1813908 1689109 3058 1589 0 1809918 0 846173
1786706140.847725 1813908 1689109 3058 1589 0 1809918 0 846173
1786706141.847745 1813908 1689109 3058 1589 0 1809918 0 846173
1786706142.844885 1813908 1689109 3058 1589 0 1809918 0 846173
1786706143.844763 1813908 1689109 3058 1589 0 1809918 0 846173
1786706144.848370 1813908 1689109 3058 1589 0 1809918 0 846173
1786706145.843296 1813908 1689109 3058 1589 0 1809918 0 846173
1786706146.847813 1813908 1689109 3058 1589 0 1809918 0 846173
1786706147.847621 1813908 1689109 3058 1589 0 1809918 0 846173
1786706148.844396 1813908 1689109 3058 1589 0 1809918 0 846173
1786706149.847744 1813908 1689109 3058 1589 0 1809918 0 846173
1786706150.843322 1813908 1689109 3058 1589 0 1809918 0 846173
1786706151.844449 1813908 1689109 3058 1589 0 1809918 0 846173
1786706152.843183 1813908 1689109 3058 1589 0 1809918 0 846173
1786706153.843516 1813908 1689109 3058 1589 0 1809918 0 846173
1786706154.845602 1813908 1689109 3058 1589 0 1809918 0 846173
1786706155.843790 1813908 1689109 3058 1589 0 1809918 0 846173
1786706156.843764 1813908 1689109 3058 1589 0 1809918 0 846173
1786706157.843892 1813908 1689109 3058 1589 0 1809918 0 846173
1786706158.844455 1813908 1689109 3058 1589 0 1809918 0 846173
1786706159.843619 1813908 1689109 3058 1589 0 1809918 0 846173
1786706160.843708 1813908 1689109 3058 1589 0 1809918 0 846173
1786706161.844569 1813908 1689109 3058 1589 0 1809918 0 846173
1786706162.843476 1813908 1689109 3058 1589 0 1809918 0 846173
1786706163.844388 1813908 1689109 3058 1589 0 1809918 0 846173
1786706164.843605 1813908 1689109 3058 1589 0 1809918 0 846173
1786706165.844888 1813908 1689109 3058 1589 0 1809918 0 846173
1786706166.848886 1813908 1689109 3058 1589 0 1809918 0 846173
1786706167.848786 1813908 1689109 3058 1589 0 1809918 0 846173
1786706168.843770 1813908 1689109 3058 1589 0 1809918 0 846173
1786706169.848893 1813908 1689109 3058 1589 0 1809918 0 846173
1786706170.844738 1813908 1689109 3058 1589 0 1809918 0 846173
1786706171.848460 1813908 1689109 3058 1589 0 1809918 0 846173
1786706172.843327 1813908 1689109 3058 1589 0 1809918 0 846173
1786706173.848337 1813908 1689109 3058 1589 0 1809918 0 846173
1786706174.844602 1813908 1689109 3058 1589 0 1809918 0 846173
1786706175.847961 1813908 1689109 3058 1589 0 1809918 0 846173
1786706176.848495 1813908 1689109 3058 1589 0 1809918 0 846173
1786706177.843696 1813908 1689109 3058 1589 0 1809918 0 846173
1786706178.844536 1813908 1689109 3058 1589 0 1809918 0 846173
1786706179.844474 1813908 1689109 3058 1589 0 1809918 0 846173
1786706180.843735 1813908 1689109 3058 1589 0 1809918 0 846173
1786706181.844511 1813908 1689109 3058 1589 0 1809918 0 846173
1786706182.849668 1813908 1689109 3058 1589 0 1809918 0 846173
1786706183.845071 1813908 1689109 3058 1589 0 1809918 0 846173
1786706184.844215 1813908 1689109 3058 1589 0 1809918 0 846173
1786706185.843718 1813908 1689109 3058 1589 0 1809918 0 846173
1786706186.843591 1813908 1689109 3058 1589 0 1809918 0 846173
1786706187.847691 1813908 1689109 3058 1589 0 1809918 0 846173
1786706188.848839 1813908 1689109 3058 1589 0 1809918 0 846173
1786706189.843563 1813908 1689109 3058 1589 0 1809918 0 846173
1786706190.845729 1813908 1689109 3058 1589 0 1809918 0 846173
1786706191.844786 1813908 1689109 3058 1589 0 1809918 0 846173
1786706192.844402 1813908 1689109 3058 1589 0 1809918 0 846173
1786706193.844737 1813908 1689109 3058 1589 0 1809918 0 846173
1786706194.844031 1813908 1689109 3058 1589 0 1809918 0 846173
1786706195.843737 1813908 1689109 3058 1589 0 1809918 0 846173
1786706196.843595 1813908 1689109 3058 1589 0 1809918 0 846173
1786706197.844513 1813908 1689109 3058 1589 0 1809918 0 846173
1786706198.847435 1813908 1689109 3058 1589 0 1809918 0 846173
1786706199.844641 1813908 1689109 3058 1589 0 1809918 0 846173
1786706200.843630 1813908 1689109 3058 1589 0 1809918 0 846173
1786706201.845257 1813908 1689109 3058 1589 0 1809918 0 846173
1786706202.848443 1813908 1689109 3058 1589 0 1809918 0 846173
1786706203.843893 1813908 1689109 3058 1589 0 1809918 0 846173
1786706204.843835 1813908 1689109 3058 1589 0 1809918 0 846173
1786706205.843395 1813908 1689109 3058 1589 0 1809918 0 846173
1786706206.847396 1813908 1689109 3058 1589 0 1809918 0 846173
1786706207.844499 1813908 1689109 3058 1589 0 1809918 0 846173
1786706208.844602 1813908 1689109 3058 1589 0 1809918 0 846173
1786706209.843929 1813908 1689109 3058 1589 0 1809918 0 846173
1786706210.843649 1813908 1689109 3058 1589 0 1809918 0 846173
1786706211.849372 1813908 1689109 3058 1589 0 1809918 0 846173
1786706212.843690 1813908 1689109 3058 1589 0 1809918 0 846173
1786706213.843713 1813908 1689109 3058 1589 0 1809918 0 846173
1786706214.847406 1813908 1689109 3058 1589 0 1809918 0 846173
1786706215.843467 1813908 1689109 3058 1589 0 1809918 0 846173
1786706216.844462 1813908 1689109 3058 1589 0 1809918 0 846173
1786706217.843803 1813908 1689109 3058 1589 0 1809918 0 846173
1786706218.845299 1813908 1689109 3058 1589 0 1809918 0 846173
1786706219.843677 1813908 1689109 3058 1589 0 1809918 0 846173
1786706220.844956 1813908 1689109 3058 1589 0 1809918 0 846173
1786706221.845294 1813908 1689109 3058 1589 0 1809918 0 846173
1786706222.847402 1813908 1689109 3058 1589 0 1809918 0 846173
1786706223.844531 1813908 1689109 3058 1589 0 1809918 0 846173
1786706224.843779 1813908 1689109 3058 1589 0 1809918 0 846173
1786706225.844366 1813908 1689109 3058 1589 0 1809918 0 846173
1786706226.843963 1813908 1689109 3058 1589 0 1809918 0 846173
1786706227.847813 1813908 1689109 3058 1589 0 1809918 0 846173
1786706228.844843 1813908 1689109 3058 1589 0 1809918 0 846173
1786706229.845477 1813908 1689109 3058 1589 0 1809918 0 846173
1786706230.848079 1813908 1689109 3058 1589 0 1809918 0 846173
1786706231.844087 1813908 1689109 3058 1589 0 1809918 0 846173
1786706232.844305 1813908 1689109 3058 1589 0 1809918 0 846173
1786706233.843635 1813908 1689109 3058 1589 0 1809918 0 846173
1786706234.843523 1813908 1689109 3058 1589 0 1809918 0 846173
1786706235.844924 1813908 1689109 3058 1589 0 1809918 0 846173
1786706236.845088 1813908 1689109 3058 1589 0 1809918 0 846173
1786706237.848796 1813908 1689109 3058 1589 0 1809918 0 846173
1786706238.847559 1813908 1689109 3058 1589 0 1809918 0 846173
1786706239.844821 1813908 1689109 3058 1589 0 1809918 0 846173
1786706240.844614 1813908 1689109 3058 1589 0 1809918 0 846173
1786706241.844440 1813908 1689109 3058 1589 0 1809918 0 846173
1786706242.843726 1813908 1689109 3058 1589 0 1809918 0 846173
1786706243.843760 1813908 1689109 3058 1589 0 1809918 0 846173
1786706244.844494 1813908 1689109 3058 1589 0 1809918 0 846173
1786706245.847717 1813908 1689109 3058 1589 0 1809918 0 846173
1786706246.843265 1813908 1689109 3058 1589 0 1809918 0 846173
1786706247.844672 1813908 1689109 3058 1589 0 1809918 0 846173
1786706248.843800 1813908 1689109 3058 1589 0 1809918 0 846173
1786706249.843648 1813908 1689109 3058 1589 0 1809918 0 846173
1786706250.844510 1813908 1689109 3058 1589 0 1809918 0 846173
1786706251.843617 1813908 1689109 3058 1589 0 1809918 0 846173
1786706252.847471 1813908 1689109 3058 1589 0 1809918 0 846173
1786706253.847672 1813908 1689109 3058 1589 0 1809918 0 846173
1786706254.843468 1813908 1689109 3058 1589 0 1809918 0 846173
1786706255.844520 1813908 1689109 3058 1589 0 1809918 0 846173
1786706256.847462 1813908 1689109 3058 1589 0 1809918 0 846173
1786706257.844951 1813908 1689109 3058 1589 0 1809918 0 846173
1786706258.847820 1813908 1689109 3058 1589 0 1809918 0 846173
1786706259.843660 1813908 1689109 3058 1589 0 1809918 0 846173
1786706260.843498 1813908 1689109 3058 1589 0 1809918 0 846173
1786706261.843814 1813908 1689109 3058 1589 0 1809918 0 846173
1786706262.843574 1813908 1689109 3058 1589 0 1809918 0 846173
1786706263.844568 1813908 1689109 3058 1589 0 1809918 0 846173
1786706264.843303 1813908 1689109 3058 1589 0 1809918 0 846173
1786706265.844314 1813908 1689109 3058 1589 0 1809918 0 846173
1786706266.844515 1813908 1689109 3058 1589 0 1809918 0 846173
1786706267.849128 1813908 1689109 3058 1589 0 1809918 0 846173
1786706268.844883 1813908 1689109 3058 1589 0 1809918 0 846173
1786706269.843549 1813908 1689109 3058 1589 0 1809918 0 846173
1786706270.844674 1813908 1689109 3058 1589 0 1809918 0 846173
1786706271.851252 1813908 1689109 3058 1589 0 1809918 0 846173
1786706272.843416 1813908 1689109 3058 1589 0 1809918 0 846173
1786706273.844491 1813908 1689109 3058 1589 0 1809918 0 846173
1786706274.843038 1813908 1689109 3058 1589 0 1809918 0 846173
1786706275.847760 1813908 1689109 3058 1589 0 1809918 0 846173
1786706276.843857 1813908 1689109 3058 1589 0 1809918 0 846173
1786706277.848924 1813908 1689109 3058 1589 0 1809918 0 846173
1786706278.843753 1813908 1689109 3058 1589 0 1809918 0 846173
1786706279.849693 1813908 1689109 3058 1589 0 1809918 0 846173
1786706280.850134 1813908 1689109 3058 1589 0 1809918 0 846173
1786706281.848935 1813908 1689109 3058 1589 0 1809918 0 846173
1786706282.843675 1813908 1689109 3058 1589 0 1809918 0 846173
1786706283.845612 1813908 1689109 3058 1589 0 1809918 0 846173
1786706284.848337 1813908 1689109 3058 1589 0 1809918 0 846173
1786706285.843732 1813908 1689109 3058 1589 0 1809918 0 846173
1786706286.849303 1813908 1689109 3058 1589 0 1809918 0 846173
1786706287.843855 1813908 1689109 3058 1589 0 1809918 0 846173
1786706288.848774 1813908 1689109 3058 1589 0 1809918 0 846173
1786706289.844452 1813908 1689109 3058 1589 0 1809918 0 846173
1786706290.843828 1813908 1689109 3058 1589 0 1809918 0 846173
1786706291.844851 1813908 1689109 3058 1589 0 1809918 0 846173
1786706292.843624 1813908 1689109 3058 1589 0 1809918 0 846173
1786706293.848514 1813908 1689109 3058 1589 0 1809918 0 846173
1786706294.843991 1813908 1689109 3058 1589 0 1809918 0 846173
1786706295.845009 1813908 1689109 3058 1589 0 1809918 0 846173
1786706296.845845 1813908 1689109 3058 1589 0 1809918 0 846173
1786706297.847811 1813908 1689109 3058 1589 0 1809918 0 846173
1786706298.845669 1813908 1689109 3058 1589 0 1809918 0 846173
1786706299.844669 1813908 1689109 3058 1589 0 1809918 0 846173
1786706300.845660 1813908 1689109 3058 1589 0 1809918 0 846173
1786706301.844747 1813908 1689109 3058 1589 0 1809918 0 846173
1786706302.845934 1813908 1689109 3058 1589 0 1809918 0 846173
1786706303.845399 1813908 1689109 3058 1589 0 1809918 0 846173
1786706304.845068 1813908 1689109 3058 1589 0 1809918 0 846173
1786706305.844607 1813908 1689109 3058 1589 0 1809918 0 846173
1786706306.846747 1813908 1689109 3058 1589 0 1809918 0 846173
1786706307.845604 1813908 1689109 3058 1589 0 1809918 0 846173
1786706308.845565 1813908 1689109 3058 1589 0 1809918 0 846173
1786706309.845515 1813908 1689109 3058 1589 0 1809918 0 846173
1786706310.844380 1813908 1689109 3058 1589 0 1809918 0 846173
1786706311.843855 1813908 1689109 3058 1589 0 1809918 0 846173
1786706312.851937 1813908 1689109 3058 1589 0 1809918 0 846173
1786706313.844646 1813908 1689109 3058 1589 0 1809918 0 846173
1786706314.843558 1813908 1689109 3058 1589 0 1809918 0 846173
1786706315.848518 1813908 1689109 3058 1589 0 1809918 0 846173
1786706316.848496 1813908 1689109 3058 1589 0 1809918 0 846173
1786706317.844535 1813908 1689109 3058 1589 0 1809918 0 846173
1786706318.845610 1813908 1689109 3058 1589 0 1809918 0 846173
1786706319.844590 1813908 1689109 3058 1589 0 1809918 0 846173
1786706320.850483 1813908 1689109 3058 1589 0 1809918 0 846173
1786706321.844606 1813908 1689109 3058 1589 0 1809918 0 846173
1786706322.851116 1813908 1689109 3058 1589 0 1809918 0 846173
1786706323.843932 1813908 1689109 3058 1589 0 1809918 0 846173
1786706324.843544 1813908 1689109 3058 1589 0 1809918 0 846173
1786706325.843406 1813908 1689109 3058 1589 0 1809918 0 846173
1786706326.848380 1813908 1689109 3058 1589 0 1809918 0 846173
1786706327.843571 1813908 1689109 3058 1589 0 1809918 0 846173
1786706328.845906 1813908 1689109 3058 1589 0 1809918 0 846173
1786706329.844837 1813908 1689109 3058 1589 0 1809918 0 846173
1786706330.847004 1813908 1689109 3058 1589 0 1809918 0 846173
1786706331.849024 1813908 1689109 3058 1589 0 1809918 0 846173
1786706332.848585 1813908 1689109 3058 1589 0 1809918 0 846173
1786706333.845568 1813908 1689109 3058 1589 0 1809918 0 846173
1786706334.843397 1813908 1689109 3058 1589 0 1809918 0 846173
1786706335.844466 1813908 1689109 3058 1589 0 1809918 0 846173
1786706336.844570 1813908 1689109 3058 1589 0 1809918 0 846173
1786706337.844908 1813908 1689109 3058 1589 0 1809918 0 846173
1786706338.846884 1813908 1689109 3058 1589 0 1809918 0 846173
1786706339.844563 1813908 1689109 3058 1589 0 1809918 0 846173
1786706340.849124 1813908 1689109 3058 1589 0 1809918 0 846173
1786706341.845953 1813908 1689109 3058 1589 0 1809918 0 846173
1786706342.844863 1813908 1689109 3058 1589 0 1809918 0 846173
1786706343.845510 1813908 1689109 3058 1589 0 1809918 0 846173
1786706344.844732 1813908 1689109 3058 1589 0 1809918 0 846173
1786706345.844786 1813908 1689109 3058 1589 0 1809918 0 846173
1786706346.846937 1813908 1689109 3058 1589 0 1809918 0 846173
1786706347.848616 1813908 1689109 3058 1589 0 1809918 0 846173
1786706348.845040 1813908 1689109 3058 1589 0 1809918 0 846173
1786706349.847410 1813908 1689109 3058 1589 0 1809918 0 846173
1786706350.849582 1813908 1689109 3058 1589 0 1809918 0 846173
1786706351.844124 1813908 1689109 3058 1589 0 1809918 0 846173
1786706352.848944 1813908 1689109 3058 1589 0 1809918 0 846173
1786706353.843737 1813908 1689109 3058 1589 0 1809918 0 846173
1786706354.844092 1813908 1689109 3058 1589 0 1809918 0 846173
1786706355.844080 1813908 1689109 3058 1589 0 1809918 0 846173
1786706356.847444 1813908 1689109 3058 1589 0 1809918 0 846173
1786706357.850132 1813908 1689109 3058 1589 0 1809918 0 846173
1786706358.848710 1813908 1689109 3058 1589 0 1809918 0 846173
1786706359.855473 1813908 1689109 3058 1589 0 1809918 0 846173
1786706360.853670 1813908 1689109 3058 1589 0 1809918 0 846173
1786706361.848788 1813908 1689109 3058 1589 0 1809918 0 846173
1786706362.843659 1813908 1689109 3058 1589 0 1809918 0 846173
1786706363.844788 1813908 1689109 3058 1589 0 1809918 0 846173
1786706364.847789 1813908 1689109 3058 1589 0 1809918 0 846173
1786706365.844766 1813908 1689109 3058 1589 0 1809918 0 846173
1786706366.844607 1813908 1689109 3058 1589 0 1809918 0 846173
1786706367.847267 1813908 1689109 3058 1589 0 1809918 0 846173
1786706368.842275 1813908 1689109 3058 1589 0 1809918 0 846173
1786706369.849103 1813908 1689109 3058 1589 0 1809918 0 846173
1786706370.844615 1813908 1689109 3058 1589 0 1809918 0 846173
1786706371.844905 1813908 1689109 3058 1589 0 1809918 0 846173
1786706372.847739 1813908 1689109 3058 1589 0 1809918 0 846173
1786706373.844703 1813908 1689109 3058 1589 0 1809918 0 846173
1786706374.844685 1813908 1689109 3058 1589 0 1809918 0 846173
1786706375.844775 1813908 1689109 3058 1589 0 1809918 0 846173
1786706376.845533 1813908 1689109 3058 1589 0 1809918 0 846173
1786706377.846222 1813908 1689109 3058 1589 0 1809918 0 846173
1786706378.845020 1813908 1689109 3058 1589 0 1809918 0 846173
1786706379.844617 1813908 1689109 3058 1589 0 1809918 0 846173
1786706380.845756 1813908 1689109 3058 1589 0 1809918 0 846173
1786706381.844407 1813908 1689109 3058 1589 0 1809918 0 846173
1786706382.844557 1813908 1689109 3058 1589 0 1809918 0 846173
1786706383.843631 1813908 1689109 3058 1589 0 1809918 0 846173
1786706384.844566 1813908 1689109 3058 1589 0 1809918 0 846173
1786706385.844534 1813908 1689109 3058 1589 0 1809918 0 846173
1786706386.846636 1813908 1689109 3058 1589 0 1809918 0 846173
1786706387.843703 1813908 1689109 3058 1589 0 1809918 0 846173
1786706388.844806 1813908 1689109 3058 1589 0 1809918 0 846173
1786706389.844811 1813908 1689109 3058 1589 0 1809918 0 846173
1786706390.845761 1813908 1689109 3058 1589 0 1809918 0 846173
1786706391.849785 1813908 1689109 3058 1589 0 1809918 0 846173
1786706392.845017 1813908 1689109 3058 1589 0 1809918 0 846173
1786706393.844539 1813908 1689109 3058 1589 0 1809918 0 846173
1786706394.846618 1813908 1689109 3058 1589 0 1809918 0 846173
1786706395.845256 1813908 1689109 3058 1589 0 1809918 0 846173
1786706396.844948 1813908 1689109 3058 1589 0 1809918 0 846173
1786706397.845009 1813908 1689109 3058 1589 0 1809918 0 846173
1786706398.844875 1813908 1689109 3058 1589 0 1809918 0 846173
1786706399.844965 1813908 1689109 3058 1589 0 1809918 0 846173
1786706400.845770 1813908 1689109 3058 1589 0 1809918 0 846173
1786706401.843575 1813908 1689109 3058 1589 0 1809918 0 846173
1786706402.844406 1813908 1689109 3058 1589 0 1809918 0 846173
1786706403.844629 1813908 1689109 3058 1589 0 1809918 0 846173
1786706404.849016 1813908 1689109 3058 1589 0 1809918 0 846173
1786706405.843905 1813908 1689109 3058 1589 0 1809918 0 846173
1786706406.843796 1813908 1689109 3058 1589 0 1809918 0 846173
1786706407.843597 1813908 1689109 3058 1589 0 1809918 0 846173
1786706408.843018 1813908 1689109 3058 1589 0 1809918 0 846173
1786706409.844674 1813908 1689109 3058 1589 0 1809918 0 846173
1786706410.844807 1813908 1689109 3058 1589 0 1809918 0 846173
1786706411.843754 1813908 1689109 3058 1589 0 1809918 0 846173
1786706412.843602 1813908 1689109 3058 1589 0 1809918 0 846173
1786706413.845627 1813908 1689109 3058 1589 0 1809918 0 846173
1786706414.844333 1813908 1689109 3058 1589 0 1809918 0 846173
1786706415.845230 1813908 1689109 3058 1589 0 1809918 0 846173
1786706416.843872 1813908 1689109 3058 1589 0 1809918 0 846173
1786706417.845751 1813908 1689109 3058 1589 0 1809918 0 846173
1786706418.844734 1813908 1689109 3058 1589 0 1809918 0 846173
1786706419.843663 1813908 1689109 3058 1589 0 1809918 0 846173
1786706420.845410 1813908 1689109 3058 1589 0 1809918 0 846173
1786706421.844508 1813908 1689109 3058 1589 0 1809918 0 846173
1786706422.849407 1813908 1689109 3058 1589 0 1809918 0 846173
1786706423.844244 1813908 1689109 3058 1589 0 1809918 0 846173
1786706424.844986 1813908 1689109 3058 1589 0 1809918 0 846173
1786706425.848885 1813908 1689109 3058 1589 0 1809918 0 846173
1786706426.844577 1813908 1689109 3058 1589 0 1809918 0 846173
1786706427.848790 1813908 1689109 3058 1589 0 1809918 0 846173
1786706428.843517 1813908 1689109 3058 1589 0 1809918 0 846173
1786706429.845923 1813908 1689109 3058 1589 0 1809918 0 846173
1786706430.845586 1813908 1689109 3058 1589 0 1809918 0 846173
1786706431.849519 1813908 1689109 3058 1589 0 1809918 0 846173
1786706432.844120 1813908 1689109 3058 1589 0 1809918 0 846173
1786706433.845004 1813908 1689109 3058 1589 0 1809918 0 846173
1786706434.845637 1813908 1689109 3058 1589 0 1809918 0 846173
1786706435.845647 1813908 1689109 3058 1589 0 1809918 0 846173
1786706436.845524 1813908 1689109 3058 1589 0 1809918 0 846173
1786706437.843565 1813908 1689109 3058 1589 0 1809918 0 846173
1786706438.844605 1813908 1689109 3058 1589 0 1809918 0 846173
1786706439.844786 1813908 1689109 3058 1589 0 1809918 0 846173
1786706440.848515 1813908 1689109 3058 1589 0 1809918 0 846173
1786706441.845067 1813908 1689109 3058 1589 0 1809918 0 846173
1786706442.849094 1813908 1689109 3058 1589 0 1809918 0 846173
1786706443.848776 1813908 1689109 3058 1589 0 1809918 0 846173
1786706444.843490 1813908 1689109 3058 1589 0 1809918 0 846173
1786706445.845477 1813908 1689109 3058 1589 0 1809918 0 846173
1786706446.845141 1813908 1689109 3058 1589 0 1809918 0 846173
1786706447.844493 1813908 1689109 3058 1589 0 1809918 0 846173
1786706448.844939 1813908 1689109 3058 1589 0 1809918 0 846173
1786706449.844668 1813908 1689109 3058 1589 0 1809918 0 846173
1786706450.846008 1813908 1689109 3058 1589 0 1809918 0 846173
1786706451.844962 1813908 1689109 3058 1589 0 1809918 0 846173
1786706452.845564 1813908 1689109 3058 1589 0 1809918 0 846173
1786706453.844609 1813908 1689109 3058 1589 0 1809918 0 846173
1786706454.844242 1813908 1689109 3058 1589 0 1809918 0 846173
1786706455.844583 1813908 1689109 3058 1589 0 1809918 0 846173
1786706456.845782 1813908 1689109 3058 1589 0 1809918 0 846173
1786706457.844453 1813908 1689109 3058 1589 0 1809918 0 846173
1786706458.844855 1813908 1689109 3058 1589 0 1809918 0 846173
1786706459.844869 1813908 1689109 3058 1589 0 1809918 0 846173
1786706460.844344 1813908 1689109 3058 1589 0 1809918 0 846173
1786706461.845815 1813908 1689109 3058 1589 0 1809918 0 846173
1786706462.848614 1813908 1689109 3058 1589 0 1809918 0 846173
1786706463.848628 1813908 1689109 3058 1589 0 1809918 0 846173
1786706464.843551 1813908 1689109 3058 1589 0 1809918 0 846173
1786706465.844735 1813908 1689109 3058 1589 0 1809918 0 846173
1786706466.845831 1813908 1689109 3058 1589 0 1809918 0 846173
1786706467.844605 1813908 1689109 3058 1589 0 1809918 0 846173
1786706468.849316 1813908 1689109 3058 1589 0 1809918 0 846173
1786706469.843954 1813908 1689109 3058 1589 0 1809918 0 846173
1786706470.845879 1813908 1689109 3058 1589 0 1809918 0 846173
1786706471.844900 1813908 1689109 3058 1589 0 1809918 0 846173
1786706472.843751 1813908 1689109 3058 1589 0 1809918 0 846173
1786706473.843750 1813908 1689109 3058 1589 0 1809918 0 846173
1786706474.849051 1813908 1689109 3058 1589 0 1809918 0 846173
1786706475.845965 1813908 1689109 3058 1589 0 1809918 0 846173
1786706476.943292 1813908 1689109 3058 1589 0 1809918 0 846173
1786706477.940173 1813908 1689109 3058 1589 0 1809918 0 846173
1786706478.845768 1814548 1689163 3058 1589 0 1810558 0 846173
1786706479.845006 1814548 1689163 3058 1589 0 1810558 0 846190
1786706480.844315 1814548 1689163 3058 1589 0 1810558 0 846190
1786706481.844696 1814548 1689163 3058 1589 0 1810558 0 846190
1786706482.844968 1814548 1689163 3058 1589 0 1810558 0 846190
1786706483.848992 1814548 1689163 3058 1589 0 1810558 0 846190
1786706484.843877 1814548 1689163 3058 1589 0 1810558 0 846190
1786706485.843792 1814548 1689163 3058 1589 0 1810558 0 846190
1786706486.845503 1814548 1689163 3058 1589 0 1810558 0 846190
1786706487.843566 1814548 1689163 3058 1589 0 1810558 0 846190
1786706488.847112 1814548 1689163 3058 1589 0 1810558 0 846190
1786706489.847731 1814548 1689163 3058 1589 0 1810558 0 846190
1786706490.843578 1814548 1689163 3058 1589 0 1810558 0 846190
1786706491.844912 1814548 1689163 3058 1589 0 1810558 0 846190
1786706492.844914 1814548 1689163 3058 1589 0 1810558 0 846190
1786706493.844838 1814548 1689163 3058 1589 0 1810558 0 846190
1786706494.844631 1814548 1689163 3058 1589 0 1810558 0 846190
1786706495.846228 1814548 1689163 3058 1589 0 1810558 0 846190
1786706496.844592 1814548 1689163 3058 1589 0 1810558 0 846190
1786706497.844713 1814548 1689163 3058 1589 0 1810558 0 846190
1786706498.845342 1814548 1689163 3058 1589 0 1810558 0 846190
1786706499.843856 1814548 1689163 3058 1589 0 1810558 0 846190
1786706500.844996 1814548 1689163 3058 1589 0 1810558 0 846190
1786706501.848645 1814548 1689163 3058 1589 0 1810558 0 846190
1786706502.844806 1814548 1689163 3058 1589 0 1810558 0 846190
1786706503.843541 1814548 1689163 3058 1589 0 1810558 0 846190
1786706504.848407 1814548 1689163 3058 1589 0 1810558 0 846190
1786706505.848542 1814548 1689163 3058 1589 0 1810558 0 846190
1786706506.849514 1814548 1689163 3058 1589 0 1810558 0 846190
1786706507.848594 1814548 1689163 3058 1589 0 1810558 0 846190
1786706508.844614 1814548 1689163 3058 1589 0 1810558 0 846190
1786706509.844890 1814548 1689163 3058 1589 0 1810558 0 846190
1786706510.845941 1814548 1689163 3058 1589 0 1810558 0 846190
1786706511.845273 1814548 1689163 3058 1589 0 1810558 0 846190
1786706512.844503 1814548 1689163 3058 1589 0 1810558 0 846190
1786706513.844536 1814548 1689163 3058 1589 0 1810558 0 846190
1786706514.848859 1814548 1689163 3058 1589 0 1810558 0 846190
1786706515.844942 1814548 1689163 3058 1589 0 1810558 0 846190
1786706516.847518 1814548 1689163 3058 1589 0 1810558 0 846190
1786706517.844991 1814548 1689163 3058 1589 0 1810558 0 846190
1786706518.844804 1814548 1689163 3058 1589 0 1810558 0 846190
1786706519.844720 1814548 1689163 3058 1589 0 1810558 0 846190
1786706520.843700 1814548 1689163 3058 1589 0 1810558 0 846190
1786706521.843680 1814548 1689163 3058 1589 0 1810558 0 846190
1786706522.843541 1814548 1689163 3058 1589 0 1810558 0 846190
1786706523.845100 1814548 1689163 3058 1589 0 1810558 0 846190
1786706524.849177 1814548 1689163 3058 1589 0 1810558 0 846190
1786706525.845363 1814548 1689163 3058 1589 0 1810558 0 846190
1786706526.844802 1814548 1689163 3058 1589 0 1810558 0 846190
1786706527.845056 1814548 1689163 3058 1589 0 1810558 0 846190
1786706528.844441 1814548 1689163 3058 1589 0 1810558 0 846190
1786706529.844893 1814548 1689163 3058 1589 0 1810558 0 846190
1786706530.844844 1814548 1689163 3058 1589 0 1810558 0 846190
1786706531.844628 1814548 1689163 3058 1589 0 1810558 0 846190
1786706532.848656 1814548 1689163 3058 1589 0 1810558 0 846190
1786706533.844097 1814548 1689163 3058 1589 0 1810558 0 846190
1786706534.845112 1814548 1689163 3058 1589 0 1810558 0 846190
1786706535.846062 1814548 1689163 3058 1589 0 1810558 0 846190
1786706536.845660 1814548 1689163 3058 1589 0 1810558 0 846190
1786706537.848629 1814548 1689163 3058 1589 0 1810558 0 846190
1786706538.845703 1814548 1689163 3058 1589 0 1810558 0 846190
1786706539.844645 1814548 1689163 3058 1589 0 1810558 0 846190
1786706540.843495 1814548 1689163 3058 1589 0 1810558 0 846190
1786706541.845247 1814548 1689163 3058 1589 0 1810558 0 846190
1786706542.845055 1814548 1689163 3058 1589 0 1810558 0 846190
1786706543.846401 1814548 1689163 3058 1589 0 1810558 0 846190
1786706544.843644 1814548 1689163 3058 1589 0 1810558 0 846190
1786706545.845805 1814548 1689163 3058 1589 0 1810558 0 846190
1786706546.845756 1814548 1689163 3058 1589 0 1810558 0 846190
1786706547.845525 1814548 1689163 3058 1589 0 1810558 0 846190
1786706548.844851 1814548 1689163 3058 1589 0 1810558 0 846190
1786706549.844763 1814548 1689163 3058 1589 0 1810558 0 846190
1786706550.843918 1814548 1689163 3058 1589 0 1810558 0 846190
1786706551.844344 1814548 1689163 3058 1589 0 1810558 0 846190
1786706552.849132 1814548 1689163 3058 1589 0 1810558 0 846190
1786706553.848280 1814548 1689163 3058 1589 0 1810558 0 846190
1786706554.845612 1814548 1689163 3058 1589 0 1810558 0 846190
1786706555.844572 1814548 1689163 3058 1589 0 1810558 0 846190
1786706556.848463 1814548 1689163 3058 1589 0 1810558 0 846190
1786706557.844431 1814548 1689163 3058 1589 0 1810558 0 846190
1786706558.844711 1814548 1689163 3058 1589 0 1810558 0 846190
1786706559.845793 1814548 1689163 3058 1589 0 1810558 0 846190
1786706560.846246 1814548 1689163 3058 1589 0 1810558 0 846190
1786706561.846222 1814548 1689163 3058 1589 0 1810558 0 846190
1786706562.848713 1814548 1689163 3058 1589 0 1810558 0 846190
1786706563.848726 1814548 1689163 3058 1589 0 1810558 0 846190
1786706564.845419 1814548 1689163 3058 1589 0 1810558 0 846190
1786706565.848378 1814548 1689163 3058 1589 0 1810558 0 846190
1786706566.843642 1814548 1689163 3058 1589 0 1810558 0 846190
1786706567.844607 1814548 1689163 3058 1589 0 1810558 0 846190
1786706568.845869 1814548 1689163 3058 1589 0 1810558 0 846190
1786706569.844491 1814548 1689163 3058 1589 0 1810558 0 846190
1786706570.849060 1814548 1689163 3058 1589 0 1810558 0 846190
1786706571.848967 1814548 1689163 3058 1589 0 1810558 0 846190
1786706572.845476 1814548 1689163 3058 1589 0 1810558 0 846190
1786706573.843436 1814548 1689163 3058 1589 0 1810558 0 846190
1786706574.848568 1814548 1689163 3058 1589 0 1810558 0 846190
1786706575.844271 1814548 1689163 3058 1589 0 1810558 0 846190
1786706576.844474 1814548 1689163 3058 1589 0 1810558 0 846190
1786706577.848859 1814548 1689163 3058 1589 0 1810558 0 846190
1786706578.844827 1814548 1689163 3058 1589 0 1810558 0 846190
1786706579.846261 1814548 1689163 3058 1589 0 1810558 0 846190
1786706580.845720 1814548 1689163 3058 1589 0 1810558 0 846190
1786706581.848562 1814548 1689163 3058 1589 0 1810558 0 846190
1786706582.845472 1814548 1689163 3058 1589 0 1810558 0 846190
1786706583.844608 1814548 1689163 3058 1589 0 1810558 0 846190
1786706584.844784 1814548 1689163 3058 1589 0 1810558 0 846190
1786706585.848708 1814548 1689163 3058 1589 0 1810558 0 846190
1786706586.844673 1814548 1689163 3058 1589 0 1810558 0 846190
1786706587.844626 1814548 1689163 3058 1589 0 1810558 0 846190
1786706588.846066 1814548 1689163 3058 1589 0 1810558 0 846190
1786706589.846990 1814548 1689163 3058 1589 0 1810558 0 846190
1786706590.843934 1814548 1689163 3058 1589 0 1810558 0 846190
1786706591.844433 1814548 1689163 3058 1589 0 1810558 0 846190
1786706592.844396 1814548 1689163 3058 1589 0 1810558 0 846190
1786706593.845814 1814548 1689163 3058 1589 0 1810558 0 846190
1786706594.844979 1814548 1689163 3058 1589 0 1810558 0 846190
1786706595.844670 1814548 1689163 3058 1589 0 1810558 0 846190
1786706596.844673 1814548 1689163 3058 1589 0 1810558 0 846190
1786706597.845170 1814548 1689163 3058 1589 0 1810558 0 846190
1786706598.844618 1814548 1689163 3058 1589 0 1810558 0 846190
1786706599.848669 1814548 1689163 3058 1589 0 1810558 0 846190
1786706600.844644 1814548 1689163 3058 1589 0 1810558 0 846190
1786706601.845768 1814548 1689163 3058 1589 0 1810558 0 846190
1786706602.845055 1814548 1689163 3058 1589 0 1810558 0 846190
1786706603.848676 1814548 1689163 3058 1589 0 1810558 0 846190
1786706604.848948 1814548 1689163 3058 1589 0 1810558 0 846190
1786706605.844547 1814548 1689163 3058 1589 0 1810558 0 846190
1786706606.845875 1814548 1689163 3058 1589 0 1810558 0 846190
1786706607.844845 1814548 1689163 3058 1589 0 1810558 0 846190
1786706608.844941 1814548 1689163 3058 1589 0 1810558 0 846190
1786706609.844362 1814548 1689163 3058 1589 0 1810558 0 846190
1786706610.843848 1814548 1689163 3058 1589 0 1810558 0 846190
1786706611.848848 1814548 1689163 3058 1589 0 1810558 0 846190
1786706612.844648 1814548 1689163 3058 1589 0 1810558 0 846190
1786706613.847106 1814548 1689163 3058 1589 0 1810558 0 846190
1786706614.844575 1814548 1689163 3058 1589 0 1810558 0 846190
1786706615.849161 1814548 1689163 3058 1589 0 1810558 0 846190
1786706616.848554 1814548 1689163 3058 1589 0 1810558 0 846190
1786706617.847798 1814548 1689163 3058 1589 0 1810558 0 846190
1786706618.848416 1814548 1689163 3058 1589 0 1810558 0 846190
1786706619.843681 1814548 1689163 3058 1589 0 1810558 0 846190
1786706620.843634 1814548 1689163 3058 1589 0 1810558 0 846190
1786706621.849053 1814548 1689163 3058 1589 0 1810558 0 846190
1786706622.844683 1814548 1689163 3058 1589 0 1810558 0 846190
1786706623.844397 1814548 1689163 3058 1589 0 1810558 0 846190
1786706624.843269 1814548 1689163 3058 1589 0 1810558 0 846190
1786706625.843846 1814548 1689163 3058 1589 0 1810558 0 846190
1786706626.844729 1814548 1689163 3058 1589 0 1810558 0 846190
1786706627.844872 1814548 1689163 3058 1589 0 1810558 0 846190
1786706628.847772 1814548 1689163 3058 1589 0 1810558 0 846190
1786706629.844629 1814548 1689163 3058 1589 0 1810558 0 846190
1786706630.843232 1814548 1689163 3058 1589 0 1810558 0 846190
1786706631.847495 1814548 1689163 3058 1589 0 1810558 0 846190
1786706632.843265 1814548 1689163 3058 1589 0 1810558 0 846190
1786706633.844486 1814548 1689163 3058 1589 0 1810558 0 846190
1786706634.843873 1814548 1689163 3058 1589 0 1810558 0 846190
1786706635.843600 1814548 1689163 3058 1589 0 1810558 0 846190
1786706636.848846 1814548 1689163 3058 1589 0 1810558 0 846190
1786706637.847579 1814548 1689163 3058 1589 0 1810558 0 846190
1786706638.843642 1814548 1689163 3058 1589 0 1810558 0 846190
1786706639.847628 1814548 1689163 3058 1589 0 1810558 0 846190
1786706640.843625 1814548 1689163 3058 1589 0 1810558 0 846190
1786706641.844572 1814548 1689163 3058 1589 0 1810558 0 846190
1786706642.844469 1814548 1689163 3058 1589 0 1810558 0 846190
1786706643.843488 1814548 1689163 3058 1589 0 1810558 0 846190
1786706644.848302 1814548 1689163 3058 1589 0 1810558 0 846190
1786706645.844065 1814548 1689163 3058 1589 0 1810558 0 846190
1786706646.847812 1814548 1689163 3058 1589 0 1810558 0 846190
1786706647.844703 1814548 1689163 3058 1589 0 1810558 0 846190
1786706648.847696 1814548 1689163 3058 1589 0 1810558 0 846190
1786706649.843411 1814548 1689163 3058 1589 0 1810558 0 846190
1786706650.845585 1814548 1689163 3058 1589 0 1810558 0 846190
1786706651.844558 1814548 1689163 3058 1589 0 1810558 0 846190
1786706652.843762 1814548 1689163 3058 1589 0 1810558 0 846190
1786706653.845031 1814548 1689163 3058 1589 0 1810558 0 846190
1786706654.844271 1814548 1689163 3058 1589 0 1810558 0 846190
1786706655.843900 1814548 1689163 3058 1589 0 1810558 0 846190
1786706656.843681 1814548 1689163 3058 1589 0 1810558 0 846190
1786706657.843424 1814548 1689163 3058 1589 0 1810558 0 846190
1786706658.844614 1814548 1689163 3058 1589 0 1810558 0 846190
1786706659.843500 1814548 1689163 3058 1589 0 1810558 0 846190
1786706660.844713 1814548 1689163 3058 1589 0 1810558 0 846190
1786706661.847744 1814548 1689163 3058 1589 0 1810558 0 846190
1786706662.845338 1814548 1689163 3058 1589 0 1810558 0 846190
1786706663.844368 1814548 1689163 3058 1589 0 1810558 0 846190
1786706664.843961 1814548 1689163 3058 1589 0 1810558 0 846190
1786706665.847457 1814548 1689163 3058 1589 0 1810558 0 846190
1786706666.847724 1814548 1689163 3058 1589 0 1810558 0 846190
1786706667.844469 1814548 1689163 3058 1589 0 1810558 0 846190
1786706668.847478 1814548 1689163 3058 1589 0 1810558 0 846190
1786706669.847904 1814548 1689163 3058 1589 0 1810558 0 846190
1786706670.844779 1814548 1689163 3058 1589 0 1810558 0 846190
1786706671.843762 1814548 1689163 3058 1589 0 1810558 0 846190
1786706672.843736 1814548 1689163 3058 1589 0 1810558 0 846190
1786706673.851555 1814548 1689163 3058 1589 0 1810558 0 846190
1786706674.843595 1814548 1689163 3058 1589 0 1810558 0 846190
1786706675.844415 1814548 1689163 3058 1589 0 1810558 0 846190
1786706676.844448 1814548 1689163 3058 1589 0 1810558 0 846190
1786706677.847898 1814548 1689163 3058 1589 0 1810558 0 846190
1786706678.844476 1814548 1689163 3058 1589 0 1810558 0 846190
1786706679.845800 1814548 1689163 3058 1589 0 1810558 0 846190
1786706680.844546 1814548 1689163 3058 1589 0 1810558 0 846190
1786706681.844281 1814548 1689163 3058 1589 0 1810558 0 846190
1786706682.843835 1814548 1689163 3058 1589 0 1810558 0 846190
1786706683.843516 1814548 1689163 3058 1589 0 1810558 0 846190
1786706684.844330 1814548 1689163 3058 1589 0 1810558 0 846190
1786706685.843332 1814548 1689163 3058 1589 0 1810558 0 846190
1786706686.843224 1814548 1689163 3058 1589 0 1810558 0 846190
1786706687.844894 1814548 1689163 3058 1589 0 1810558 0 846190
1786706688.847726 1814548 1689163 3058 1589 0 1810558 0 846190
1786706689.843530 1814548 1689163 3058 1589 0 1810558 0 846190
1786706690.845105 1814548 1689163 3058 1589 0 1810558 0 846190
1786706691.847922 1814548 1689163 3058 1589 0 1810558 0 846190
1786706692.843780 1814548 1689163 3058 1589 0 1810558 0 846190
1786706693.844356 1814548 1689163 3058 1589 0 1810558 0 846190
1786706694.843297 1814548 1689163 3058 1589 0 1810558 0 846190
1786706695.848705 1814548 1689163 3058 1589 0 1810558 0 846190
1786706696.843512 1814548 1689163 3058 1589 0 1810558 0 846190
1786706697.844759 1814548 1689163 3058 1589 0 1810558 0 846190
1786706698.847531 1814548 1689163 3058 1589 0 1810558 0 846190
1786706699.843420 1814548 1689163 3058 1589 0 1810558 0 846190
1786706700.844885 1814548 1689163 3058 1589 0 1810558 0 846190
1786706701.844625 1814548 1689163 3058 1589 0 1810558 0 846190
1786706702.843473 1814548 1689163 3058 1589 0 1810558 0 846190
1786706703.847781 1814548 1689163 3058 1589 0 1810558 0 846190
1786706704.843829 1814548 1689163 3058 1589 0 1810558 0 846190
1786706705.843926 1814548 1689163 3058 1589 0 1810558 0 846190
1786706706.843654 1814548 1689163 3058 1589 0 1810558 0 846190
1786706707.844870 1814548 1689163 3058 1589 0 1810558 0 846190
1786706708.845550 1814548 1689163 3058 1589 0 1810558 0 846190
1786706709.845202 1814548 1689163 3058 1589 0 1810558 0 846190
1786706710.844720 1814548 1689163 3058 1589 0 1810558 0 846190
1786706711.844808 1814548 1689163 3058 1589 0 1810558 0 846190
1786706712.844735 1814548 1689163 3058 1589 0 1810558 0 846190
1786706713.848976 1814548 1689163 3058 1589 0 1810558 0 846190
1786706714.848717 1814548 1689163 3058 1589 0 1810558 0 846190
1786706715.848799 1814548 1689163 3058 1589 0 1810558 0 846190
1786706716.843476 1814548 1689163 3058 1589 0 1810558 0 846190
1786706717.844723 1814548 1689163 3058 1589 0 1810558 0 846190
1786706718.844583 1814548 1689163 3058 1589 0 1810558 0 846190
1786706719.848962 1814548 1689163 3058 1589 0 1810558 0 846190
1786706720.843774 1814548 1689163 3058 1589 0 1810558 0 846190
1786706721.844760 1814548 1689163 3058 1589 0 1810558 0 846190
1786706722.847750 1814548 1689163 3058 1589 0 1810558 0 846190
1786706723.847828 1814548 1689163 3058 1589 0 1810558 0 846190
1786706724.844862 1814548 1689163 3058 1589 0 1810558 0 846190
1786706725.843652 1814548 1689163 3058 1589 0 1810558 0 846190
1786706726.844642 1814548 1689163 3058 1589 0 1810558 0 846190
1786706727.849022 1814548 1689163 3058 1589 0 1810558 0 846190
1786706728.843840 1814548 1689163 3058 1589 0 1810558 0 846190
1786706729.843771 1814548 1689163 3058 1589 0 1810558 0 846190
1786706730.843625 1814548 1689163 3058 1589 0 1810558 0 846190
1786706731.844658 1814548 1689163 3058 1589 0 1810558 0 846190
1786706732.843620 1814548 1689163 3058 1589 0 1810558 0 846190
1786706733.844226 1814548 1689163 3058 1589 0 1810558 0 846190
1786706734.847478 1814548 1689163 3058 1589 0 1810558 0 846190
1786706735.844455 1814548 1689163 3058 1589 0 1810558 0 846190
1786706736.843331 1814548 1689163 3058 1589 0 1810558 0 846190
1786706737.849130 1814548 1689163 3058 1589 0 1810558 0 846190
1786706738.844936 1814548 1689163 3058 1589 0 1810558 0 846190
1786706739.844769 1814548 1689163 3058 1589 0 1810558 0 846190
1786706740.847782 1814548 1689163 3058 1589 0 1810558 0 846190
1786706741.843652 1814548 1689163 3058 1589 0 1810558 0 846190
1786706742.844518 1814548 1689163 3058 1589 0 1810558 0 846190
1786706743.843537 1814548 1689163 3058 1589 0 1810558 0 846190
1786706744.844230 1814548 1689163 3058 1589 0 1810558 0 846190
1786706745.843342 1814548 1689163 3058 1589 0 1810558 0 846190
1786706746.848828 1814548 1689163 3058 1589 0 1810558 0 846190
1786706747.849890 1814548 1689163 3058 1589 0 1810558 0 846190
1786706748.850672 1814548 1689163 3058 1589 0 1810558 0 846190
1786706749.849682 1814548 1689163 3058 1589 0 1810558 0 846190
1786706750.849572 1814548 1689163 3058 1589 0 1810558 0 846190
1786706751.843326 1814548 1689163 3058 1589 0 1810558 0 846190
1786706752.844392 1814548 1689163 3058 1589 0 1810558 0 846190
1786706753.843326 1814548 1689163 3058 1589 0 1810558 0 846190
1786706754.844547 1814548 1689163 3058 1589 0 1810558 0 846190
1786706755.847415 1814548 1689163 3058 1589 0 1810558 0 846190
1786706756.849480 1814548 1689163 3058 1589 0 1810558 0 846190
1786706757.847729 1814548 1689163 3058 1589 0 1810558 0 846190
1786706758.848641 1814548 1689163 3058 1589 0 1810558 0 846190
1786706759.844647 1814548 1689163 3058 1589 0 1810558 0 846190
1786706760.843523 1814548 1689163 3058 1589 0 1810558 0 846190
1786706761.844563 1814548 1689163 3058 1589 0 1810558 0 846190
1786706762.844397 1814548 1689163 3058 1589 0 1810558 0 846190
1786706763.844587 1814548 1689163 3058 1589 0 1810558 0 846190
1786706764.847037 1814548 1689163 3058 1589 0 1810558 0 846190
1786706765.847811 1814548 1689163 3058 1589 0 1810558 0 846190
1786706766.843813 1814548 1689163 3058 1589 0 1810558 0 846190
1786706767.844711 1814548 1689163 3058 1589 0 1810558 0 846190
1786706768.844640 1814548 1689163 3058 1589 0 1810558 0 846190
1786706769.843490 1814548 1689163 3058 1589 0 1810558 0 846190
1786706770.847491 1814548 1689163 3058 1589 0 1810558 0 846190
1786706771.844556 1814548 1689163 3058 1589 0 1810558 0 846190
1786706772.844524 1814548 1689163 3058 1589 0 1810558 0 846190
1786706773.843708 1814548 1689163 3058 1589 0 1810558 0 846190
1786706774.844008 1814548 1689163 3058 1589 0 1810558 0 846190
1786706775.843325 1814548 1689163 3058 1589 0 1810558 0 846190
1786706776.847751 1814548 1689163 3058 1589 0 1810558 0 846190
1786706777.848662 1814548 1689163 3058 1589 0 1810558 0 846190
1786706778.847575 1814548 1689163 3058 1589 0 1810558 0 846190
1786706779.844336 1814548 1689163 3058 1589 0 1810558 0 846190
1786706780.843578 1814548 1689163 3058 1589 0 1810558 0 846190
1786706781.844710 1814548 1689163 3058 1589 0 1810558 0 846190
1786706782.848248 1814548 1689163 3058 1589 0 1810558 0 846190
1786706783.844987 1814548 1689163 3058 1589 0 1810558 0 846190
1786706784.844695 1814548 1689163 3058 1589 0 1810558 0 846190
