# start_epoch=1786704675.540821  page_size=4096  cachestat=ok  fields=size,resident,shared,text,lib,data,dt,pagecache
1786704676.542051 36241 21088 2627 1589 0 32254 0 19053
1786704677.571647 47633 28965 2691 1589 0 43646 0 37844
1786704678.570900 52753 34597 2691 1589 0 48766 0 47824
1786704679.569688 52753 29504 2820 1589 0 48766 0 31321
1786704680.571180 53521 32328 2820 1589 0 49534 0 53695
1786704681.570216 53521 31366 2820 1589 0 49534 0 43569
1786704682.570027 53521 31366 2820 1589 0 49534 0 43569
1786704683.573828 53521 33519 2820 1589 0 49534 0 70037
1786704684.570817 53521 29363 2820 1589 0 49534 0 55821
1786704685.572051 53521 31155 2820 1589 0 49534 0 76147
1786704686.573032 53521 35788 2820 1589 0 49534 0 85871
1786704687.573281 53521 31865 2867 1589 0 49534 0 68070
1786704688.572888 53521 32648 2867 1589 0 49534 0 88908
1786704689.575535 54161 36816 2867 1589 0 50174 0 142722
1786704690.573810 54161 31672 2867 1589 0 50174 0 79517
1786704691.575174 54161 33721 2867 1589 0 50174 0 104778
1786704692.572936 54161 33729 2867 1589 0 50174 0 91766
1786704693.574234 54161 33729 2867 1589 0 50174 0 111069
1786704694.575639 54161 35777 2867 1589 0 50174 0 121305
1786704695.575213 54161 31460 2867 1589 0 50174 0 104017
1786704696.574696 54161 32907 2867 1589 0 50174 0 127670
1786704697.574414 54161 28025 2867 1589 0 50174 0 116269
1786704698.574853 54161 28917 2867 1589 0 50174 0 116269
1786704699.577978 54161 32699 2867 1589 0 50174 0 140434
1786704700.576599 54161 31484 2867 1589 0 50174 0 128519
1786704701.573847 54161 31577 2867 1589 0 50174 0 126317
1786704702.576415 54161 32158 2867 1589 0 50174 0 149970
1786704703.574192 54161 31268 2867 1589 0 50174 0 138569
1786704704.575451 54161 31268 2867 1589 0 50174 0 138569
1786704705.577464 54161 34232 2867 1589 0 50174 0 166316
1786704706.575028 54161 32793 2867 1589 0 50174 0 150820
1786704707.577723 54161 33301 2867 1589 0 50174 0 172426
1786704708.577443 54161 31263 2867 1589 0 50174 0 163069
1786704709.578795 54161 31263 2867 1589 0 50174 0 163069
1786704710.580865 54161 33602 2867 1589 0 50174 0 184675
1786704711.582294 54929 37463 2867 1589 0 50942 0 268130
1786704712.577371 61073 37018 2867 1589 0 57086 0 173621
1786704713.580912 61073 37019 2867 1589 0 57086 0 197018
1786704714.576596 61073 30851 2867 1589 0 57086 0 185871
1786704715.576419 61073 30851 2867 1589 0 57086 0 185871
1786704716.580101 61073 35482 2867 1589 0 57086 0 213107
1786704717.577731 61073 31378 2867 1589 0 57086 0 198123
1786704718.580485 61073 32022 2867 1589 0 57086 0 219985
1786704719.579175 61073 30676 2867 1589 0 57086 0 210374
1786704720.580365 61073 30676 2867 1589 0 57086 0 210374
1786704721.580526 61073 34780 2867 1589 0 57086 0 232236
1786704722.669570 61073 38148 2867 1589 0 57086 0 238342
1786704723.580826 61073 38490 2867 1589 0 57086 0 220353
1786704724.582401 61073 38490 2867 1589 0 57086 0 241191
1786704725.596266 61073 38490 2867 1589 0 57086 0 246821
1786704726.581630 61073 29971 2867 1589 0 57086 0 231592
1786704727.582854 61073 29971 2867 1589 0 57086 0 231592
1786704728.676468 61073 33550 2867 1589 0 57086 0 253710
1786704729.670595 61073 37922 2867 1589 0 57086 0 292718
1786704730.582298 61073 38946 2867 1589 0 57086 0 243840
1786704731.585594 61073 38946 2867 1589 0 57086 0 264934
1786704732.581425 61073 38946 2867 1589 0 57086 0 256091
1786704733.583008 61073 32779 2867 1589 0 57086 0 256091
1786704734.584677 61073 33542 2867 1589 0 57086 0 276418
1786704735.583611 61073 37664 2867 1589 0 57086 0 282047
1786704736.584185 61969 35036 2867 1589 0 57982 0 265618
1786704737.587813 61969 35036 2867 1589 0 57982 0 279113
1786704738.670621 61969 35566 2867 1589 0 57982 0 290806
1786704739.582840 61969 30521 2867 1589 0 57982 0 276848
1786704740.582609 61969 30521 2867 1589 0 57982 0 276848
1786704741.672336 61969 35145 2867 1589 0 57982 0 298454
1786704742.670325 61969 38086 2867 1589 0 57982 0 352368
1786704743.584415 61969 33790 2867 1589 0 57982 0 288078
1786704744.669608 61969 34293 2867 1589 0 57982 0 306869
1786704745.584966 61969 38402 2867 1589 0 57982 0 312499
1786704746.584876 61969 33689 2867 1589 0 57982 0 299268
1786704747.583898 61969 33689 2867 1589 0 57982 0 299268
1786704748.585684 61969 36772 2867 1589 0 57982 0 322921
1786704749.669881 61969 40569 2867 1589 0 57982 0 328551
1786704750.585958 61969 37329 2867 1589 0 57982 0 308868
1786704751.587292 61969 37329 2867 1589 0 57982 0 329706
1786704752.670679 61969 39897 2867 1589 0 57982 0 367701
1786704753.584790 61969 33446 2867 1589 0 57982 0 320105
1786704754.670426 61969 34478 2867 1589 0 57982 0 339920
1786704755.675254 61969 38070 2867 1589 0 57982 0 365808
1786704756.585693 61969 33550 2867 1589 0 57982 0 331631
1786704757.673801 61969 33806 2867 1589 0 57982 0 350678
1786704758.672273 61969 36137 2867 1589 0 57982 0 404515
1786704759.589824 61969 32348 2867 1589 0 57982 0 342780
1786704760.583624 61969 32350 2867 1589 0 57982 0 342780
1786704761.674825 61969 35687 2867 1589 0 57982 0 364829
1786704762.674420 61969 38510 2867 1589 0 57982 0 371739
1786704763.590088 61969 34145 2867 1589 0 57982 0 353938
1786704764.679020 62865 34558 2867 1589 0 58878 0 370952
1786704765.671814 62865 36856 2867 1589 0 58878 0 380933
1786704766.589666 62865 33784 2867 1589 0 58878 0 363900
1786704767.672454 62865 34296 2867 1589 0 58878 0 381457
1786704768.673065 62865 38408 2867 1589 0 58878 0 387598
1786704769.589328 62865 37622 2867 1589 0 58878 0 374662
1786704770.587641 62865 37636 2867 1589 0 58878 0 372657
1786704771.672422 62865 37156 2867 1589 0 58878 0 396567
1786704772.588860 62865 30166 2867 1589 0 58878 0 384909
1786704773.588115 62865 29601 2867 1589 0 58878 0 382492
1786704774.671340 62865 35321 2867 1589 0 58878 0 404098
1786704775.671699 62865 39370 2867 1589 0 58878 0 409728
1786704776.588935 62865 39185 2867 1589 0 58878 0 394742
1786704777.675059 63889 40062 2867 1589 0 59902 0 412251
1786704778.674781 63889 40062 2867 1589 0 59902 0 418392
1786704779.590929 63889 33894 2867 1589 0 59902 0 404686
1786704780.589149 63889 33910 2867 1589 0 59902 0 402244
1786704781.673893 63889 38271 2867 1589 0 59902 0 425641
1786704782.673267 63889 41861 2867 1589 0 59902 0 431271
1786704783.588491 63889 34217 2867 1589 0 59902 0 411633
1786704784.677491 63889 35769 2867 1589 0 59902 0 435030
1786704785.590721 63889 30645 2867 1589 0 59902 0 423883
1786704786.592426 63889 30645 2867 1589 0 59902 0 423883
1786704787.677874 63889 35524 2867 1589 0 59902 0 445233
1786704788.675961 63889 39378 2867 1589 0 59902 0 450607
1786704789.591305 63889 37670 2867 1589 0 59902 0 433405
1786704790.677862 63889 37343 2867 1589 0 59902 0 440125
1786704791.678939 63889 37599 2867 1589 0 59902 0 459180
1786704792.669555 63889 25253 2867 1589 0 59902 0 444047
1786704793.669288 63889 30873 2867 1589 0 59902 0 444047
1786704794.679391 63889 36547 2867 1589 0 59902 0 465909
1786704795.679137 63889 39894 2867 1589 0 59902 0 504105
1786704796.591924 63889 36282 2867 1589 0 59902 0 453438
1786704797.677941 63889 36349 2867 1589 0 59902 0 472485
1786704798.676484 63889 39941 2867 1589 0 59902 0 478371
1786704799.593777 63889 38426 2867 1589 0 59902 0 462834
1786704800.592486 63889 38426 2867 1589 0 59902 0 462834
1786704801.677075 63889 37619 2867 1589 0 59902 0 485719
1786704802.679484 63889 40985 2867 1589 0 59902 0 491349
1786704803.670099 63889 38033 2867 1589 0 59902 0 472446
1786704804.677743 63889 38482 2867 1589 0 59902 0 491749
1786704805.677220 63889 40018 2867 1589 0 59902 0 497226
1786704806.593770 63889 40626 2867 1589 0 59902 0 481860
1786704807.593125 63889 40626 2867 1589 0 59902 0 481860
1786704808.678584 63889 40920 2867 1589 0 59902 0 505001
1786704809.681078 63889 41945 2867 1589 0 59902 0 510631
1786704810.593547 63889 37929 2867 1589 0 59902 0 490821
1786704811.678116 63889 37994 2867 1589 0 59902 0 511148
1786704812.680645 63889 40203 2867 1589 0 59902 0 550660
1786704813.673177 63889 37951 2867 1589 0 59902 0 501504
1786704814.680094 63889 38107 2867 1589 0 59902 0 513018
1786704815.684711 63889 38273 2867 1589 0 59902 0 599487
1786704816.673323 63889 39883 2867 1589 0 59902 0 510403
1786704817.672034 63889 39883 2867 1589 0 59902 0 510403
1786704818.680111 63889 39915 2867 1589 0 59902 0 532265
1786704819.679699 63889 41963 2867 1589 0 59902 0 537895
1786704820.671422 63889 40016 2867 1589 0 59902 0 520353
1786704821.680987 63889 40464 2867 1589 0 59902 0 540680
1786704822.678604 63889 40469 2867 1589 0 59902 0 546133
1786704823.677942 63889 40479 2867 1589 0 59902 0 529711
1786704824.596793 63889 39986 2867 1589 0 59902 0 529712
1786704825.682668 63889 39986 2867 1589 0 59902 0 553365
1786704826.682574 63889 40352 2867 1589 0 59902 0 573260
1786704827.672707 63889 37782 2867 1589 0 59902 0 538266
1786704828.681953 63889 37782 2867 1589 0 59902 0 558593
1786704829.682632 63889 40353 2867 1589 0 59902 0 564025
1786704830.674127 63889 38450 2867 1589 0 59902 0 547804
1786704831.682780 63889 34287 2867 1589 0 59902 0 547887
1786704832.683476 63889 37659 2867 1589 0 59902 0 613607
1786704833.672435 63889 40829 2867 1589 0 59902 0 557517
1786704834.670210 63889 36615 2867 1589 0 59902 0 557518
1786704835.770154 63889 34947 2867 1589 0 59902 0 579636
1786704836.769752 63889 38403 2867 1589 0 59902 0 654953
1786704837.676415 63889 34749 2867 1589 0 59902 0 565636
1786704838.769317 63889 32370 2867 1589 0 59902 0 575291
1786704839.685245 63889 35964 2867 1589 0 59902 0 590648
1786704840.676023 65169 34572 2867 1589 0 61182 0 574179
1786704841.671032 65169 34572 2867 1589 0 61182 0 574179
1786704842.686153 65169 35095 2867 1589 0 61182 0 595785
1786704843.770329 65169 38212 2867 1589 0 61182 0 602182
1786704844.672455 65169 34538 2867 1589 0 61182 0 582326
1786704845.673003 65169 34538 2867 1589 0 61182 0 582326
1786704846.686014 65169 36330 2867 1589 0 61182 0 605979
1786704847.771252 65169 38901 2867 1589 0 61182 0 612376
1786704848.677656 65169 35309 2867 1589 0 61182 0 594576
1786704849.771076 65169 33153 2867 1589 0 61182 0 610819
1786704850.771172 65169 37002 2867 1589 0 61182 0 617714
1786704851.678414 65169 32373 2867 1589 0 61182 0 604523
1786704852.676318 65169 32373 2867 1589 0 61182 0 600038
1786704853.769917 65169 34165 2867 1589 0 61182 0 620620
1786704854.770553 65169 36940 2867 1589 0 61182 0 626762
1786704855.674134 65169 35896 2867 1589 0 61182 0 607772
1786704856.671788 65169 35896 2867 1589 0 61182 0 607772
1786704857.770309 65169 36664 2867 1589 0 61182 0 629634
1786704858.772176 65169 40410 2867 1589 0 61182 0 634752
1786704859.678004 65169 38097 2867 1589 0 61182 0 617298
1786704860.769479 65169 38353 2867 1589 0 61182 0 635421
1786704861.772612 65169 38353 2867 1589 0 61182 0 642743
1786704862.678628 65169 35266 2867 1589 0 61182 0 629549
1786704863.674795 65169 35278 2867 1589 0 61182 0 625351
1786704864.773120 65169 35278 2867 1589 0 61182 0 645677
1786704865.773281 65169 38358 2867 1589 0 61182 0 651819
1786704866.679808 65169 37333 2867 1589 0 61182 0 632723
1786704867.679493 65169 37333 2867 1589 0 61182 0 632723
1786704868.777414 65169 37333 2867 1589 0 61182 0 653817
1786704869.774705 65169 38877 2867 1589 0 61182 0 660215
1786704870.682676 65169 36316 2867 1589 0 61182 0 644975
1786704871.679157 65169 36316 2867 1589 0 61182 0 640118
1786704872.773553 65169 36828 2867 1589 0 61182 0 663003
1786704873.774409 65169 39908 2867 1589 0 61182 0 669145
1786704874.679980 65169 36427 2867 1589 0 61182 0 652370
1786704875.770015 65169 36243 2867 1589 0 61182 0 668254
1786704876.775783 65169 37267 2867 1589 0 61182 0 674396
1786704877.769444 65169 35729 2867 1589 0 61182 0 648729
1786704878.683166 65169 36403 2867 1589 0 61182 0 659476
1786704879.775708 65169 36659 2867 1589 0 61182 0 679803
1786704880.775970 65169 38707 2867 1589 0 61182 0 685944
1786704881.680419 65169 38614 2867 1589 0 61182 0 666494
1786704882.674062 65169 38614 2867 1589 0 61182 0 666494
1786704883.775082 65169 38870 2867 1589 0 61182 0 688868
1786704884.776907 65169 39903 2867 1589 0 61182 0 695009
1786704885.771192 65169 38395 2867 1589 0 61182 0 662311
1786704886.681463 65169 38476 2867 1589 0 61182 0 673536
1786704887.779429 65169 38734 2867 1589 0 61182 0 697189
1786704888.777590 65169 40338 2867 1589 0 61182 0 703331
1786704889.682082 65169 34689 2867 1589 0 61182 0 669351
1786704890.770738 65169 34682 2867 1589 0 61182 0 695835
1786704891.774625 65169 38065 2867 1589 0 61182 0 706275
1786704892.682384 65169 41491 2867 1589 0 61182 0 692823
1786704893.678238 65169 41491 2867 1589 0 61182 0 692823
1786704894.771775 65169 41368 2867 1589 0 61182 0 711054
1786704895.772926 65169 41368 2867 1589 0 61182 0 716940
1786704896.682312 65169 38280 2867 1589 0 61182 0 701956
1786704897.683062 65169 33633 2867 1589 0 61182 0 697286
1786704898.777918 65169 36981 2867 1589 0 61182 0 721451
1786704899.771142 65169 39839 2867 1589 0 61182 0 727557
1786704900.682779 65169 40380 2867 1589 0 61182 0 709535
1786704901.775126 65169 40527 2867 1589 0 61182 0 723409
1786704902.774433 65169 40661 2867 1589 0 61182 0 729039
1786704903.688746 65169 42816 2867 1589 0 61182 0 716355
1786704904.682906 65169 38847 2867 1589 0 61182 0 716356
1786704905.780644 65169 37715 2867 1589 0 61182 0 835887
1786704906.778670 65169 41066 2867 1589 0 61182 0 841516
1786704907.678629 65169 35200 2867 1589 0 61182 0 722953
1786704908.777237 65169 35456 2867 1589 0 61182 0 742000
1786704909.778587 65169 39576 2867 1589 0 61182 0 852209
1786704910.680702 65169 38292 2867 1589 0 61182 0 732659
1786704911.680693 65169 38292 2867 1589 0 61182 0 732659
1786704912.774581 65169 38292 2867 1589 0 61182 0 753753
1786704913.785196 65169 41372 2867 1589 0 61182 0 836421
1786704914.684293 65169 39749 2867 1589 0 61182 0 739014
1786704915.779010 65169 34096 2867 1589 0 61182 0 750211
1786704916.774590 65169 38718 2867 1589 0 61182 0 762667
1786704917.775416 65169 42061 2867 1589 0 61182 0 768041
1786704918.771775 65169 39069 2867 1589 0 61182 0 761600
1786704919.774601 65169 39069 2867 1589 0 61182 0 765238
1786704920.776627 65169 40093 2867 1589 0 61182 0 770611
1786704921.693412 65169 43182 2867 1589 0 61182 0 775438
1786704922.680239 65169 39079 2867 1589 0 61182 0 757415
1786704923.783978 65169 38825 2867 1589 0 61182 0 889445
1786704924.782701 65169 40891 2867 1589 0 61182 0 895074
1786704925.682308 65169 37786 2867 1589 0 61182 0 763622
1786704926.780100 65169 37819 2867 1589 0 61182 0 782669
1786704927.779471 65169 39355 2867 1589 0 61182 0 788043
1786704928.777444 66705 43073 2867 1589 0 62718 0 860166
1786704929.687214 66705 41097 2867 1589 0 62718 0 772528
1786704930.776070 66705 41097 2867 1589 0 62718 0 792855
1786704931.776290 66705 41866 2867 1589 0 62718 0 798228
1786704932.686454 66705 39288 2867 1589 0 62718 0 779251
1786704933.686746 66705 39288 2867 1589 0 62718 0 779251
1786704934.782118 66705 39169 2867 1589 0 62718 0 802904
1786704935.782198 66705 40705 2867 1589 0 62718 0 809046
1786704936.780005 66705 37273 2867 1589 0 62718 0 801706
1786704937.779337 66705 37317 2867 1589 0 62718 0 793585
1786704938.779286 66705 39373 2867 1589 0 62718 0 808927
1786704939.778018 66705 42965 2867 1589 0 62718 0 814301
1786704940.684303 66705 43238 2867 1589 0 62718 0 797523
1786704941.780895 66705 43271 2867 1589 0 62718 0 811478
1786704942.779285 66705 43285 2867 1589 0 62718 0 817107
1786704943.688065 66705 36422 2867 1589 0 62718 0 803400
1786704944.682851 66705 36422 2867 1589 0 62718 0 803400
1786704945.778092 66705 38214 2867 1589 0 62718 0 826030
1786704946.869754 66705 41806 2867 1589 0 62718 0 955416
1786704947.684577 66705 40365 2867 1589 0 62718 0 811910
1786704948.781868 66705 40749 2867 1589 0 62718 0 831469
1786704949.783879 66705 40749 2867 1589 0 62718 0 837098
1786704950.688477 66705 36944 2867 1589 0 62718 0 817897
1786704951.688388 66705 36944 2867 1589 0 62718 0 817897
1786704952.780056 66705 38480 2867 1589 0 62718 0 839759
1786704953.779433 66705 42072 2867 1589 0 62718 0 845133
1786704954.682244 66705 41076 2867 1589 0 62718 0 823513
1786704955.782734 66705 41076 2867 1589 0 62718 0 838034
1786704956.779213 66705 41076 2867 1589 0 62718 0 846910
1786704957.781081 66705 42612 2867 1589 0 62718 0 852126
1786704958.694292 66705 37057 2867 1589 0 62718 0 829030
1786704959.784239 66705 37299 2867 1589 0 62718 0 848334
1786704960.783855 66705 39348 2867 1589 0 62718 0 853708
1786704961.781048 66705 42939 2867 1589 0 62718 0 858826
1786704962.685427 66705 39077 2867 1589 0 62718 0 841280
1786704963.874134 66705 39121 2867 1589 0 62718 0 863398
1786704964.872069 66705 40722 2867 1589 0 62718 0 961129
1786704965.771449 66705 29051 2867 1589 0 62718 0 849471
1786704966.784931 66705 34538 2867 1589 0 62718 0 849471
1786704967.784839 66705 38833 2867 1589 0 62718 0 948344
1786704968.785797 66705 41905 2867 1589 0 62718 0 938052
1786704969.686377 66705 40361 2867 1589 0 62718 0 854777
1786704970.781394 66705 40361 2867 1589 0 62718 0 874848
1786704971.786212 66705 40442 2867 1589 0 62718 0 964393
1786704972.685475 66705 38386 2867 1589 0 62718 0 860415
1786704973.685513 66705 38386 2867 1589 0 62718 0 860415
1786704974.870007 66705 38109 2867 1589 0 62718 0 882021
1786704975.781270 66705 41829 2867 1589 0 62718 0 887395
1786704976.770810 66705 40359 2867 1589 0 62718 0 865731
1786704977.871237 66705 40615 2867 1589 0 62718 0 883989
1786704978.779634 66705 40615 2867 1589 0 62718 0 889640
1786704979.782732 66705 42153 2867 1589 0 62718 0 894960
1786704980.776103 66705 37302 2867 1589 0 62718 0 888280
1786704981.784526 66705 37558 2867 1589 0 62718 0 891150
1786704982.787290 66705 37680 2867 1589 0 62718 0 897547
1786704983.774658 66705 37641 2867 1589 0 62718 0 884099
1786704984.774900 66705 37641 2867 1589 0 62718 0 884099
1786704985.779386 66705 37764 2867 1589 0 62718 0 905449
1786704986.878434 66705 40240 2867 1589 0 62718 0 1045706
1786704987.687516 66705 37904 2867 1589 0 62718 0 891586
1786704988.783021 66705 37904 2867 1589 0 62718 0 891586
1786704989.870785 66705 38161 2867 1589 0 62718 0 994201
1786704990.695933 66705 38673 2867 1589 0 62718 0 896525
1786704991.777596 66705 38673 2867 1589 0 62718 0 896525
1786704992.870537 66705 36936 2867 1589 0 62718 0 916340
1786704993.782304 66705 40792 2867 1589 0 62718 0 921969
1786704994.690038 66705 40651 2867 1589 0 62718 0 901645
1786704995.693003 66705 40651 2867 1589 0 62718 0 901645
1786704996.784704 66705 40907 2867 1589 0 62718 0 923251
1786704997.781490 66705 41422 2867 1589 0 62718 0 928881
1786704998.688640 66705 38817 2867 1589 0 62718 0 906614
1786704999.687975 66705 38817 2867 1589 0 62718 0 906614
1786705000.786020 66705 38845 2867 1589 0 62718 0 929244
1786705001.873201 66705 42180 2867 1589 0 62718 0 935641
1786705002.682293 66705 39946 2867 1589 0 62718 0 911947
1786705003.785493 66705 39946 2867 1589 0 62718 0 931616
1786705004.785504 66705 39946 2867 1589 0 62718 0 936624
1786705005.870454 66705 42774 2867 1589 0 62718 0 941997
1786705006.772378 66705 38853 2867 1589 0 62718 0 924198
1786705007.875785 66705 39336 2867 1589 0 62718 0 946316
1786705008.787950 66705 39939 2867 1589 0 62718 0 1039511
1786705009.689545 66705 38470 2867 1589 0 62718 0 931556
1786705010.873860 66705 38470 2867 1589 0 62718 0 950091
1786705011.879817 66705 39062 2867 1589 0 62718 0 1026033
1786705012.772561 66705 41118 2867 1589 0 62718 0 936824
1786705013.694549 66705 41118 2867 1589 0 62718 0 936824
1786705014.784656 66705 41118 2867 1589 0 62718 0 958686
1786705015.874835 66705 41691 2867 1589 0 62718 0 1042389
1786705016.691512 66705 41691 2867 1589 0 62718 0 941426
1786705017.870386 66705 41691 2867 1589 0 62718 0 960217
1786705018.870524 66705 41691 2867 1589 0 62718 0 965847
1786705019.692205 66705 42935 2867 1589 0 62718 0 946028
1786705020.690476 66705 42935 2867 1589 0 62718 0 946028
1786705021.871367 66705 43224 2867 1589 0 62718 0 966610
1786705022.869630 66705 43224 2867 1589 0 62718 0 971728
1786705023.695168 66705 43752 2867 1589 0 62718 0 958277
1786705024.773238 66705 43551 2867 1589 0 62718 0 950457
1786705025.876868 66705 43552 2867 1589 0 62718 0 972063
1786705026.785828 66705 43552 2867 1589 0 62718 0 977437
1786705027.770777 66705 41496 2867 1589 0 62718 0 962706
1786705028.691657 66705 41172 2867 1589 0 62718 0 962706
1786705029.889736 66705 41537 2867 1589 0 62718 0 1126585
1786705030.769510 66705 39452 2867 1589 0 62718 0 969928
1786705031.772992 66705 39452 2867 1589 0 62718 0 969928
1786705032.874363 66705 39253 2867 1589 0 62718 0 984806
1786705033.871754 66705 39254 2867 1589 0 62718 0 989924
1786705034.870982 66705 42071 2867 1589 0 62718 0 995042
1786705035.779710 66705 41632 2867 1589 0 62718 0 970258
1786705036.874084 66705 41930 2867 1589 0 62718 0 989561
1786705037.877796 66705 41938 2867 1589 0 62718 0 995447
1786705038.773172 66705 39342 2867 1589 0 62718 0 982510
1786705039.774416 66705 39342 2867 1589 0 62718 0 974515
1786705040.877196 66705 39598 2867 1589 0 62718 0 994074
1786705041.876503 66705 39599 2867 1589 0 62718 0 999448
1786705042.770758 66705 41766 2867 1589 0 62718 0 986766
1786705043.774946 66705 36792 2867 1589 0 62718 0 978699
1786705044.875016 66705 37288 2867 1589 0 62718 0 998002
1786705045.871866 66705 40375 2867 1589 0 62718 0 1003376
1786705046.788940 66705 43635 2867 1589 0 62718 0 1008494
1786705047.773640 66705 41858 2867 1589 0 62718 0 982714
1786705048.873936 66705 42114 2867 1589 0 62718 0 1002529
1786705049.873803 66705 42114 2867 1589 0 62718 0 1007647
1786705050.781407 66705 44163 2867 1589 0 62718 0 1012987
1786705051.771213 66705 40059 2867 1589 0 62718 0 994966
1786705052.878057 68497 40205 2867 1589 0 64510 0 1151810
1786705053.880339 68497 42270 2867 1589 0 64510 0 1157439
1786705054.692090 68497 42015 2867 1589 0 64510 0 1002454
1786705055.878751 68497 42020 2867 1589 0 64510 0 1021501
1786705056.877568 68497 42872 2867 1589 0 64510 0 1104970
1786705057.784271 68497 44920 2867 1589 0 64510 0 1024329
1786705058.772596 68497 41852 2867 1589 0 64510 0 1006307
1786705059.871197 68497 42333 2867 1589 0 64510 0 1027401
1786705060.880801 68497 42424 2867 1589 0 64510 0 1129600
1786705061.776463 68497 43785 2867 1589 0 64510 0 1010170
1786705062.881636 68497 43785 2867 1589 0 64510 0 1012887
1786705063.875023 68497 43824 2867 1589 0 64510 0 1036638
1786705064.777977 68497 43765 2867 1589 0 64510 0 1022420
1786705065.775977 68497 43765 2867 1589 0 64510 0 1013969
1786705066.876261 68497 44021 2867 1589 0 64510 0 1034040
1786705067.872837 68497 44021 2867 1589 0 64510 0 1039413
1786705068.776295 68497 40942 2867 1589 0 64510 0 1026219
1786705069.773975 68497 40421 2867 1589 0 64510 0 1017437
1786705070.873875 68497 40486 2867 1589 0 64510 0 1038275
1786705071.875606 68497 42535 2867 1589 0 64510 0 1043394
1786705072.771405 68497 41418 2867 1589 0 64510 0 1029688
1786705073.772241 68497 41418 2867 1589 0 64510 0 1029688
1786705074.884473 68497 42161 2867 1589 0 64510 0 1192202
1786705075.792493 68497 42233 2867 1589 0 64510 0 1065194
1786705076.782176 68497 37848 2867 1589 0 64510 0 1037032
1786705077.884117 68497 37848 2867 1589 0 64510 0 1056847
1786705078.879728 68497 40819 2867 1589 0 64510 0 1141591
1786705079.786123 68497 41418 2867 1589 0 64510 0 1041287
1786705080.780750 68497 41418 2867 1589 0 64510 0 1041287
1786705081.869655 68497 41707 2867 1589 0 64510 0 1063149
1786705082.880091 68497 41707 2867 1589 0 64510 0 1159115
1786705083.784769 68497 39132 2867 1589 0 64510 0 1044763
1786705084.779389 68497 39132 2867 1589 0 64510 0 1044763
1786705085.876002 68497 39644 2867 1589 0 64510 0 1067649
1786705086.883089 68497 42282 2867 1589 0 64510 0 1154680
1786705087.784430 68497 43581 2867 1589 0 64510 0 1048247
1786705088.781882 68497 43581 2867 1589 0 64510 0 1048247
1786705089.883108 68497 43837 2867 1589 0 64510 0 1071644
1786705090.876776 68497 43862 2867 1589 0 64510 0 995620
1786705091.784589 68497 39847 2867 1589 0 64510 0 1051453
1786705092.882069 68497 39848 2867 1589 0 64510 0 1059385
1786705093.884636 68497 41384 2867 1589 0 64510 0 1075874
1786705094.870337 68497 43952 2867 1589 0 64510 0 1081726
1786705095.779226 68497 43671 2867 1589 0 64510 0 1059734
1786705096.779689 68497 41872 2867 1589 0 64510 0 1059734
1786705097.879578 68497 42532 2867 1589 0 64510 0 1115152
1786705098.880586 68497 44071 2867 1589 0 64510 0 1121038
1786705099.774960 68497 40991 2867 1589 0 64510 0 1071907
1786705100.879744 68497 41258 2867 1589 0 64510 0 1089466
1786705101.880512 68497 42458 2867 1589 0 64510 0 1185288
1786705102.875439 68497 45539 2867 1589 0 64510 0 1141618
1786705103.770100 68497 45547 2867 1589 0 64510 0 1075030
1786705104.878480 68497 45547 2867 1589 0 64510 0 1095357
1786705105.880076 68497 45547 2867 1589 0 64510 0 1103801
1786705106.780752 68497 39460 2867 1589 0 64510 0 1078152
1786705107.778049 68497 39460 2867 1589 0 64510 0 1078152
1786705108.880551 68497 41152 2867 1589 0 64510 0 1100014
1786705109.876723 68497 43773 2867 1589 0 64510 0 1105132
1786705110.775413 68497 42513 2867 1589 0 64510 0 1090403
1786705111.780208 68497 34842 2867 1589 0 64510 0 1086894
1786705112.591939 68497 26335 2867 1589 0 64510 0 1079680
1786705113.588493 68497 26335 2867 1589 0 64510 0 1079680
1786705114.588742 68497 26335 2867 1589 0 64510 0 1071375
1786705115.588020 68497 26335 2867 1589 0 64510 0 1071375
1786705116.588354 68497 26335 2867 1589 0 64510 0 1071375
1786705117.592449 68497 26335 2867 1589 0 64510 0 1074941
1786705118.587555 68497 28313 2867 1589 0 64510 0 1062020
1786705119.587742 68497 28313 2867 1589 0 64510 0 1062020
1786705120.587599 68497 28313 2867 1589 0 64510 0 1062020
1786705121.587078 68497 27566 2867 1589 0 64510 0 1052555
1786705122.587210 68497 27566 2867 1589 0 64510 0 1052555
1786705123.587994 68497 27566 2867 1589 0 64510 0 1052555
1786705124.587563 68497 27937 2867 1589 0 64510 0 1051130
1786705125.587385 68497 27937 2867 1589 0 64510 0 1051130
1786705126.587182 68497 28078 2867 1589 0 64510 0 1047228
1786705127.587218 68497 28078 2867 1589 0 64510 0 1047228
1786705128.586942 68497 28362 2867 1589 0 64510 0 1047228
1786705129.586928 68497 28362 2867 1589 0 64510 0 1047228
1786705130.586469 68497 28444 2867 1589 0 64510 0 1037437
1786705131.586307 68497 28444 2867 1589 0 64510 0 1037437
1786705132.586893 68497 28444 2867 1589 0 64510 0 1037437
1786705133.586732 68497 28444 2867 1589 0 64510 0 1037437
1786705134.586855 68497 28444 2867 1589 0 64510 0 1037437
1786705135.586728 68497 28444 2867 1589 0 64510 0 1037437
1786705136.586663 68497 28444 2867 1589 0 64510 0 1037437
1786705137.586641 68497 28444 2867 1589 0 64510 0 1037437
1786705138.586411 68497 28893 2867 1589 0 64510 0 1037437
1786705139.586780 68497 28893 2867 1589 0 64510 0 1037437
1786705140.586619 68497 28893 2867 1589 0 64510 0 1037437
1786705141.586721 68497 28893 2867 1589 0 64510 0 1037437
1786705142.586592 68497 28893 2867 1589 0 64510 0 1037437
1786705143.586528 68497 28893 2867 1589 0 64510 0 1037437
1786705144.775499 70545 30808 2867 1589 0 66558 0 1272439
1786705145.585201 70545 30808 2867 1589 0 66558 0 998917
1786705146.584934 70545 30808 2867 1589 0 66558 0 998917
1786705147.584875 70545 30808 2867 1589 0 66558 0 998917
1786705148.584818 70545 30130 2867 1589 0 66558 0 995360
1786705149.585108 70545 30607 2867 1589 0 66558 0 995360
1786705150.584592 70545 30607 2867 1589 0 66558 0 995360
1786705151.584426 70545 30607 2867 1589 0 66558 0 995360
1786705152.584565 70545 30607 2867 1589 0 66558 0 995360
1786705153.584817 70545 30607 2867 1589 0 66558 0 995360
1786705154.585010 70545 30607 2867 1589 0 66558 0 995360
1786705155.584708 70545 30607 2867 1589 0 66558 0 995360
1786705156.584889 70545 30607 2867 1589 0 66558 0 995360
1786705157.584669 70545 30607 2867 1589 0 66558 0 995360
1786705158.584685 70545 30607 2867 1589 0 66558 0 995360
1786705159.584604 70545 30608 2867 1589 0 66558 0 995360
1786705160.689966 70545 25946 2883 1589 0 66558 0 976282
1786705161.682646 112529 78744 2883 1589 0 108542 0 976282
1786705162.683108 165777 134552 2883 1589 0 161790 0 976282
1786705163.683841 219025 189848 2883 1589 0 215038 0 976282
1786705164.684009 295313 246680 2883 1589 0 291326 0 976282
1786705165.683684 347537 303512 2883 1589 0 343550 0 976282
1786705166.684443 404881 358296 2883 1589 0 400894 0 976282
1786705167.684301 474001 414616 2883 1589 0 470014 0 976282
1786705168.682972 555921 471960 2883 1589 0 551934 0 976282
1786705169.682763 560017 528280 2883 1589 0 556030 0 976282
1786705170.684859 660369 584568 2851 1589 0 656382 0 976282
1786705171.690491 775057 641912 2851 1589 0 771070 0 976282
1786705172.683925 780177 698232 2851 1589 0 776190 0 976282
1786705173.688158 780177 755064 2851 1589 0 776190 0 976282
1786705174.684078 911249 812408 2851 1589 0 907262 0 976282
1786705175.683584 917393 869240 2851 1589 0 913406 0 976282
1786705176.686232 1081233 926584 2851 1589 0 1077246 0 976282
1786705177.684029 1081233 982904 2851 1589 0 1077246 0 976282
1786705178.683802 1088401 1039224 2851 1589 0 1084414 0 976282
1786705179.683917 1287058 1069426 2862 1589 0 1283070 0 976282
1786705180.683833 1287058 1069426 2862 1589 0 1283070 0 976282
1786705181.685982 1287058 1069426 2862 1589 0 1283070 0 976282
1786705182.683947 1287058 1069426 2862 1589 0 1283070 0 976282
1786705183.685276 1287058 1069426 2862 1589 0 1283070 0 976282
1786705184.685870 1287058 1069426 2862 1589 0 1283070 0 976282
1786705185.685186 1287058 1069426 2862 1589 0 1283070 0 976282
1786705186.684989 1287058 1069426 2862 1589 0 1283070 0 976282
1786705187.685087 1287058 1069426 2862 1589 0 1283070 0 976282
1786705188.684938 1287058 1069426 2862 1589 0 1283070 0 976282
1786705189.683746 1287058 1069426 2862 1589 0 1283070 0 976282
1786705190.684098 1287058 1069426 2862 1589 0 1283070 0 976282
1786705191.690556 1287058 1069426 2862 1589 0 1283070 0 976282
1786705192.687275 1289107 1069424 2862 1589 0 1285118 0 976282
1786705193.683743 1289107 1069424 2862 1589 0 1285118 0 976282
1786705194.688040 1289107 1069424 2862 1589 0 1285118 0 976282
1786705195.687955 1289107 1069424 2862 1589 0 1285118 0 976282
1786705196.684798 1289107 1069424 2862 1589 0 1285118 0 976282
1786705197.685051 1289107 1069424 2862 1589 0 1285118 0 976282
1786705198.684111 1289107 1069424 2862 1589 0 1285118 0 976282
1786705199.686058 1289107 1069424 2862 1589 0 1285118 0 976282
1786705200.683991 1289107 1069424 2862 1589 0 1285118 0 976282
1786705201.688309 1289107 1069424 2862 1589 0 1285118 0 976282
1786705202.683864 1289107 1069424 2862 1589 0 1285118 0 976282
1786705203.683901 1289107 1069424 2862 1589 0 1285118 0 976282
1786705204.682913 1289107 1069424 2862 1589 0 1285118 0 976282
1786705205.683543 1291156 1069424 2862 1589 0 1287166 0 976282
1786705206.684385 1291156 1069424 2862 1589 0 1287166 0 976282
1786705207.689438 1291156 1069424 2862 1589 0 1287166 0 976282
1786705208.689847 1291156 1069424 2862 1589 0 1287166 0 976282
1786705209.688369 1291156 1069424 2862 1589 0 1287166 0 976282
1786705210.683749 1291156 1069424 2862 1589 0 1287166 0 976282
1786705211.686441 1291156 1069424 2862 1589 0 1287166 0 976282
1786705212.687912 1291156 1069424 2862 1589 0 1287166 0 976282
1786705213.688042 1291156 1069424 2862 1589 0 1287166 0 976282
1786705214.688120 1291156 1069424 2862 1589 0 1287166 0 976282
1786705215.688243 1291156 1069424 2862 1589 0 1287166 0 976282
1786705216.685629 1291156 1069424 2862 1589 0 1287166 0 976282
1786705217.684219 1291156 1069424 2862 1589 0 1287166 0 976282
1786705218.688045 1291156 1069424 2862 1589 0 1287166 0 976282
1786705219.683879 1291156 1069424 2862 1589 0 1287166 0 976282
1786705220.687987 1291156 1069424 2862 1589 0 1287166 0 976282
1786705221.685926 1291156 1069424 2862 1589 0 1287166 0 976282
1786705222.685089 1291156 1069424 2862 1589 0 1287166 0 976282
1786705223.689482 1291156 1069424 2862 1589 0 1287166 0 976282
1786705224.685706 1291156 1069424 2862 1589 0 1287166 0 976282
1786705225.687882 1291156 1069424 2862 1589 0 1287166 0 976282
1786705226.684277 1291156 1069424 2862 1589 0 1287166 0 976282
1786705227.684050 1291156 1069424 2862 1589 0 1287166 0 976282
1786705228.684106 1291156 1069424 2862 1589 0 1287166 0 976282
1786705229.688053 1291156 1069424 2862 1589 0 1287166 0 976282
1786705230.686287 1291156 1069424 2862 1589 0 1287166 0 976282
1786705231.686109 1291156 1069424 2862 1589 0 1287166 0 976282
1786705232.683967 1291156 1069424 2862 1589 0 1287166 0 976282
1786705233.684668 1291156 1069424 2862 1589 0 1287166 0 976282
1786705234.688295 1291156 1069424 2862 1589 0 1287166 0 976282
1786705235.684226 1291156 1069424 2862 1589 0 1287166 0 976282
1786705236.683114 1291156 1069424 2862 1589 0 1287166 0 976282
1786705237.688062 1291156 1069424 2862 1589 0 1287166 0 976282
1786705238.684083 1291156 1069424 2862 1589 0 1287166 0 976282
1786705239.684761 1291156 1069424 2862 1589 0 1287166 0 976282
1786705240.684054 1291156 1069424 2862 1589 0 1287166 0 976282
1786705241.685196 1291156 1069424 2862 1589 0 1287166 0 976282
1786705242.684031 1291156 1069424 2862 1589 0 1287166 0 976282
1786705243.684473 1291156 1069424 2862 1589 0 1287166 0 976282
1786705244.688314 1291156 1069424 2862 1589 0 1287166 0 976282
1786705245.689027 1291156 1069424 2862 1589 0 1287166 0 976282
1786705246.683043 1291156 1069424 2862 1589 0 1287166 0 976282
1786705247.684878 1291156 1069424 2862 1589 0 1287166 0 976282
1786705248.687711 1291156 1069424 2862 1589 0 1287166 0 976282
1786705249.684340 1291156 1069424 2862 1589 0 1287166 0 976282
1786705250.683301 1291156 1069424 2862 1589 0 1287166 0 976282
1786705251.688063 1291156 1069424 2862 1589 0 1287166 0 976282
1786705252.688087 1291156 1069424 2862 1589 0 1287166 0 976282
1786705253.689062 1291156 1069424 2862 1589 0 1287166 0 976282
1786705254.689180 1291156 1069424 2862 1589 0 1287166 0 976282
1786705255.688615 1291156 1069424 2862 1589 0 1287166 0 976282
1786705256.688238 1291156 1069424 2862 1589 0 1287166 0 976282
1786705257.683919 1291156 1069424 2862 1589 0 1287166 0 976282
1786705258.684843 1291156 1069424 2862 1589 0 1287166 0 976282
1786705259.685265 1291156 1069424 2862 1589 0 1287166 0 976282
1786705260.688027 1291156 1069424 2862 1589 0 1287166 0 976282
1786705261.683178 1291156 1069424 2862 1589 0 1287166 0 976282
1786705262.684777 1291156 1069424 2862 1589 0 1287166 0 976282
1786705263.684107 1291156 1069424 2862 1589 0 1287166 0 976282
1786705264.687788 1291156 1069424 2862 1589 0 1287166 0 976282
1786705265.684374 1291156 1069424 2862 1589 0 1287166 0 976282
1786705266.686294 1291156 1069424 2862 1589 0 1287166 0 976282
1786705267.683916 1291156 1069424 2862 1589 0 1287166 0 976282
1786705268.684204 1291156 1069424 2862 1589 0 1287166 0 976282
1786705269.687062 1291156 1069424 2862 1589 0 1287166 0 976282
1786705270.683864 1291156 1069424 2862 1589 0 1287166 0 976282
1786705271.683022 1291156 1069424 2862 1589 0 1287166 0 976282
1786705272.686232 1291156 1069424 2862 1589 0 1287166 0 976282
1786705273.684818 1291156 1069424 2862 1589 0 1287166 0 976282
1786705274.683858 1291156 1069424 2862 1589 0 1287166 0 976282
1786705275.684034 1291156 1069424 2862 1589 0 1287166 0 976282
1786705276.684234 1291156 1069424 2862 1589 0 1287166 0 976282
1786705277.686872 1291156 1069424 2862 1589 0 1287166 0 976282
1786705278.779159 1291156 1069424 2862 1589 0 1287166 0 976282
1786705279.683884 1291796 1069475 2862 1589 0 1287806 0 976282
1786705280.683436 1291796 1069475 2862 1589 0 1287806 0 976282
1786705281.684131 1291796 1069475 2862 1589 0 1287806 0 976299
1786705282.687807 1291796 1069475 2862 1589 0 1287806 0 976299
1786705283.683989 1291796 1069475 2862 1589 0 1287806 0 976299
1786705284.683917 1291796 1069475 2862 1589 0 1287806 0 976299
1786705285.685975 1291796 1069475 2862 1589 0 1287806 0 976299
1786705286.683921 1291796 1069475 2862 1589 0 1287806 0 976299
1786705287.682911 1291796 1069475 2862 1589 0 1287806 0 976299
1786705288.682929 1291796 1069475 2862 1589 0 1287806 0 976299
1786705289.686762 1291796 1069475 2862 1589 0 1287806 0 976299
1786705290.687541 1291796 1069475 2862 1589 0 1287806 0 976299
1786705291.684044 1291796 1069475 2862 1589 0 1287806 0 976299
1786705292.683342 1291796 1069475 2862 1589 0 1287806 0 976299
1786705293.684033 1291796 1069475 2862 1589 0 1287806 0 976299
1786705294.683764 1291796 1069475 2862 1589 0 1287806 0 976299
1786705295.683794 1291796 1069475 2862 1589 0 1287806 0 976299
1786705296.683972 1291796 1069475 2862 1589 0 1287806 0 976299
1786705297.683848 1291796 1069475 2862 1589 0 1287806 0 976299
1786705298.682706 1291796 1069475 2862 1589 0 1287806 0 976299
1786705299.684019 1291796 1069475 2862 1589 0 1287806 0 976299
1786705300.686300 1291796 1069475 2862 1589 0 1287806 0 976299
1786705301.685633 1291796 1069475 2862 1589 0 1287806 0 976299
1786705302.684271 1291796 1069475 2862 1589 0 1287806 0 976299
1786705303.688027 1291796 1069475 2862 1589 0 1287806 0 976299
1786705304.683810 1291796 1069475 2862 1589 0 1287806 0 976299
1786705305.686907 1291796 1069475 2862 1589 0 1287806 0 976299
1786705306.683873 1291796 1069475 2862 1589 0 1287806 0 976299
1786705307.684795 1291796 1069475 2862 1589 0 1287806 0 976299
1786705308.683720 1291796 1069475 2862 1589 0 1287806 0 976299
1786705309.683784 1291796 1069475 2862 1589 0 1287806 0 976299
1786705310.686185 1291796 1069475 2862 1589 0 1287806 0 976299
1786705311.685594 1291796 1069475 2862 1589 0 1287806 0 976299
1786705312.684872 1291796 1069475 2862 1589 0 1287806 0 976299
1786705313.683697 1291796 1069475 2862 1589 0 1287806 0 976299
1786705314.683773 1291796 1069475 2862 1589 0 1287806 0 976299
1786705315.683631 1291796 1069475 2862 1589 0 1287806 0 976299
1786705316.687712 1291796 1069475 2862 1589 0 1287806 0 976299
1786705317.683825 1291796 1069475 2862 1589 0 1287806 0 976299
1786705318.684018 1291796 1069475 2862 1589 0 1287806 0 976299
1786705319.684494 1291796 1069475 2862 1589 0 1287806 0 976299
1786705320.683442 1291796 1069475 2862 1589 0 1287806 0 976299
1786705321.684059 1291796 1069475 2862 1589 0 1287806 0 976299
1786705322.688700 1291796 1069475 2862 1589 0 1287806 0 976299
1786705323.683936 1291796 1069475 2862 1589 0 1287806 0 976299
1786705324.687777 1291796 1069475 2862 1589 0 1287806 0 976299
1786705325.683943 1291796 1069475 2862 1589 0 1287806 0 976299
1786705326.684051 1291796 1069475 2862 1589 0 1287806 0 976299
1786705327.683064 1291796 1069475 2862 1589 0 1287806 0 976299
1786705328.685245 1291796 1069475 2862 1589 0 1287806 0 976299
1786705329.685564 1291796 1069475 2862 1589 0 1287806 0 976299
1786705330.685520 1291796 1069475 2862 1589 0 1287806 0 976299
1786705331.683061 1291796 1069475 2862 1589 0 1287806 0 976299
1786705332.683699 1291796 1069475 2862 1589 0 1287806 0 976299
1786705333.682861 1291796 1069475 2862 1589 0 1287806 0 976299
1786705334.685941 1291796 1069475 2862 1589 0 1287806 0 976299
1786705335.682958 1291796 1069475 2862 1589 0 1287806 0 976299
1786705336.684164 1291796 1069475 2862 1589 0 1287806 0 976299
1786705337.686833 1291796 1069475 2862 1589 0 1287806 0 976299
1786705338.684101 1291796 1069475 2862 1589 0 1287806 0 976299
1786705339.684500 1291796 1069475 2862 1589 0 1287806 0 976299
1786705340.685363 1291796 1069475 2862 1589 0 1287806 0 976299
1786705341.684923 1291796 1069475 2862 1589 0 1287806 0 976299
1786705342.683864 1291796 1069475 2862 1589 0 1287806 0 976299
1786705343.686991 1291796 1069475 2862 1589 0 1287806 0 976299
1786705344.683009 1291796 1069475 2862 1589 0 1287806 0 976299
1786705345.683032 1291796 1069475 2862 1589 0 1287806 0 976299
1786705346.687088 1291796 1069475 2862 1589 0 1287806 0 976299
1786705347.683971 1291796 1069475 2862 1589 0 1287806 0 976299
1786705348.684470 1291796 1069475 2862 1589 0 1287806 0 976299
1786705349.683311 1291796 1069475 2862 1589 0 1287806 0 976299
1786705350.684157 1291796 1069475 2862 1589 0 1287806 0 976299
1786705351.686750 1291796 1069475 2862 1589 0 1287806 0 976299
1786705352.684885 1291796 1069475 2862 1589 0 1287806 0 976299
1786705353.684775 1291796 1069475 2862 1589 0 1287806 0 976299
1786705354.683846 1291796 1069475 2862 1589 0 1287806 0 976299
1786705355.684237 1291796 1069475 2862 1589 0 1287806 0 976299
1786705356.686750 1291796 1069475 2862 1589 0 1287806 0 976299
1786705357.684086 1291796 1069475 2862 1589 0 1287806 0 976299
1786705358.684256 1291796 1069475 2862 1589 0 1287806 0 976299
1786705359.688064 1291796 1069475 2862 1589 0 1287806 0 976299
1786705360.687662 1291796 1069475 2862 1589 0 1287806 0 976299
1786705361.682624 1291796 1069475 2862 1589 0 1287806 0 976299
1786705362.687263 1291796 1069475 2862 1589 0 1287806 0 976299
1786705363.686971 1291796 1069475 2862 1589 0 1287806 0 976299
1786705364.688074 1291796 1069475 2862 1589 0 1287806 0 976299
1786705365.687791 1291796 1069475 2862 1589 0 1287806 0 976299
1786705366.683765 1291796 1069475 2862 1589 0 1287806 0 976299
1786705367.683861 1291796 1069475 2862 1589 0 1287806 0 976299
1786705368.688436 1291796 1069475 2862 1589 0 1287806 0 976299
1786705369.684283 1291796 1069475 2862 1589 0 1287806 0 976299
1786705370.683967 1291796 1069475 2862 1589 0 1287806 0 976299
1786705371.683661 1291796 1069475 2862 1589 0 1287806 0 976299
1786705372.683708 1291796 1069475 2862 1589 0 1287806 0 976299
1786705373.686965 1291796 1069475 2862 1589 0 1287806 0 976299
1786705374.683832 1291796 1069491 2862 1589 0 1287806 0 976299
1786705375.687620 1291796 1069491 2862 1589 0 1287806 0 976299
1786705376.688088 1291796 1069491 2862 1589 0 1287806 0 976299
1786705377.689028 1291796 1069491 2862 1589 0 1287806 0 976299
1786705378.684356 1291796 1069491 2862 1589 0 1287806 0 976299
1786705379.688557 1291796 1069491 2862 1589 0 1287806 0 976299
1786705380.684197 1291796 1069491 2862 1589 0 1287806 0 976299
1786705381.687154 1291796 1069491 2862 1589 0 1287806 0 976299
1786705382.684083 1291796 1069491 2862 1589 0 1287806 0 976299
1786705383.685849 1291796 1069491 2862 1589 0 1287806 0 976299
1786705384.684966 1291796 1069491 2862 1589 0 1287806 0 976299
1786705385.689184 1291796 1069491 2862 1589 0 1287806 0 976299
1786705386.686974 1291796 1069491 2862 1589 0 1287806 0 976299
1786705387.684764 1291796 1069491 2862 1589 0 1287806 0 976299
1786705388.684611 1291796 1069491 2862 1589 0 1287806 0 976299
1786705389.684322 1291796 1069491 2862 1589 0 1287806 0 976299
1786705390.687080 1291796 1069491 2862 1589 0 1287806 0 976299
1786705391.684280 1291796 1069491 2862 1589 0 1287806 0 976299
1786705392.684989 1291796 1069491 2862 1589 0 1287806 0 976299
1786705393.683184 1291796 1069491 2862 1589 0 1287806 0 976299
1786705394.683940 1291796 1069491 2862 1589 0 1287806 0 976299
1786705395.685168 1291796 1069491 2862 1589 0 1287806 0 976299
1786705396.687986 1291796 1069491 2862 1589 0 1287806 0 976299
1786705397.687469 1291796 1069491 2862 1589 0 1287806 0 976299
1786705398.683304 1291796 1069491 2862 1589 0 1287806 0 976299
1786705399.684193 1291796 1069491 2862 1589 0 1287806 0 976299
1786705400.683927 1291796 1069491 2862 1589 0 1287806 0 976299
1786705401.686796 1291796 1069491 2862 1589 0 1287806 0 976299
1786705402.683728 1291796 1069491 2862 1589 0 1287806 0 976299
1786705403.683734 1291796 1069491 2862 1589 0 1287806 0 976299
1786705404.684143 1291796 1069491 2862 1589 0 1287806 0 976299
1786705405.684140 1291796 1069491 2862 1589 0 1287806 0 976299
1786705406.682988 1291796 1069491 2862 1589 0 1287806 0 976299
1786705407.683491 1291796 1069491 2862 1589 0 1287806 0 976299
1786705408.684219 1291796 1069491 2862 1589 0 1287806 0 976299
1786705409.683746 1291796 1069491 2862 1589 0 1287806 0 976299
1786705410.683970 1291796 1069491 2862 1589 0 1287806 0 976299
1786705411.682913 1291796 1069491 2862 1589 0 1287806 0 976299
1786705412.683998 1291796 1069491 2862 1589 0 1287806 0 976299
1786705413.684070 1291796 1069491 2862 1589 0 1287806 0 976299
1786705414.687855 1291796 1069491 2862 1589 0 1287806 0 976299
1786705415.683893 1291796 1069491 2862 1589 0 1287806 0 976299
1786705416.683820 1291796 1069491 2862 1589 0 1287806 0 976299
1786705417.683373 1291796 1069491 2862 1589 0 1287806 0 976299
1786705418.687048 1291796 1069491 2862 1589 0 1287806 0 976299
1786705419.683918 1291796 1069491 2862 1589 0 1287806 0 976299
1786705420.683804 1291796 1069491 2862 1589 0 1287806 0 976299
1786705421.687100 1291796 1069491 2862 1589 0 1287806 0 976299
1786705422.684276 1291796 1069491 2862 1589 0 1287806 0 976299
1786705423.684973 1291796 1069491 2862 1589 0 1287806 0 976299
1786705424.687271 1291796 1069491 2862 1589 0 1287806 0 976299
1786705425.683845 1291796 1069491 2862 1589 0 1287806 0 976299
1786705426.687189 1291796 1069491 2862 1589 0 1287806 0 976299
1786705427.687272 1291796 1069491 2862 1589 0 1287806 0 976299
1786705428.684098 1291796 1069491 2862 1589 0 1287806 0 976299
1786705429.686993 1291796 1069491 2862 1589 0 1287806 0 976299
1786705430.685183 1291796 1069491 2862 1589 0 1287806 0 976299
1786705431.683811 1291796 1069491 2862 1589 0 1287806 0 976299
1786705432.686852 1291796 1069491 2862 1589 0 1287806 0 976299
1786705433.688943 1291796 1069491 2862 1589 0 1287806 0 976299
1786705434.686752 1291796 1069491 2862 1589 0 1287806 0 976299
1786705435.682603 1291796 1069491 2862 1589 0 1287806 0 976299
1786705436.683380 1291796 1069491 2862 1589 0 1287806 0 976299
1786705437.688482 1291796 1069491 2862 1589 0 1287806 0 976299
1786705438.683084 1291796 1069491 2862 1589 0 1287806 0 976299
1786705439.686147 1291796 1069491 2862 1589 0 1287806 0 976299
1786705440.684834 1291796 1069491 2862 1589 0 1287806 0 976299
1786705441.683951 1291796 1069491 2862 1589 0 1287806 0 976299
1786705442.683919 1291796 1069491 2862 1589 0 1287806 0 976299
1786705443.684032 1291796 1069491 2862 1589 0 1287806 0 976299
1786705444.683909 1291796 1069491 2862 1589 0 1287806 0 976299
1786705445.682790 1291796 1069491 2862 1589 0 1287806 0 976299
1786705446.683522 1291796 1069491 2862 1589 0 1287806 0 976299
1786705447.684482 1291796 1069491 2862 1589 0 1287806 0 976299
1786705448.685082 1291796 1069491 2862 1589 0 1287806 0 976299
1786705449.684929 1291796 1069491 2862 1589 0 1287806 0 976299
1786705450.683961 1291796 1069491 2862 1589 0 1287806 0 976299
1786705451.686423 1291796 1069491 2862 1589 0 1287806 0 976299
1786705452.683769 1291796 1069491 2862 1589 0 1287806 0 976299
1786705453.683879 1291796 1069491 2862 1589 0 1287806 0 976299
1786705454.688061 1291796 1069491 2862 1589 0 1287806 0 976299
1786705455.683820 1291796 1069491 2862 1589 0 1287806 0 976299
1786705456.684708 1291796 1069491 2862 1589 0 1287806 0 976299
1786705457.684327 1291796 1069491 2862 1589 0 1287806 0 976299
1786705458.683378 1291796 1069491 2862 1589 0 1287806 0 976299
1786705459.684003 1291796 1069491 2862 1589 0 1287806 0 976299
1786705460.684023 1291796 1069491 2862 1589 0 1287806 0 976299
1786705461.684126 1291796 1069491 2862 1589 0 1287806 0 976299
1786705462.683923 1291796 1069491 2862 1589 0 1287806 0 976299
1786705463.685002 1291796 1069491 2862 1589 0 1287806 0 976299
1786705464.684280 1291796 1069491 2862 1589 0 1287806 0 976299
1786705465.684027 1291796 1069491 2862 1589 0 1287806 0 976299
1786705466.683393 1291796 1069491 2862 1589 0 1287806 0 976299
1786705467.684209 1291796 1069491 2862 1589 0 1287806 0 976299
1786705468.683961 1291796 1069491 2862 1589 0 1287806 0 976299
1786705469.683811 1291796 1069491 2862 1589 0 1287806 0 976299
1786705470.686808 1291796 1069491 2862 1589 0 1287806 0 976299
1786705471.684942 1291796 1069491 2862 1589 0 1287806 0 976299
1786705472.683885 1291796 1069491 2862 1589 0 1287806 0 976299
1786705473.684035 1291796 1069491 2862 1589 0 1287806 0 976299
1786705474.686968 1291796 1069491 2862 1589 0 1287806 0 976299
1786705475.682475 1291796 1069491 2862 1589 0 1287806 0 976299
1786705476.684537 1291796 1069491 2862 1589 0 1287806 0 976299
1786705477.684058 1291796 1069491 2862 1589 0 1287806 0 976299
1786705478.686809 1291796 1069491 2862 1589 0 1287806 0 976299
1786705479.684930 1291796 1069491 2862 1589 0 1287806 0 976299
1786705480.685825 1291796 1069491 2862 1589 0 1287806 0 976299
1786705481.688971 1291796 1069491 2862 1589 0 1287806 0 976299
1786705482.686988 1291796 1069491 2862 1589 0 1287806 0 976299
1786705483.683837 1291796 1069491 2862 1589 0 1287806 0 976299
1786705484.682700 1291796 1069491 2862 1589 0 1287806 0 976299
1786705485.682667 1291796 1069491 2862 1589 0 1287806 0 976299
1786705486.688172 1291796 1069491 2862 1589 0 1287806 0 976299
1786705487.687183 1291796 1069491 2862 1589 0 1287806 0 976299
1786705488.685869 1291796 1069491 2862 1589 0 1287806 0 976299
1786705489.688051 1291796 1069491 2862 1589 0 1287806 0 976299
1786705490.685049 1291796 1069491 2862 1589 0 1287806 0 976299
1786705491.687979 1291796 1069491 2862 1589 0 1287806 0 976299
1786705492.683806 1291796 1069491 2862 1589 0 1287806 0 976299
1786705493.686900 1291796 1069491 2862 1589 0 1287806 0 976299
1786705494.683746 1291796 1069491 2862 1589 0 1287806 0 976299
1786705495.683906 1291796 1069491 2862 1589 0 1287806 0 976299
1786705496.684264 1291796 1069491 2862 1589 0 1287806 0 976299
1786705497.683261 1291796 1069491 2862 1589 0 1287806 0 976299
1786705498.686940 1291796 1069491 2862 1589 0 1287806 0 976299
1786705499.684012 1291796 1069491 2862 1589 0 1287806 0 976299
1786705500.682906 1291796 1069491 2862 1589 0 1287806 0 976299
1786705501.686978 1291796 1069491 2862 1589 0 1287806 0 976299
1786705502.688469 1291796 1069491 2862 1589 0 1287806 0 976299
1786705503.683866 1291796 1069491 2862 1589 0 1287806 0 976299
1786705504.685075 1291796 1069491 2862 1589 0 1287806 0 976299
1786705505.688410 1291796 1069491 2862 1589 0 1287806 0 976299
1786705506.684534 1291796 1069491 2862 1589 0 1287806 0 976299
1786705507.688259 1291796 1069491 2862 1589 0 1287806 0 976299
1786705508.688174 1291796 1069491 2862 1589 0 1287806 0 976299
1786705509.682939 1291796 1069491 2862 1589 0 1287806 0 976299
1786705510.686837 1291796 1069491 2862 1589 0 1287806 0 976299
1786705511.686667 1291796 1069491 2862 1589 0 1287806 0 976299
1786705512.683828 1291796 1069491 2862 1589 0 1287806 0 976299
1786705513.683949 1291796 1069491 2862 1589 0 1287806 0 976299
1786705514.684234 1291796 1069491 2862 1589 0 1287806 0 976299
1786705515.687609 1291796 1069491 2862 1589 0 1287806 0 976299
1786705516.683514 1291796 1069491 2862 1589 0 1287806 0 976299
1786705517.685079 1291796 1069491 2862 1589 0 1287806 0 976299
1786705518.683036 1291796 1069491 2862 1589 0 1287806 0 976299
1786705519.682962 1291796 1069491 2862 1589 0 1287806 0 976299
1786705520.683797 1291796 1069491 2862 1589 0 1287806 0 976299
1786705521.683054 1291796 1069491 2862 1589 0 1287806 0 976299
1786705522.683879 1291796 1069491 2862 1589 0 1287806 0 976299
1786705523.686999 1291796 1069491 2862 1589 0 1287806 0 976299
1786705524.683805 1291796 1069491 2862 1589 0 1287806 0 976299
1786705525.691427 1291796 1069491 2862 1589 0 1287806 0 976299
1786705526.686700 1291796 1069491 2862 1589 0 1287806 0 976299
1786705527.683955 1291796 1069491 2862 1589 0 1287806 0 976299
1786705528.686193 1291796 1069491 2862 1589 0 1287806 0 976299
1786705529.683833 1291796 1069491 2862 1589 0 1287806 0 976299
1786705530.683626 1291796 1069491 2862 1589 0 1287806 0 976299
1786705531.682706 1291796 1069491 2862 1589 0 1287806 0 976299
1786705532.682848 1291796 1069491 2862 1589 0 1287806 0 976299
1786705533.682916 1291796 1069491 2862 1589 0 1287806 0 976299
1786705534.682881 1291796 1069491 2862 1589 0 1287806 0 976299
1786705535.683528 1291796 1069491 2862 1589 0 1287806 0 976299
1786705536.685142 1291796 1069491 2862 1589 0 1287806 0 976299
1786705537.683053 1291796 1069491 2862 1589 0 1287806 0 976299
1786705538.683731 1291796 1069491 2862 1589 0 1287806 0 976299
1786705539.683670 1291796 1069491 2862 1589 0 1287806 0 976299
1786705540.684268 1291796 1069491 2862 1589 0 1287806 0 976299
1786705541.684305 1291796 1069491 2862 1589 0 1287806 0 976299
1786705542.684262 1291796 1069491 2862 1589 0 1287806 0 976299
1786705543.683781 1291796 1069491 2862 1589 0 1287806 0 976299
1786705544.683851 1291796 1069491 2862 1589 0 1287806 0 976299
1786705545.684468 1291796 1069491 2862 1589 0 1287806 0 976299
1786705546.683154 1291796 1069491 2862 1589 0 1287806 0 976299
1786705547.683851 1291796 1069491 2862 1589 0 1287806 0 976299
1786705548.687052 1291796 1069491 2862 1589 0 1287806 0 976299
1786705549.687995 1291796 1069491 2862 1589 0 1287806 0 976299
1786705550.684072 1291796 1069491 2862 1589 0 1287806 0 976299
1786705551.687021 1291796 1069491 2862 1589 0 1287806 0 976299
1786705552.687089 1291796 1069491 2862 1589 0 1287806 0 976299
1786705553.687911 1291796 1069491 2862 1589 0 1287806 0 976299
1786705554.684134 1291796 1069491 2862 1589 0 1287806 0 976299
1786705555.684814 1291796 1069491 2862 1589 0 1287806 0 976299
1786705556.688188 1291796 1069491 2862 1589 0 1287806 0 976299
1786705557.682980 1291796 1069491 2862 1589 0 1287806 0 976299
1786705558.683135 1291796 1069491 2862 1589 0 1287806 0 976299
1786705559.684070 1291796 1069491 2862 1589 0 1287806 0 976299
1786705560.684146 1291796 1069491 2862 1589 0 1287806 0 976299
1786705561.683064 1291796 1069491 2862 1589 0 1287806 0 976299
1786705562.682846 1291796 1069491 2862 1589 0 1287806 0 976299
1786705563.687011 1291796 1069491 2862 1589 0 1287806 0 976299
1786705564.684464 1291796 1069491 2862 1589 0 1287806 0 976299
1786705565.687775 1291796 1069491 2862 1589 0 1287806 0 976299
1786705566.684341 1291796 1069491 2862 1589 0 1287806 0 976299
1786705567.684296 1291796 1069491 2862 1589 0 1287806 0 976299
1786705568.684165 1291796 1069491 2862 1589 0 1287806 0 976299
1786705569.683177 1291796 1069491 2862 1589 0 1287806 0 976299
1786705570.682881 1291796 1069491 2862 1589 0 1287806 0 976299
1786705571.684255 1291796 1069491 2862 1589 0 1287806 0 976299
1786705572.683971 1291796 1069491 2862 1589 0 1287806 0 976299
1786705573.684195 1291796 1069491 2862 1589 0 1287806 0 976299
1786705574.683803 1291796 1069491 2862 1589 0 1287806 0 976299
1786705575.683402 1291796 1069491 2862 1589 0 1287806 0 976299
1786705576.684091 1291796 1069491 2862 1589 0 1287806 0 976299
1786705577.686847 1291796 1069491 2862 1589 0 1287806 0 976299
1786705578.683960 1291796 1069491 2862 1589 0 1287806 0 976299
1786705579.683940 1291796 1069491 2862 1589 0 1287806 0 976299
1786705580.688260 1291796 1069491 2862 1589 0 1287806 0 976299
1786705581.687961 1291796 1069491 2862 1589 0 1287806 0 976299
1786705582.684816 1291796 1069491 2862 1589 0 1287806 0 976299
1786705583.690117 1291796 1069491 2862 1589 0 1287806 0 976299
1786705584.685751 1291796 1069491 2862 1589 0 1287806 0 976299
1786705585.688309 1291796 1069491 2862 1589 0 1287806 0 976299
1786705586.684183 1291796 1069491 2862 1589 0 1287806 0 976299
1786705587.683999 1291796 1069491 2862 1589 0 1287806 0 976299
1786705588.683916 1291796 1069491 2862 1589 0 1287806 0 976299
1786705589.687873 1291796 1069491 2862 1589 0 1287806 0 976299
1786705590.692230 1291796 1069491 2862 1589 0 1287806 0 976299
1786705591.688130 1291796 1069491 2862 1589 0 1287806 0 976299
1786705592.685182 1291796 1069491 2862 1589 0 1287806 0 976299
1786705593.684767 1291796 1069491 2862 1589 0 1287806 0 976299
1786705594.684290 1291796 1069491 2862 1589 0 1287806 0 976299
1786705595.687118 1291796 1069491 2862 1589 0 1287806 0 976299
1786705596.685669 1291796 1069491 2862 1589 0 1287806 0 976299
1786705597.683840 1291796 1069491 2862 1589 0 1287806 0 976299
1786705598.687847 1291796 1069491 2862 1589 0 1287806 0 976299
1786705599.686992 1291796 1069491 2862 1589 0 1287806 0 976299
1786705600.686381 1291796 1069491 2862 1589 0 1287806 0 976299
1786705601.683880 1291796 1069491 2862 1589 0 1287806 0 976299
1786705602.685551 1291796 1069491 2862 1589 0 1287806 0 976299
1786705603.685631 1291796 1069491 2862 1589 0 1287806 0 976299
1786705604.685226 1291796 1069491 2862 1589 0 1287806 0 976299
1786705605.683339 1291796 1069491 2862 1589 0 1287806 0 976299
1786705606.683721 1291796 1069491 2862 1589 0 1287806 0 976299
1786705607.683951 1291796 1069491 2862 1589 0 1287806 0 976299
1786705608.688018 1291796 1069491 2862 1589 0 1287806 0 976299
1786705609.688387 1291796 1069491 2862 1589 0 1287806 0 976299
1786705610.684287 1291796 1069491 2862 1589 0 1287806 0 976299
1786705611.683880 1291796 1069491 2862 1589 0 1287806 0 976299
1786705612.683844 1291796 1069491 2862 1589 0 1287806 0 976299
1786705613.684456 1291796 1069491 2862 1589 0 1287806 0 976299
1786705614.688204 1291796 1069491 2862 1589 0 1287806 0 976299
1786705615.684191 1291796 1069491 2862 1589 0 1287806 0 976299
1786705616.688017 1291796 1069491 2862 1589 0 1287806 0 976299
1786705617.683078 1291796 1069491 2862 1589 0 1287806 0 976299
1786705618.684394 1291796 1069491 2862 1589 0 1287806 0 976299
1786705619.686952 1291796 1069491 2862 1589 0 1287806 0 976299
1786705620.683134 1291796 1069491 2862 1589 0 1287806 0 976299
1786705621.688008 1291796 1069491 2862 1589 0 1287806 0 976299
1786705622.683504 1291796 1069491 2862 1589 0 1287806 0 976299
1786705623.685772 1291796 1069491 2862 1589 0 1287806 0 976299
1786705624.688193 1291796 1069491 2862 1589 0 1287806 0 976299
1786705625.688245 1291796 1069491 2862 1589 0 1287806 0 976299
1786705626.683126 1291796 1069491 2862 1589 0 1287806 0 976299
1786705627.684375 1291796 1069491 2862 1589 0 1287806 0 976299
1786705628.683306 1291796 1069491 2862 1589 0 1287806 0 976299
1786705629.685102 1291796 1069491 2862 1589 0 1287806 0 976299
1786705630.687951 1291796 1069491 2862 1589 0 1287806 0 976299
1786705631.682766 1291796 1069491 2862 1589 0 1287806 0 976299
1786705632.683737 1291796 1069491 2862 1589 0 1287806 0 976299
1786705633.688478 1291796 1069491 2862 1589 0 1287806 0 976299
1786705634.685391 1291796 1069491 2862 1589 0 1287806 0 976299
1786705635.684219 1291796 1069491 2862 1589 0 1287806 0 976299
1786705636.684092 1291796 1069491 2862 1589 0 1287806 0 976299
1786705637.683996 1291796 1069491 2862 1589 0 1287806 0 976299
1786705638.684282 1291796 1069491 2862 1589 0 1287806 0 976299
1786705639.685081 1291796 1069491 2862 1589 0 1287806 0 976299
1786705640.687960 1291796 1069491 2862 1589 0 1287806 0 976299
1786705641.687974 1291796 1069491 2862 1589 0 1287806 0 976299
1786705642.688623 1291796 1069491 2862 1589 0 1287806 0 976299
1786705643.688689 1291796 1069491 2862 1589 0 1287806 0 976299
1786705644.688220 1291796 1069491 2862 1589 0 1287806 0 976299
1786705645.684402 1291796 1069491 2862 1589 0 1287806 0 976299
1786705646.683150 1291796 1069491 2862 1589 0 1287806 0 976299
1786705647.684145 1291796 1069491 2862 1589 0 1287806 0 976299
1786705648.684012 1291796 1069491 2862 1589 0 1287806 0 976299
1786705649.684185 1291796 1069491 2862 1589 0 1287806 0 976299
1786705650.684062 1291796 1069491 2862 1589 0 1287806 0 976299
1786705651.686521 1291796 1069491 2862 1589 0 1287806 0 976299
1786705652.685767 1291796 1069491 2862 1589 0 1287806 0 976299
1786705653.688828 1291796 1069491 2862 1589 0 1287806 0 976299
1786705654.684241 1291796 1069491 2862 1589 0 1287806 0 976299
1786705655.684197 1291796 1069491 2862 1589 0 1287806 0 976299
1786705656.683828 1291796 1069491 2862 1589 0 1287806 0 976299
1786705657.684838 1291796 1069491 2862 1589 0 1287806 0 976299
1786705658.687935 1291796 1069491 2862 1589 0 1287806 0 976299
1786705659.688762 1291796 1069491 2862 1589 0 1287806 0 976299
1786705660.683125 1291796 1069491 2862 1589 0 1287806 0 976299
1786705661.684860 1291796 1069491 2862 1589 0 1287806 0 976299
1786705662.685683 1291796 1069491 2862 1589 0 1287806 0 976299
1786705663.685118 1291796 1069491 2862 1589 0 1287806 0 976299
1786705664.689072 1291796 1069491 2862 1589 0 1287806 0 976299
1786705665.684566 1291796 1069491 2862 1589 0 1287806 0 976299
1786705666.683121 1291796 1069491 2862 1589 0 1287806 0 976299
1786705667.685151 1291796 1069491 2862 1589 0 1287806 0 976299
1786705668.688447 1291796 1069491 2862 1589 0 1287806 0 976299
1786705669.685446 1291796 1069491 2862 1589 0 1287806 0 976299
1786705670.684163 1291796 1069491 2862 1589 0 1287806 0 976299
1786705671.688785 1291796 1069491 2862 1589 0 1287806 0 976299
1786705672.684556 1291796 1069491 2862 1589 0 1287806 0 976299
1786705673.688155 1291796 1069491 2862 1589 0 1287806 0 976299
1786705674.684992 1291796 1069491 2862 1589 0 1287806 0 976299
1786705675.688123 1291796 1069491 2862 1589 0 1287806 0 976299
1786705676.683021 1291796 1069491 2862 1589 0 1287806 0 976299
1786705677.687915 1291796 1069491 2862 1589 0 1287806 0 976299
1786705678.685280 1291796 1069491 2862 1589 0 1287806 0 976299
1786705679.683164 1291796 1069491 2862 1589 0 1287806 0 976299
1786705680.684158 1291796 1069491 2862 1589 0 1287806 0 976299
1786705681.683491 1291796 1069491 2862 1589 0 1287806 0 976299
1786705682.684532 1291796 1069491 2862 1589 0 1287806 0 976299
1786705683.688144 1291796 1069491 2862 1589 0 1287806 0 976299
1786705684.684095 1291796 1069491 2862 1589 0 1287806 0 976299
1786705685.688456 1291796 1069491 2862 1589 0 1287806 0 976299
1786705686.688338 1291796 1069491 2862 1589 0 1287806 0 976299
1786705687.684440 1291796 1069491 2862 1589 0 1287806 0 976299
1786705688.688325 1291796 1069491 2862 1589 0 1287806 0 976299
1786705689.688157 1291796 1069491 2862 1589 0 1287806 0 976299
1786705690.684994 1291796 1069491 2862 1589 0 1287806 0 976299
1786705691.685614 1291796 1069491 2862 1589 0 1287806 0 976299
1786705692.684438 1291796 1069491 2862 1589 0 1287806 0 976299
1786705693.683619 1291796 1069491 2862 1589 0 1287806 0 976299
1786705694.683162 1291796 1069491 2862 1589 0 1287806 0 976299
1786705695.685094 1291796 1069491 2862 1589 0 1287806 0 976299
1786705696.687305 1291796 1069491 2862 1589 0 1287806 0 976299
1786705697.685025 1291796 1069491 2862 1589 0 1287806 0 976299
1786705698.688169 1291796 1069491 2862 1589 0 1287806 0 976299
1786705699.683067 1291796 1069491 2862 1589 0 1287806 0 976299
1786705700.685062 1291796 1069491 2862 1589 0 1287806 0 976299
1786705701.684492 1291796 1069491 2862 1589 0 1287806 0 976299
1786705702.688522 1291796 1069491 2862 1589 0 1287806 0 976299
1786705703.685295 1291796 1069491 2862 1589 0 1287806 0 976299
1786705704.688159 1291796 1069491 2862 1589 0 1287806 0 976299
1786705705.684261 1291796 1069491 2862 1589 0 1287806 0 976299
1786705706.683163 1291796 1069491 2862 1589 0 1287806 0 976299
1786705707.685330 1291796 1069491 2862 1589 0 1287806 0 976299
1786705708.688102 1291796 1069491 2862 1589 0 1287806 0 976299
1786705709.688008 1291796 1069491 2862 1589 0 1287806 0 976299
1786705710.684618 1291796 1069491 2862 1589 0 1287806 0 976299
1786705711.688681 1291796 1069491 2862 1589 0 1287806 0 976299
1786705712.688210 1291796 1069491 2862 1589 0 1287806 0 976299
1786705713.684839 1291796 1069491 2862 1589 0 1287806 0 976299
1786705714.683781 1291796 1069491 2862 1589 0 1287806 0 976299
1786705715.688208 1291796 1069491 2862 1589 0 1287806 0 976299
1786705716.688060 1291796 1069491 2862 1589 0 1287806 0 976299
1786705717.683364 1291796 1069491 2862 1589 0 1287806 0 976299
1786705718.686017 1291796 1069491 2862 1589 0 1287806 0 976299
1786705719.684175 1291796 1069491 2862 1589 0 1287806 0 976299
1786705720.685927 1291796 1069491 2862 1589 0 1287806 0 976299
1786705721.684436 1291796 1069491 2862 1589 0 1287806 0 976299
1786705722.684247 1291796 1069491 2862 1589 0 1287806 0 976299
1786705723.688080 1291796 1069491 2862 1589 0 1287806 0 976299
1786705724.687773 1291796 1069491 2862 1589 0 1287806 0 976299
1786705725.684961 1291796 1069491 2862 1589 0 1287806 0 976299
1786705726.685002 1291796 1069491 2862 1589 0 1287806 0 976299
1786705727.684045 1291796 1069491 2862 1589 0 1287806 0 976299
1786705728.684147 1291796 1069491 2862 1589 0 1287806 0 976299
1786705729.688262 1291796 1069491 2862 1589 0 1287806 0 976299
1786705730.684033 1291796 1069491 2862 1589 0 1287806 0 976299
1786705731.683160 1291796 1069491 2862 1589 0 1287806 0 976299
1786705732.685135 1291796 1069491 2862 1589 0 1287806 0 976299
1786705733.682885 1291796 1069491 2862 1589 0 1287806 0 976299
1786705734.683125 1291796 1069491 2862 1589 0 1287806 0 976299
1786705735.684109 1291796 1069491 2862 1589 0 1287806 0 976299
1786705736.688176 1291796 1069491 2862 1589 0 1287806 0 976299
1786705737.684305 1291796 1069491 2862 1589 0 1287806 0 976299
1786705738.683200 1291796 1069491 2862 1589 0 1287806 0 976299
1786705739.684857 1291796 1069491 2862 1589 0 1287806 0 976299
1786705740.684238 1291796 1069491 2862 1589 0 1287806 0 976299
1786705741.684407 1291796 1069491 2862 1589 0 1287806 0 976299
1786705742.684009 1291796 1069491 2862 1589 0 1287806 0 976299
1786705743.683091 1291796 1069491 2862 1589 0 1287806 0 976299
1786705744.686154 1291796 1069491 2862 1589 0 1287806 0 976299
1786705745.684149 1291796 1069491 2862 1589 0 1287806 0 976299
1786705746.684453 1291796 1069491 2862 1589 0 1287806 0 976299
1786705747.688286 1291796 1069491 2862 1589 0 1287806 0 976299
1786705748.688083 1291796 1069491 2862 1589 0 1287806 0 976299
1786705749.684655 1291796 1069491 2862 1589 0 1287806 0 976299
1786705750.684267 1291796 1069491 2862 1589 0 1287806 0 976299
1786705751.688139 1291796 1069491 2862 1589 0 1287806 0 976299
1786705752.684053 1291796 1069491 2862 1589 0 1287806 0 976299
1786705753.683228 1291796 1069491 2862 1589 0 1287806 0 976299
1786705754.688161 1291796 1069491 2862 1589 0 1287806 0 976299
1786705755.685420 1291796 1069491 2862 1589 0 1287806 0 976299
1786705756.684317 1291796 1069491 2862 1589 0 1287806 0 976299
1786705757.682884 1291796 1069491 2862 1589 0 1287806 0 976299
1786705758.683492 1291796 1069491 2862 1589 0 1287806 0 976299
1786705759.684369 1291796 1069491 2862 1589 0 1287806 0 976299
1786705760.684492 1291796 1069491 2862 1589 0 1287806 0 976299
1786705761.682992 1291796 1069491 2862 1589 0 1287806 0 976299
1786705762.684171 1291796 1069491 2862 1589 0 1287806 0 976299
1786705763.688278 1291796 1069491 2862 1589 0 1287806 0 976299
1786705764.684094 1291796 1069491 2862 1589 0 1287806 0 976299
1786705765.683920 1291796 1069491 2862 1589 0 1287806 0 976299
1786705766.683225 1291796 1069491 2862 1589 0 1287806 0 976299
1786705767.684154 1291796 1069491 2862 1589 0 1287806 0 976299
1786705768.683525 1291796 1069491 2862 1589 0 1287806 0 976299
1786705769.688528 1291796 1069491 2862 1589 0 1287806 0 976299
1786705770.684118 1291796 1069491 2862 1589 0 1287806 0 976299
1786705771.682838 1291796 1069491 2862 1589 0 1287806 0 976299
1786705772.683178 1291796 1069491 2862 1589 0 1287806 0 976299
1786705773.688232 1291796 1069491 2862 1589 0 1287806 0 976299
1786705774.684227 1291796 1069491 2862 1589 0 1287806 0 976299
1786705775.688333 1291796 1069491 2862 1589 0 1287806 0 976299
1786705776.687881 1291796 1069491 2862 1589 0 1287806 0 976299
1786705777.683921 1291796 1069491 2862 1589 0 1287806 0 976299
1786705778.684482 1291796 1069491 2862 1589 0 1287806 0 976299
1786705779.684423 1291796 1069491 2862 1589 0 1287806 0 976299
1786705780.687362 1291796 1069491 2862 1589 0 1287806 0 976299
1786705781.685390 1291796 1069491 2862 1589 0 1287806 0 976299
1786705782.684042 1291796 1069491 2862 1589 0 1287806 0 976299
1786705783.688155 1291796 1069491 2862 1589 0 1287806 0 976299
1786705784.685038 1291796 1069491 2862 1589 0 1287806 0 976299
1786705785.687960 1291796 1069491 2862 1589 0 1287806 0 976299
1786705786.687771 1291796 1069491 2862 1589 0 1287806 0 976299
1786705787.688161 1291796 1069491 2862 1589 0 1287806 0 976299
1786705788.684498 1291796 1069491 2862 1589 0 1287806 0 976299
1786705789.683494 1291796 1069491 2862 1589 0 1287806 0 976299
1786705790.684406 1291796 1069491 2862 1589 0 1287806 0 976299
1786705791.688210 1291796 1069491 2862 1589 0 1287806 0 976299
1786705792.684136 1291796 1069491 2862 1589 0 1287806 0 976299
1786705793.687801 1291796 1069491 2862 1589 0 1287806 0 976299
1786705794.685107 1291796 1069491 2862 1589 0 1287806 0 976299
1786705795.684047 1291796 1069491 2862 1589 0 1287806 0 976299
1786705796.684133 1291796 1069491 2862 1589 0 1287806 0 976299
1786705797.683929 1291796 1069491 2862 1589 0 1287806 0 976299
1786705798.685745 1291796 1069491 2862 1589 0 1287806 0 976299
1786705799.685488 1291796 1069491 2862 1589 0 1287806 0 976299
1786705800.683181 1291796 1069491 2862 1589 0 1287806 0 976299
1786705801.683905 1291796 1069491 2862 1589 0 1287806 0 976299
1786705802.684048 1291796 1069491 2862 1589 0 1287806 0 976299
1786705803.683291 1291796 1069491 2862 1589 0 1287806 0 976299
1786705804.688079 1291796 1069491 2862 1589 0 1287806 0 976299
1786705805.685018 1291796 1069491 2862 1589 0 1287806 0 976299
1786705806.684235 1291796 1069491 2862 1589 0 1287806 0 976299
1786705807.684453 1291796 1069491 2862 1589 0 1287806 0 976299
1786705808.684423 1291796 1069491 2862 1589 0 1287806 0 976299
1786705809.688302 1291796 1069491 2862 1589 0 1287806 0 976299
1786705810.688109 1291796 1069491 2862 1589 0 1287806 0 976299
1786705811.684032 1291796 1069491 2862 1589 0 1287806 0 976299
1786705812.684092 1291796 1069491 2862 1589 0 1287806 0 976299
1786705813.685121 1291796 1069491 2862 1589 0 1287806 0 976299
1786705814.688665 1291796 1069491 2862 1589 0 1287806 0 976299
1786705815.684236 1291796 1069491 2862 1589 0 1287806 0 976299
1786705816.683806 1291796 1069491 2862 1589 0 1287806 0 976299
1786705817.684457 1291796 1069491 2862 1589 0 1287806 0 976299
1786705818.688364 1291796 1069491 2862 1589 0 1287806 0 976299
1786705819.687907 1291796 1069491 2862 1589 0 1287806 0 976299
1786705820.682966 1291796 1069491 2862 1589 0 1287806 0 976299
1786705821.688386 1291796 1069491 2862 1589 0 1287806 0 976299
1786705822.683942 1291796 1069491 2862 1589 0 1287806 0 976299
1786705823.687095 1291796 1069491 2862 1589 0 1287806 0 976299
1786705824.685031 1291796 1069491 2862 1589 0 1287806 0 976299
1786705825.683128 1291796 1069491 2862 1589 0 1287806 0 976299
1786705826.683528 1291796 1069491 2862 1589 0 1287806 0 976299
1786705827.683378 1291796 1069491 2862 1589 0 1287806 0 976299
1786705828.684151 1291796 1069491 2862 1589 0 1287806 0 976299
1786705829.682995 1291796 1069491 2862 1589 0 1287806 0 976299
1786705830.683138 1291796 1069491 2862 1589 0 1287806 0 976299
1786705831.684109 1291796 1069491 2862 1589 0 1287806 0 976299
1786705832.684087 1291796 1069491 2862 1589 0 1287806 0 976299
1786705833.683682 1291796 1069491 2862 1589 0 1287806 0 976299
1786705834.684995 1291796 1069491 2862 1589 0 1287806 0 976299
1786705835.683067 1291796 1069491 2862 1589 0 1287806 0 976299
1786705836.688906 1291796 1069491 2862 1589 0 1287806 0 976299
1786705837.690101 1291796 1069491 2862 1589 0 1287806 0 976299
1786705838.686763 1291796 1069491 2862 1589 0 1287806 0 976299
1786705839.683992 1291796 1069491 2862 1589 0 1287806 0 976299
1786705840.689390 1291796 1069491 2862 1589 0 1287806 0 976299
1786705841.684419 1291796 1069491 2862 1589 0 1287806 0 976299
1786705842.683701 1291796 1069491 2862 1589 0 1287806 0 976299
1786705843.684066 1291796 1069491 2862 1589 0 1287806 0 976299
1786705844.682931 1291796 1069491 2862 1589 0 1287806 0 976299
1786705845.683931 1291796 1069491 2862 1589 0 1287806 0 976299
1786705846.684317 1291796 1069491 2862 1589 0 1287806 0 976299
1786705847.684228 1291796 1069491 2862 1589 0 1287806 0 976299
1786705848.683172 1291796 1069491 2862 1589 0 1287806 0 976299
1786705849.682937 1291796 1069491 2862 1589 0 1287806 0 976299
1786705850.683875 1291796 1069491 2862 1589 0 1287806 0 976299
1786705851.686834 1291796 1069491 2862 1589 0 1287806 0 976299
1786705852.683900 1291796 1069491 2862 1589 0 1287806 0 976299
1786705853.685881 1291796 1069491 2862 1589 0 1287806 0 976299
1786705854.683896 1291796 1069491 2862 1589 0 1287806 0 976299
1786705855.686475 1291796 1069491 2862 1589 0 1287806 0 976299
1786705856.688519 1291796 1069491 2862 1589 0 1287806 0 976299
1786705857.688108 1291796 1069491 2862 1589 0 1287806 0 976299
1786705858.686998 1291796 1069491 2862 1589 0 1287806 0 976299
1786705859.686904 1291796 1069491 2862 1589 0 1287806 0 976299
1786705860.684848 1291796 1069491 2862 1589 0 1287806 0 976299
1786705861.686857 1291796 1069491 2862 1589 0 1287806 0 976299
1786705862.683965 1291796 1069491 2862 1589 0 1287806 0 976299
1786705863.683818 1291796 1069491 2862 1589 0 1287806 0 976299
1786705864.683802 1291796 1069491 2862 1589 0 1287806 0 976299
1786705865.684596 1291796 1069491 2862 1589 0 1287806 0 976299
1786705866.684733 1291796 1069491 2862 1589 0 1287806 0 976299
1786705867.684248 1291796 1069491 2862 1589 0 1287806 0 976299
1786705868.683786 1291796 1069491 2862 1589 0 1287806 0 976299
1786705869.683895 1291796 1069491 2862 1589 0 1287806 0 976299
1786705870.682863 1291796 1069491 2862 1589 0 1287806 0 976299
1786705871.686947 1291796 1069491 2862 1589 0 1287806 0 976299
1786705872.682847 1291796 1069491 2862 1589 0 1287806 0 976299
