# start_epoch=1786718176.973794  page_size=4096  cachestat=ok  fields=size,resident,shared,text,lib,data,dt,pagecache
1786718177.975079 39313 21556 2583 1589 0 35326 0 19053
1786718179.000448 47633 29465 2679 1589 0 43646 0 39124
1786718179.998956 52753 35164 2744 1589 0 48766 0 49326
1786718180.999739 52753 28981 2808 1589 0 48766 0 31320
1786718181.999663 53521 33348 2808 1589 0 49534 0 55900
1786718182.998475 53521 32830 2808 1589 0 49534 0 43570
1786718184.001907 53521 32830 2808 1589 0 49534 0 64152
1786718184.999000 53521 29742 2808 1589 0 49534 0 55820
1786718185.999109 53521 29742 2808 1589 0 49534 0 55820
1786718187.000964 53521 33334 2808 1589 0 49534 0 80497
1786718188.000024 53521 33897 2855 1589 0 49534 0 68070
1786718189.000162 53521 33897 2855 1589 0 49534 0 68070
1786718190.004179 54161 35442 2855 1589 0 50174 0 141702
1786718191.000481 54161 33393 2855 1589 0 50174 0 79511
1786718192.004052 54161 33393 2855 1589 0 50174 0 98814
1786718193.002122 54161 35961 2855 1589 0 50174 0 109306
1786718194.002475 54161 30563 2855 1589 0 50174 0 91760
1786718195.002901 54161 33131 2855 1589 0 50174 0 115413
1786718196.002036 54161 31326 2855 1589 0 50174 0 104009
1786718197.002517 54161 31326 2855 1589 0 50174 0 109922
1786718198.005775 54161 36454 2855 1589 0 50174 0 132780
1786718199.003667 54161 30555 2855 1589 0 50174 0 116258
1786718200.003874 54161 32471 2855 1589 0 50174 0 136329
1786718201.004067 54161 37104 2855 1589 0 50174 0 142214
1786718202.005223 60305 35720 2855 1589 0 56318 0 163046
1786718203.006752 60305 35977 2855 1589 0 56318 0 146630
1786718204.003982 60305 37001 2855 1589 0 56318 0 138552
1786718205.005780 60305 29289 2855 1589 0 56318 0 138552
1786718206.005555 60305 33913 2855 1589 0 56318 0 162205
1786718207.004460 60305 35200 2855 1589 0 56318 0 150801
1786718208.006211 60305 35200 2855 1589 0 56318 0 169466
1786718209.006128 60305 36736 2855 1589 0 56318 0 179828
1786718210.005303 60305 31088 2855 1589 0 56318 0 163052
1786718211.008454 60305 33393 2855 1589 0 56318 0 183634
1786718212.007913 60305 38025 2855 1589 0 56318 0 189776
1786718213.006209 61073 38167 2855 1589 0 57086 0 173604
1786718214.007913 61073 38168 2855 1589 0 57086 0 197257
1786718215.006843 61073 29944 2855 1589 0 57086 0 185854
1786718216.008521 61073 31992 2855 1589 0 57086 0 205925
1786718217.007855 61073 37648 2855 1589 0 57086 0 210825
1786718218.007572 61073 35333 2855 1589 0 57086 0 198104
1786718219.009298 61073 36365 2855 1589 0 57086 0 225340
1786718220.008890 61073 31740 2855 1589 0 57086 0 210353
1786718221.009954 61073 33477 2855 1589 0 57086 0 230680
1786718222.009669 61073 37756 2855 1589 0 57086 0 236565
1786718223.008080 61073 36508 2855 1589 0 57086 0 220339
1786718224.009823 61073 36956 2855 1589 0 57086 0 240666
1786718225.011564 61073 37290 2855 1589 0 57086 0 278812
1786718226.008828 61073 31124 2855 1589 0 57086 0 231573
1786718227.012373 61073 32757 2855 1589 0 57086 0 251388
1786718228.012146 61073 37381 2855 1589 0 57086 0 292155
1786718229.008919 61073 36938 2855 1589 0 57086 0 242807
1786718230.013230 61073 36949 2855 1589 0 57086 0 267228
1786718231.010655 61073 31869 2855 1589 0 57086 0 255058
1786718232.011532 61073 31869 2855 1589 0 57086 0 255058
1786718233.014775 61073 36719 2855 1589 0 57086 0 277943
1786718234.012316 61073 39604 2855 1589 0 57086 0 283829
1786718235.010535 61969 37263 2855 1589 0 57982 0 264576
1786718236.011975 61969 37532 2855 1589 0 57982 0 285414
1786718237.098350 61969 38556 2855 1589 0 57982 0 323990
1786718238.011122 61969 32855 2855 1589 0 57982 0 276138
1786718239.098420 61969 33159 2855 1589 0 57982 0 296720
1786718240.101658 61969 37273 2855 1589 0 57982 0 335991
1786718241.014059 61969 36761 2855 1589 0 57982 0 287371
1786718242.010739 61969 36761 2855 1589 0 57982 0 308721
1786718243.015109 61969 37259 2855 1589 0 57982 0 317489
1786718244.014561 61969 32959 2855 1589 0 57982 0 299622
1786718245.015906 61969 33472 2855 1589 0 57982 0 318337
1786718246.098794 61969 35032 2855 1589 0 57982 0 328393
1786718247.013387 61969 34567 2855 1589 0 57982 0 345988
1786718248.014592 61969 34567 2855 1589 0 57982 0 309239
1786718249.098488 61969 37131 2855 1589 0 57982 0 350846
1786718250.014524 61969 40480 2855 1589 0 57982 0 338788
1786718251.017211 61969 37843 2855 1589 0 57982 0 320766
1786718252.102988 61969 37941 2855 1589 0 57982 0 390485
1786718253.100192 61969 39478 2855 1589 0 57982 0 396884
1786718254.014029 61969 35878 2855 1589 0 57982 0 331054
1786718255.102023 61969 35879 2855 1589 0 57982 0 398482
1786718256.101489 61969 38341 2855 1589 0 57982 0 404879
1786718257.014788 61969 39877 2855 1589 0 57982 0 342293
1786718258.104314 61969 39884 2855 1589 0 57982 0 409420
1786718259.015607 61969 33149 2855 1589 0 57982 0 353477
1786718260.017130 61969 33149 2855 1589 0 57982 0 353477
1786718261.102017 61969 33661 2855 1589 0 57982 0 374827
1786718262.106791 61969 36755 2855 1589 0 57982 0 477205
1786718263.015899 61969 33735 2855 1589 0 57982 0 363430
1786718264.102881 61969 33569 2855 1589 0 57982 0 382733
1786718265.101488 61969 36910 2855 1589 0 57982 0 437882
1786718266.018579 61969 34368 2855 1589 0 57982 0 374102
1786718267.104066 61969 34626 2855 1589 0 57982 0 394429
1786718268.105975 61969 36956 2855 1589 0 57982 0 446844
1786718269.019203 61969 34379 2855 1589 0 57982 0 384833
1786718270.105533 61969 34445 2855 1589 0 57982 0 462588
1786718271.105919 61969 36493 2855 1589 0 57982 0 468985
1786718272.019837 61969 37005 2855 1589 0 57982 0 395117
1786718273.020816 61969 37005 2855 1589 0 57982 0 395117
1786718274.107303 61969 37167 2855 1589 0 57982 0 515291
1786718275.097847 61969 39233 2855 1589 0 57982 0 447594
1786718276.018157 61969 35277 2855 1589 0 57982 0 405075
1786718277.104704 61969 35043 2855 1589 0 57982 0 473052
1786718278.107868 61969 38635 2855 1589 0 57982 0 479449
1786718279.018466 61969 36019 2855 1589 0 57982 0 415408
1786718280.106311 62865 36594 2855 1589 0 58878 0 495927
1786718281.103569 62865 38385 2855 1589 0 58878 0 489533
1786718282.019691 62865 35062 2855 1589 0 58878 0 425238
1786718283.102968 62865 36086 2855 1589 0 58878 0 446844
1786718284.105979 62865 39700 2855 1589 0 58878 0 452474
1786718285.101366 63889 39976 2855 1589 0 59902 0 459273
1786718286.106293 63889 39834 2855 1589 0 59902 0 455102
1786718287.105261 63889 39835 2855 1589 0 59902 0 464570
1786718288.020353 63889 31672 2855 1589 0 59902 0 444163
1786718289.109834 63889 33139 2855 1589 0 59902 0 463466
1786718290.107733 63889 36219 2855 1589 0 59902 0 470119
1786718291.097972 63889 23811 2855 1589 0 59902 0 453556
1786718292.020708 63889 30440 2855 1589 0 59902 0 453556
1786718293.104712 63889 35862 2855 1589 0 59902 0 475418
1786718294.104416 63889 39207 2855 1589 0 59902 0 481304
1786718295.021872 63889 33607 2855 1589 0 59902 0 462907
1786718296.105679 63889 34092 2855 1589 0 59902 0 483807
1786718297.105416 63889 38887 2855 1589 0 59902 0 489631
1786718298.100163 63889 37608 2855 1589 0 59902 0 475156
1786718299.101000 63889 37787 2855 1589 0 59902 0 472516
1786718300.108258 63889 37790 2855 1589 0 59902 0 497193
1786718301.099210 63889 32128 2855 1589 0 59902 0 481883
1786718302.022054 63889 32128 2855 1589 0 59902 0 481883
1786718303.109183 63889 35465 2855 1589 0 59902 0 501657
1786718304.108387 63889 39838 2855 1589 0 59902 0 507799
1786718305.099298 63889 41890 2855 1589 0 59902 0 492558
1786718306.109916 63889 42402 2855 1589 0 59902 0 509602
1786718307.109681 63889 42402 2855 1589 0 59902 0 515999
1786718308.101003 63889 36234 2855 1589 0 59902 0 501525
1786718309.020141 63889 36234 2855 1589 0 59902 0 498203
1786718310.110994 63889 36459 2855 1589 0 59902 0 525950
1786718311.102804 63889 31374 2855 1589 0 59902 0 510451
1786718312.198700 63889 33489 2855 1589 0 59902 0 529242
1786718313.113232 63889 37610 2855 1589 0 59902 0 631645
1786718314.024866 63889 34854 2855 1589 0 59902 0 520408
1786718315.102011 63889 34854 2855 1589 0 59902 0 520408
1786718316.111014 63889 37697 2855 1589 0 59902 0 593603
1786718317.111033 63889 42154 2855 1589 0 59902 0 599489
1786718318.102103 63889 38564 2855 1589 0 59902 0 529370
1786718319.114890 63889 38565 2855 1589 0 59902 0 626960
1786718320.102193 63889 35416 2855 1589 0 59902 0 537930
1786718321.109441 63889 35335 2855 1589 0 59902 0 550150
1786718322.113422 63889 39075 2855 1589 0 59902 0 562095
1786718323.111282 63889 43091 2855 1589 0 59902 0 567981
1786718324.103246 63889 40413 2855 1589 0 59902 0 547470
1786718325.110992 63889 40413 2855 1589 0 59902 0 569844
1786718326.110267 63889 41949 2855 1589 0 59902 0 575729
1786718327.099018 63889 36744 2855 1589 0 59902 0 555615
1786718328.115390 63889 37193 2855 1589 0 59902 0 576965
1786718329.110922 63889 41314 2855 1589 0 59902 0 582339
1786718330.102773 63889 41653 2855 1589 0 59902 0 567865
1786718331.112309 63889 41940 2855 1589 0 59902 0 583580
1786718332.112601 63889 41940 2855 1589 0 59902 0 589209
1786718333.101257 63889 39894 2855 1589 0 59902 0 576017
1786718334.201813 65169 40021 2855 1589 0 61182 0 682096
1786718335.198788 65169 40021 2855 1589 0 61182 0 687981
1786718336.100565 65169 40274 2855 1589 0 61182 0 584131
1786718337.105896 65169 40274 2855 1589 0 61182 0 584131
1786718338.199664 65169 40274 2855 1589 0 61182 0 607784
1786718339.108443 65169 42967 2855 1589 0 61182 0 636260
1786718340.103856 65169 41423 2855 1589 0 61182 0 593740
1786718341.114937 65169 41423 2855 1589 0 61182 0 616370
1786718342.200949 65169 43040 2855 1589 0 61182 0 688250
1786718343.102766 65169 41504 2855 1589 0 61182 0 601507
1786718344.199159 65169 41133 2855 1589 0 61182 0 623113
1786718345.113417 65169 42157 2855 1589 0 61182 0 628487
1786718346.100383 65169 40942 2855 1589 0 61182 0 609704
1786718347.200230 65169 40974 2855 1589 0 61182 0 630286
1786718348.200279 65169 40974 2855 1589 0 61182 0 635916
1786718349.109759 65169 39194 2855 1589 0 61182 0 637844
1786718350.107562 65169 39194 2855 1589 0 61182 0 617830
1786718351.202150 65169 39651 2855 1589 0 61182 0 641739
1786718352.198785 65169 41777 2855 1589 0 61182 0 643374
1786718353.103461 65169 42292 2855 1589 0 61182 0 630080
1786718354.200752 65169 42293 2855 1589 0 61182 0 649805
1786718355.106927 65169 37410 2855 1589 0 61182 0 638914
1786718356.110795 65169 37410 2855 1589 0 61182 0 638914
1786718357.201506 65169 36869 2855 1589 0 61182 0 656308
1786718358.200299 65169 40862 2855 1589 0 61182 0 662194
1786718359.104919 65169 39743 2855 1589 0 61182 0 647465
1786718360.198548 65169 37049 2855 1589 0 61182 0 734709
1786718361.109163 65169 32401 2855 1589 0 61182 0 655011
1786718362.103899 65169 32401 2855 1589 0 61182 0 655011
1786718363.199497 65169 37370 2855 1589 0 61182 0 676361
1786718364.210985 65169 41375 2855 1589 0 61182 0 776855
1786718365.105910 65169 40175 2855 1589 0 61182 0 662451
1786718366.202409 65169 39999 2855 1589 0 61182 0 683033
1786718367.203073 65169 41023 2855 1589 0 61182 0 688663
1786718368.109950 65169 39270 2855 1589 0 61182 0 674701
1786718369.205993 65169 39811 2855 1589 0 61182 0 688544
1786718370.201646 65169 39823 2855 1589 0 61182 0 694430
1786718371.109844 65169 36261 2855 1589 0 61182 0 681747
1786718372.198217 65169 36626 2855 1589 0 61182 0 690249
1786718373.201691 65169 39268 2855 1589 0 61182 0 705400
1786718374.111794 65169 43357 2855 1589 0 61182 0 744754
1786718375.110025 65169 39871 2855 1589 0 61182 0 689987
1786718376.198485 65169 39871 2855 1589 0 61182 0 712617
1786718377.206535 65169 43081 2855 1589 0 61182 0 779465
1786718378.111393 65169 39493 2855 1589 0 61182 0 697314
1786718379.200007 65169 39493 2855 1589 0 61182 0 718408
1786718380.202322 65169 42820 2855 1589 0 61182 0 723782
1786718381.197749 65169 42589 2855 1589 0 61182 0 676697
1786718382.202219 65169 42901 2855 1589 0 61182 0 724172
1786718383.201317 65169 42418 2855 1589 0 61182 0 730057
1786718384.108575 65169 39549 2855 1589 0 61182 0 716607
1786718385.110384 65169 33599 2855 1589 0 61182 0 711365
1786718386.199540 65169 38603 2855 1589 0 61182 0 734762
1786718387.201402 65169 42423 2855 1589 0 61182 0 740136
1786718388.110001 65169 43833 2855 1589 0 61182 0 723615
1786718389.204563 65169 43917 2855 1589 0 61182 0 746245
1786718390.212197 65169 44075 2855 1589 0 61182 0 879510
1786718391.108495 65169 39974 2855 1589 0 61182 0 732008
1786718392.205306 65169 39409 2855 1589 0 61182 0 752335
1786718393.202568 65169 40787 2855 1589 0 61182 0 757708
1786718394.113171 65169 41462 2855 1589 0 61182 0 738574
1786718395.206135 65169 41722 2855 1589 0 61182 0 757621
1786718396.207021 65169 41722 2855 1589 0 61182 0 763251
1786718397.198007 65169 43811 2855 1589 0 61182 0 768625
1786718398.107672 65169 41833 2855 1589 0 61182 0 745071
1786718399.203227 65169 42315 2855 1589 0 61182 0 768468
1786718400.206500 65169 42517 2855 1589 0 61182 0 773842
1786718401.107988 65169 41363 2855 1589 0 61182 0 753015
1786718402.203347 65169 41847 2855 1589 0 61182 0 774109
1786718403.211527 65169 41864 2855 1589 0 61182 0 779739
1786718404.110317 65169 44509 2855 1589 0 61182 0 765265
1786718405.206333 65169 44500 2855 1589 0 61182 0 778063
1786718406.203923 65169 44500 2855 1589 0 61182 0 784116
1786718407.204350 65169 44569 2855 1589 0 61182 0 771466
1786718408.117118 65169 42516 2855 1589 0 61182 0 771689
1786718409.208826 65169 42774 2855 1589 0 61182 0 794319
1786718410.210626 66705 43141 2855 1589 0 62718 0 874402
1786718411.116776 66705 43154 2855 1589 0 62718 0 779176
1786718412.211503 66705 43155 2855 1589 0 62718 0 800014
1786718413.213155 66705 43155 2855 1589 0 62718 0 806412
1786718414.115001 66705 43155 2855 1589 0 62718 0 785444
1786718415.206555 66705 43155 2855 1589 0 62718 0 792217
1786718416.208330 66705 42733 2855 1589 0 62718 0 809865
1786718417.116924 66705 42805 2855 1589 0 62718 0 797694
1786718418.115468 66705 42805 2855 1589 0 62718 0 791845
1786718419.212161 66705 43061 2855 1589 0 62718 0 814219
1786718420.212227 66705 43061 2855 1589 0 62718 0 820872
1786718421.117075 66705 43061 2855 1589 0 62718 0 798188
1786718422.209183 66705 43126 2855 1589 0 62718 0 804834
1786718423.214991 66705 43126 2855 1589 0 62718 0 822610
1786718424.117934 66705 42794 2855 1589 0 62718 0 810438
1786718425.118313 66705 42794 2855 1589 0 62718 0 804422
1786718426.298736 66705 36667 2855 1589 0 62718 0 825772
1786718427.209831 66705 39957 2855 1589 0 62718 0 832169
1786718428.118319 66705 41764 2855 1589 0 62718 0 816673
1786718429.206825 66705 36342 2855 1589 0 62718 0 836744
1786718430.301038 66705 39799 2855 1589 0 62718 0 982771
1786718431.119162 66705 36899 2855 1589 0 62718 0 824024
1786718432.298598 66705 36900 2855 1589 0 62718 0 842815
1786718433.301185 66705 41269 2855 1589 0 62718 0 847933
1786718434.204682 66705 44183 2855 1589 0 62718 0 864061
1786718435.118597 66705 39106 2855 1589 0 62718 0 830085
1786718436.213876 66705 39362 2855 1589 0 62718 0 852459
1786718437.297593 66705 42365 2855 1589 0 62718 0 934024
1786718438.113987 66705 36909 2855 1589 0 62718 0 835851
1786718439.209112 66705 37869 2855 1589 0 62718 0 855733
1786718440.209250 66705 41481 2855 1589 0 62718 0 861295
1786718441.117426 66705 42293 2855 1589 0 62718 0 831668
1786718442.113207 66705 42301 2855 1589 0 62718 0 842184
1786718443.297971 66705 42510 2855 1589 0 62718 0 866093
1786718444.211650 66705 43602 2855 1589 0 62718 0 899379
1786718445.114947 66705 40394 2855 1589 0 62718 0 851994
1786718446.299346 66705 40650 2855 1589 0 62718 0 873856
1786718447.208680 66705 43218 2855 1589 0 62718 0 878974
1786718448.207467 66705 44771 2855 1589 0 62718 0 831378
1786718449.212315 66705 45146 2855 1589 0 62718 0 862383
1786718450.212210 66705 45152 2855 1589 0 62718 0 881771
1786718451.211880 66705 45155 2855 1589 0 62718 0 886889
1786718452.120844 66705 41569 2855 1589 0 62718 0 869858
1786718453.211730 66705 41617 2855 1589 0 62718 0 891976
1786718454.298728 66705 43236 2855 1589 0 62718 0 1043469
1786718455.119039 66705 44139 2855 1589 0 62718 0 876233
1786718456.211913 66705 44397 2855 1589 0 62718 0 895280
1786718457.210359 66705 44400 2855 1589 0 62718 0 900654
1786718458.120394 66705 31918 2855 1589 0 62718 0 881560
1786718459.118491 66705 34092 2855 1589 0 62718 0 881560
1786718460.213241 66705 39641 2855 1589 0 62718 0 903422
1786718461.214042 66705 43488 2855 1589 0 62718 0 908540
1786718462.116316 66705 33978 2855 1589 0 62718 0 886957
1786718463.214840 66705 36773 2855 1589 0 62718 0 906516
1786718464.298753 66705 40224 2855 1589 0 62718 0 912913
1786718465.200049 66705 38413 2855 1589 0 62718 0 899207
1786718466.115012 66705 37203 2855 1589 0 62718 0 892969
1786718467.298696 66705 38216 2855 1589 0 62718 0 914063
1786718468.211823 66705 41817 2855 1589 0 62718 0 918925
1786718469.212883 66705 38055 2855 1589 0 62718 0 841876
1786718470.203576 66705 38257 2855 1589 0 62718 0 899151
1786718471.298922 66705 40229 2855 1589 0 62718 0 922804
1786718472.211779 66705 44122 2855 1589 0 62718 0 928135
1786718473.120698 66705 38312 2855 1589 0 62718 0 911402
1786718474.299635 66705 38409 2855 1589 0 62718 0 932752
1786718475.304276 66705 42163 2855 1589 0 62718 0 1088258
1786718476.200055 66705 40396 2855 1589 0 62718 0 918114
1786718477.198361 66705 40396 2855 1589 0 62718 0 918114
1786718478.298812 66705 40399 2855 1589 0 62718 0 941255
1786718479.302723 66705 44826 2855 1589 0 62718 0 1021737
1786718480.121869 66705 40740 2855 1589 0 62718 0 923052
1786718481.302210 66705 40741 2855 1589 0 62718 0 943890
1786718482.213836 66705 42277 2855 1589 0 62718 0 949008
1786718483.122315 66705 38163 2855 1589 0 62718 0 935302
1786718484.119993 66705 37348 2855 1589 0 62718 0 927922
1786718485.298928 66705 38863 2855 1589 0 62718 0 950296
1786718486.215568 66705 42722 2855 1589 0 62718 0 955414
1786718487.197851 66705 42291 2855 1589 0 62718 0 940172
1786718488.211615 66705 42323 2855 1589 0 62718 0 943192
1786718489.305263 66705 42323 2855 1589 0 62718 0 957555
1786718490.199113 66705 38281 2855 1589 0 62718 0 945130
1786718491.213582 66705 38281 2855 1589 0 62718 0 945130
1786718492.298567 66705 38281 2855 1589 0 62718 0 956952
1786718493.302434 66705 39817 2855 1589 0 62718 0 963093
1786718494.203846 66705 40078 2855 1589 0 62718 0 949645
1786718495.200936 66705 40078 2855 1589 0 62718 0 949645
1786718496.306797 66705 40336 2855 1589 0 62718 0 971507
1786718497.310266 66705 42033 2855 1589 0 62718 0 1130928
1786718498.118848 66705 40557 2855 1589 0 62718 0 956261
1786718499.306674 66705 40626 2855 1589 0 62718 0 970303
1786718500.301175 66705 41650 2855 1589 0 62718 0 979914
1786718501.298551 66705 44094 2855 1589 0 62718 0 994550
1786718502.201865 66705 45118 2855 1589 0 62718 0 960828
1786718503.297611 66705 45118 2855 1589 0 62718 0 981666
1786718504.300923 66705 45118 2855 1589 0 62718 0 987040
1786718505.121489 66705 43062 2855 1589 0 62718 0 973079
1786718506.120723 66705 43143 2855 1589 0 62718 0 965552
1786718507.299464 66705 43143 2855 1589 0 62718 0 986902
1786718508.214879 66705 43143 2855 1589 0 62718 0 992276
1786718509.208266 66705 44706 2855 1589 0 62718 0 912070
1786718510.119483 66705 44706 2855 1589 0 62718 0 970074
1786718511.300804 66705 44962 2855 1589 0 62718 0 993471
1786718512.211233 66705 44962 2855 1589 0 62718 0 998589
1786718513.119730 66705 43007 2855 1589 0 62718 0 982323
1786718514.197707 66705 43008 2855 1589 0 62718 0 974767
1786718515.300776 66705 42778 2855 1589 0 62718 0 998420
1786718516.299193 66705 43853 2855 1589 0 62718 0 1003538
1786718517.121535 66705 45010 2855 1589 0 62718 0 987020
1786718518.301997 66705 45017 2855 1589 0 62718 0 1006579
1786718519.302369 66705 45028 2855 1589 0 62718 0 1011953
1786718520.211989 66705 45113 2855 1589 0 62718 0 1036056
1786718521.121654 66705 44445 2855 1589 0 62718 0 993537
1786718522.299159 66705 44319 2855 1589 0 62718 0 1013608
1786718523.305532 66705 44319 2855 1589 0 62718 0 1018725
1786718524.197808 66705 44675 2855 1589 0 62718 0 997589
1786718525.197842 66705 44675 2855 1589 0 62718 0 997589
1786718526.299616 66705 44456 2855 1589 0 62718 0 1019707
1786718527.300751 66705 44456 2855 1589 0 62718 0 1025336
1786718528.203470 66705 44457 2855 1589 0 62718 0 1009839
1786718529.305648 66705 44473 2855 1589 0 62718 0 1021156
1786718530.309496 66705 44473 2855 1589 0 62718 0 1026786
1786718531.206138 66705 44646 2855 1589 0 62718 0 1010917
1786718532.203379 66705 44646 2855 1589 0 62718 0 1010917
1786718533.306372 66705 44606 2855 1589 0 62718 0 1032779
1786718534.308438 66705 44607 2855 1589 0 62718 0 1038409
1786718535.211694 66705 42698 2855 1589 0 62718 0 1023167
1786718536.211732 66705 42287 2855 1589 0 62718 0 1031386
1786718537.303078 66705 42207 2855 1589 0 62718 0 1034513
1786718538.305719 66705 39632 2855 1589 0 62718 0 1040398
1786718539.210688 66705 36894 2855 1589 0 62718 0 1027204
1786718540.211315 66705 36894 2855 1589 0 62718 0 1027204
1786718541.303180 66705 37455 2855 1589 0 62718 0 1037653
1786718542.302549 66705 40794 2855 1589 0 62718 0 1043539
1786718543.297895 66705 43715 2855 1589 0 62718 0 1042687
1786718544.205737 66705 40166 2855 1589 0 62718 0 1030857
1786718545.303106 66705 40424 2855 1589 0 62718 0 1051184
1786718546.300162 66705 42472 2855 1589 0 62718 0 1056046
1786718547.211287 66705 38585 2855 1589 0 62718 0 1002174
1786718548.202912 68497 39033 2855 1589 0 64510 0 1036348
1786718549.307913 68497 39038 2855 1589 0 64510 0 1056419
1786718550.306037 68497 41086 2855 1589 0 64510 0 1062304
1786718551.197728 68497 36955 2855 1589 0 64510 0 1040909
1786718552.201371 68497 36955 2855 1589 0 64510 0 1040909
1786718553.305563 68497 38491 2855 1589 0 64510 0 1061236
1786718554.303352 68497 42595 2855 1589 0 64510 0 1066353
1786718555.206567 68497 38251 2855 1589 0 64510 0 1044866
1786718556.200760 68497 34901 2855 1589 0 64510 0 1044866
1786718557.306752 68497 40561 2855 1589 0 64510 0 1066984
1786718558.304365 68497 43904 2855 1589 0 64510 0 1072358
1786718559.124475 68497 38787 2855 1589 0 64510 0 1057116
1786718560.312904 68497 38787 2855 1589 0 64510 0 1067774
1786718561.303201 68497 41355 2855 1589 0 64510 0 1073148
1786718562.303229 68497 45221 2855 1589 0 64510 0 1078266
1786718563.211911 68497 39585 2855 1589 0 64510 0 1034854
1786718564.305303 68497 38886 2855 1589 0 64510 0 1074158
1786718565.298629 68497 42993 2855 1589 0 64510 0 1079276
1786718566.206898 68497 36648 2855 1589 0 64510 0 1065057
1786718567.306017 68497 37139 2855 1589 0 64510 0 1084104
1786718568.306479 68497 40735 2855 1589 0 64510 0 1089478
1786718569.305057 68497 44136 2855 1589 0 64510 0 1094340
1786718570.205154 68497 37703 2855 1589 0 64510 0 1071142
1786718571.306519 68497 38217 2855 1589 0 64510 0 1090445
1786718572.305631 68497 43092 2855 1589 0 64510 0 1096075
1786718573.208666 68497 41027 2855 1589 0 64510 0 1075124
1786718574.299900 68497 41027 2855 1589 0 64510 0 1075124
1786718575.310047 68497 41514 2855 1589 0 64510 0 1098521
1786718576.305664 68497 45168 2855 1589 0 64510 0 1103639
1786718577.301739 68497 39575 2855 1589 0 64510 0 1079188
1786718578.305760 68497 39831 2855 1589 0 64510 0 1100027
1786718579.306050 68497 42399 2855 1589 0 64510 0 1105401
1786718580.204556 68497 40081 2855 1589 0 64510 0 1091441
1786718581.313342 68497 40081 2855 1589 0 64510 0 1009022
1786718582.306148 68497 40083 2855 1589 0 64510 0 1107769
1786718583.210563 68497 43170 2855 1589 0 64510 0 1094576
1786718584.216006 68497 37514 2855 1589 0 64510 0 1094576
1786718585.311685 68497 39921 2855 1589 0 64510 0 1116438
1786718586.309350 68497 43037 2855 1589 0 64510 0 1220279
1786718587.200466 68497 39870 2855 1589 0 64510 0 1097958
1786718588.213760 68497 35514 2855 1589 0 64510 0 1100006
1786718589.021980 68497 29420 2855 1589 0 64510 0 1091513
1786718590.021271 68497 29823 2855 1589 0 64510 0 1082212
1786718591.021319 68497 29823 2855 1589 0 64510 0 1082212
1786718592.021584 68497 29823 2855 1589 0 64510 0 1082212
1786718593.021544 68497 29823 2855 1589 0 64510 0 1082212
1786718594.021594 68497 29823 2855 1589 0 64510 0 1082212
1786718595.021113 68497 30106 2855 1589 0 64510 0 1074211
1786718596.021078 68497 30106 2855 1589 0 64510 0 1074211
1786718597.020889 68497 30106 2855 1589 0 64510 0 1074211
1786718598.022576 68497 29633 2855 1589 0 64510 0 1064912
1786718599.020545 68497 29633 2855 1589 0 64510 0 1064912
1786718600.020530 68497 29633 2855 1589 0 64510 0 1064912
1786718601.024974 68497 30152 2855 1589 0 64510 0 1162013
1786718602.024808 68497 30152 2855 1589 0 64510 0 1162013
1786718603.025030 68497 30152 2855 1589 0 64510 0 1162014
1786718604.025188 68497 30152 2855 1589 0 64510 0 1162014
1786718605.024813 68497 30152 2855 1589 0 64510 0 1162014
1786718606.024920 68497 30152 2855 1589 0 64510 0 1162014
1786718607.024980 68497 30152 2855 1589 0 64510 0 1162014
1786718608.024732 68497 30152 2855 1589 0 64510 0 1162014
1786718609.024593 68497 30152 2855 1589 0 64510 0 1162014
1786718610.024703 68497 30152 2855 1589 0 64510 0 1162014
1786718611.024857 68497 30152 2855 1589 0 64510 0 1162014
1786718612.024687 68497 30152 2855 1589 0 64510 0 1162014
1786718613.024604 68497 30152 2855 1589 0 64510 0 1162014
1786718614.024985 68497 30152 2855 1589 0 64510 0 1162014
1786718615.024994 68497 30152 2855 1589 0 64510 0 1162014
1786718616.197953 70545 32266 2855 1589 0 66558 0 1180133
1786718617.018373 70545 32268 2855 1589 0 66558 0 1008670
1786718618.018154 70545 32268 2855 1589 0 66558 0 1008670
1786718619.017990 70545 32268 2855 1589 0 66558 0 1008670
1786718620.017872 70545 32268 2855 1589 0 66558 0 1008670
1786718621.017905 70545 32268 2855 1589 0 66558 0 1008670
1786718622.018012 70545 32268 2855 1589 0 66558 0 1008670
1786718623.017874 70545 32268 2855 1589 0 66558 0 1008671
1786718624.018164 70545 32268 2855 1589 0 66558 0 1008671
1786718625.018266 70545 32268 2855 1589 0 66558 0 1008671
1786718626.018228 70545 32268 2855 1589 0 66558 0 1008671
1786718627.018240 70545 32268 2855 1589 0 66558 0 1008671
1786718628.018241 70545 32268 2855 1589 0 66558 0 1008671
1786718629.018227 70545 32268 2855 1589 0 66558 0 1008671
1786718630.114953 70545 32271 2855 1589 0 66558 0 976299
1786718631.111799 98705 75273 2871 1589 0 94718 0 976305
1786718632.113115 164241 132617 2871 1589 0 160254 0 976305
1786718633.112815 219025 189449 2871 1589 0 215038 0 976305
1786718634.112941 295313 244745 2871 1589 0 291326 0 976305
1786718635.203545 347537 300041 2871 1589 0 343550 0 976305
1786718636.112999 404881 354281 2839 1589 0 400894 0 976305
1786718637.111843 474001 409577 2839 1589 0 470014 0 976305
1786718638.115590 555921 465897 2839 1589 0 551934 0 976305
1786718639.116319 560017 523241 2839 1589 0 556030 0 976305
1786718640.113101 658321 579561 2839 1589 0 654334 0 976305
1786718641.111106 658321 635881 2839 1589 0 654334 0 976305
1786718642.115922 780177 693225 2839 1589 0 776190 0 976305
1786718643.116999 780177 751593 2839 1589 0 776190 0 976305
1786718644.114958 911249 806889 2839 1589 0 907262 0 976305
1786718645.112751 917393 863209 2839 1589 0 913406 0 976305
1786718646.113049 1081233 920553 2839 1589 0 1077246 0 976305
1786718647.112811 1081233 977897 2839 1589 0 1077246 0 976305
1786718648.113531 1088401 1035241 2839 1589 0 1084414 0 976305
1786718649.119656 1287058 1069554 2855 1589 0 1283070 0 976305
1786718650.113221 1287058 1069554 2855 1589 0 1283070 0 976305
1786718651.112123 1287058 1069554 2855 1589 0 1283070 0 976305
1786718652.112019 1287058 1069554 2855 1589 0 1283070 0 976305
1786718653.112865 1287058 1069554 2855 1589 0 1283070 0 976305
1786718654.113034 1287058 1069554 2855 1589 0 1283070 0 976305
1786718655.111663 1287058 1069554 2855 1589 0 1283070 0 976305
1786718656.112947 1287058 1069554 2855 1589 0 1283070 0 976305
1786718657.115032 1287058 1069554 2855 1589 0 1283070 0 976305
1786718658.112879 1287058 1069554 2855 1589 0 1283070 0 976305
1786718659.115234 1287058 1069554 2855 1589 0 1283070 0 976305
1786718660.112402 1287058 1069554 2855 1589 0 1283070 0 976305
1786718661.112060 1287058 1069554 2855 1589 0 1283070 0 976305
1786718662.117504 1289107 1069545 2855 1589 0 1285118 0 976305
1786718663.112784 1289107 1069545 2855 1589 0 1285118 0 976305
1786718664.115838 1289107 1069545 2855 1589 0 1285118 0 976305
1786718665.115953 1289107 1069545 2855 1589 0 1285118 0 976305
1786718666.112153 1289107 1069545 2855 1589 0 1285118 0 976305
1786718667.112313 1289107 1069545 2855 1589 0 1285118 0 976305
1786718668.115833 1289107 1069545 2855 1589 0 1285118 0 976305
1786718669.115848 1289107 1069545 2855 1589 0 1285118 0 976305
1786718670.117297 1289107 1069545 2855 1589 0 1285118 0 976305
1786718671.110907 1289107 1069545 2855 1589 0 1285118 0 976305
1786718672.113103 1289107 1069545 2855 1589 0 1285118 0 976305
1786718673.114892 1289107 1069545 2855 1589 0 1285118 0 976305
1786718674.112895 1289107 1069545 2855 1589 0 1285118 0 976305
1786718675.116759 1291156 1069546 2855 1589 0 1287166 0 976305
1786718676.113008 1291156 1069546 2855 1589 0 1287166 0 976305
1786718677.111863 1291156 1069546 2855 1589 0 1287166 0 976305
1786718678.114168 1291156 1069546 2855 1589 0 1287166 0 976305
1786718679.115788 1291156 1069546 2855 1589 0 1287166 0 976305
1786718680.111790 1291156 1069546 2855 1589 0 1287166 0 976305
1786718681.117161 1291156 1069546 2855 1589 0 1287166 0 976305
1786718682.113654 1291156 1069546 2855 1589 0 1287166 0 976305
1786718683.114290 1291156 1069546 2855 1589 0 1287166 0 976305
1786718684.116077 1291156 1069546 2855 1589 0 1287166 0 976305
1786718685.112759 1291156 1069546 2855 1589 0 1287166 0 976305
1786718686.116057 1291156 1069546 2855 1589 0 1287166 0 976305
1786718687.115790 1291156 1069546 2855 1589 0 1287166 0 976305
1786718688.112693 1291156 1069546 2855 1589 0 1287166 0 976305
1786718689.111282 1291156 1069546 2855 1589 0 1287166 0 976305
1786718690.114070 1291156 1069546 2855 1589 0 1287166 0 976305
1786718691.112612 1291156 1069546 2855 1589 0 1287166 0 976305
1786718692.113479 1291156 1069546 2855 1589 0 1287166 0 976305
1786718693.115939 1291156 1069546 2855 1589 0 1287166 0 976305
1786718694.113141 1291156 1069546 2855 1589 0 1287166 0 976305
1786718695.112991 1291156 1069546 2855 1589 0 1287166 0 976305
1786718696.116283 1291156 1069546 2855 1589 0 1287166 0 976305
1786718697.111891 1291156 1069546 2855 1589 0 1287166 0 976305
1786718698.112913 1291156 1069546 2855 1589 0 1287166 0 976305
1786718699.113021 1291156 1069546 2855 1589 0 1287166 0 976305
1786718700.112913 1291156 1069546 2855 1589 0 1287166 0 976305
1786718701.113385 1291156 1069546 2855 1589 0 1287166 0 976305
1786718702.113474 1291156 1069546 2855 1589 0 1287166 0 976305
1786718703.120068 1291156 1069546 2855 1589 0 1287166 0 976305
1786718704.116194 1291156 1069546 2855 1589 0 1287166 0 976305
1786718705.115816 1291156 1069546 2855 1589 0 1287166 0 976305
1786718706.111905 1291156 1069546 2855 1589 0 1287166 0 976305
1786718707.114187 1291156 1069546 2855 1589 0 1287166 0 976305
1786718708.112974 1291156 1069546 2855 1589 0 1287166 0 976305
1786718709.112776 1291156 1069546 2855 1589 0 1287166 0 976305
1786718710.115981 1291156 1069546 2855 1589 0 1287166 0 976305
1786718711.115811 1291156 1069546 2855 1589 0 1287166 0 976305
1786718712.112104 1291156 1069546 2855 1589 0 1287166 0 976305
1786718713.113811 1291156 1069546 2855 1589 0 1287166 0 976305
1786718714.114005 1291156 1069546 2855 1589 0 1287166 0 976305
1786718715.116907 1291156 1069546 2855 1589 0 1287166 0 976305
1786718716.112902 1291156 1069546 2855 1589 0 1287166 0 976305
1786718717.116063 1291156 1069546 2855 1589 0 1287166 0 976305
1786718718.113011 1291156 1069546 2855 1589 0 1287166 0 976305
1786718719.111885 1291156 1069546 2855 1589 0 1287166 0 976305
1786718720.113128 1291156 1069546 2855 1589 0 1287166 0 976305
1786718721.112922 1291156 1069546 2855 1589 0 1287166 0 976305
1786718722.113198 1291156 1069546 2855 1589 0 1287166 0 976305
1786718723.115974 1291156 1069546 2855 1589 0 1287166 0 976305
1786718724.116039 1291156 1069546 2855 1589 0 1287166 0 976305
1786718725.113372 1291156 1069546 2855 1589 0 1287166 0 976305
1786718726.116157 1291156 1069546 2855 1589 0 1287166 0 976305
1786718727.111639 1291156 1069546 2855 1589 0 1287166 0 976305
1786718728.116028 1291156 1069546 2855 1589 0 1287166 0 976305
1786718729.116018 1291156 1069546 2855 1589 0 1287166 0 976305
1786718730.114162 1291156 1069546 2855 1589 0 1287166 0 976305
1786718731.116099 1291156 1069546 2855 1589 0 1287166 0 976305
1786718732.118137 1291156 1069546 2855 1589 0 1287166 0 976305
1786718733.115918 1291156 1069546 2855 1589 0 1287166 0 976305
1786718734.115965 1291156 1069546 2855 1589 0 1287166 0 976305
1786718735.114238 1291156 1069546 2855 1589 0 1287166 0 976305
1786718736.112947 1291156 1069546 2855 1589 0 1287166 0 976305
1786718737.111933 1291156 1069546 2855 1589 0 1287166 0 976305
1786718738.116953 1291156 1069546 2855 1589 0 1287166 0 976305
1786718739.112961 1291156 1069546 2855 1589 0 1287166 0 976305
1786718740.112425 1291156 1069546 2855 1589 0 1287166 0 976305
1786718741.114430 1291156 1069546 2855 1589 0 1287166 0 976305
1786718742.116344 1291156 1069546 2855 1589 0 1287166 0 976305
1786718743.111924 1291156 1069546 2855 1589 0 1287166 0 976305
1786718744.111931 1291156 1069546 2855 1589 0 1287166 0 976305
1786718745.118197 1291156 1069546 2855 1589 0 1287166 0 976305
1786718746.112874 1291156 1069546 2855 1589 0 1287166 0 976305
1786718747.112918 1291156 1069546 2855 1589 0 1287166 0 976305
1786718748.112050 1291156 1069546 2855 1589 0 1287166 0 976305
1786718749.114774 1291156 1069546 2855 1589 0 1287166 0 976305
1786718750.117007 1291156 1069546 2855 1589 0 1287166 0 976305
1786718751.112645 1291156 1069546 2855 1589 0 1287166 0 976305
1786718752.115539 1291156 1069546 2855 1589 0 1287166 0 976305
1786718753.117214 1291156 1069546 2855 1589 0 1287166 0 976305
1786718754.112132 1291156 1069546 2855 1589 0 1287166 0 976305
1786718755.115905 1291156 1069546 2855 1589 0 1287166 0 976305
1786718756.116918 1291156 1069546 2855 1589 0 1287166 0 976305
1786718757.111954 1291156 1069546 2855 1589 0 1287166 0 976305
1786718758.114911 1291156 1069546 2855 1589 0 1287166 0 976305
1786718759.112854 1291156 1069546 2855 1589 0 1287166 0 976305
1786718760.112153 1291156 1069546 2855 1589 0 1287166 0 976305
1786718761.112883 1291156 1069546 2855 1589 0 1287166 0 976305
1786718762.112571 1291156 1069546 2855 1589 0 1287166 0 976305
1786718763.116302 1291156 1069546 2855 1589 0 1287166 0 976305
1786718764.117145 1291156 1069546 2855 1589 0 1287166 0 976305
1786718765.112070 1291156 1069546 2855 1589 0 1287166 0 976305
1786718766.115772 1291156 1069546 2855 1589 0 1287166 0 976305
1786718767.111672 1291156 1069546 2855 1589 0 1287166 0 976305
1786718768.111983 1291156 1069546 2855 1589 0 1287166 0 976305
1786718769.115082 1291156 1069546 2855 1589 0 1287166 0 976305
1786718770.111968 1291156 1069546 2855 1589 0 1287166 0 976305
1786718771.112945 1291156 1069546 2855 1589 0 1287166 0 976305
1786718772.115529 1291156 1069546 2855 1589 0 1287166 0 976305
1786718773.115502 1291156 1069546 2855 1589 0 1287166 0 976305
1786718774.112230 1291156 1069546 2855 1589 0 1287166 0 976305
1786718775.112751 1291156 1069546 2855 1589 0 1287166 0 976305
1786718776.112059 1291156 1069546 2855 1589 0 1287166 0 976305
1786718777.116097 1291156 1069546 2855 1589 0 1287166 0 976305
1786718778.115953 1291156 1069546 2855 1589 0 1287166 0 976305
1786718779.111927 1291156 1069546 2855 1589 0 1287166 0 976305
1786718780.202132 1291156 1069546 2855 1589 0 1287166 0 976305
1786718781.116113 1291796 1069596 2855 1589 0 1287806 0 976305
1786718782.114775 1291796 1069596 2855 1589 0 1287806 0 976305
1786718783.117150 1291796 1069596 2855 1589 0 1287806 0 976322
1786718784.113355 1291796 1069596 2855 1589 0 1287806 0 976322
1786718785.112345 1291796 1069596 2855 1589 0 1287806 0 976322
1786718786.114789 1291796 1069596 2855 1589 0 1287806 0 976322
1786718787.113148 1291796 1069596 2855 1589 0 1287806 0 976322
1786718788.113024 1291796 1069616 2855 1589 0 1287806 0 976322
1786718789.115758 1291796 1069616 2855 1589 0 1287806 0 976322
1786718790.115858 1291796 1069616 2855 1589 0 1287806 0 976322
1786718791.114714 1291796 1069616 2855 1589 0 1287806 0 976322
1786718792.116926 1291796 1069616 2855 1589 0 1287806 0 976322
1786718793.116285 1291796 1069616 2855 1589 0 1287806 0 976322
1786718794.114648 1291796 1069616 2855 1589 0 1287806 0 976322
1786718795.113164 1291796 1069616 2855 1589 0 1287806 0 976322
1786718796.112182 1291796 1069616 2855 1589 0 1287806 0 976322
1786718797.111939 1291796 1069616 2855 1589 0 1287806 0 976322
1786718798.111729 1291796 1069616 2855 1589 0 1287806 0 976322
1786718799.116012 1291796 1069616 2855 1589 0 1287806 0 976322
1786718800.113022 1291796 1069616 2855 1589 0 1287806 0 976322
1786718801.112211 1291796 1069616 2855 1589 0 1287806 0 976322
1786718802.113150 1291796 1069616 2855 1589 0 1287806 0 976322
1786718803.112963 1291796 1069616 2855 1589 0 1287806 0 976322
1786718804.113506 1291796 1069616 2855 1589 0 1287806 0 976322
1786718805.116294 1291796 1069616 2855 1589 0 1287806 0 976322
1786718806.113270 1291796 1069616 2855 1589 0 1287806 0 976322
1786718807.111899 1291796 1069616 2855 1589 0 1287806 0 976322
1786718808.113057 1291796 1069616 2855 1589 0 1287806 0 976322
1786718809.116028 1291796 1069616 2855 1589 0 1287806 0 976322
1786718810.113047 1291796 1069616 2855 1589 0 1287806 0 976322
1786718811.112054 1291796 1069616 2855 1589 0 1287806 0 976322
1786718812.113076 1291796 1069616 2855 1589 0 1287806 0 976322
1786718813.113051 1291796 1069616 2855 1589 0 1287806 0 976322
1786718814.114139 1291796 1069616 2855 1589 0 1287806 0 976322
1786718815.112426 1291796 1069616 2855 1589 0 1287806 0 976322
1786718816.115280 1291796 1069616 2855 1589 0 1287806 0 976322
1786718817.114999 1291796 1069616 2855 1589 0 1287806 0 976322
1786718818.116899 1291796 1069616 2855 1589 0 1287806 0 976322
1786718819.113021 1291796 1069616 2855 1589 0 1287806 0 976322
1786718820.112055 1291796 1069616 2855 1589 0 1287806 0 976322
1786718821.112952 1291796 1069616 2855 1589 0 1287806 0 976322
1786718822.111918 1291796 1069616 2855 1589 0 1287806 0 976322
1786718823.115017 1291796 1069616 2855 1589 0 1287806 0 976322
1786718824.112838 1291796 1069616 2855 1589 0 1287806 0 976322
1786718825.113343 1291796 1069616 2855 1589 0 1287806 0 976322
1786718826.113360 1291796 1069616 2855 1589 0 1287806 0 976322
1786718827.112145 1291796 1069616 2855 1589 0 1287806 0 976322
1786718828.113038 1291796 1069616 2855 1589 0 1287806 0 976322
1786718829.115859 1291796 1069616 2855 1589 0 1287806 0 976322
1786718830.111877 1291796 1069616 2855 1589 0 1287806 0 976322
1786718831.113013 1291796 1069616 2855 1589 0 1287806 0 976322
1786718832.113059 1291796 1069616 2855 1589 0 1287806 0 976322
1786718833.113018 1291796 1069616 2855 1589 0 1287806 0 976322
1786718834.111817 1291796 1069616 2855 1589 0 1287806 0 976322
1786718835.116326 1291796 1069616 2855 1589 0 1287806 0 976322
1786718836.112645 1291796 1069616 2855 1589 0 1287806 0 976322
1786718837.112131 1291796 1069616 2855 1589 0 1287806 0 976322
1786718838.115797 1291796 1069616 2855 1589 0 1287806 0 976322
1786718839.115950 1291796 1069616 2855 1589 0 1287806 0 976322
1786718840.112928 1291796 1069616 2855 1589 0 1287806 0 976322
1786718841.112069 1291796 1069616 2855 1589 0 1287806 0 976322
1786718842.118290 1291796 1069616 2855 1589 0 1287806 0 976322
1786718843.111899 1291796 1069616 2855 1589 0 1287806 0 976322
1786718844.115975 1291796 1069616 2855 1589 0 1287806 0 976322
1786718845.117279 1291796 1069616 2855 1589 0 1287806 0 976322
1786718846.112241 1291796 1069616 2855 1589 0 1287806 0 976322
1786718847.115998 1291796 1069616 2855 1589 0 1287806 0 976322
1786718848.112370 1291796 1069616 2855 1589 0 1287806 0 976322
1786718849.112065 1291796 1069616 2855 1589 0 1287806 0 976322
1786718850.112964 1291796 1069616 2855 1589 0 1287806 0 976322
1786718851.111974 1291796 1069616 2855 1589 0 1287806 0 976322
1786718852.111995 1291796 1069616 2855 1589 0 1287806 0 976322
1786718853.112906 1291796 1069616 2855 1589 0 1287806 0 976322
1786718854.115940 1291796 1069616 2855 1589 0 1287806 0 976322
1786718855.115937 1291796 1069616 2855 1589 0 1287806 0 976322
1786718856.113639 1291796 1069616 2855 1589 0 1287806 0 976322
1786718857.116320 1291796 1069616 2855 1589 0 1287806 0 976322
1786718858.112074 1291796 1069616 2855 1589 0 1287806 0 976322
1786718859.111815 1291796 1069616 2855 1589 0 1287806 0 976322
1786718860.115953 1291796 1069616 2855 1589 0 1287806 0 976322
1786718861.111936 1291796 1069616 2855 1589 0 1287806 0 976322
1786718862.112832 1291796 1069616 2855 1589 0 1287806 0 976322
1786718863.115845 1291796 1069616 2855 1589 0 1287806 0 976322
1786718864.112184 1291796 1069616 2855 1589 0 1287806 0 976322
1786718865.115976 1291796 1069616 2855 1589 0 1287806 0 976322
1786718866.114682 1291796 1069616 2855 1589 0 1287806 0 976322
1786718867.116026 1291796 1069616 2855 1589 0 1287806 0 976322
1786718868.116472 1291796 1069616 2855 1589 0 1287806 0 976322
1786718869.112012 1291796 1069616 2855 1589 0 1287806 0 976322
1786718870.111784 1291796 1069616 2855 1589 0 1287806 0 976322
1786718871.115596 1291796 1069616 2855 1589 0 1287806 0 976322
1786718872.116913 1291796 1069616 2855 1589 0 1287806 0 976322
1786718873.114743 1291796 1069616 2855 1589 0 1287806 0 976322
1786718874.112043 1291796 1069616 2855 1589 0 1287806 0 976322
1786718875.113146 1291796 1069616 2855 1589 0 1287806 0 976322
1786718876.111863 1291796 1069616 2855 1589 0 1287806 0 976322
1786718877.112342 1291796 1069616 2855 1589 0 1287806 0 976322
1786718878.116271 1291796 1069616 2855 1589 0 1287806 0 976322
1786718879.112142 1291796 1069616 2855 1589 0 1287806 0 976322
1786718880.117197 1291796 1069616 2855 1589 0 1287806 0 976322
1786718881.112008 1291796 1069616 2855 1589 0 1287806 0 976322
1786718882.112965 1291796 1069616 2855 1589 0 1287806 0 976322
1786718883.116314 1291796 1069616 2855 1589 0 1287806 0 976322
1786718884.112018 1291796 1069616 2855 1589 0 1287806 0 976322
1786718885.115989 1291796 1069616 2855 1589 0 1287806 0 976322
1786718886.111952 1291796 1069616 2855 1589 0 1287806 0 976322
1786718887.112920 1291796 1069616 2855 1589 0 1287806 0 976322
1786718888.116723 1291796 1069616 2855 1589 0 1287806 0 976322
1786718889.112189 1291796 1069616 2855 1589 0 1287806 0 976322
1786718890.116153 1291796 1069616 2855 1589 0 1287806 0 976322
1786718891.116127 1291796 1069616 2855 1589 0 1287806 0 976322
1786718892.113101 1291796 1069616 2855 1589 0 1287806 0 976322
1786718893.112776 1291796 1069616 2855 1589 0 1287806 0 976322
1786718894.111886 1291796 1069616 2855 1589 0 1287806 0 976322
1786718895.112058 1291796 1069616 2855 1589 0 1287806 0 976322
1786718896.117197 1291796 1069616 2855 1589 0 1287806 0 976322
1786718897.112966 1291796 1069616 2855 1589 0 1287806 0 976322
1786718898.117378 1291796 1069616 2855 1589 0 1287806 0 976322
1786718899.117470 1291796 1069616 2855 1589 0 1287806 0 976322
1786718900.113160 1291796 1069616 2855 1589 0 1287806 0 976322
1786718901.111028 1291796 1069616 2855 1589 0 1287806 0 976322
1786718902.112098 1291796 1069616 2855 1589 0 1287806 0 976322
1786718903.111880 1291796 1069616 2855 1589 0 1287806 0 976322
1786718904.116153 1291796 1069616 2855 1589 0 1287806 0 976322
1786718905.112988 1291796 1069616 2855 1589 0 1287806 0 976322
1786718906.112067 1291796 1069616 2855 1589 0 1287806 0 976322
1786718907.113096 1291796 1069616 2855 1589 0 1287806 0 976322
1786718908.111354 1291796 1069616 2855 1589 0 1287806 0 976322
1786718909.112445 1291796 1069616 2855 1589 0 1287806 0 976322
1786718910.113039 1291796 1069616 2855 1589 0 1287806 0 976322
1786718911.112023 1291796 1069616 2855 1589 0 1287806 0 976322
1786718912.112900 1291796 1069616 2855 1589 0 1287806 0 976322
1786718913.112113 1291796 1069616 2855 1589 0 1287806 0 976322
1786718914.113146 1291796 1069616 2855 1589 0 1287806 0 976322
1786718915.112175 1291796 1069616 2855 1589 0 1287806 0 976322
1786718916.116214 1291796 1069616 2855 1589 0 1287806 0 976322
1786718917.115883 1291796 1069616 2855 1589 0 1287806 0 976322
1786718918.111920 1291796 1069616 2855 1589 0 1287806 0 976322
1786718919.117450 1291796 1069616 2855 1589 0 1287806 0 976322
1786718920.113345 1291796 1069616 2855 1589 0 1287806 0 976322
1786718921.112254 1291796 1069616 2855 1589 0 1287806 0 976322
1786718922.115905 1291796 1069616 2855 1589 0 1287806 0 976322
1786718923.115945 1291796 1069616 2855 1589 0 1287806 0 976322
1786718924.116880 1291796 1069616 2855 1589 0 1287806 0 976322
1786718925.115856 1291796 1069616 2855 1589 0 1287806 0 976322
1786718926.111994 1291796 1069616 2855 1589 0 1287806 0 976322
1786718927.112945 1291796 1069616 2855 1589 0 1287806 0 976322
1786718928.116207 1291796 1069616 2855 1589 0 1287806 0 976322
1786718929.117463 1291796 1069616 2855 1589 0 1287806 0 976322
1786718930.113381 1291796 1069616 2855 1589 0 1287806 0 976322
1786718931.116359 1291796 1069616 2855 1589 0 1287806 0 976322
1786718932.115933 1291796 1069616 2855 1589 0 1287806 0 976322
1786718933.115859 1291796 1069616 2855 1589 0 1287806 0 976322
1786718934.111960 1291796 1069616 2855 1589 0 1287806 0 976322
1786718935.111934 1291796 1069616 2855 1589 0 1287806 0 976322
1786718936.116074 1291796 1069616 2855 1589 0 1287806 0 976322
1786718937.117107 1291796 1069616 2855 1589 0 1287806 0 976322
1786718938.111998 1291796 1069616 2855 1589 0 1287806 0 976322
1786718939.117106 1291796 1069616 2855 1589 0 1287806 0 976322
1786718940.116352 1291796 1069616 2855 1589 0 1287806 0 976322
1786718941.112115 1291796 1069616 2855 1589 0 1287806 0 976322
1786718942.114836 1291796 1069616 2855 1589 0 1287806 0 976322
1786718943.112936 1291796 1069616 2855 1589 0 1287806 0 976322
1786718944.116894 1291796 1069616 2855 1589 0 1287806 0 976322
1786718945.114601 1291796 1069616 2855 1589 0 1287806 0 976322
1786718946.111697 1291796 1069616 2855 1589 0 1287806 0 976322
1786718947.111860 1291796 1069616 2855 1589 0 1287806 0 976322
1786718948.115843 1291796 1069616 2855 1589 0 1287806 0 976322
1786718949.114816 1291796 1069616 2855 1589 0 1287806 0 976322
1786718950.116536 1291796 1069616 2855 1589 0 1287806 0 976322
1786718951.112309 1291796 1069616 2855 1589 0 1287806 0 976322
1786718952.117329 1291796 1069616 2855 1589 0 1287806 0 976322
1786718953.114839 1291796 1069616 2855 1589 0 1287806 0 976322
1786718954.112843 1291796 1069616 2855 1589 0 1287806 0 976322
1786718955.111998 1291796 1069616 2855 1589 0 1287806 0 976322
1786718956.112849 1291796 1069616 2855 1589 0 1287806 0 976322
1786718957.111743 1291796 1069616 2855 1589 0 1287806 0 976322
1786718958.111881 1291796 1069616 2855 1589 0 1287806 0 976322
1786718959.112980 1291796 1069616 2855 1589 0 1287806 0 976322
1786718960.112964 1291796 1069616 2855 1589 0 1287806 0 976322
1786718961.112425 1291796 1069616 2855 1589 0 1287806 0 976322
1786718962.116883 1291796 1069616 2855 1589 0 1287806 0 976322
1786718963.114781 1291796 1069616 2855 1589 0 1287806 0 976322
1786718964.112909 1291796 1069616 2855 1589 0 1287806 0 976322
1786718965.111776 1291796 1069616 2855 1589 0 1287806 0 976322
1786718966.112180 1291796 1069616 2855 1589 0 1287806 0 976322
1786718967.114963 1291796 1069616 2855 1589 0 1287806 0 976322
1786718968.112855 1291796 1069616 2855 1589 0 1287806 0 976322
1786718969.114940 1291796 1069616 2855 1589 0 1287806 0 976322
1786718970.111865 1291796 1069616 2855 1589 0 1287806 0 976322
1786718971.112606 1291796 1069616 2855 1589 0 1287806 0 976322
1786718972.115307 1291796 1069616 2855 1589 0 1287806 0 976322
1786718973.115894 1291796 1069616 2855 1589 0 1287806 0 976322
1786718974.115881 1291796 1069616 2855 1589 0 1287806 0 976322
1786718975.112998 1291796 1069616 2855 1589 0 1287806 0 976322
1786718976.113099 1291796 1069616 2855 1589 0 1287806 0 976322
1786718977.113025 1291796 1069616 2855 1589 0 1287806 0 976322
1786718978.115855 1291796 1069616 2855 1589 0 1287806 0 976322
1786718979.116106 1291796 1069616 2855 1589 0 1287806 0 976322
1786718980.115901 1291796 1069616 2855 1589 0 1287806 0 976322
1786718981.112341 1291796 1069616 2855 1589 0 1287806 0 976322
1786718982.115462 1291796 1069616 2855 1589 0 1287806 0 976322
1786718983.112204 1291796 1069616 2855 1589 0 1287806 0 976322
1786718984.112935 1291796 1069616 2855 1589 0 1287806 0 976322
1786718985.115863 1291796 1069616 2855 1589 0 1287806 0 976322
1786718986.115911 1291796 1069616 2855 1589 0 1287806 0 976322
1786718987.116919 1291796 1069616 2855 1589 0 1287806 0 976322
1786718988.111820 1291796 1069616 2855 1589 0 1287806 0 976322
1786718989.115857 1291796 1069616 2855 1589 0 1287806 0 976322
1786718990.112913 1291796 1069616 2855 1589 0 1287806 0 976322
1786718991.111698 1291796 1069616 2855 1589 0 1287806 0 976322
1786718992.112399 1291796 1069616 2855 1589 0 1287806 0 976322
1786718993.111950 1291796 1069616 2855 1589 0 1287806 0 976322
1786718994.114898 1291796 1069616 2855 1589 0 1287806 0 976322
1786718995.113006 1291796 1069616 2855 1589 0 1287806 0 976322
1786718996.111961 1291796 1069616 2855 1589 0 1287806 0 976322
1786718997.114586 1291796 1069616 2855 1589 0 1287806 0 976322
1786718998.116081 1291796 1069616 2855 1589 0 1287806 0 976322
1786718999.111875 1291796 1069616 2855 1589 0 1287806 0 976322
1786719000.117146 1291796 1069616 2855 1589 0 1287806 0 976322
1786719001.111829 1291796 1069616 2855 1589 0 1287806 0 976322
1786719002.117360 1291796 1069616 2855 1589 0 1287806 0 976322
1786719003.112482 1291796 1069616 2855 1589 0 1287806 0 976322
1786719004.112956 1291796 1069616 2855 1589 0 1287806 0 976322
1786719005.111827 1291796 1069616 2855 1589 0 1287806 0 976322
1786719006.112949 1291796 1069616 2855 1589 0 1287806 0 976322
1786719007.116103 1291796 1069616 2855 1589 0 1287806 0 976322
1786719008.113186 1291796 1069616 2855 1589 0 1287806 0 976322
1786719009.116047 1291796 1069616 2855 1589 0 1287806 0 976322
1786719010.116023 1291796 1069616 2855 1589 0 1287806 0 976322
1786719011.116132 1291796 1069616 2855 1589 0 1287806 0 976322
1786719012.113340 1291796 1069616 2855 1589 0 1287806 0 976322
1786719013.113239 1291796 1069616 2855 1589 0 1287806 0 976322
1786719014.115100 1291796 1069616 2855 1589 0 1287806 0 976322
1786719015.112790 1291796 1069616 2855 1589 0 1287806 0 976322
1786719016.115964 1291796 1069616 2855 1589 0 1287806 0 976322
1786719017.111892 1291796 1069616 2855 1589 0 1287806 0 976322
1786719018.112900 1291796 1069616 2855 1589 0 1287806 0 976322
1786719019.115981 1291796 1069616 2855 1589 0 1287806 0 976322
1786719020.117936 1291796 1069616 2855 1589 0 1287806 0 976322
1786719021.115994 1291796 1069616 2855 1589 0 1287806 0 976322
1786719022.114990 1291796 1069616 2855 1589 0 1287806 0 976322
1786719023.113324 1291796 1069616 2855 1589 0 1287806 0 976322
1786719024.112029 1291796 1069616 2855 1589 0 1287806 0 976322
1786719025.112982 1291796 1069616 2855 1589 0 1287806 0 976322
1786719026.113132 1291796 1069616 2855 1589 0 1287806 0 976322
1786719027.116955 1291796 1069616 2855 1589 0 1287806 0 976322
1786719028.115859 1291796 1069616 2855 1589 0 1287806 0 976322
1786719029.115887 1291796 1069616 2855 1589 0 1287806 0 976322
1786719030.112753 1291796 1069616 2855 1589 0 1287806 0 976322
1786719031.112057 1291796 1069616 2855 1589 0 1287806 0 976322
1786719032.116201 1291796 1069616 2855 1589 0 1287806 0 976322
1786719033.116477 1291796 1069616 2855 1589 0 1287806 0 976322
1786719034.115927 1291796 1069616 2855 1589 0 1287806 0 976322
1786719035.115839 1291796 1069616 2855 1589 0 1287806 0 976322
1786719036.116066 1291796 1069616 2855 1589 0 1287806 0 976322
1786719037.111823 1291796 1069616 2855 1589 0 1287806 0 976322
1786719038.114931 1291796 1069616 2855 1589 0 1287806 0 976322
1786719039.112769 1291796 1069616 2855 1589 0 1287806 0 976322
1786719040.111892 1291796 1069616 2855 1589 0 1287806 0 976322
1786719041.115998 1291796 1069616 2855 1589 0 1287806 0 976322
1786719042.116018 1291796 1069616 2855 1589 0 1287806 0 976322
1786719043.116292 1291796 1069616 2855 1589 0 1287806 0 976322
1786719044.113366 1291796 1069616 2855 1589 0 1287806 0 976322
1786719045.117280 1291796 1069616 2855 1589 0 1287806 0 976322
1786719046.111986 1291796 1069616 2855 1589 0 1287806 0 976322
1786719047.112822 1291796 1069616 2855 1589 0 1287806 0 976322
1786719048.113042 1291796 1069616 2855 1589 0 1287806 0 976322
1786719049.114722 1291796 1069616 2855 1589 0 1287806 0 976322
1786719050.113031 1291796 1069616 2855 1589 0 1287806 0 976322
1786719051.111744 1291796 1069616 2855 1589 0 1287806 0 976322
1786719052.111870 1291796 1069616 2855 1589 0 1287806 0 976322
1786719053.116101 1291796 1069616 2855 1589 0 1287806 0 976322
1786719054.116348 1291796 1069616 2855 1589 0 1287806 0 976322
1786719055.116103 1291796 1069616 2855 1589 0 1287806 0 976322
1786719056.116044 1291796 1069616 2855 1589 0 1287806 0 976322
1786719057.115928 1291796 1069616 2855 1589 0 1287806 0 976322
1786719058.115898 1291796 1069616 2855 1589 0 1287806 0 976322
1786719059.112960 1291796 1069616 2855 1589 0 1287806 0 976322
1786719060.115840 1291796 1069616 2855 1589 0 1287806 0 976322
1786719061.115956 1291796 1069616 2855 1589 0 1287806 0 976322
1786719062.111894 1291796 1069616 2855 1589 0 1287806 0 976322
1786719063.114846 1291796 1069616 2855 1589 0 1287806 0 976322
1786719064.116183 1291796 1069616 2855 1589 0 1287806 0 976322
1786719065.116297 1291796 1069616 2855 1589 0 1287806 0 976322
1786719066.113061 1291796 1069616 2855 1589 0 1287806 0 976322
1786719067.112902 1291796 1069616 2855 1589 0 1287806 0 976322
1786719068.115874 1291796 1069616 2855 1589 0 1287806 0 976322
1786719069.111971 1291796 1069616 2855 1589 0 1287806 0 976322
1786719070.115824 1291796 1069616 2855 1589 0 1287806 0 976322
1786719071.112812 1291796 1069616 2855 1589 0 1287806 0 976322
1786719072.111981 1291796 1069616 2855 1589 0 1287806 0 976322
1786719073.112831 1291796 1069616 2855 1589 0 1287806 0 976322
1786719074.113217 1291796 1069616 2855 1589 0 1287806 0 976322
1786719075.112015 1291796 1069616 2855 1589 0 1287806 0 976322
1786719076.115860 1291796 1069616 2855 1589 0 1287806 0 976322
1786719077.116906 1291796 1069616 2855 1589 0 1287806 0 976322
1786719078.116954 1291796 1069616 2855 1589 0 1287806 0 976322
1786719079.115802 1291796 1069616 2855 1589 0 1287806 0 976322
1786719080.111806 1291796 1069616 2855 1589 0 1287806 0 976322
1786719081.112795 1291796 1069616 2855 1589 0 1287806 0 976322
1786719082.115919 1291796 1069616 2855 1589 0 1287806 0 976322
1786719083.115934 1291796 1069616 2855 1589 0 1287806 0 976322
1786719084.117304 1291796 1069616 2855 1589 0 1287806 0 976322
1786719085.112404 1291796 1069616 2855 1589 0 1287806 0 976322
1786719086.112098 1291796 1069616 2855 1589 0 1287806 0 976322
1786719087.113077 1291796 1069616 2855 1589 0 1287806 0 976322
1786719088.112138 1291796 1069616 2855 1589 0 1287806 0 976322
1786719089.112780 1291796 1069616 2855 1589 0 1287806 0 976322
1786719090.115006 1291796 1069616 2855 1589 0 1287806 0 976322
1786719091.113903 1291796 1069616 2855 1589 0 1287806 0 976322
1786719092.112676 1291796 1069616 2855 1589 0 1287806 0 976322
1786719093.112074 1291796 1069616 2855 1589 0 1287806 0 976322
1786719094.112830 1291796 1069616 2855 1589 0 1287806 0 976322
1786719095.113494 1291796 1069616 2855 1589 0 1287806 0 976322
1786719096.115228 1291796 1069616 2855 1589 0 1287806 0 976322
1786719097.111873 1291796 1069616 2855 1589 0 1287806 0 976322
1786719098.113022 1291796 1069616 2855 1589 0 1287806 0 976322
1786719099.111777 1291796 1069616 2855 1589 0 1287806 0 976322
1786719100.114726 1291796 1069616 2855 1589 0 1287806 0 976322
1786719101.112782 1291796 1069616 2855 1589 0 1287806 0 976322
1786719102.116358 1291796 1069616 2855 1589 0 1287806 0 976322
1786719103.112801 1291796 1069616 2855 1589 0 1287806 0 976322
1786719104.115817 1291796 1069616 2855 1589 0 1287806 0 976322
1786719105.112248 1291796 1069616 2855 1589 0 1287806 0 976322
1786719106.116270 1291796 1069616 2855 1589 0 1287806 0 976322
1786719107.115886 1291796 1069616 2855 1589 0 1287806 0 976322
1786719108.111775 1291796 1069616 2855 1589 0 1287806 0 976322
1786719109.116096 1291796 1069616 2855 1589 0 1287806 0 976322
1786719110.113260 1291796 1069616 2855 1589 0 1287806 0 976322
1786719111.112973 1291796 1069616 2855 1589 0 1287806 0 976322
1786719112.115928 1291796 1069616 2855 1589 0 1287806 0 976322
1786719113.116946 1291796 1069616 2855 1589 0 1287806 0 976322
1786719114.115976 1291796 1069616 2855 1589 0 1287806 0 976322
1786719115.113478 1291796 1069616 2855 1589 0 1287806 0 976322
1786719116.115236 1291796 1069616 2855 1589 0 1287806 0 976322
1786719117.112242 1291796 1069616 2855 1589 0 1287806 0 976322
1786719118.113217 1291796 1069616 2855 1589 0 1287806 0 976322
1786719119.115831 1291796 1069616 2855 1589 0 1287806 0 976322
1786719120.115992 1291796 1069616 2855 1589 0 1287806 0 976322
1786719121.111677 1291796 1069616 2855 1589 0 1287806 0 976322
1786719122.112062 1291796 1069616 2855 1589 0 1287806 0 976322
1786719123.119965 1291796 1069616 2855 1589 0 1287806 0 976322
1786719124.116910 1291796 1069616 2855 1589 0 1287806 0 976322
1786719125.112629 1291796 1069616 2855 1589 0 1287806 0 976322
1786719126.116080 1291796 1069616 2855 1589 0 1287806 0 976322
1786719127.111884 1291796 1069616 2855 1589 0 1287806 0 976322
1786719128.112115 1291796 1069616 2855 1589 0 1287806 0 976322
1786719129.111896 1291796 1069616 2855 1589 0 1287806 0 976322
1786719130.116024 1291796 1069616 2855 1589 0 1287806 0 976322
1786719131.113051 1291796 1069616 2855 1589 0 1287806 0 976322
1786719132.111965 1291796 1069616 2855 1589 0 1287806 0 976322
1786719133.116694 1291796 1069616 2855 1589 0 1287806 0 976322
1786719134.116278 1291796 1069616 2855 1589 0 1287806 0 976322
1786719135.112779 1291796 1069616 2855 1589 0 1287806 0 976322
1786719136.116468 1291796 1069616 2855 1589 0 1287806 0 976322
1786719137.116207 1291796 1069616 2855 1589 0 1287806 0 976322
1786719138.115900 1291796 1069616 2855 1589 0 1287806 0 976322
1786719139.115994 1291796 1069616 2855 1589 0 1287806 0 976322
1786719140.112967 1291796 1069616 2855 1589 0 1287806 0 976322
1786719141.112188 1291796 1069616 2855 1589 0 1287806 0 976322
1786719142.113219 1291796 1069616 2855 1589 0 1287806 0 976322
1786719143.112131 1291796 1069616 2855 1589 0 1287806 0 976322
1786719144.113390 1291796 1069616 2855 1589 0 1287806 0 976322
1786719145.116657 1291796 1069616 2855 1589 0 1287806 0 976322
1786719146.111446 1291796 1069616 2855 1589 0 1287806 0 976322
1786719147.112100 1291796 1069616 2855 1589 0 1287806 0 976322
1786719148.113097 1291796 1069616 2855 1589 0 1287806 0 976322
1786719149.111966 1291796 1069616 2855 1589 0 1287806 0 976322
1786719150.112256 1291796 1069616 2855 1589 0 1287806 0 976322
1786719151.113101 1291796 1069616 2855 1589 0 1287806 0 976322
1786719152.116107 1291796 1069616 2855 1589 0 1287806 0 976322
1786719153.113057 1291796 1069616 2855 1589 0 1287806 0 976322
1786719154.116336 1291796 1069616 2855 1589 0 1287806 0 976322
1786719155.117486 1291796 1069616 2855 1589 0 1287806 0 976322
1786719156.113695 1291796 1069616 2855 1589 0 1287806 0 976322
1786719157.113276 1291796 1069616 2855 1589 0 1287806 0 976322
1786719158.113271 1291796 1069616 2855 1589 0 1287806 0 976322
1786719159.115936 1291796 1069616 2855 1589 0 1287806 0 976322
1786719160.115928 1291796 1069616 2855 1589 0 1287806 0 976322
1786719161.112017 1291796 1069616 2855 1589 0 1287806 0 976322
1786719162.116199 1291796 1069616 2855 1589 0 1287806 0 976322
1786719163.116009 1291796 1069616 2855 1589 0 1287806 0 976322
1786719164.113280 1291796 1069616 2855 1589 0 1287806 0 976322
1786719165.111984 1291796 1069616 2855 1589 0 1287806 0 976322
1786719166.112264 1291796 1069616 2855 1589 0 1287806 0 976322
1786719167.111150 1291796 1069616 2855 1589 0 1287806 0 976322
1786719168.115847 1291796 1069616 2855 1589 0 1287806 0 976322
1786719169.110787 1291796 1069616 2855 1589 0 1287806 0 976322
1786719170.114225 1291796 1069616 2855 1589 0 1287806 0 976322
1786719171.115902 1291796 1069616 2855 1589 0 1287806 0 976322
1786719172.116267 1291796 1069616 2855 1589 0 1287806 0 976322
1786719173.111734 1291796 1069616 2855 1589 0 1287806 0 976322
1786719174.112525 1291796 1069616 2855 1589 0 1287806 0 976322
1786719175.116470 1291796 1069616 2855 1589 0 1287806 0 976322
1786719176.112332 1291796 1069616 2855 1589 0 1287806 0 976322
1786719177.115860 1291796 1069616 2855 1589 0 1287806 0 976322
1786719178.115163 1291796 1069616 2855 1589 0 1287806 0 976322
1786719179.113130 1291796 1069616 2855 1589 0 1287806 0 976322
1786719180.112379 1291796 1069616 2855 1589 0 1287806 0 976322
1786719181.111975 1291796 1069616 2855 1589 0 1287806 0 976322
1786719182.113274 1291796 1069616 2855 1589 0 1287806 0 976322
1786719183.119455 1291796 1069616 2855 1589 0 1287806 0 976322
1786719184.113139 1291796 1069616 2855 1589 0 1287806 0 976322
1786719185.113480 1291796 1069616 2855 1589 0 1287806 0 976322
1786719186.113738 1291796 1069616 2855 1589 0 1287806 0 976322
1786719187.113383 1291796 1069616 2855 1589 0 1287806 0 976322
1786719188.112878 1291796 1069616 2855 1589 0 1287806 0 976322
1786719189.113173 1291796 1069616 2855 1589 0 1287806 0 976322
1786719190.112513 1291796 1069616 2855 1589 0 1287806 0 976322
1786719191.115315 1291796 1069616 2855 1589 0 1287806 0 976322
1786719192.113403 1291796 1069616 2855 1589 0 1287806 0 976322
1786719193.112099 1291796 1069616 2855 1589 0 1287806 0 976322
1786719194.115440 1291796 1069616 2855 1589 0 1287806 0 976322
1786719195.113717 1291796 1069616 2855 1589 0 1287806 0 976322
1786719196.111761 1291796 1069616 2855 1589 0 1287806 0 976322
1786719197.116298 1291796 1069616 2855 1589 0 1287806 0 976322
1786719198.113430 1291796 1069616 2855 1589 0 1287806 0 976322
1786719199.113184 1291796 1069616 2855 1589 0 1287806 0 976322
1786719200.111302 1291796 1069616 2855 1589 0 1287806 0 976322
1786719201.116033 1291796 1069616 2855 1589 0 1287806 0 976322
1786719202.113255 1291796 1069616 2855 1589 0 1287806 0 976322
1786719203.115291 1291796 1069616 2855 1589 0 1287806 0 976322
1786719204.117505 1291796 1069616 2855 1589 0 1287806 0 976322
1786719205.117494 1291796 1069616 2855 1589 0 1287806 0 976322
1786719206.112716 1291796 1069616 2855 1589 0 1287806 0 976322
1786719207.113197 1291796 1069616 2855 1589 0 1287806 0 976322
1786719208.116270 1291796 1069616 2855 1589 0 1287806 0 976322
1786719209.112772 1291796 1069616 2855 1589 0 1287806 0 976322
1786719210.112256 1291796 1069616 2855 1589 0 1287806 0 976322
1786719211.115012 1291796 1069616 2855 1589 0 1287806 0 976322
1786719212.116309 1291796 1069616 2855 1589 0 1287806 0 976322
1786719213.115965 1291796 1069616 2855 1589 0 1287806 0 976322
1786719214.116428 1291796 1069616 2855 1589 0 1287806 0 976322
1786719215.112569 1291796 1069616 2855 1589 0 1287806 0 976322
1786719216.112729 1291796 1069616 2855 1589 0 1287806 0 976322
1786719217.112253 1291796 1069616 2855 1589 0 1287806 0 976322
1786719218.112084 1291796 1069616 2855 1589 0 1287806 0 976322
1786719219.115115 1291796 1069616 2855 1589 0 1287806 0 976322
1786719220.111983 1291796 1069616 2855 1589 0 1287806 0 976322
1786719221.112049 1291796 1069616 2855 1589 0 1287806 0 976322
1786719222.116179 1291796 1069616 2855 1589 0 1287806 0 976322
1786719223.111898 1291796 1069616 2855 1589 0 1287806 0 976322
1786719224.116040 1291796 1069616 2855 1589 0 1287806 0 976322
1786719225.111861 1291796 1069616 2855 1589 0 1287806 0 976322
1786719226.112725 1291796 1069616 2855 1589 0 1287806 0 976322
1786719227.117300 1291796 1069616 2855 1589 0 1287806 0 976322
1786719228.112180 1291796 1069616 2855 1589 0 1287806 0 976322
1786719229.113287 1291796 1069616 2855 1589 0 1287806 0 976322
1786719230.113228 1291796 1069616 2855 1589 0 1287806 0 976322
1786719231.110978 1291796 1069616 2855 1589 0 1287806 0 976322
1786719232.112363 1291796 1069616 2855 1589 0 1287806 0 976322
1786719233.112984 1291796 1069616 2855 1589 0 1287806 0 976322
1786719234.116192 1291796 1069616 2855 1589 0 1287806 0 976322
1786719235.115811 1291796 1069616 2855 1589 0 1287806 0 976322
1786719236.116673 1291796 1069616 2855 1589 0 1287806 0 976322
1786719237.112426 1291796 1069616 2855 1589 0 1287806 0 976322
1786719238.116385 1291796 1069616 2855 1589 0 1287806 0 976322
1786719239.111926 1291796 1069616 2855 1589 0 1287806 0 976322
1786719240.112339 1291796 1069616 2855 1589 0 1287806 0 976322
1786719241.113008 1291796 1069616 2855 1589 0 1287806 0 976322
1786719242.112298 1291796 1069616 2855 1589 0 1287806 0 976322
1786719243.119174 1291796 1069616 2855 1589 0 1287806 0 976322
1786719244.112293 1291796 1069616 2855 1589 0 1287806 0 976322
1786719245.112924 1291796 1069616 2855 1589 0 1287806 0 976322
1786719246.117580 1291796 1069616 2855 1589 0 1287806 0 976322
1786719247.117258 1291796 1069616 2855 1589 0 1287806 0 976322
1786719248.112009 1291796 1069616 2855 1589 0 1287806 0 976322
1786719249.112929 1291796 1069616 2855 1589 0 1287806 0 976322
1786719250.115947 1291796 1069616 2855 1589 0 1287806 0 976322
1786719251.116205 1291796 1069616 2855 1589 0 1287806 0 976322
1786719252.117210 1291796 1069616 2855 1589 0 1287806 0 976322
1786719253.112137 1291796 1069616 2855 1589 0 1287806 0 976322
1786719254.113517 1291796 1069616 2855 1589 0 1287806 0 976322
1786719255.112825 1291796 1069616 2855 1589 0 1287806 0 976322
1786719256.117106 1291796 1069616 2855 1589 0 1287806 0 976322
1786719257.115008 1291796 1069616 2855 1589 0 1287806 0 976322
1786719258.117856 1291796 1069616 2855 1589 0 1287806 0 976322
1786719259.113095 1291796 1069616 2855 1589 0 1287806 0 976322
1786719260.111993 1291796 1069616 2855 1589 0 1287806 0 976322
1786719261.114136 1291796 1069616 2855 1589 0 1287806 0 976322
1786719262.111996 1291796 1069616 2855 1589 0 1287806 0 976322
1786719263.112128 1291796 1069616 2855 1589 0 1287806 0 976322
1786719264.113245 1291796 1069616 2855 1589 0 1287806 0 976322
1786719265.114794 1291796 1069616 2855 1589 0 1287806 0 976322
1786719266.117268 1291796 1069616 2855 1589 0 1287806 0 976322
1786719267.115983 1291796 1069616 2855 1589 0 1287806 0 976322
1786719268.113287 1291796 1069616 2855 1589 0 1287806 0 976322
1786719269.111895 1291796 1069616 2855 1589 0 1287806 0 976322
1786719270.112988 1291796 1069616 2855 1589 0 1287806 0 976322
1786719271.111828 1291796 1069616 2855 1589 0 1287806 0 976322
1786719272.111951 1291796 1069616 2855 1589 0 1287806 0 976322
1786719273.115966 1291796 1069616 2855 1589 0 1287806 0 976322
1786719274.115062 1291796 1069616 2855 1589 0 1287806 0 976322
1786719275.115820 1291796 1069616 2855 1589 0 1287806 0 976322
1786719276.116225 1291796 1069616 2855 1589 0 1287806 0 976322
1786719277.117375 1291796 1069616 2855 1589 0 1287806 0 976322
1786719278.116070 1291796 1069616 2855 1589 0 1287806 0 976322
1786719279.116755 1291796 1069616 2855 1589 0 1287806 0 976322
1786719280.111805 1291796 1069616 2855 1589 0 1287806 0 976322
1786719281.111855 1291796 1069616 2855 1589 0 1287806 0 976322
1786719282.112229 1291796 1069616 2855 1589 0 1287806 0 976322
1786719283.115481 1291796 1069616 2855 1589 0 1287806 0 976322
1786719284.113015 1291796 1069616 2855 1589 0 1287806 0 976322
1786719285.111813 1291796 1069616 2855 1589 0 1287806 0 976322
1786719286.118657 1291796 1069616 2855 1589 0 1287806 0 976322
1786719287.112819 1291796 1069616 2855 1589 0 1287806 0 976322
1786719288.115928 1291796 1069616 2855 1589 0 1287806 0 976322
1786719289.111668 1291796 1069616 2855 1589 0 1287806 0 976322
1786719290.112233 1291796 1069616 2855 1589 0 1287806 0 976322
1786719291.112075 1291796 1069616 2855 1589 0 1287806 0 976322
1786719292.112049 1291796 1069616 2855 1589 0 1287806 0 976322
1786719293.113197 1291796 1069616 2855 1589 0 1287806 0 976322
1786719294.112368 1291796 1069616 2855 1589 0 1287806 0 976322
1786719295.111959 1291796 1069616 2855 1589 0 1287806 0 976322
1786719296.114729 1291796 1069616 2855 1589 0 1287806 0 976322
1786719297.116386 1291796 1069616 2855 1589 0 1287806 0 976322
1786719298.112822 1291796 1069616 2855 1589 0 1287806 0 976322
1786719299.112032 1291796 1069616 2855 1589 0 1287806 0 976322
1786719300.116056 1291796 1069616 2855 1589 0 1287806 0 976322
1786719301.111801 1291796 1069616 2855 1589 0 1287806 0 976322
1786719302.111938 1291796 1069616 2855 1589 0 1287806 0 976322
1786719303.114718 1291796 1069616 2855 1589 0 1287806 0 976322
1786719304.112986 1291796 1069616 2855 1589 0 1287806 0 976322
1786719305.115736 1291796 1069616 2855 1589 0 1287806 0 976322
1786719306.116888 1291796 1069616 2855 1589 0 1287806 0 976322
1786719307.112358 1291796 1069616 2855 1589 0 1287806 0 976322
1786719308.112185 1291796 1069616 2855 1589 0 1287806 0 976322
1786719309.112991 1291796 1069616 2855 1589 0 1287806 0 976322
1786719310.117510 1291796 1069616 2855 1589 0 1287806 0 976322
1786719311.115783 1291796 1069616 2855 1589 0 1287806 0 976322
1786719312.116012 1291796 1069616 2855 1589 0 1287806 0 976322
1786719313.111688 1291796 1069616 2855 1589 0 1287806 0 976322
1786719314.112200 1291796 1069616 2855 1589 0 1287806 0 976322
1786719315.113124 1291796 1069616 2855 1589 0 1287806 0 976322
1786719316.112733 1291796 1069616 2855 1589 0 1287806 0 976322
1786719317.113477 1291796 1069616 2855 1589 0 1287806 0 976322
1786719318.115963 1291796 1069616 2855 1589 0 1287806 0 976322
1786719319.111769 1291796 1069616 2855 1589 0 1287806 0 976322
1786719320.117113 1291796 1069616 2855 1589 0 1287806 0 976322
1786719321.110692 1291796 1069616 2855 1589 0 1287806 0 976322
1786719322.116849 1291796 1069616 2855 1589 0 1287806 0 976322
1786719323.117359 1291796 1069616 2855 1589 0 1287806 0 976322
1786719324.111970 1291796 1069616 2855 1589 0 1287806 0 976322
1786719325.112989 1291796 1069616 2855 1589 0 1287806 0 976322
1786719326.112705 1291796 1069616 2855 1589 0 1287806 0 976322
