# start_epoch=1786716161.983035  page_size=4096  cachestat=ok  fields=size,resident,shared,text,lib,data,dt,pagecache
1786716162.983282 174445 27668 7735 99 0 160440 0 1
1786716163.983254 174445 27668 7735 99 0 160440 0 1
1786716164.984601 2819716 49031 29084 99 0 163896 0 27151
1786716166.005477 2838049 64751 44798 99 0 163896 0 38896
1786716167.007190 2833381 53782 33814 99 0 165944 0 46044
1786716168.008364 3909811 72301 52335 99 0 165944 0 50089
1786716169.008421 2844957 51785 31808 99 0 165944 0 56604
1786716170.007425 2863262 68429 48452 99 0 165944 0 69596
1786716171.007469 2874888 69910 50006 99 0 165944 0 84509
1786716171.988265 2911483 101871 81967 99 0 165944 0 109669
1786716173.012253 2911433 106293 86389 99 0 165944 0 123598
1786716174.009695 2911433 109956 90052 99 0 165944 0 137335
1786716175.013122 2929677 125290 105386 99 0 165944 0 135956
1786716176.010674 2929677 127878 107974 99 0 165944 0 148954
1786716177.011604 2929677 131080 111176 99 0 165944 0 146078
1786716178.010837 2947982 146865 127098 99 0 165944 0 151206
1786716179.028526 2975411 123947 104193 99 0 165944 0 183369
1786716180.012187 2938229 84589 64823 99 0 165944 0 140694
1786716181.012972 2938229 86620 66854 99 0 165944 0 153402
1786716182.010654 2938229 88533 68767 99 0 165944 0 157189
1786716183.012543 2956473 104837 85065 99 0 165944 0 162938
1786716184.012024 2956473 113263 93597 99 0 165944 0 170721
1786716185.013204 2956473 121208 101540 99 0 165944 0 172432
1786716186.014212 2973880 67367 47722 99 0 165944 0 177844
1786716187.204449 3001247 86195 66537 99 0 165944 0 199655
1786716188.014567 2971233 87998 68340 99 0 165944 0 188537
1786716189.014120 2971233 89966 70308 99 0 165944 0 192355
1786716190.014640 2989541 107373 87707 99 0 165944 0 199041
1786716191.014877 2989541 115980 96314 99 0 165944 0 206590
1786716192.017779 4055198 129040 109371 99 0 165944 0 206699
1786716193.105266 3023830 104678 85048 99 0 165944 0 211096
1786716194.024322 3098337 85324 65717 99 0 165944 0 300707
1786716195.015505 3003373 88261 68659 99 0 165944 0 216257
1786716196.017965 3003373 94469 74860 99 0 165944 0 222435
1786716197.106137 3021617 111810 92205 99 0 165944 0 229007
1786716198.015325 3021617 113640 94035 99 0 165944 0 241542
1786716199.104433 3021617 115657 96050 99 0 165944 0 237359
1786716200.105697 3039922 130705 111115 99 0 165944 0 250729
1786716201.107410 3103615 84844 65306 99 0 165944 0 286180
1786716202.015952 3035776 89383 69820 99 0 165944 0 250439
1786716203.016480 3054020 103881 84318 99 0 165944 0 262661
1786716204.106128 3054020 109289 89718 99 0 165944 0 260251
1786716205.106933 3054020 115544 95973 99 0 165944 0 274172
1786716206.107600 3054020 120174 100603 99 0 165944 0 279450
1786716207.017670 3072310 136218 116665 99 0 165944 0 278668
1786716208.107212 3051758 71171 51621 99 0 165944 0 266343
1786716209.105655 3103304 89624 70106 99 0 165944 0 317951
1786716210.002594 3217807 103895 84373 99 0 165944 0 421673
1786716211.307506 3146261 106518 86991 99 0 165944 0 337467
1786716212.222025 3175262 109902 90375 99 0 165944 0 399232
1786716213.206503 3241248 125341 105814 99 0 165944 0 472038
1786716214.205288 3262555 128544 109007 99 0 165944 0 477361
1786716215.207904 3280845 142547 123005 99 0 165944 0 491932
1786716216.204939 3280845 146169 126625 99 0 165944 0 497491
1786716217.206568 3280845 148709 129165 99 0 165944 0 502019
1786716218.412853 3326804 144656 125120 99 0 165944 0 514584
1786716219.306593 3200492 93021 73485 99 0 165944 0 389496
1786716220.107664 3110982 97018 77482 99 0 165944 0 330158
1786716221.207626 3108437 101039 81497 99 0 165944 0 333833
1786716222.212847 3171921 118338 98796 99 0 165944 0 383902
1786716223.106858 3171921 121196 101679 99 0 165944 0 387736
1786716224.111578 3217705 125477 105960 99 0 165944 0 438825
1786716225.111066 3269429 147345 127827 99 0 165944 0 475771
1786716226.215996 3148694 104431 84955 99 0 165944 0 333458
1786716227.120051 3071236 80267 60802 99 0 165944 0 296562
1786716228.106679 3151737 98981 79507 99 0 165944 0 361331
1786716229.108226 3151737 101579 82105 99 0 165944 0 367403
1786716230.206026 3216386 117635 98161 99 0 165944 0 418512
1786716231.113321 3249254 129850 110376 99 0 165944 0 461292
1786716232.207277 3176828 132671 113193 99 0 165944 0 393290
1786716233.305739 3246081 115759 96281 99 0 165944 0 428914
1786716234.309119 3229236 99537 80053 99 0 165944 0 433564
1786716235.213858 3229236 103271 83787 99 0 165944 0 445606
1786716236.210368 3277003 110681 91197 99 0 165944 0 507887
1786716237.312050 3308001 129308 109831 99 0 165944 0 467504
1786716238.213504 3142004 74627 55210 99 0 165944 0 354295
1786716239.207082 3113585 77491 58074 99 0 165944 0 336477
1786716240.305146 3193880 93113 73684 99 0 165944 0 393871
1786716241.110434 3193880 98837 79415 99 0 165944 0 401984
1786716242.113412 3241673 107979 88557 99 0 165944 0 457307
1786716243.210809 3242116 125103 105684 99 0 165944 0 445081
1786716244.211198 3166613 131479 112060 99 0 165944 0 374134
1786716245.212964 3230444 85774 66355 99 0 165944 0 442115
1786716246.110557 3248752 101691 82271 99 0 165944 0 451133
1786716247.514207 3239722 108366 88962 99 0 165944 0 451391
1786716248.305772 3170316 76050 56646 99 0 165944 0 409745
1786716249.116202 4268692 96366 76963 99 0 165944 0 412681
1786716250.112671 3210552 94479 75075 99 0 165944 0 417659
1786716251.114785 3282752 102031 82627 99 0 165944 0 496801
1786716252.114865 3301057 121182 101773 99 0 165944 0 505438
1786716253.407868 3285478 97535 78120 99 0 165944 0 478028
1786716254.223503 3209705 78334 58919 99 0 165944 0 432017
1786716255.315719 3276701 85580 66157 99 0 165944 0 493340
1786716256.312888 3294945 103619 84191 99 0 165944 0 506861
1786716257.306995 3294945 109200 89769 99 0 165944 0 510695
1786716258.120978 3357966 114420 94998 99 0 165944 0 576028
1786716259.305609 3171960 82841 63406 99 0 165944 0 368655
1786716260.210344 3147059 76420 56985 99 0 165944 0 363194
1786716261.110987 3218886 82375 62942 99 0 165944 0 437877
1786716262.208677 3237191 97182 77748 99 0 165944 0 443370
1786716263.211157 3237191 99266 79832 99 0 165944 0 445891
1786716264.212948 3325729 107580 88163 99 0 165944 0 546911
1786716265.309598 3267737 72644 53212 99 0 165944 0 473244
1786716266.311278 3267737 73862 54430 99 0 165944 0 484006
1786716267.113627 3238974 75604 56174 99 0 165944 0 458347
1786716268.206214 3257279 93807 74373 99 0 165944 0 465535
1786716269.113663 3257279 98968 79534 99 0 165944 0 470127
1786716270.209533 3273218 114563 95132 99 0 165944 0 471932
1786716271.309052 3273218 118984 99551 99 0 165944 0 484532
1786716272.411504 3312173 78317 58884 99 0 165944 0 518662
1786716273.311457 3279317 81096 61656 99 0 165944 0 493807
1786716274.319512 3394241 97255 77812 99 0 165944 0 603406
1786716275.215125 3397132 100891 81447 99 0 165944 0 598262
1786716276.110366 3238834 102218 82788 99 0 165944 0 454051
1786716277.310736 3299542 118140 98702 99 0 165944 0 509629
1786716278.404657 3331530 78026 58750 99 0 165944 0 553225
1786716279.404415 3331530 82147 62866 99 0 165944 0 547388
1786716280.206856 3349835 98933 79652 99 0 165944 0 559968
1786716281.121752 3410995 107190 87929 99 0 165944 0 623729
1786716282.215872 3274202 108972 89733 99 0 165944 0 488940
1786716283.210467 3256372 126436 107174 99 0 165944 0 465633
1786716284.509959 3337881 100151 80889 99 0 165944 0 533731
1786716285.318894 3319591 85033 65762 99 0 165944 0 534503
1786716286.311821 3337881 99579 80307 99 0 165944 0 545770
1786716287.404478 3420674 104769 85494 99 0 165944 0 640900
1786716288.205708 3420674 111158 91892 99 0 165944 0 637874
1786716289.517035 3315513 125062 105791 99 0 165944 0 519501
1786716290.314900 3314786 75996 56724 99 0 165944 0 529950
1786716291.306749 3314786 79872 60593 99 0 165944 0 531953
1786716292.311975 3333030 94914 75632 99 0 165944 0 545947
1786716293.321107 3408218 100634 81423 99 0 165944 0 617336
1786716294.205717 3408218 107413 88213 99 0 165944 0 627319
1786716295.504817 3424607 126775 107566 99 0 165944 0 628102
1786716296.208207 3284287 127890 108681 99 0 165944 0 496124
1786716297.408958 3309888 77706 58497 99 0 165944 0 532882
1786716298.320530 3383028 82360 63149 99 0 165944 0 608017
1786716299.407544 3401333 98337 79114 99 0 165944 0 612721
1786716300.314433 3446743 104364 85141 99 0 165944 0 662432
1786716301.208416 3446743 113868 94654 99 0 165944 0 663924
1786716302.312469 3359027 127154 107977 99 0 165944 0 565776
1786716303.217454 3328500 130813 111636 99 0 165944 0 546269
1786716304.122342 3360615 81032 61877 99 0 165944 0 578885
1786716305.204581 3378920 97025 77864 99 0 165944 0 586941
1786716306.316920 3453919 103524 84363 99 0 165944 0 668086
1786716307.312660 3472224 120689 101528 99 0 165944 0 681233
1786716308.606229 3523015 125840 106678 99 0 165944 0 697090
1786716309.514494 3414153 88932 69770 99 0 165944 0 610128
1786716310.224118 3328654 79777 60651 99 0 165944 0 546488
1786716311.326710 3346962 96058 76929 99 0 165944 0 600536
1786716312.305178 3393727 100125 80987 99 0 165944 0 608198
1786716313.204609 3393727 105155 86016 99 0 165944 0 611562
1786716314.610312 3522697 126995 107834 99 0 165944 0 685911
1786716315.513761 3399770 126827 107666 99 0 165944 0 562820
1786716316.118873 3320881 129664 110503 99 0 165944 0 543151
1786716317.307819 3400262 81967 62816 99 0 165944 0 605954
1786716318.223428 3418567 97369 78215 99 0 165944 0 629349
1786716319.209972 3418567 102689 83535 99 0 165944 0 632656
1786716320.125799 3436875 120685 101529 99 0 165944 0 647490
1786716321.405951 3563355 124735 105669 99 0 165944 0 752265
1786716322.316753 3412818 125431 106365 99 0 165944 0 631782
1786716323.417293 3426915 128945 109879 99 0 165944 0 619850
1786716324.318503 3406300 117536 98458 99 0 165944 0 583815
1786716325.306271 3370685 100168 81090 99 0 165944 0 587100
1786716326.305424 3517805 110518 91436 99 0 165944 0 732913
1786716327.614590 3497361 124681 105602 99 0 165944 0 598667
1786716328.223279 3345116 125603 106524 99 0 165944 0 554886
1786716329.215914 3345116 130554 111475 99 0 165944 0 567519
1786716330.120341 3363406 146870 127790 99 0 165944 0 565506
1786716331.314335 3470660 97816 78735 99 0 165944 0 683404
1786716332.312787 3470660 103038 83957 99 0 165944 0 686691
1786716333.205079 3488914 120775 101693 99 0 165944 0 692096
1786716334.811882 3561014 118812 99733 99 0 165944 0 749642
1786716335.507852 3421641 112873 93794 99 0 165944 0 613587
1786716336.410620 3395954 94016 74937 99 0 165944 0 613756
1786716337.419080 3474986 98837 79751 99 0 165944 0 687545
1786716338.305734 3474986 104093 85007 99 0 165944 0 691778
1786716339.212463 3493303 123691 104602 99 0 165944 0 704812
1786716340.229045 3503731 127252 108178 99 0 165944 0 664817
1786716341.311416 3453407 142028 122857 99 0 165944 0 655849
1786716342.309849 3453407 147786 128615 99 0 165944 0 668286
1786716343.414121 3453407 153124 133953 99 0 165944 0 681231
1786716344.706496 3548151 170912 151735 99 0 165944 0 747273
1786716345.417183 3632288 124121 104944 99 0 165944 0 818045
1786716346.412374 3587193 128506 109338 99 0 165944 0 796902
1786716347.406473 3666052 145973 126800 99 0 165944 0 871366
1786716348.406013 3666052 153340 134166 99 0 165944 0 887434
1786716349.408418 3666052 159812 140638 99 0 165944 0 885651
1786716350.615543 3732010 175060 155922 99 0 165944 0 879835
1786716351.508742 3575502 176819 157287 99 0 165944 0 738979
1786716352.513755 3454911 118257 98724 99 0 165944 0 647967
1786716353.410560 3458022 100003 80469 99 0 165944 0 665888
1786716354.411142 3476312 115588 96053 99 0 165944 0 685268
1786716355.210389 3476312 118636 99101 99 0 165944 0 688868
1786716356.211059 3554982 122048 102571 99 0 165944 0 771975
1786716357.409985 3573254 137051 117600 99 0 165944 0 785387
1786716358.315686 3633651 144032 124577 99 0 165944 0 849315
1786716359.306006 3688498 161235 141773 99 0 165944 0 860481
1786716360.513799 3641898 165522 146060 99 0 165944 0 792495
1786716361.508641 3576319 139660 120158 99 0 165944 0 770088
1786716362.417875 3517450 102247 82740 99 0 165944 0 729687
1786716363.526849 3593090 108688 89181 99 0 165944 0 798308
1786716364.611965 3611398 123972 104465 99 0 165944 0 820486
1786716365.411840 3611398 126083 106576 99 0 165944 0 830090
1786716366.306686 3733086 131423 111975 99 0 165944 0 947307
1786716367.221313 3751376 151578 132130 99 0 165944 0 958789
1786716368.624933 3717290 156393 136970 99 0 165944 0 888853
1786716369.405448 3551850 149525 130102 99 0 165944 0 756323
1786716370.614157 3503159 111874 92450 99 0 165944 0 695632
1786716371.215991 3448929 97124 77698 99 0 165944 0 662626
1786716372.216781 3531351 102252 82473 99 0 165944 0 740924
1786716373.316048 3549641 116206 96427 99 0 165944 0 760654
1786716374.213287 3549641 121244 101465 99 0 165944 0 764684
1786716375.205859 3449883 136132 116381 99 0 165944 0 651682
1786716376.412813 3593761 141508 121748 99 0 165944 0 809001
1786716377.517390 3599292 118936 99203 99 0 165944 0 804142
1786716378.511985 3569928 103135 83402 99 0 165944 0 786599
1786716379.608704 3588233 118300 98590 99 0 165944 0 797781
1786716380.509774 3676449 122708 102996 99 0 165944 0 888909
1786716381.611255 3676449 125685 105973 99 0 165944 0 891529
1786716382.506279 3676449 129155 108940 99 0 165944 0 902006
1786716383.312671 3796719 146550 126363 99 0 165944 0 1003475
1786716384.416776 3732457 149633 129518 99 0 165944 0 911407
1786716385.733449 3539733 124511 104396 99 0 165944 0 751553
1786716386.205633 3456919 94383 74268 99 0 165944 0 661210
1786716387.410403 3411401 97949 77827 99 0 165944 0 627170
1786716388.213350 3411401 101282 81172 99 0 165944 0 669625
1786716389.212995 3523766 120180 100068 99 0 165944 0 727780
1786716390.316474 3622387 127508 107394 99 0 165944 0 774366
1786716391.414756 3576664 132139 112025 99 0 165944 0 795711
1786716392.719071 3626443 138038 117871 99 0 165944 0 841740
1786716393.511522 3607828 126693 106525 99 0 165944 0 790602
1786716394.509417 3567942 104272 84104 99 0 165944 0 786951
1786716395.314020 3567942 107753 87585 99 0 165944 0 778956
1786716396.218784 3586240 124820 104683 99 0 165944 0 793666
1786716397.423956 3682633 129638 109499 99 0 165944 0 874716
1786716398.609718 3708680 132986 113003 99 0 165944 0 896040
1786716399.423559 3641927 112522 92564 99 0 165944 0 840582
1786716400.411750 3616034 97798 77832 99 0 165944 0 823180
1786716401.318455 3648591 102007 82040 99 0 165944 0 867217
1786716402.314629 3765032 118911 98951 99 0 165944 0 971427
1786716403.406726 3765032 127099 107139 99 0 165944 0 977355
1786716404.614882 3691014 130457 110486 99 0 165944 0 874753
1786716406.014651 3612362 134488 114517 99 0 165944 0 819942
1786716407.508649 3546469 104221 84245 99 0 165944 0 758024
1786716408.505204 3546469 107852 87876 99 0 165944 0 761045
1786716409.307802 3652847 112101 92125 99 0 165944 0 873675
1786716410.417870 3603768 126022 106059 99 0 165944 0 806810
1786716411.308363 3642147 127987 108011 99 0 165944 0 854257
1786716412.412595 3672835 132327 112351 99 0 165944 0 895964
1786716413.608022 4772454 87247 67266 99 0 165944 0 924640
1786716414.612786 3725053 103777 83796 99 0 165944 0 936823
1786716415.509758 3725053 109734 89753 99 0 165944 0 941540
1786716416.505744 3798662 117379 97396 99 0 165944 0 1020895
1786716417.810271 3908331 135902 115958 99 0 165944 0 1078613
1786716418.905910 3738733 137007 117063 99 0 165944 0 893353
1786716419.420709 3624238 139800 119851 99 0 165944 0 781841
1786716420.305943 3462323 83745 63812 99 0 165944 0 653160
1786716421.308146 3459007 95023 75090 99 0 165944 0 666017
1786716422.312011 3459007 100249 80315 99 0 165944 0 670279
1786716423.211788 3624780 118996 99062 99 0 165944 0 830690
1786716424.621379 3661967 125906 105986 99 0 165944 0 873022
1786716425.319243 3661967 131071 111151 99 0 165944 0 874286
1786716426.511643 3742633 137097 117177 99 0 165944 0 967044
1786716427.718225 3742633 141464 121537 99 0 165944 0 951698
1786716428.717453 3842614 148700 128773 99 0 165944 0 1011779
1786716429.420195 3715548 107976 88053 99 0 165944 0 909264
1786716430.204296 3652715 111448 91601 99 0 165944 0 864657
1786716431.714584 3777087 143785 123913 99 0 165944 0 993080
1786716432.411686 3705749 146698 126825 99 0 165944 0 887448
1786716433.519246 3669893 122440 102566 99 0 165944 0 861222
1786716434.606636 3666380 99198 79317 99 0 165944 0 887271
1786716435.515384 3666380 102127 82244 99 0 165944 0 888974
1786716436.405684 3684685 118269 98383 99 0 165944 0 893620
1786716437.620125 3800452 124586 104699 99 0 165944 0 1014951
1786716438.311669 3800452 130484 110609 99 0 165944 0 1019582
1786716439.314844 3818757 148206 128331 99 0 165944 0 1024115
1786716440.420706 3818757 154512 134634 99 0 165944 0 1029719
1786716442.108428 3764088 156704 136819 99 0 165944 0 940700
1786716443.709688 3737818 96528 76641 99 0 165944 0 934229
1786716444.611288 3687700 98947 79051 99 0 165944 0 899318
1786716445.513400 3687700 103180 83284 99 0 165944 0 910237
1786716446.316707 3783217 120079 100190 99 0 165944 0 985065
1786716447.709452 3783790 127540 107645 99 0 165944 0 935557
1786716448.720483 3643216 129335 109440 99 0 165944 0 846103
1786716449.606050 3548221 131723 111828 99 0 165944 0 773424
1786716450.413753 3566511 147752 127873 99 0 165944 0 776178
1786716451.417419 3718583 117556 97682 99 0 165944 0 911798
1786716452.314774 3785065 116352 96501 99 0 165944 0 989697
1786716453.414978 3785065 122276 102425 99 0 165944 0 993539
1786716454.419380 3785065 127281 107430 99 0 165944 0 968650
1786716455.516374 3658449 140607 120747 99 0 165944 0 858811
1786716456.710460 3777070 146847 126985 99 0 165944 0 952274
1786716457.413816 3696539 99169 79307 99 0 165944 0 916871
1786716458.530164 3734038 104233 84362 99 0 165944 0 948697
1786716459.505824 3752343 120042 100170 99 0 165944 0 959580
1786716460.610682 3752343 125645 105773 99 0 165944 0 971727
1786716461.510758 3791766 130726 110880 99 0 165944 0 1006266
1786716462.406279 4018875 134905 115073 99 0 165944 0 1241316
1786716463.318863 4037165 152630 132797 99 0 165944 0 1251109
1786716464.318203 4037165 160912 141079 99 0 165944 0 1231668
1786716465.719404 4023989 177525 157693 99 0 165944 0 1209189
1786716466.804269 3953714 181354 161522 99 0 165944 0 1152144
1786716467.710276 3858643 184652 164814 99 0 165944 0 1048212
1786716468.625144 3844275 190351 170532 99 0 165944 0 1039959
1786716469.517380 3675839 139270 119451 99 0 165944 0 863577
1786716470.216764 3627302 121099 101280 99 0 165944 0 845508
1786716471.413548 3778368 136839 117028 99 0 165944 0 983049
1786716472.514254 3799042 142977 123135 99 0 165944 0 974258
1786716473.612168 4884722 148398 128555 99 0 165944 0 981342
1786716474.506306 3713518 161364 141520 99 0 165944 0 926743
1786716475.631872 3752219 165473 145628 99 0 165944 0 960929
1786716476.318523 3788537 121605 101751 99 0 165944 0 1004902
1786716477.420125 3788537 126942 107088 99 0 165944 0 1015973
1786716478.514514 3874395 144593 124737 99 0 165944 0 1080635
1786716479.521327 3982202 148051 128197 99 0 165944 0 1199162
1786716480.412499 4075027 153891 134054 99 0 165944 0 1291781
1786716481.410240 4093332 172741 152903 99 0 165944 0 1304031
1786716483.105885 4021910 176283 156446 99 0 165944 0 1112794
1786716484.521307 3622152 113015 93178 99 0 165944 0 799903
1786716485.506822 3570550 117972 98128 99 0 165944 0 788080
1786716486.614720 3671882 123139 103295 99 0 165944 0 884499
1786716487.320404 3690187 139165 119318 99 0 165944 0 895122
1786716488.414249 3800405 143280 123445 99 0 165944 0 1012027
1786716489.222944 3800405 145459 125624 99 0 165944 0 1014298
1786716490.320953 3818710 160112 140276 99 0 165944 0 1026163
1786716491.507001 3963203 165298 145529 99 0 165944 0 1157636
1786716493.219843 3938394 179483 159673 99 0 165944 0 1110216
1786716494.719231 3671107 131934 112134 99 0 165944 0 828115
1786716495.606376 3655552 116736 96930 99 0 165944 0 870975
1786716496.606479 3655552 119208 99402 99 0 165944 0 862752
1786716497.617052 3673842 133831 114021 99 0 165944 0 883412
1786716498.624759 3737090 137870 118060 99 0 165944 0 949291
1786716499.422594 3737090 141338 121528 99 0 165944 0 959326
1786716500.517774 3755380 156648 136837 99 0 165944 0 971221
1786716501.808002 3812500 162015 142203 99 0 165944 0 1022896
1786716502.312510 3812500 167204 147407 99 0 165944 0 1028471
1786716503.313313 3947596 186117 166318 99 0 165944 0 1152693
1786716505.305514 4061466 189905 170087 99 0 165944 0 1215457
1786716506.909324 3875889 158021 138209 99 0 165944 0 1054892
1786716507.806639 3800358 116530 96718 99 0 165944 0 1005703
1786716508.412504 3770836 120030 100210 99 0 165944 0 977615
1786716509.622392 3858002 124765 104945 99 0 165944 0 1076210
1786716510.620818 3980626 129137 109317 99 0 165944 0 1208856
1786716511.428522 4091557 144596 124771 99 0 165944 0 1293993
1786716512.434738 4091557 148189 128364 99 0 165944 0 1305598
1786716513.421715 4164674 155717 135892 99 0 165944 0 1385706
1786716514.718062 4195341 170320 150494 99 0 165944 0 1388325
1786716515.812038 4067901 173445 153619 99 0 165944 0 1244853
1786716517.011913 3972430 174928 155096 99 0 165944 0 1102770
1786716518.917548 3785382 120300 100466 99 0 165944 0 975352
1786716519.224968 3726312 117431 97605 99 0 165944 0 925248
1786716520.306347 3726312 124437 104611 99 0 165944 0 938671
1786716521.423780 3775280 130167 110335 99 0 165944 0 990952
1786716522.608441 3874328 146010 126178 99 0 165944 0 1053789
1786716523.608129 3896806 98899 79066 99 0 165944 0 1114508
1786716524.917772 3896806 104992 85152 99 0 165944 0 1109636
1786716525.721409 3896806 109324 89484 99 0 165944 0 1122767
1786716526.906663 4054610 125645 105805 99 0 165944 0 1275004
1786716527.715228 4054610 129518 109678 99 0 165944 0 1277310
1786716528.515399 4089372 132332 112505 99 0 165944 0 1209553
1786716529.332688 3835529 144855 125026 99 0 165944 0 1012412
1786716530.726832 3777811 148116 128274 99 0 165944 0 993084
1786716531.611050 3840151 151791 131947 99 0 165944 0 1047327
1786716532.708392 3838497 167026 147188 99 0 165944 0 1056122
1786716533.806547 3999615 146651 126807 99 0 165944 0 1203310
1786716534.508658 3936240 124138 104294 99 0 165944 0 1157968
1786716535.615940 4021923 129777 109930 99 0 165944 0 1238860
1786716536.527115 4040213 146977 127130 99 0 165944 0 1251656
1786716537.614549 4040213 151688 131841 99 0 165944 0 1264535
1786716538.517311 4040213 156630 136780 99 0 165944 0 1257891
1786716539.705463 4170699 175124 155270 99 0 165944 0 1321352
1786716540.811993 4082846 177483 157630 99 0 165944 0 1267991
1786716541.905341 3986296 179473 159620 99 0 165944 0 1212284
1786716542.620394 3879331 173170 153317 99 0 165944 0 1065133
1786716543.412654 3881870 175949 156090 99 0 165944 0 1059882
1786716544.613512 3825364 163940 144081 99 0 165944 0 1008125
1786716545.309587 3741667 119954 100102 99 0 165944 0 954989
1786716546.509054 3820228 123132 103280 99 0 165944 0 1036538
1786716547.419370 3838548 136340 116486 99 0 165944 0 1046841
1786716548.413872 3838548 142441 122587 99 0 165944 0 1050993
1786716549.332323 3832672 147706 127861 99 0 165944 0 1010297
1786716550.604653 3716713 162849 142990 99 0 165944 0 951623
1786716551.622109 3884904 168953 149093 99 0 165944 0 1103355
1786716552.608550 3884904 173985 154125 99 0 165944 0 1105835
1786716553.617300 3976049 190392 170526 99 0 165944 0 1181417
1786716554.719375 3976049 196529 176662 99 0 165944 0 1185762
1786716555.420673 3976049 201329 181462 99 0 165944 0 1196106
1786716556.708034 4116402 161808 141939 99 0 165944 0 1304964
1786716557.913965 4108543 150252 130383 99 0 165944 0 1315826
1786716558.417366 4200731 154875 135006 99 0 165944 0 1459924
1786716559.715208 4250612 157918 138048 99 0 165944 0 1462434
1786716561.206545 4254934 160306 140448 99 0 165944 0 1308379
1786716562.615236 3864576 100576 80715 99 0 165944 0 1044138
1786716563.620980 3853770 97376 77515 99 0 165944 0 1060398
1786716564.707657 3853770 101109 81239 99 0 165944 0 1071934
1786716565.513416 3872075 116593 96722 99 0 165944 0 1083108
1786716566.319423 3872075 124139 104273 99 0 165944 0 1079406
1786716567.812334 3988426 131844 112004 99 0 165944 0 1154803
1786716568.623069 3850315 134802 114954 99 0 165944 0 1022252
1786716569.705018 3818739 151339 131490 99 0 165944 0 1034532
1786716570.710318 3897331 157599 137742 99 0 165944 0 1066700
1786716571.618352 3797957 134671 114814 99 0 165944 0 990872
1786716572.512672 3788125 120762 100905 99 0 165944 0 1000793
1786716573.711056 3788125 125070 105211 99 0 165944 0 996533
1786716574.407985 3950807 129667 109822 99 0 165944 0 1084318
1786716575.218766 3859303 144797 124952 99 0 165944 0 1065281
1786716576.526676 3877593 161811 141944 99 0 165944 0 1083079
1786716577.807631 3983662 168081 148214 99 0 165944 0 1186592
1786716578.608860 4083208 173011 153144 99 0 165944 0 1246792
1786716579.905902 3995615 142190 122319 99 0 165944 0 1186617
1786716580.617759 5036927 139893 120022 99 0 165944 0 1187920
1786716581.319656 3978787 146363 126543 99 0 165944 0 1191480
1786716582.406230 4094184 154386 134599 99 0 165944 0 1304816
1786716583.321053 4094184 160182 140392 99 0 165944 0 1301789
1786716584.214443 4094184 165702 145912 99 0 165944 0 1299263
1786716585.806388 4084741 169186 149678 99 0 167992 0 1283772
1786716586.320857 3964239 171798 152304 99 0 167992 0 1128137
1786716587.219007 3734096 101423 81927 99 0 167992 0 902449
1786716588.044995 3735082 32967 13492 99 0 167992 0 930299
1786716589.040585 3767672 32970 13495 99 0 167992 0 962890
1786716590.039721 3767672 32970 13495 99 0 167992 0 962890
1786716591.045862 3853069 33560 14085 99 0 167992 0 1048287
1786716592.223209 3821844 33392 13916 99 0 167992 0 962182
1786716593.036636 3725998 33050 13574 99 0 167992 0 921219
1786716594.038506 3725998 33050 13574 99 0 167992 0 921219
1786716595.041791 3787501 33379 14007 99 0 167992 0 982724
1786716596.028584 3787501 33379 14007 99 0 167992 0 982724
1786716597.206682 3739660 33218 13846 99 0 167992 0 920849
1786716598.022212 3687088 32926 13554 99 0 167992 0 882315
1786716599.022139 3687088 32926 13554 99 0 167992 0 882315
1786716600.021970 3687088 32926 13554 99 0 167992 0 882315
1786716601.029415 3601320 32382 13009 99 0 167992 0 796549
1786716602.029422 3601320 32382 13009 99 0 167992 0 796549
1786716603.029405 3601320 32382 13009 99 0 167992 0 796549
1786716604.055224 3694859 32910 13536 99 0 167992 0 890090
1786716605.047201 3694859 32910 13536 99 0 167992 0 890090
1786716606.042247 3694859 32910 13536 99 0 167992 0 890091
1786716607.038714 3724146 33222 13848 99 0 167992 0 919379
1786716608.041219 3780522 33593 14219 99 0 167992 0 975755
1786716609.041048 3780522 33593 14219 99 0 167992 0 975755
1786716610.040993 3780522 33593 14219 99 0 167992 0 975755
1786716611.039556 3780522 33593 14219 99 0 167992 0 975755
1786716612.026054 3780522 33593 14219 99 0 167992 0 975755
1786716613.120564 3841137 33955 14578 99 0 167992 0 1022338
1786716614.017649 3581006 32413 13011 99 0 167992 0 776246
1786716615.017475 3581006 32413 13011 99 0 167992 0 776246
1786716616.021749 3581006 32413 13011 99 0 167992 0 776247
1786716617.017234 3581006 32413 13011 99 0 167992 0 776247
1786716618.020686 3580998 32309 12907 99 0 167992 0 776240
1786716619.017500 3580998 32309 12907 99 0 167992 0 776240
1786716620.023287 3580998 32309 12907 99 0 167992 0 776240
1786716621.017681 3580998 32309 12907 99 0 167992 0 776240
1786716622.017430 3580989 32220 12818 99 0 167992 0 776233
1786716623.017310 3580989 32220 12818 99 0 167992 0 776233
1786716624.017381 3580989 32220 12818 99 0 167992 0 776233
1786716625.019075 3580989 32220 12818 99 0 167992 0 776233
1786716626.017365 3580982 32133 12731 99 0 167992 0 776228
1786716627.017288 3580982 32133 12731 99 0 167992 0 776228
1786716628.017401 3580982 32133 12731 99 0 167992 0 776228
1786716629.017416 3580982 32133 12731 99 0 167992 0 776228
1786716630.017195 3580974 32077 12675 99 0 167992 0 776221
1786716631.017371 3580974 32077 12675 99 0 167992 0 776221
1786716632.017412 3580974 32077 12675 99 0 167992 0 776221
1786716633.017220 3580974 32077 12675 99 0 167992 0 776221
1786716634.023109 3580968 31932 12530 99 0 167992 0 776217
1786716635.017174 3580968 31932 12530 99 0 167992 0 776217
1786716636.017467 3580968 31932 12530 99 0 167992 0 776217
1786716637.017115 3580968 31932 12530 99 0 167992 0 776217
1786716638.017154 3580958 31842 12439 99 0 167992 0 776209
1786716639.020741 3580958 31842 12439 99 0 167992 0 776209
1786716640.017206 3580958 31842 12439 99 0 167992 0 776209
1786716641.017174 3580958 31842 12439 99 0 167992 0 776209
1786716642.113552 3580951 31782 12384 99 0 167992 0 776203
1786716643.113761 3580951 31782 12384 99 0 167992 0 776203
1786716644.112869 3580951 31782 12384 99 0 167992 0 776203
1786716645.113043 3580951 31782 12384 99 0 167992 0 776203
1786716646.113176 3580951 31782 12384 99 0 167992 0 776203
1786716647.112505 3580951 31782 12384 99 0 167992 0 776203
1786716648.112577 3580951 31782 12384 99 0 167992 0 776203
1786716649.111822 3580951 31782 12384 99 0 167992 0 776203
1786716650.109982 3580951 31782 12384 99 0 167992 0 776203
1786716651.113231 3583000 31775 12384 99 0 170040 0 776203
1786716652.111260 3583000 31775 12384 99 0 170040 0 776203
1786716653.110811 3583000 31775 12384 99 0 170040 0 776203
1786716654.112291 3583000 31775 12384 99 0 170040 0 776203
1786716655.112730 3583000 31775 12384 99 0 170040 0 776203
1786716656.109898 3583000 31775 12384 99 0 170040 0 776203
1786716657.114347 3583000 31775 12384 99 0 170040 0 776203
1786716658.112830 3583000 31775 12384 99 0 170040 0 776203
1786716659.110610 3583000 31775 12384 99 0 170040 0 776203
1786716660.110821 3583000 31775 12384 99 0 170040 0 776203
1786716661.113472 3585049 31671 12384 99 0 172088 0 776203
1786716662.109472 3585049 31671 12384 99 0 172088 0 776203
1786716663.111954 3585049 31671 12384 99 0 172088 0 776203
1786716664.110864 3585049 31671 12384 99 0 172088 0 776203
1786716665.112872 3585049 31671 12384 99 0 172088 0 776203
1786716666.113784 3585049 31671 12384 99 0 172088 0 776203
1786716667.112698 3585049 31671 12384 99 0 172088 0 776203
1786716668.110831 3585049 31671 12384 99 0 172088 0 776203
1786716669.110975 3585049 31671 12384 99 0 172088 0 776203
1786716670.110110 3587098 31675 12384 99 0 174136 0 776203
1786716671.110816 3587098 31675 12384 99 0 174136 0 776203
1786716672.117044 3587098 31675 12384 99 0 174136 0 776203
1786716673.110692 3587098 31675 12384 99 0 174136 0 776203
1786716674.110646 3587098 31675 12384 99 0 174136 0 776203
1786716675.116359 3587098 31675 12384 99 0 174136 0 776203
1786716676.110756 3587098 31675 12384 99 0 174136 0 776203
1786716677.110988 3587098 31675 12384 99 0 174136 0 776203
1786716678.109874 3587098 31675 12384 99 0 174136 0 776203
1786716679.113977 3587098 31675 12384 99 0 174136 0 776203
1786716680.112257 3587098 31675 12384 99 0 174136 0 776203
1786716681.112769 3587098 31675 12384 99 0 174136 0 776203
1786716682.112444 3587098 31675 12384 99 0 174136 0 776203
1786716683.111663 3587098 31675 12384 99 0 174136 0 776203
1786716684.113005 3587098 31675 12384 99 0 174136 0 776203
1786716685.114102 3587098 31675 12384 99 0 174136 0 776203
1786716686.111837 3587098 31675 12384 99 0 174136 0 776203
1786716687.113998 3587098 31675 12384 99 0 174136 0 776203
1786716688.108848 3587098 31675 12384 99 0 174136 0 776203
1786716689.111813 3587098 31675 12384 99 0 174136 0 776203
1786716690.110719 3587098 31675 12384 99 0 174136 0 776203
1786716691.113586 3587098 31675 12384 99 0 174136 0 776203
1786716692.110932 3587098 31675 12384 99 0 174136 0 776203
1786716693.112275 3587098 31675 12384 99 0 174136 0 776203
1786716694.113159 3587098 31675 12384 99 0 174136 0 776203
1786716695.113681 3587098 31675 12384 99 0 174136 0 776203
1786716696.111995 3587098 31675 12384 99 0 174136 0 776203
1786716697.112655 3587098 31675 12384 99 0 174136 0 776203
1786716698.112674 3587098 31675 12384 99 0 174136 0 776203
1786716699.110904 3587098 31892 12384 99 0 174136 0 776203
1786716700.113809 3587098 31892 12384 99 0 174136 0 776203
1786716701.110918 3587098 31892 12384 99 0 174136 0 776203
1786716702.111527 3587098 31892 12384 99 0 174136 0 776203
1786716703.113969 3587098 31892 12384 99 0 174136 0 776203
1786716704.113995 3587098 31892 12384 99 0 174136 0 776203
1786716705.110757 3587098 31892 12384 99 0 174136 0 776203
1786716706.114374 3587098 31892 12384 99 0 174136 0 776203
1786716707.110803 3587098 31892 12384 99 0 174136 0 776203
1786716708.112928 3587098 31892 12384 99 0 174136 0 776203
1786716709.110777 3587098 32096 12384 99 0 174136 0 776203
1786716710.112655 3587098 32096 12384 99 0 174136 0 776203
