# start_epoch=1786716711.558612  page_size=4096  cachestat=ok  fields=size,resident,shared,text,lib,data,dt,pagecache
1786716712.558824 172397 27168 7753 99 0 158392 0 1
1786716713.558823 172397 27168 7753 99 0 158392 0 1
1786716714.561027 2818281 50891 31025 99 0 162488 0 35856
1786716715.561405 2837930 53140 32312 99 0 173624 0 42229
1786716716.563696 2857754 74376 52209 99 0 175160 0 81528
1786716717.563069 3943838 90299 68056 99 0 175800 0 81768
1786716718.563993 2895606 87068 64322 99 0 177336 0 87042
1786716719.564475 2905044 87678 64238 99 0 178232 0 93098
1786716720.565955 2931948 114284 90843 99 0 178232 0 124892
1786716721.564738 2931947 105352 81911 99 0 178232 0 127728
1786716722.645532 3998952 106398 83159 99 0 178232 0 134858
1786716723.646724 2930979 92030 68791 99 0 178232 0 136049
1786716724.645837 2939630 90846 67563 99 0 178232 0 139302
1786716725.566917 2948251 89396 66111 99 0 178232 0 141658
1786716726.646895 2956838 88163 64875 99 0 178232 0 145716
1786716727.566776 2983806 107800 84504 99 0 178232 0 171822
1786716728.567220 2983769 105402 82105 99 0 178232 0 179554
1786716729.649169 2974115 92944 70316 99 0 178232 0 184496
1786716730.647770 2982769 91955 68886 99 0 178232 0 187089
1786716731.649737 2991371 91384 67594 99 0 178232 0 190228
1786716732.650001 2999984 89770 65973 99 0 178232 0 193033
1786716733.648127 3016366 96246 72441 99 0 178232 0 196630
1786716734.569503 3026952 106294 82697 99 0 178232 0 230995
1786716735.569547 3035536 105780 82165 99 0 178232 0 231254
1786716736.650376 3025882 94292 70666 99 0 178232 0 236398
1786716737.651271 3034513 91839 68209 99 0 178232 0 236208
1786716738.651508 3043156 90249 66607 99 0 178232 0 237775
1786716739.651161 3052740 89720 65054 99 0 179256 0 240453
1786716740.573885 3071028 106691 82619 99 0 179256 0 271935
1786716741.652470 4127576 103221 79148 99 0 179256 0 273352
1786716742.654726 3069970 93317 69155 99 0 179256 0 273855
1786716743.653662 3078585 90903 67453 99 0 179256 0 275851
1786716744.653139 3087172 89459 66009 99 0 179256 0 278211
1786716745.572040 3125623 125377 100954 99 0 179256 0 291357
1786716746.648820 3114081 107087 82664 99 0 179256 0 315203
1786716747.655608 3376374 95792 71333 99 0 179256 0 298040
1786716748.656445 3113053 93114 69389 99 0 179256 0 318471
1786716749.656670 3121702 91742 68015 99 0 179256 0 321037
1786716750.656706 3130348 91155 66244 99 0 179256 0 323212
1786716751.647943 3148587 108160 83246 99 0 179256 0 316604
1786716752.648026 3157229 106278 82531 99 0 179256 0 356814
1786716753.658673 3147532 94668 70921 99 0 179256 0 359367
1786716754.658840 3156131 92822 69074 99 0 179256 0 360752
1786716755.659045 3164794 90128 67432 99 0 179256 0 362689
1786716756.654580 3173430 88408 65712 99 0 179256 0 362703
1786716757.653265 3191718 106554 82991 99 0 179256 0 387783
1786716758.656128 3200354 106331 82810 99 0 179256 0 396726
1786716759.659952 3190702 94184 70663 99 0 179256 0 399711
1786716760.744577 3199318 93248 68496 99 0 179256 0 400732
1786716761.745926 3207964 91187 66435 99 0 179256 0 401305
1786716762.650947 3246449 124292 99530 99 0 179256 0 412776
1786716763.652382 3234905 107641 82876 99 0 179256 0 434274
1786716764.747401 3225214 94607 71114 99 0 179256 0 436666
1786716765.747005 3233798 92406 68895 99 0 179256 0 436643
1786716766.746810 3242400 91385 67170 99 0 179256 0 437918
1786716767.747802 3260725 108050 83830 99 0 179256 0 430303
1786716768.653224 3269263 107329 83105 99 0 179256 0 471436
1786716769.661124 3277887 106783 82558 99 0 179256 0 472968
1786716770.749247 3268235 95184 70479 99 0 179256 0 476609
1786716771.747841 3276866 93091 68385 99 0 179256 0 477492
1786716772.748274 3285507 91417 66708 99 0 179256 0 478526
1786716773.656596 3312385 110208 85498 99 0 179256 0 502065
1786716774.747547 3312422 105831 82848 99 0 179256 0 508029
1786716775.752451 3302728 94239 70646 99 0 179256 0 511347
1786716776.750937 3311310 92270 67952 99 0 179256 0 509670
1786716777.757638 3319946 90565 66244 99 0 179256 0 511388
1786716778.656333 3338256 107671 83325 99 0 179256 0 534179
1786716779.660590 3346853 106125 82915 99 0 179256 0 542279
1786716780.753281 3337257 94088 70562 99 0 179256 0 544789
1786716781.753415 3345873 92585 68259 99 0 179256 0 544797
1786716782.750928 3354507 90717 66384 99 0 179256 0 545716
1786716783.657629 3372780 107302 83486 99 0 179256 0 568998
1786716784.752521 4429254 98114 74298 99 0 179256 0 565710
1786716785.754872 3371772 94044 70203 99 0 179256 0 578808
1786716786.756123 3380403 92039 68151 99 0 179256 0 579557
1786716787.759711 3389022 90152 66264 99 0 179256 0 580163
1786716788.661101 3407310 108233 83680 99 0 179256 0 603765
1786716789.661331 3415990 107911 83357 99 0 179256 0 611140
1786716790.755122 3406296 95155 70632 99 0 179256 0 613965
1786716791.758296 3414915 92733 68209 99 0 179256 0 613787
1786716792.754980 3433174 108917 84393 99 0 179256 0 603497
1786716793.745709 3441842 107098 83714 99 0 179256 0 645505
1786716794.757191 3432145 93729 71690 99 0 179256 0 636180
1786716795.759295 3440794 91408 69097 99 0 179256 0 644008
1786716796.748775 3449445 89673 66665 99 0 179256 0 639906
1786716797.746911 3467741 106883 83875 99 0 179256 0 664089
1786716798.755953 3476276 106285 83271 99 0 179256 0 673034
1786716799.758673 3466616 93929 70909 99 0 179256 0 674940
1786716800.760722 3475244 91451 68429 99 0 179256 0 674923
1786716801.855726 3483895 89611 66587 99 0 179256 0 677033
1786716802.750619 3502198 106746 83722 99 0 179256 0 698199
1786716803.750675 4558682 100307 77299 99 0 179256 0 694680
1786716804.848345 3501138 92856 69848 99 0 179256 0 706848
1786716805.846347 3509751 90077 67068 99 0 179256 0 704732
1786716806.748912 3536698 115680 92671 99 0 179256 0 714516
1786716807.665503 3536682 106432 83423 99 0 179256 0 731784
1786716808.851610 3527033 94401 71392 99 0 179256 0 738028
1786716809.848791 3535652 92209 69197 99 0 179256 0 737518
1786716810.854077 3544236 89943 66928 99 0 179256 0 737753
1786716811.747273 3562509 106785 83770 99 0 179256 0 758394
1786716812.762714 3552852 95564 72549 99 0 179256 0 748360
1786716813.762075 3561464 91733 69766 99 0 179256 0 765827
1786716814.850248 3570118 89016 67010 99 0 179256 0 764879
1786716815.751653 3588377 107244 84323 99 0 179256 0 790318
1786716816.760687 3596982 105927 83703 99 0 179256 0 794514
1786716817.850007 3587322 93996 71123 99 0 179256 0 796167
1786716818.849719 3595965 91289 68359 99 0 179256 0 795692
1786716819.847159 3614268 107776 84845 99 0 179256 0 785139
1786716820.845267 3622875 106651 83717 99 0 179256 0 818875
1786716821.854223 3613223 93923 70989 99 0 179256 0 822036
1786716822.850309 3621807 91045 68111 99 0 179256 0 819841
1786716823.848132 3660306 123650 100716 99 0 179256 0 819004
1786716824.749528 3648659 105595 83877 99 0 179256 0 844653
1786716825.856070 3639007 93735 71200 99 0 179256 0 848620
1786716826.854113 3647661 90899 68308 99 0 179256 0 846259
1786716827.756754 3674540 116148 93555 99 0 179256 0 873210
1786716828.763085 3674539 106675 84058 99 0 179256 0 872085
1786716829.853508 3664943 94088 71463 99 0 179256 0 863667
1786716830.854922 3673542 91041 68420 99 0 179256 0 872310
1786716831.758756 3700453 116217 93595 99 0 179256 0 880334
1786716832.760288 3700466 106799 84176 99 0 179256 0 897866
1786716833.858321 3690812 93545 71640 99 0 179256 0 892502
1786716834.944736 3699419 91580 68767 99 0 179256 0 900365
1786716835.846559 3726351 116465 93652 99 0 179256 0 896354
1786716836.756853 3726350 105912 84161 99 0 179256 0 922627
1786716837.859134 3716696 93563 71558 99 0 179256 0 926382
1786716838.858861 3725332 91375 68671 99 0 179256 0 924504
1786716839.847517 3752223 116170 93465 99 0 179256 0 921629
1786716840.758145 3752207 106715 84010 99 0 179256 0 948067
1786716841.857973 3742547 94520 71798 99 0 179256 0 953749
1786716842.859680 3751193 90350 69009 99 0 179256 0 952387
1786716843.946243 3769481 106206 84862 99 0 179256 0 940204
1786716844.761049 3778102 106521 84032 99 0 179256 0 973868
1786716845.863215 3768448 93647 72121 99 0 179256 0 961730
1786716846.860654 3777032 91383 69686 99 0 179256 0 979412
1786716847.948557 3795305 107582 85178 99 0 179256 0 966893
1786716848.755329 3803951 106813 84217 99 0 179256 0 999870
1786716849.949355 3794297 93066 71679 99 0 179256 0 997441
1786716850.947283 3802936 88983 68352 99 0 179256 0 1000999
1786716851.844758 3821195 106371 84646 99 0 179256 0 1007977
1786716852.854362 4877672 96748 74078 99 0 179256 0 1015419
1786716853.948924 3820154 93466 70731 99 0 179256 0 1028650
1786716854.947002 3838457 108656 85920 99 0 179256 0 1011205
1786716855.760598 3847088 107340 84595 99 0 179256 0 1051330
1786716856.947816 3837436 94279 72529 99 0 179256 0 1030864
1786716857.947467 3846055 91886 69896 99 0 179256 0 1048396
1786716858.949464 3864299 108097 85408 99 0 179256 0 1035902
1786716859.850863 3872898 107059 84369 99 0 179256 0 1076242
1786716860.949068 3863241 94732 72023 99 0 179256 0 1075346
1786716861.952553 3871786 91515 68814 99 0 179256 0 1073161
1786716862.946247 3910170 116347 93646 99 0 179256 0 1068827
1786716863.861769 3898654 106954 84250 99 0 179256 0 1095258
1786716864.950045 3889002 93835 71128 99 0 179256 0 1098319
1786716865.952624 3897649 90797 68111 99 0 179256 0 1095708
1786716866.848604 3915952 107760 85072 99 0 179256 0 1117284
1786716867.947948 3906298 96106 73414 99 0 179256 0 1101562
1786716868.951954 3914922 91984 70421 99 0 179256 0 1119326
1786716869.946728 3941812 102909 81344 99 0 179256 0 1114758
1786716870.945382 3941812 106574 84500 99 0 179256 0 1138371
1786716871.958558 3932152 93392 70621 99 0 179256 0 1139103
1786716872.859470 3950455 108870 86098 99 0 179256 0 1122284
1786716873.860442 3959104 107512 84851 99 0 179256 0 1156218
1786716874.955605 3949452 94010 71335 99 0 179256 0 1157594
1786716876.045591 3958054 91153 68476 99 0 179256 0 1155182
1786716876.848879 3976298 107630 84966 99 0 179256 0 1173201
1786716877.958035 3966638 95847 73179 99 0 179256 0 1161635
1786716878.955695 3975237 92834 70156 99 0 179256 0 1178593
1786716879.861250 4013681 116808 94127 99 0 179256 0 1172617
1786716880.861264 4002176 107308 84623 99 0 179256 0 1198665
1786716881.956951 3992527 93722 72163 99 0 179256 0 1203952
1786716882.954693 4001148 90523 68804 99 0 179256 0 1200160
1786716883.847602 4019421 108453 85591 99 0 179256 0 1217373
1786716884.956826 4009761 95586 73450 99 0 179256 0 1204636
1786716885.960099 4018407 92599 69764 99 0 179256 0 1219886
1786716886.848600 4046338 117951 94090 99 0 180280 0 1224002
1786716887.948448 4046338 108827 84945 99 0 180280 0 1244140
1786716889.045682 4036684 95873 71295 99 0 180280 0 1243979
1786716890.049684 4063571 102148 79403 99 0 180280 0 1240074
1786716890.856967 4063541 108740 84869 99 0 180280 0 1258976
1786716892.046725 4053884 96362 72491 99 0 180280 0 1264974
1786716892.959888 4062533 93085 69207 99 0 180280 0 1260917
1786716893.766287 4065547 83139 58776 99 0 182328 0 1250355
1786716894.757675 4055893 66139 40534 99 0 182328 0 1242504
1786716895.649308 4040637 36475 11729 99 0 182328 0 1221281
1786716896.648454 4040637 36475 11729 99 0 182328 0 1221281
1786716897.648001 4040637 36475 11729 99 0 182328 0 1221281
1786716898.648492 4040637 36475 11729 99 0 182328 0 1221281
1786716899.648259 4040637 36475 11729 99 0 182328 0 1221281
1786716900.647300 4040637 36475 11729 99 0 182328 0 1221281
1786716901.648754 4040637 36475 11729 99 0 182328 0 1221281
1786716902.649517 4040637 36475 11729 99 0 182328 0 1221281
1786716903.651727 4040637 36475 11729 99 0 182328 0 1221281
1786716904.647260 4040637 36475 11729 99 0 182328 0 1221281
1786716905.648664 4040637 36475 11729 99 0 182328 0 1221281
1786716906.647408 4040637 36475 11729 99 0 182328 0 1221281
1786716907.648158 4040637 36475 11729 99 0 182328 0 1221281
1786716908.648299 4040637 36475 11729 99 0 182328 0 1221281
1786716909.648057 4040637 36475 11729 99 0 182328 0 1221281
1786716910.770650 4333743 36040 11817 99 0 182328 0 1514388
1786716911.646888 4040615 35266 11021 99 0 182328 0 1221264
1786716912.647992 4040615 35266 11021 99 0 182328 0 1221264
1786716913.647317 4040615 35266 11021 99 0 182328 0 1221264
1786716914.647065 4040615 35266 11021 99 0 182328 0 1221264
1786716915.646950 4040615 35266 11021 99 0 182328 0 1221264
1786716916.647198 4040615 35266 11021 99 0 182328 0 1221264
1786716917.647102 4040615 35266 11021 99 0 182328 0 1221264
1786716918.648173 4040615 35266 11021 99 0 182328 0 1221264
1786716919.648301 4040615 35266 11021 99 0 182328 0 1221264
1786716920.648143 4040615 35266 11021 99 0 182328 0 1221264
1786716921.648066 4040615 35266 11021 99 0 182328 0 1221264
1786716922.647452 4040615 35266 11021 99 0 182328 0 1221264
1786716923.648296 4040615 35266 11021 99 0 182328 0 1221264
1786716924.648232 4040615 35266 11021 99 0 182328 0 1221264
1786716925.647888 4040615 35266 11021 99 0 182328 0 1221264
1786716926.647974 4040593 34527 10249 99 0 182328 0 1221247
1786716927.646975 4040593 34527 10249 99 0 182328 0 1221247
1786716928.647076 4040593 34527 10249 99 0 182328 0 1221247
1786716929.647159 4040593 34527 10249 99 0 182328 0 1221247
1786716930.648095 4040593 34527 10249 99 0 182328 0 1221247
1786716931.647121 4040593 34527 10249 99 0 182328 0 1221247
1786716932.648016 4040593 34527 10249 99 0 182328 0 1221247
1786716933.647727 4040593 34527 10249 99 0 182328 0 1221247
1786716934.647936 4040593 34527 10249 99 0 182328 0 1221247
1786716935.646941 4040593 34527 10249 99 0 182328 0 1221247
1786716936.647362 4040593 34527 10249 99 0 182328 0 1221247
1786716937.647054 4040593 34527 10249 99 0 182328 0 1221247
1786716938.647907 4040593 34527 10249 99 0 182328 0 1221247
1786716939.767006 4299164 32535 10309 99 0 182328 0 1419426
1786716940.646752 4040571 31792 9528 99 0 182328 0 1221231
1786716941.647701 4040571 31792 9528 99 0 182328 0 1221231
1786716942.647671 4040571 31792 9528 99 0 182328 0 1221231
1786716943.647865 4040571 31792 9528 99 0 182328 0 1221231
1786716944.648468 4040571 31792 9528 99 0 182328 0 1221231
1786716945.647804 4040571 31792 9528 99 0 182328 0 1221231
1786716946.647736 4040571 31792 9528 99 0 182328 0 1221231
1786716947.647018 4040571 31792 9528 99 0 182328 0 1221231
1786716948.647625 4040571 31792 9528 99 0 182328 0 1221231
1786716949.646873 4040571 31792 9528 99 0 182328 0 1221231
1786716950.647840 4040571 31792 9528 99 0 182328 0 1221231
1786716951.647782 4040571 31792 9528 99 0 182328 0 1221231
1786716952.646788 4040571 31792 9528 99 0 182328 0 1221231
1786716953.646646 4040571 31792 9528 99 0 182328 0 1221231
1786716954.647269 4040571 31792 9528 99 0 182328 0 1221231
1786716955.651856 4040571 31086 9519 99 0 182328 0 1221234
1786716956.646933 4040571 31086 9519 99 0 182328 0 1221234
1786716957.647175 4040571 31086 9519 99 0 182328 0 1221234
1786716958.646512 4040571 31086 9519 99 0 182328 0 1221234
1786716959.646657 4040571 31086 9519 99 0 182328 0 1221234
1786716960.646821 4040571 31086 9519 99 0 182328 0 1221234
1786716961.647942 4040571 31086 9519 99 0 182328 0 1221234
1786716962.647630 4040571 31086 9519 99 0 182328 0 1221234
1786716963.647785 4040571 31086 9519 99 0 182328 0 1221234
1786716964.646635 4040571 31086 9519 99 0 182328 0 1221234
1786716965.646712 4040571 31086 9519 99 0 182328 0 1221234
1786716966.647927 4040571 31086 9519 99 0 182328 0 1221234
1786716967.648944 4040571 31086 9519 99 0 182328 0 1221234
1786716968.646605 4040571 31086 9519 99 0 182328 0 1221234
1786716969.646495 4040571 31086 9519 99 0 182328 0 1221234
1786716970.765672 4231087 30498 9706 99 0 182328 0 1411750
1786716971.649689 4040571 30331 9539 99 0 182328 0 1221236
1786716972.648767 4040571 30331 9539 99 0 182328 0 1221236
1786716973.646598 4040571 30331 9539 99 0 182328 0 1221236
1786716974.646787 4040571 30331 9539 99 0 182328 0 1221236
1786716975.647244 4040571 30331 9539 99 0 182328 0 1221236
1786716976.646960 4040571 30331 9539 99 0 182328 0 1221236
1786716977.646984 4040571 30331 9539 99 0 182328 0 1221236
1786716978.649919 4040571 30331 9539 99 0 182328 0 1221236
1786716979.647629 4040571 30331 9539 99 0 182328 0 1221236
1786716980.646472 4040571 30331 9539 99 0 182328 0 1221236
1786716981.647616 4040571 30331 9539 99 0 182328 0 1221236
1786716982.647011 4040571 30331 9539 99 0 182328 0 1221236
1786716983.646802 4040571 30331 9539 99 0 182328 0 1221236
1786716984.756534 4042619 30334 9537 99 0 184376 0 1221238
1786716985.756040 4042619 30334 9537 99 0 184376 0 1221238
1786716986.755654 4042619 30334 9537 99 0 184376 0 1221238
1786716987.757565 4042619 30334 9537 99 0 184376 0 1221238
1786716988.754535 4042619 30334 9537 99 0 184376 0 1221238
1786716989.754315 4042619 30334 9537 99 0 184376 0 1221238
1786716990.754453 4042619 30334 9537 99 0 184376 0 1221238
1786716991.754343 4042619 30334 9537 99 0 184376 0 1221238
1786716992.752060 4042619 30334 9537 99 0 184376 0 1221238
1786716993.755394 4044668 30318 9537 99 0 186424 0 1221238
1786716994.753099 4044668 30318 9537 99 0 186424 0 1221238
1786716995.753409 4044668 30318 9537 99 0 186424 0 1221238
1786716996.754587 4044668 30318 9537 99 0 186424 0 1221238
1786716997.753210 4044668 30318 9537 99 0 186424 0 1221238
1786716998.753558 4044668 30318 9537 99 0 186424 0 1221238
1786716999.753460 4044668 30318 9537 99 0 186424 0 1221238
1786717000.754374 4044668 30318 9537 99 0 186424 0 1221238
1786717001.756270 4046717 30287 9537 99 0 188472 0 1221238
1786717002.759128 4046717 30287 9537 99 0 188472 0 1221238
1786717003.757337 4046717 30287 9537 99 0 188472 0 1221238
1786717004.754275 4046717 30287 9537 99 0 188472 0 1221238
1786717005.756335 4046717 30287 9537 99 0 188472 0 1221238
1786717006.756228 4046717 30287 9537 99 0 188472 0 1221238
1786717007.753546 4046717 30287 9537 99 0 188472 0 1221238
1786717008.753331 4046717 30287 9537 99 0 188472 0 1221238
1786717009.755456 4046717 30287 9537 99 0 188472 0 1221238
1786717010.756288 4048766 30290 9537 99 0 190520 0 1221238
1786717011.756638 4048766 30290 9537 99 0 190520 0 1221238
1786717012.756507 4048766 30290 9537 99 0 190520 0 1221238
1786717013.752135 4048766 30290 9537 99 0 190520 0 1221238
1786717014.755445 4048766 30290 9537 99 0 190520 0 1221238
1786717015.754470 4048766 30290 9537 99 0 190520 0 1221238
1786717016.754432 4048766 30290 9537 99 0 190520 0 1221238
1786717017.755854 4048766 30290 9537 99 0 190520 0 1221238
1786717018.755618 4048766 30290 9537 99 0 190520 0 1221238
1786717019.753032 4048766 30290 9537 99 0 190520 0 1221238
1786717020.753435 4048766 30290 9537 99 0 190520 0 1221238
1786717021.756297 4048766 30290 9537 99 0 190520 0 1221238
1786717022.753056 4048766 30290 9537 99 0 190520 0 1221238
1786717023.754049 4048766 30290 9537 99 0 190520 0 1221238
1786717024.754494 4048766 30290 9537 99 0 190520 0 1221238
1786717025.755457 4048766 30290 9537 99 0 190520 0 1221238
1786717026.757358 4048766 30290 9537 99 0 190520 0 1221238
1786717027.758218 4048766 30290 9537 99 0 190520 0 1221238
1786717028.753779 4048766 30290 9537 99 0 190520 0 1221238
1786717029.756201 4048766 30290 9537 99 0 190520 0 1221238
1786717030.755908 4048766 30290 9537 99 0 190520 0 1221238
1786717031.756311 4048766 30290 9537 99 0 190520 0 1221238
1786717032.756118 4048766 30290 9537 99 0 190520 0 1221238
1786717033.757428 4048766 30290 9537 99 0 190520 0 1221238
1786717034.756977 4048766 30290 9537 99 0 190520 0 1221238
1786717035.758430 4048766 30290 9537 99 0 190520 0 1221238
1786717036.757281 4048766 30290 9537 99 0 190520 0 1221238
1786717037.753661 4048766 30290 9537 99 0 190520 0 1221238
1786717038.757254 4048766 30290 9537 99 0 190520 0 1221238
1786717039.753196 4048766 30290 9537 99 0 190520 0 1221238
1786717040.753048 4048766 30290 9537 99 0 190520 0 1221238
1786717041.755229 4048766 30290 9537 99 0 190520 0 1221238
1786717042.753483 4048766 30290 9537 99 0 190520 0 1221238
1786717043.755529 4048766 30290 9537 99 0 190520 0 1221238
1786717044.558727 85694 27710 8297 99 0 71736 0 1
