# start_epoch=1788187514.531599  page_size=4096  cachestat=ok  fields=size,resident,shared,text,lib,data,dt,pagecache
1788187515.531859 260409 27222 7760 99 0 246458 0 1
1788187516.531790 260409 27222 7760 99 0 246458 0 1
1788187517.538120 2932290 70352 50517 99 0 258106 0 57331
1788187518.537978 2955817 94295 74476 99 0 258106 0 99761
1788187519.538807 2978667 83997 64199 99 0 258106 0 122725
1788187520.550042 3037654 107830 88032 99 0 258106 0 155526
1788187521.543996 3074333 156588 136786 99 0 258106 0 214610
1788187522.547218 3102892 152833 133093 99 0 258106 0 247337
1788187523.547893 3118514 167576 147832 99 0 258106 0 267897
1788187524.545501 3155257 206773 187027 99 0 258106 0 270876
1788187525.549096 3166489 141120 121409 99 0 258106 0 278039
1788187526.551113 3179079 159157 139668 99 0 258106 0 304603
1788187527.549347 3215758 208578 189088 99 0 258106 0 325460
1788187528.556075 3220313 153952 134480 99 0 258106 0 360344
1788187529.553661 3217570 166420 146940 99 0 258106 0 363877
1788187530.553814 3254249 202495 183009 99 0 258106 0 376682
1788187531.555616 3239814 138183 118762 99 0 258106 0 380197
1788187532.560144 3302303 204396 184974 99 0 258106 0 451548
1788187533.556120 3306717 193029 173593 99 0 258106 0 415201
1788187534.557456 3306717 203997 184554 99 0 258106 0 424200
1788187535.558961 3293056 142603 123181 99 0 258106 0 436580
1788187536.561511 3363709 212879 193455 99 0 258106 0 486200
1788187537.559260 3358416 187309 167876 99 0 258106 0 479697
1788187538.560434 3358416 201564 182122 99 0 258106 0 488854
1788187539.565387 3358416 218205 198760 99 0 258106 0 483081
1788187540.561697 3351607 103819 84396 99 0 258106 0 476343
1788187541.563905 3390511 177954 158531 99 0 258106 0 511154
1788187542.565842 3420634 236777 217354 99 0 258106 0 548502
1788187543.587718 4492867 207501 186933 99 0 280122 0 519881
1788187544.573199 3469319 262312 240703 99 0 281146 0 574767
1788187545.562828 3385697 105736 84185 99 0 281146 0 495921
1788187546.564666 3427507 195298 173742 99 0 281146 0 547790
1788187547.579500 3507295 232265 210418 99 0 281786 0 599487
1788187548.589112 3498433 248276 225569 99 0 282682 0 604381
1788187549.585933 3527274 302089 279378 99 0 282682 0 636087
1788187550.588319 3538185 342226 318748 99 0 284218 0 663036
1788187551.568689 3438537 122066 98625 99 0 284218 0 547841
1788187552.569741 3491236 185135 161691 99 0 284218 0 602987
1788187553.608415 3520363 235673 212238 99 0 284218 0 637871
1788187554.568855 3552367 265384 243242 99 0 284218 0 651615
1788187555.571474 3533510 206196 182948 99 0 284218 0 628955
1788187556.609407 4625068 238250 214987 99 0 284218 0 667227
1788187557.582520 3564046 249591 226319 99 0 284218 0 676961
1788187558.584809 3564046 293592 270311 99 0 284218 0 685487
1788187559.570661 3541429 150150 126888 99 0 284218 0 624822
1788187560.570416 3535391 167864 144602 99 0 284218 0 619249
1788187561.572432 3544887 182316 159256 99 0 285754 0 638897
1788187562.567487 3529108 171448 148935 99 0 285754 0 628353
1788187563.569453 3529108 224512 201998 99 0 285754 0 637969
1788187564.567434 3474950 91048 68534 99 0 285754 0 568182
1788187565.564530 3463727 63336 40822 99 0 285754 0 529510
1788187566.557104 3435052 69493 48707 99 0 285754 0 518552
1788187567.562849 3427543 68443 44619 99 0 285754 0 521309
1788187568.566036 3426834 82731 58204 99 0 285754 0 554577
1788187569.562642 3431306 86936 63535 99 0 285754 0 496652
1788187570.563626 3392013 67958 43430 99 0 285754 0 502510
1788187571.565898 3427117 149659 125121 99 0 285754 0 539901
1788187572.565356 3427117 264996 240458 99 0 285754 0 524195
1788187573.560809 3372094 83402 59557 99 0 285754 0 459414
1788187574.563788 3405286 156762 132816 99 0 285754 0 509762
1788187575.565253 3419320 231884 208626 99 0 285754 0 527682
1788187576.567999 3470099 296221 272963 99 0 285754 0 574822
1788187577.563410 3479133 326583 303325 99 0 285754 0 579569
1788187578.559824 3479133 354903 331645 99 0 285754 0 572982
1788187579.559686 3493167 401176 377918 99 0 285754 0 573811
1788187580.552450 3315664 64750 43186 99 0 285754 0 420183
1788187581.550647 3315068 31962 10637 99 0 289850 0 388216
1788187582.550637 3315068 31962 10637 99 0 289850 0 388216
1788187583.553405 3319165 31938 10637 99 0 293946 0 388216
1788187584.550676 3319165 31938 10637 99 0 293946 0 388216
1788187585.550621 3323262 31945 10637 99 0 298042 0 388216
1788187586.550629 3323262 31945 10637 99 0 298042 0 388216
1788187587.550640 3327359 31949 10637 99 0 302138 0 388216
1788187588.550631 3327359 31949 10637 99 0 302138 0 388216
1788187589.550666 3327359 31949 10637 99 0 302138 0 388216
1788187590.550620 3327359 31949 10637 99 0 302138 0 388216
1788187591.550625 3327359 31949 10637 99 0 302138 0 388216
1788187592.550718 3327359 31949 10637 99 0 302138 0 388216
1788187593.550641 3327359 31949 10637 99 0 302138 0 388216
1788187594.550632 3327359 31949 10637 99 0 302138 0 388216
1788187595.550599 3327359 31949 10637 99 0 302138 0 388216
1788187596.550682 3327359 31949 10637 99 0 302138 0 388216
1788187597.550658 3327359 31949 10637 99 0 302138 0 388216
1788187598.550673 3327359 31949 10637 99 0 302138 0 388216
