# start_epoch=1786896958.621936  page_size=4096  cachestat=ok  fields=size,resident,shared,text,lib,data,dt,pagecache
1786896959.622192 260451 27765 8291 99 0 246458 0 1
1786896960.622139 260451 27765 8291 99 0 246458 0 1
1786896961.629090 3003344 128705 106372 99 0 275514 0 121095
1786896962.631889 3060567 144145 119623 99 0 278586 0 163563
1786896963.632983 3095227 143974 120146 99 0 278586 0 183601
1786896964.633906 3149120 179409 155577 99 0 278586 0 255768
1786896965.636923 3147223 148453 124589 99 0 278586 0 252118
1786896966.636801 3201198 179935 156067 99 0 278586 0 320000
1786896967.640949 3199252 152909 129041 99 0 278586 0 321516
1786896968.639469 3293667 203255 179387 99 0 278586 0 377592
1786896969.644873 3251271 156380 132512 99 0 278586 0 386877
1786896970.644260 3285991 144992 121124 99 0 278586 0 377654
1786896971.642620 3339975 179851 155976 99 0 278586 0 448010
1786896972.647972 3338068 146499 124150 99 0 278586 0 443367
1786896973.645736 3392038 180517 156516 99 0 278586 0 512053
1786896974.651955 3390106 152190 128169 99 0 278586 0 509992
1786896975.647997 3461345 196243 173997 99 0 278586 0 565937
1786896976.655736 3442108 155122 130747 99 0 278586 0 572823
1786896977.653619 3496128 181479 157082 99 0 278586 0 547427
1786896978.658025 3494197 157981 134273 99 0 278586 0 599292
1786896979.659104 3528831 145283 121554 99 0 278586 0 624355
1786896980.652374 3582742 179859 156129 99 0 278586 0 688415
1786896981.662503 3580850 148990 125256 99 0 278586 0 689060
1786896982.655928 3634795 180582 156856 99 0 278586 0 756203
1786896983.666361 3632861 151795 128074 99 0 278586 0 752729
1786896984.659162 3704166 198158 174437 99 0 278586 0 811666
1786896985.670893 3684869 154273 131755 99 0 278586 0 820122
1786896986.660917 3719562 143058 120964 99 0 278586 0 810079
1786896987.666623 4841464 190496 166434 99 0 280378 0 880904
1786896988.673250 3773478 146700 123451 99 0 280378 0 873641
1786896989.665020 3827329 181627 156802 99 0 280378 0 940648
1786896990.676853 3825395 152374 127541 99 0 280378 0 940990
1786896991.668807 3898459 184373 158131 99 0 282170 0 1001852
1786896992.680938 3879268 156562 132017 99 0 282170 0 1010438
1786896993.670991 3914052 146799 121241 99 0 282170 0 1001455
1786896994.676749 5034098 176754 151194 99 0 282170 0 1071859
1786896995.685083 3966071 148106 122541 99 0 282170 0 1062150
1786896996.676797 4020041 182830 157217 99 0 282170 0 1125883
1786896997.687466 4018070 149350 123737 99 0 282170 0 1118078
1786896998.676357 4072060 181703 157220 99 0 282170 0 1186497
1786896999.691541 4070119 152659 128174 99 0 282170 0 1186146
1786897000.678527 4141407 197347 172851 99 0 282170 0 1245019
1786897001.695796 4122145 157939 132524 99 0 282170 0 1255535
1786897002.691151 4176109 179928 157922 99 0 282170 0 1225882
1786897003.687599 5276777 178925 153697 99 0 282170 0 1315294
1786897004.677838 4190532 123320 97810 99 0 286266 0 1274548
1786897005.681896 4174323 89271 61195 99 0 289338 0 1277380
1786897006.680959 4147583 61270 35202 99 0 289338 0 1273315
1786897007.675685 4205674 143483 117405 99 0 289338 0 1221800
1786897008.676395 4147583 118127 92044 99 0 289338 0 1234468
1786897009.676907 4147583 152790 126707 99 0 289338 0 1247791
1786897010.677635 4147583 184113 159180 99 0 289338 0 1266696
1786897011.675983 4205674 245931 220667 99 0 289338 0 1221000
1786897012.676249 4147583 241457 216157 99 0 289338 0 1234691
1786897013.687951 4147583 275844 250544 99 0 289338 0 1247214
1786897014.677772 4147583 308413 283113 99 0 289338 0 1264134
1786897015.675660 4172409 358029 332728 99 0 289338 0 1221259
1786897016.676218 4147583 363435 338423 99 0 289338 0 1232355
1786897017.676809 4147583 399228 372694 99 0 289338 0 1245166
1786897018.677191 4147583 435564 406981 99 0 289338 0 1250556
1786897019.689605 4459798 349026 322491 99 0 289338 0 1533229
1786897020.675797 4147578 61613 35076 99 0 289338 0 1221264
1786897021.676320 4147578 95240 68687 99 0 289338 0 1232984
1786897022.676583 4147578 130806 103210 99 0 289338 0 1246159
1786897023.677420 4147578 160796 134223 99 0 289338 0 1262368
1786897024.677692 4205669 238338 211765 99 0 289338 0 1275389
1786897025.677270 4147578 217414 190840 99 0 289338 0 1230540
1786897026.677474 4147578 252116 225533 99 0 289338 0 1244004
1786897027.677966 4147578 284775 258192 99 0 289338 0 1255486
1786897028.678244 4172404 334405 307821 99 0 289338 0 1271480
1786897029.676183 4147578 339909 313325 99 0 289338 0 1228569
1786897030.676950 4147578 373117 348131 99 0 289338 0 1242146
1786897031.676950 4147578 407573 382140 99 0 289338 0 1252517
1786897032.677549 4172404 457188 431755 99 0 289338 0 1257652
1786897033.675588 4164858 30642 10104 99 0 289338 0 1221028
1786897034.676487 4147572 66102 43719 99 0 289338 0 1234210
1786897035.677059 4147572 100389 78004 99 0 289338 0 1247023
1786897036.677594 4147572 131662 109277 99 0 289338 0 1264289
1786897037.678143 4205663 193738 171352 99 0 289338 0 1275407
1786897038.676101 4147572 187949 165563 99 0 289338 0 1231324
1786897039.677045 4147572 222402 200003 99 0 289338 0 1244465
1786897040.677286 4147572 255623 233224 99 0 289338 0 1257931
1786897041.678131 4172398 305229 282830 99 0 289338 0 1275413
1786897042.675837 4147572 308494 287485 99 0 289338 0 1228622
1786897043.676759 4147572 344152 322010 99 0 289338 0 1241836
1786897044.677004 4147572 380639 356449 99 0 289338 0 1249829
1786897045.675472 4151664 31726 9993 99 0 293434 0 1221046
1786897046.675438 4151664 31726 9993 99 0 293434 0 1221046
1786897047.675592 4151664 31726 9993 99 0 293434 0 1221046
1786897048.678599 4155761 31691 9993 99 0 297530 0 1221046
1786897049.675567 4155761 31691 9993 99 0 297530 0 1221046
1786897050.675484 4155761 31691 9993 99 0 297530 0 1221046
1786897051.675684 4155761 31691 9993 99 0 297530 0 1221046
1786897052.675573 4159858 31698 9993 99 0 301626 0 1221046
1786897053.675532 4159858 31698 9993 99 0 301626 0 1221046
1786897054.675424 4159858 31698 9993 99 0 301626 0 1221046
1786897055.675613 4163955 31701 9993 99 0 305722 0 1221046
1786897056.675474 4163955 31701 9993 99 0 305722 0 1221046
1786897057.675653 4163955 31701 9993 99 0 305722 0 1221046
1786897058.675325 4163955 31701 9993 99 0 305722 0 1221046
1786897059.675724 4163955 31701 9993 99 0 305722 0 1221046
1786897060.675957 4163955 31701 9993 99 0 305722 0 1221046
1786897061.675768 4163955 31701 9993 99 0 305722 0 1221046
1786897062.675787 4163955 31701 9993 99 0 305722 0 1221046
1786897063.675593 4163955 31701 9993 99 0 305722 0 1221046
1786897064.675611 4163955 32137 9993 99 0 305722 0 1221046
1786897065.675338 4163955 32137 9993 99 0 305722 0 1221046
1786897066.675605 4163955 32137 9993 99 0 305722 0 1221046
1786897067.676057 4163955 32137 9993 99 0 305722 0 1221046
1786897068.675389 4163955 32137 9993 99 0 305722 0 1221046
1786897069.675577 4163955 32137 9993 99 0 305722 0 1221046
1786897070.675623 4163955 32134 9993 99 0 305722 0 1221046
