# start_epoch=1786185568.706906  page_size=4096  cachestat=ok  fields=size,resident,shared,text,lib,data,dt,pagecache
1786185569.708051 36241 20034 2597 1589 0 32254 0 19053
1786185570.708180 44433 27714 2597 1589 0 40446 0 19053
1786185571.782345 54289 34583 2677 1589 0 50302 0 47056
1786185572.708721 54289 30104 2806 1589 0 50302 0 31320
1786185573.783065 55057 32306 2806 1589 0 51070 0 51902
1786185574.779251 55057 32818 2806 1589 0 51070 0 43570
1786185575.709377 55057 32818 2806 1589 0 51070 0 43570
1786185576.780949 55057 33593 2806 1589 0 51070 0 66711
1786185577.709882 55057 32307 2806 1589 0 51070 0 55821
1786185578.709686 55057 32307 2806 1589 0 51070 0 55821
1786185579.781822 55057 34875 2806 1589 0 51070 0 80754
1786185580.710913 55057 31243 2853 1589 0 51070 0 68072
1786185581.710829 55057 31243 2853 1589 0 51070 0 68072
1786185582.784821 55697 35392 2853 1589 0 51710 0 141455
1786185583.711454 55697 33016 2853 1589 0 51710 0 79520
1786185584.711477 55697 33016 2853 1589 0 51710 0 79520
1786185585.785464 55697 35320 2853 1589 0 51710 0 107012
1786185586.711315 55697 30421 2853 1589 0 51710 0 91770
1786185587.783227 55697 30421 2853 1589 0 51710 0 108087
1786185588.786546 55697 35277 2853 1589 0 51710 0 120797
1786185589.711941 55697 34051 2853 1589 0 51710 0 104019
1786185590.784055 55697 34051 2853 1589 0 51710 0 125369
1786185591.713637 55697 29915 2853 1589 0 51710 0 116270
1786185592.714000 55697 29915 2853 1589 0 51710 0 116270
1786185593.797376 55697 32494 2853 1589 0 51710 0 137364
1786185594.789873 55697 35330 2853 1589 0 51710 0 144520
1786185595.714509 55697 33550 2853 1589 0 51710 0 126304
1786185596.714055 55697 33550 2853 1589 0 51710 0 126304
1786185597.789330 55697 33892 2853 1589 0 51710 0 150981
1786185598.715078 55697 30164 2853 1589 0 51710 0 138555
1786185599.713371 55697 30430 2853 1589 0 51710 0 138555
1786185600.786219 55697 34796 2853 1589 0 51710 0 163488
1786185601.715491 55697 34805 2853 1589 0 51710 0 150807
1786185602.715285 55697 34805 2853 1589 0 51710 0 150807
1786185603.786884 55697 35339 2853 1589 0 51710 0 178554
1786185604.715996 55697 30710 2853 1589 0 51710 0 163057
1786185605.790294 55697 31269 2853 1589 0 51710 0 182104
1786185606.787147 55697 36148 2853 1589 0 51710 0 188245
1786185607.716538 56465 39372 2853 1589 0 52478 0 173602
1786185608.787965 56465 39373 2853 1589 0 52478 0 188901
1786185609.789362 56465 39471 2853 1589 0 52478 0 202629
1786185610.717242 56465 31247 2853 1589 0 52478 0 185852
1786185611.789820 56465 33297 2853 1589 0 52478 0 207202
1786185612.782290 56465 34847 2853 1589 0 52478 0 198102
1786185613.717455 56465 34847 2853 1589 0 52478 0 198102
1786185614.789376 56465 34847 2853 1589 0 52478 0 221755
1786185615.718428 56465 31526 2853 1589 0 52478 0 210354
1786185616.780693 56465 31526 2853 1589 0 52478 0 210354
1786185617.791864 56465 34617 2853 1589 0 52478 0 233495
1786185618.796061 56465 38328 2853 1589 0 52478 0 300283
1786185619.779153 56465 30915 2853 1589 0 52478 0 220330
1786185620.791850 56465 33536 2853 1589 0 52478 0 241424
1786185621.791722 56465 37812 2853 1589 0 52478 0 247310
1786185622.779638 56465 33741 2853 1589 0 52478 0 231572
1786185623.792909 56465 33741 2853 1589 0 52478 0 250107
1786185624.792378 56465 36821 2853 1589 0 52478 0 256314
1786185625.780634 56465 33739 2853 1589 0 52478 0 243821
1786185626.718091 56465 33739 2853 1589 0 52478 0 243821
1786185627.791957 56465 36126 2853 1589 0 52478 0 271569
1786185628.781310 56465 32349 2853 1589 0 52478 0 256071
1786185629.879266 56465 32623 2853 1589 0 52478 0 274862
1786185630.792541 56465 37309 2853 1589 0 52478 0 280236
1786185631.795078 56465 39660 2853 1589 0 52478 0 286121
1786185632.782666 62609 36455 2853 1589 0 58622 0 265603
1786185633.793154 62609 36513 2853 1589 0 58622 0 286697
1786185634.794357 62609 38562 2853 1589 0 58622 0 324430
1786185635.782227 62609 33939 2853 1589 0 58622 0 276833
1786185636.878649 62609 33939 2853 1589 0 58622 0 295475
1786185637.793290 62609 37019 2853 1589 0 58622 0 301254
1786185638.782683 62609 37007 2853 1589 0 58622 0 288066
1786185639.781282 62609 37007 2853 1589 0 58622 0 288066
1786185640.882380 62609 37138 2853 1589 0 58622 0 309928
1786185641.882174 62609 38674 2853 1589 0 58622 0 364303
1786185642.785884 62609 34335 2853 1589 0 58622 0 299239
1786185643.881922 62609 34369 2853 1589 0 58622 0 319821
1786185644.795759 62609 37718 2853 1589 0 58622 0 325452
1786185645.785987 62609 40105 2853 1589 0 58622 0 311491
1786185646.785083 63505 40663 2853 1589 0 59518 0 308850
1786185647.880408 63505 40665 2853 1589 0 59518 0 350706
1786185648.785073 63505 28296 2853 1589 0 59518 0 320377
1786185649.782846 63505 29320 2853 1589 0 59518 0 320377
1786185650.881130 63505 34894 2853 1589 0 59518 0 389853
1786185651.782861 63505 32352 2853 1589 0 59518 0 330669
1786185652.783925 63505 32352 2853 1589 0 59518 0 330669
1786185653.796476 63505 34545 2853 1589 0 59518 0 352531
1786185654.886373 63505 38640 2853 1589 0 59518 0 405086
1786185655.785847 63505 34971 2853 1589 0 59518 0 341904
1786185656.882050 63505 35421 2853 1589 0 59518 0 362742
1786185657.881405 63505 39267 2853 1589 0 59518 0 413638
1786185658.787223 63505 34532 2853 1589 0 59518 0 353078
1786185659.885864 63505 34532 2853 1589 0 59518 0 373405
1786185660.883643 63505 39180 2853 1589 0 59518 0 378778
1786185661.795369 63505 38463 2853 1589 0 59518 0 399767
1786185662.788092 63505 38463 2853 1589 0 59518 0 363021
1786185663.882235 63505 38465 2853 1589 0 59518 0 387442
1786185664.786661 63505 32051 2853 1589 0 59518 0 373971
1786185665.791299 63505 32051 2853 1589 0 59518 0 373971
1786185666.883750 63505 34903 2853 1589 0 59518 0 396345
1786185667.797897 63505 39067 2853 1589 0 59518 0 384848
1786185668.786802 63505 39579 2853 1589 0 59518 0 384848
1786185669.880866 63505 39868 2853 1589 0 59518 0 406198
1786185670.885891 63505 39870 2853 1589 0 59518 0 413619
1786185671.882462 64529 34470 2853 1589 0 60542 0 418890
1786185672.881878 64529 34528 2853 1589 0 60542 0 412507
1786185673.884033 64529 37864 2853 1589 0 60542 0 419328
1786185674.800076 64529 40944 2853 1589 0 60542 0 404179
1786185675.790960 64529 40944 2853 1589 0 60542 0 404179
1786185676.885012 64529 40944 2853 1589 0 60542 0 426297
1786185677.790990 64529 36833 2853 1589 0 60542 0 414004
1786185678.792481 64529 36833 2853 1589 0 60542 0 414004
1786185679.884770 64529 36360 2853 1589 0 60542 0 434586
1786185680.891562 64529 39008 2853 1589 0 60542 0 505653
1786185681.792940 64529 39458 2853 1589 0 60542 0 423396
1786185682.884181 64529 39930 2853 1589 0 60542 0 442699
1786185683.887627 64529 39940 2853 1589 0 60542 0 449514
1786185684.891109 64529 38469 2853 1589 0 60542 0 469749
1786185685.789794 64529 38469 2853 1589 0 60542 0 433004
1786185686.887604 64529 38469 2853 1589 0 60542 0 455378
1786185687.880737 64529 40021 2853 1589 0 60542 0 493096
1786185688.791316 64529 30572 2853 1589 0 60542 0 443729
1786185689.889451 64529 35017 2853 1589 0 60542 0 463800
1786185690.889677 64529 39280 2853 1589 0 60542 0 491550
1786185691.793287 64529 37265 2853 1589 0 60542 0 454606
1786185692.788959 64529 37265 2853 1589 0 60542 0 454606
1786185693.892627 64529 38066 2853 1589 0 60542 0 534897
1786185694.793649 64529 35490 2853 1589 0 60542 0 464382
1786185695.792117 64529 35538 2853 1589 0 60542 0 464382
1786185696.895989 64529 36828 2853 1589 0 60542 0 553722
1786185697.792085 64529 36229 2853 1589 0 60542 0 473768
1786185698.793867 64529 36229 2853 1589 0 60542 0 473768
1786185699.891140 64529 38824 2853 1589 0 60542 0 495630
1786185700.890588 64529 41633 2853 1589 0 60542 0 598038
1786185701.794356 64529 36439 2853 1589 0 60542 0 483731
1786185702.889485 64529 36696 2853 1589 0 60542 0 504058
1786185703.892382 64529 41320 2853 1589 0 60542 0 509943
1786185704.791457 64529 38292 2853 1589 0 60542 0 492680
1786185705.892506 64529 38548 2853 1589 0 60542 0 511727
1786185706.892338 64529 39573 2853 1589 0 60542 0 517357
1786185707.880974 64529 42699 2853 1589 0 60542 0 519171
1786185708.794365 64529 35005 2853 1589 0 60542 0 501241
1786185709.889441 64529 37071 2853 1589 0 60542 0 523359
1786185710.887782 64529 41189 2853 1589 0 60542 0 529171
1786185711.794840 64529 37341 2853 1589 0 60542 0 513492
1786185712.982340 64529 37892 2853 1589 0 60542 0 643995
1786185713.894678 64529 39943 2853 1589 0 60542 0 649881
1786185714.796197 64529 37973 2853 1589 0 60542 0 523011
1786185715.980401 64529 38469 2853 1589 0 60542 0 541546
1786185716.893962 64529 39498 2853 1589 0 60542 0 609972
1786185717.884253 64529 42671 2853 1589 0 60542 0 531556
1786185718.795853 64529 40019 2853 1589 0 60542 0 531556
1786185719.893125 64529 40727 2853 1589 0 60542 0 630071
1786185720.893738 64529 42263 2853 1589 0 60542 0 636469
1786185721.795367 64529 37378 2853 1589 0 60542 0 540463
1786185722.890465 64529 37436 2853 1589 0 60542 0 561301
1786185723.978892 64529 41036 2853 1589 0 60542 0 644825
1786185724.797302 64529 37143 2853 1589 0 60542 0 549001
1786185725.893763 64529 37401 2853 1589 0 60542 0 569583
1786185726.894117 64529 38941 2853 1589 0 60542 0 576493
1786185727.800119 64529 38427 2853 1589 0 60542 0 561251
1786185728.797931 65809 37982 2853 1589 0 61822 0 558607
1786185729.893567 65809 37983 2853 1589 0 61822 0 580981
1786185730.980244 65809 39794 2853 1589 0 61822 0 587378
1786185731.878700 65809 37771 2853 1589 0 61822 0 567159
1786185732.890837 65809 37676 2853 1589 0 61822 0 584247
1786185733.894677 65809 38700 2853 1589 0 61822 0 590900
1786185734.803722 65809 38196 2853 1589 0 61822 0 577449
1786185735.795585 65809 32289 2853 1589 0 61822 0 577449
1786185736.895146 65809 36837 2853 1589 0 61822 0 596097
1786185737.980510 65809 39920 2853 1589 0 61822 0 602750
1786185738.800622 65809 38376 2853 1589 0 61822 0 585973
1786185739.889233 65809 38370 2853 1589 0 61822 0 581886
1786185740.896019 65809 38046 2853 1589 0 61822 0 609378
1786185741.799816 65809 35132 2853 1589 0 61822 0 594136
1786185742.800105 65809 35132 2853 1589 0 61822 0 594136
1786185743.890511 65809 37095 2853 1589 0 61822 0 617789
1786185744.896913 65809 40411 2853 1589 0 61822 0 674495
1786185745.879548 65809 40420 2853 1589 0 61822 0 603291
1786185746.979094 65809 35618 2853 1589 0 61822 0 623106
1786185747.981175 65809 38680 2853 1589 0 61822 0 692547
1786185748.800390 65809 33323 2853 1589 0 61822 0 611062
1786185749.798794 65809 33323 2853 1589 0 61822 0 611062
1786185750.980674 65809 37949 2853 1589 0 61822 0 633180
1786185751.896725 65809 41062 2853 1589 0 61822 0 706641
1786185752.800579 65809 40022 2853 1589 0 61822 0 619491
1786185753.981048 65809 40022 2853 1589 0 61822 0 639818
1786185754.984190 65809 40022 2853 1589 0 61822 0 645191
1786185755.801256 65809 36059 2853 1589 0 61822 0 627447
1786185756.799251 65809 36059 2853 1589 0 61822 0 627447
1786185757.896107 65809 37924 2853 1589 0 61822 0 650332
1786185758.895687 65809 41535 2853 1589 0 61822 0 655706
1786185759.801917 65809 39566 2853 1589 0 61822 0 639699
1786185760.986133 65809 40129 2853 1589 0 61822 0 765654
1786185761.984488 65809 40516 2853 1589 0 61822 0 771540
1786185762.802506 65809 36021 2853 1589 0 61822 0 649408
1786185763.881599 65809 34970 2853 1589 0 61822 0 649408
1786185764.987842 65809 38850 2853 1589 0 61822 0 743492
1786185765.878887 65809 35627 2853 1589 0 61822 0 657127
1786185766.883894 65809 35627 2853 1589 0 61822 0 657127
1786185767.984538 65809 37419 2853 1589 0 61822 0 758707
1786185768.986651 65809 40180 2853 1589 0 61822 0 765104
1786185769.881541 65809 37159 2853 1589 0 61822 0 664536
1786185770.984794 65809 37224 2853 1589 0 61822 0 683839
1786185771.984758 65809 40304 2853 1589 0 61822 0 780046
1786185772.879313 65809 38248 2853 1589 0 61822 0 671724
1786185773.878722 65809 38248 2853 1589 0 61822 0 671724
1786185774.981497 65809 37885 2853 1589 0 61822 0 694354
1786185775.984216 65809 40106 2853 1589 0 61822 0 700751
1786185776.879360 65809 37119 2853 1589 0 61822 0 683975
1786185777.884842 65809 37119 2853 1589 0 61822 0 680635
1786185778.982942 66705 40841 2853 1589 0 62718 0 704032
1786185779.984102 66705 44035 2853 1589 0 62718 0 709406
1786185780.881058 66705 41119 2853 1589 0 62718 0 688248
1786185781.984103 66705 41119 2853 1589 0 62718 0 709342
1786185782.985956 66705 41631 2853 1589 0 62718 0 715995
1786185783.883016 66705 35967 2853 1589 0 62718 0 684064
1786185784.880953 66705 35842 2853 1589 0 62718 0 695274
1786185785.988288 66705 38188 2853 1589 0 62718 0 721486
1786185786.883067 66705 36133 2853 1589 0 62718 0 707523
1786185787.804435 66705 36133 2853 1589 0 62718 0 702416
1786185788.987081 66705 36838 2853 1589 0 62718 0 723766
1786185789.894751 66705 39801 2853 1589 0 62718 0 732690
1786185790.886467 66705 35955 2853 1589 0 62718 0 714669
1786185791.983896 66705 36211 2853 1589 0 62718 0 733972
1786185792.986616 66705 40843 2853 1589 0 62718 0 863360
1786185793.885726 66705 40115 2853 1589 0 62718 0 723187
1786185794.805452 66705 40115 2853 1589 0 62718 0 723187
1786185795.986784 66705 39894 2853 1589 0 62718 0 745561
1786185796.986781 66705 43554 2853 1589 0 62718 0 828220
1786185797.880345 66705 37916 2853 1589 0 62718 0 729789
1786185798.984539 66705 37704 2853 1589 0 62718 0 749604
1786185799.982108 66705 41797 2853 1589 0 62718 0 754722
1786185800.884412 66705 37518 2853 1589 0 62718 0 736389
1786185801.882236 66705 37518 2853 1589 0 62718 0 736389
1786185802.984647 66705 39566 2853 1589 0 62718 0 759018
1786185803.988412 66705 43419 2853 1589 0 62718 0 764392
1786185804.886694 66705 36562 2853 1589 0 62718 0 748639
1786185805.984306 66705 36596 2853 1589 0 62718 0 762549
1786185806.982706 66705 41219 2853 1589 0 62718 0 767923
1786185807.898851 66705 44804 2853 1589 0 62718 0 773263
1786185808.883942 66705 40740 2853 1589 0 62718 0 755241
1786185809.990456 66705 40740 2853 1589 0 62718 0 778894
1786185810.984170 66705 41332 2853 1589 0 62718 0 818195
1786185811.887265 66705 31521 2853 1589 0 62718 0 763428
1786185812.984668 66705 36910 2853 1589 0 62718 0 782731
1786185814.083961 66705 41283 2853 1589 0 62718 0 850142
1786185814.883534 66705 40260 2853 1589 0 62718 0 770705
1786185815.882299 66705 40260 2853 1589 0 62718 0 770705
1786185816.988052 66705 39617 2853 1589 0 62718 0 793590
1786185817.987889 66705 43379 2853 1589 0 62718 0 875384
1786185818.881158 66705 33804 2853 1589 0 62718 0 776955
1786185819.985535 66705 36930 2853 1589 0 62718 0 797537
1786185820.984709 66705 41063 2853 1589 0 62718 0 803028
1786185821.888158 66705 39527 2853 1589 0 62718 0 789205
1786185822.887384 66705 39830 2853 1589 0 62718 0 783232
1786185823.987809 66705 39830 2853 1589 0 62718 0 806117
1786185824.990189 66705 42646 2853 1589 0 62718 0 811491
1786185825.881840 66705 37719 2853 1589 0 62718 0 795483
1786185826.987168 66705 38199 2853 1589 0 62718 0 815298
1786185827.993193 68241 39902 2853 1589 0 64254 0 962185
1786185828.889395 68241 36649 2853 1589 0 64254 0 803359
1786185829.892512 68241 36649 2853 1589 0 64254 0 803359
1786185830.988676 68241 39987 2853 1589 0 64254 0 825477
1786185831.904380 68241 43069 2853 1589 0 64254 0 876707
1786185832.885744 68241 38957 2853 1589 0 64254 0 809608
1786185834.079896 68241 38960 2853 1589 0 64254 0 830190
1786185834.989411 68241 41008 2853 1589 0 64254 0 836332
1786185835.891946 68241 38952 2853 1589 0 64254 0 815925
1786185836.889139 68241 38952 2853 1589 0 64254 0 815925
1786185837.992217 68241 40110 2853 1589 0 64254 0 873700
1786185838.988912 68241 42907 2853 1589 0 64254 0 879586
1786185839.890004 68241 42709 2853 1589 0 64254 0 825362
1786185840.990419 68241 42965 2853 1589 0 64254 0 845688
1786185842.079727 68241 42965 2853 1589 0 64254 0 938381
1786185842.890562 68241 40959 2853 1589 0 64254 0 831216
1786185843.891328 68241 40959 2853 1589 0 64254 0 831216
1786185844.992081 68241 41471 2853 1589 0 64254 0 854357
1786185845.992248 68241 45071 2853 1589 0 64254 0 859731
1786185846.885802 68241 45358 2853 1589 0 64254 0 837085
1786185847.989790 68241 36877 2853 1589 0 64254 0 856388
1786185848.989944 68241 41240 2853 1589 0 64254 0 862018
1786185849.903864 68241 44341 2853 1589 0 64254 0 867358
1786185850.890368 68241 37905 2853 1589 0 64254 0 849336
1786185851.990737 68241 39953 2853 1589 0 64254 0 871710
1786185853.082056 68241 43802 2853 1589 0 64254 0 1023466
1786185853.885572 68241 39170 2853 1589 0 64254 0 855721
1786185854.988854 68241 39173 2853 1589 0 64254 0 875792
1786185855.991822 68241 43024 2853 1589 0 64254 0 953583
1786185856.890302 68241 38586 2853 1589 0 64254 0 861396
1786185857.886038 68241 38586 2853 1589 0 64254 0 861396
1786185859.080829 68241 41410 2853 1589 0 64254 0 884793
1786185860.082750 68241 45000 2853 1589 0 64254 0 890167
1786185860.891277 68241 40471 2853 1589 0 64254 0 866864
1786185862.082867 68241 40025 2853 1589 0 64254 0 888444
1786185863.078547 68241 40026 2853 1589 0 64254 0 894611
1786185863.892102 68241 33852 2853 1589 0 64254 0 879113
1786185864.893272 68241 34809 2853 1589 0 64254 0 872352
1786185866.078535 68241 39218 2853 1589 0 64254 0 895749
1786185866.995045 68241 42213 2853 1589 0 64254 0 902147
1786185867.888380 68241 42556 2853 1589 0 64254 0 884603
1786185868.988424 68241 43036 2853 1589 0 64254 0 896865
1786185870.083689 68241 43043 2853 1589 0 64254 0 903152
1786185870.897374 68241 36948 2853 1589 0 64254 0 890069
1786185871.894457 68241 36948 2853 1589 0 64254 0 890069
1786185873.083324 68241 38996 2853 1589 0 64254 0 912443
1786185874.086405 68241 42614 2853 1589 0 64254 0 1066276
1786185874.889622 68241 31305 2853 1589 0 64254 0 896894
1786185875.991511 68241 36950 2853 1589 0 64254 0 913717
1786185876.995407 68241 42093 2853 1589 0 64254 0 920803
1786185877.905221 68241 44723 2853 1589 0 64254 0 918988
1786185878.893358 68241 36721 2853 1589 0 64254 0 902556
1786185879.990668 68241 40374 2853 1589 0 64254 0 924418
1786185881.081638 68241 43773 2853 1589 0 64254 0 1005305
1786185881.890236 68241 40951 2853 1589 0 64254 0 907642
1786185883.080974 68241 40951 2853 1589 0 64254 0 926945
1786185883.989646 68241 41463 2853 1589 0 64254 0 932319
1786185884.900982 68241 36156 2853 1589 0 64254 0 919891
1786185885.889849 68241 36345 2853 1589 0 64254 0 913047
1786185886.994362 68241 38893 2853 1589 0 64254 0 933629
1786185887.993376 68241 43018 2853 1589 0 64254 0 939003
1786185888.891706 68241 30727 2853 1589 0 64254 0 925297
1786185889.888947 68241 35578 2853 1589 0 64254 0 917757
1786185891.086554 68241 40194 2853 1589 0 64254 0 941922
1786185891.999425 68241 42603 2853 1589 0 64254 0 948030
1786185892.896054 68241 35051 2853 1589 0 64254 0 930008
1786185894.087196 68241 38199 2853 1589 0 64254 0 951102
1786185895.090963 68241 41880 2853 1589 0 64254 0 1106841
1786185895.898371 68241 41133 2853 1589 0 64254 0 936703
1786185896.899286 68241 41133 2853 1589 0 64254 0 936703
1786185897.995474 68241 42674 2853 1589 0 64254 0 958565
1786185898.994925 68241 45507 2853 1589 0 64254 0 1038013
1786185899.892103 68241 42931 2853 1589 0 64254 0 941721
1786185900.996052 68241 42931 2853 1589 0 64254 0 961024
1786185902.080167 68241 43443 2853 1589 0 64254 0 969724
1786185902.896466 68241 40355 2853 1589 0 64254 0 946486
1786185903.895126 68241 40355 2853 1589 0 64254 0 946486
1786185905.081712 68241 42403 2853 1589 0 64254 0 970651
1786185905.904351 68241 43422 2853 1589 0 64254 0 958736
1786185906.894169 68241 43430 2853 1589 0 64254 0 925869
1786185907.994313 68241 43430 2853 1589 0 64254 0 971261
1786185909.082160 68241 43430 2853 1589 0 64254 0 980473
1786185909.892317 68241 37480 2853 1589 0 64254 0 963186
1786185910.891045 68241 39016 2853 1589 0 64254 0 963186
1786185912.093113 68241 43578 2853 1589 0 64254 0 1096424
1786185912.891287 68241 44687 2853 1589 0 64254 0 967425
1786185913.890815 68241 44687 2853 1589 0 64254 0 967425
1786185914.996833 68241 43015 2853 1589 0 64254 0 989031
1786185916.080610 68241 46863 2853 1589 0 64254 0 994149
1786185916.892764 68241 41121 2853 1589 0 64254 0 979674
1786185917.985711 68241 41121 2853 1589 0 64254 0 974046
1786185919.087023 68241 41644 2853 1589 0 64254 0 998211
1786185919.996650 68241 44212 2853 1589 0 64254 0 1004319
1786185920.898638 68241 39033 2853 1589 0 64254 0 979131
1786185922.086221 68241 39033 2853 1589 0 64254 0 999202
1786185923.088550 68241 41601 2853 1589 0 64254 0 1005343
1786185923.900051 68241 41864 2853 1589 0 64254 0 991380
1786185924.895998 68241 41957 2853 1589 0 64254 0 983347
1786185926.081659 68241 41957 2853 1589 0 64254 0 1005209
1786185927.083984 68241 43002 2853 1589 0 64254 0 1011350
1786185927.896138 68241 37730 2853 1589 0 64254 0 987723
1786185928.981380 68241 37730 2853 1589 0 64254 0 987723
1786185930.083172 68241 41075 2853 1589 0 64254 0 1011120
1786185930.997937 68241 43892 2853 1589 0 64254 0 984816
1786185931.897883 68241 44657 2853 1589 0 64254 0 991923
1786185933.088652 68241 44657 2853 1589 0 64254 0 1011482
1786185934.086141 68241 44657 2853 1589 0 64254 0 1016600
1786185934.990681 68241 46193 2853 1589 0 64254 0 1021718
1786185935.980084 68241 40303 2853 1589 0 64254 0 996112
1786185936.994606 68241 40911 2853 1589 0 64254 0 1017719
1786185938.082913 68241 44503 2853 1589 0 64254 0 1023093
1786185938.896808 68241 44511 2853 1589 0 64254 0 1008361
1786185940.085632 68241 44511 2853 1589 0 64254 0 1027152
1786185941.085575 68241 44511 2853 1589 0 64254 0 1032270
1786185942.079271 70033 45746 2853 1589 0 66046 0 1150666
1786185942.895933 70033 39527 2853 1589 0 66046 0 1014513
1786185944.085426 70033 40041 2853 1589 0 66046 0 1034840
1786185945.079075 70033 43633 2853 1589 0 66046 0 1039958
1786185945.980620 70033 46250 2853 1589 0 66046 0 1026762
1786185946.894478 70033 46412 2853 1589 0 66046 0 1018677
1786185948.083940 70033 46155 2853 1589 0 66046 0 1040795
1786185949.082057 70033 46164 2853 1589 0 66046 0 1046169
1786185949.894182 70033 40068 2853 1589 0 66046 0 1030927
1786185950.898071 70033 40068 2853 1589 0 66046 0 1022816
1786185952.180443 70033 41637 2853 1589 0 66046 0 1046213
1786185953.080776 70033 45037 2853 1589 0 66046 0 1051331
1786185953.896309 70033 46062 2853 1589 0 66046 0 1035067
1786185955.086462 70033 46326 2853 1589 0 66046 0 1047161
1786185956.085066 70033 46048 2853 1589 0 66046 0 1052371
1786185956.992786 70033 46082 2853 1589 0 66046 0 1055036
1786185957.899552 70033 41997 2853 1589 0 66046 0 1038665
1786185959.093913 70033 41998 2853 1589 0 66046 0 1155133
1786185960.000016 70033 43536 2853 1589 0 66046 0 1075862
1786185960.902774 70033 44052 2853 1589 0 66046 0 1042997
1786185962.097072 70033 44052 2853 1589 0 66046 0 1063579
1786185963.094685 70033 44054 2853 1589 0 66046 0 1069721
1786185963.983459 70033 41805 2853 1589 0 66046 0 1055247
1786185964.902114 70033 42401 2853 1589 0 66046 0 1049627
1786185966.087272 70033 42403 2853 1589 0 66046 0 1070209
1786185967.090459 70033 44716 2853 1589 0 66046 0 1075583
1786185967.898046 70033 47343 2853 1589 0 66046 0 1053122
1786185969.079650 70033 47343 2853 1589 0 66046 0 1053122
1786185970.181747 70033 47343 2853 1589 0 66046 0 1077031
1786185971.086285 70033 47343 2853 1589 0 66046 0 1082405
1786185971.979181 70033 41808 2853 1589 0 66046 0 1056948
1786185973.090092 70033 42222 2853 1589 0 66046 0 1078042
1786185974.084542 70033 43248 2853 1589 0 66046 0 1083160
1786185974.899971 70033 46408 2853 1589 0 66046 0 1069198
1786185975.986810 70033 46408 2853 1589 0 66046 0 1052764
1786185977.082619 70033 46977 2853 1589 0 66046 0 1085347
1786185977.991614 70033 47209 2853 1589 0 66046 0 1072698
1786185978.979342 70033 38306 2853 1589 0 66046 0 1072698
1786185980.088652 70033 39807 2853 1589 0 66046 0 1094304
1786185981.088585 70033 42711 2853 1589 0 66046 0 1198249
1786185981.983417 70033 38719 2853 1589 0 66046 0 1076218
1786185982.988667 70033 38719 2853 1589 0 66046 0 1076218
1786185984.089825 70033 41230 2853 1589 0 66046 0 1099871
1786185985.001433 70033 43863 2853 1589 0 66046 0 1106268
1786185985.979401 70033 40035 2853 1589 0 66046 0 1088468
1786185987.088223 70033 40741 2853 1589 0 66046 0 1098021
1786185988.085478 70033 43309 2853 1589 0 66046 0 1107173
1786185988.979609 70033 42036 2853 1589 0 66046 0 1095002
1786185989.984441 70033 42036 2853 1589 0 66046 0 1095002
1786185991.085802 70033 41526 2853 1589 0 66046 0 1109007
1786185992.179235 70033 44094 2853 1589 0 66046 0 1115149
1786185992.897944 70033 41519 2853 1589 0 66046 0 1098116
1786185993.981234 70033 36950 2853 1589 0 66046 0 1104260
1786185994.755929 70033 35191 2853 1589 0 66046 0 1082845
1786185995.755819 70033 35191 2853 1589 0 66046 0 1079575
1786185996.755735 70033 35191 2853 1589 0 66046 0 1079575
1786185997.755619 70033 35191 2853 1589 0 66046 0 1079575
1786185998.755068 70033 35271 2853 1589 0 66046 0 1070579
1786185999.755139 70033 35271 2853 1589 0 66046 0 1070579
1786186000.755112 70033 35271 2853 1589 0 66046 0 1070579
1786186001.757624 70033 34742 2853 1589 0 66046 0 1061455
1786186002.754703 70033 34742 2853 1589 0 66046 0 1061455
1786186003.754853 70033 34742 2853 1589 0 66046 0 1061455
1786186004.755147 70033 34742 2853 1589 0 66046 0 1061455
1786186005.779045 70033 34823 2853 1589 0 66046 0 1057114
1786186006.754630 70033 34823 2853 1589 0 66046 0 1057114
1786186007.754523 70033 34823 2853 1589 0 66046 0 1057114
1786186008.758477 70033 34825 2853 1589 0 66046 0 1144344
1786186009.780385 70033 34825 2853 1589 0 66046 0 1144344
1786186010.758252 70033 34825 2853 1589 0 66046 0 1144344
1786186011.779664 70033 34825 2853 1589 0 66046 0 1144344
1786186012.758165 70033 34825 2853 1589 0 66046 0 1144344
1786186013.779149 70033 34825 2853 1589 0 66046 0 1144344
1786186014.758404 70033 34825 2853 1589 0 66046 0 1144345
1786186015.779653 70033 34825 2853 1589 0 66046 0 1144345
1786186016.758348 70033 34825 2853 1589 0 66046 0 1144345
1786186017.779577 70033 34825 2853 1589 0 66046 0 1144345
1786186018.779737 70033 34825 2853 1589 0 66046 0 1144345
1786186019.795260 70033 34825 2853 1589 0 66046 0 1144345
1786186020.755738 72081 36442 2853 1589 0 68094 0 1018467
1786186021.752742 72081 36442 2853 1589 0 68094 0 1018467
1786186022.752527 72081 36442 2853 1589 0 68094 0 1018467
1786186023.752888 72081 36442 2853 1589 0 68094 0 1018467
1786186024.752729 72081 36442 2853 1589 0 68094 0 1018468
1786186025.752633 72081 36442 2853 1589 0 68094 0 1018468
1786186026.752504 72081 36442 2853 1589 0 68094 0 1018468
1786186027.752629 72081 36442 2853 1589 0 68094 0 1018468
1786186028.752919 72081 36442 2853 1589 0 68094 0 1018468
1786186029.752884 72081 36442 2853 1589 0 68094 0 1018468
1786186030.752620 72081 36442 2853 1589 0 68094 0 1018468
1786186031.752502 72081 36442 2853 1589 0 68094 0 1018468
1786186032.752682 72081 36442 2853 1589 0 68094 0 1018468
1786186033.752560 72081 36442 2853 1589 0 68094 0 1018468
1786186034.752800 72081 36442 2853 1589 0 68094 0 1018468
1786186035.754141 72081 35512 2853 1589 0 68094 0 980395
1786186036.751060 72081 35512 2853 1589 0 68094 0 980395
1786186037.883181 72081 35512 2853 1589 0 68094 0 976312
1786186038.887570 100241 71171 2869 1589 0 96254 0 976315
1786186039.887441 165777 128515 2869 1589 0 161790 0 976315
1786186040.888380 219025 185347 2869 1589 0 215038 0 976315
1786186041.885217 295313 242691 2869 1589 0 291326 0 976315
1786186042.885558 347537 300547 2869 1589 0 343550 0 976315
1786186043.888685 404881 357891 2869 1589 0 400894 0 976315
1786186044.892220 474001 414718 2864 1589 0 470014 0 976315
1786186045.887004 555921 469502 2864 1589 0 551934 0 976315
1786186046.886332 560017 526846 2864 1589 0 556030 0 976315
1786186047.887342 660369 583166 2864 1589 0 656382 0 976315
1786186048.885409 660369 640510 2864 1589 0 656382 0 976315
1786186049.883084 780177 696830 2864 1589 0 776190 0 976315
1786186050.887101 780177 754686 2864 1589 0 776190 0 976315
1786186051.885727 911249 811006 2864 1589 0 907262 0 976315
1786186052.886785 917393 868350 2864 1589 0 913406 0 976315
1786186053.885540 1081233 925182 2864 1589 0 1077246 0 976315
1786186054.889093 1081233 982526 2864 1589 0 1077246 0 976315
1786186055.888887 1088401 1038334 2864 1589 0 1084414 0 976315
1786186056.886390 1287058 1071090 2864 1589 0 1283070 0 976315
1786186057.888147 1287058 1071090 2864 1589 0 1283070 0 976315
1786186058.888092 1287058 1071090 2864 1589 0 1283070 0 976315
1786186059.888096 1287058 1071090 2864 1589 0 1283070 0 976315
1786186060.887090 1287058 1071090 2864 1589 0 1283070 0 976315
1786186061.885522 1287058 1071090 2864 1589 0 1283070 0 976315
1786186062.884408 1287058 1071090 2864 1589 0 1283070 0 976315
1786186063.887654 1287058 1071090 2864 1589 0 1283070 0 976315
1786186064.885316 1287058 1071090 2864 1589 0 1283070 0 976315
1786186065.885247 1287058 1071090 2864 1589 0 1283070 0 976315
1786186066.887183 1287058 1071090 2864 1589 0 1283070 0 976315
1786186067.884137 1287058 1071090 2864 1589 0 1283070 0 976315
1786186068.884055 1287058 1071090 2864 1589 0 1283070 0 976315
1786186069.886250 1289107 1071088 2864 1589 0 1285118 0 976315
1786186070.886075 1289107 1071088 2864 1589 0 1285118 0 976315
1786186071.885629 1289107 1071088 2864 1589 0 1285118 0 976315
1786186072.886546 1289107 1071088 2864 1589 0 1285118 0 976315
1786186073.889355 1289107 1071088 2864 1589 0 1285118 0 976315
1786186074.884299 1289107 1071088 2864 1589 0 1285118 0 976315
1786186075.885098 1289107 1071088 2864 1589 0 1285118 0 976315
1786186076.885077 1289107 1071088 2864 1589 0 1285118 0 976315
1786186077.888038 1289107 1071088 2864 1589 0 1285118 0 976315
1786186078.888168 1289107 1071088 2864 1589 0 1285118 0 976315
1786186079.884167 1289107 1071088 2864 1589 0 1285118 0 976315
1786186080.885171 1289107 1071088 2864 1589 0 1285118 0 976315
1786186081.886097 1289107 1071088 2864 1589 0 1285118 0 976315
1786186082.888044 1291156 1071089 2864 1589 0 1287166 0 976315
1786186083.890073 1291156 1071089 2864 1589 0 1287166 0 976315
1786186084.886975 1291156 1071089 2864 1589 0 1287166 0 976315
1786186085.882975 1291156 1071089 2864 1589 0 1287166 0 976315
1786186086.883356 1291156 1071089 2864 1589 0 1287166 0 976315
1786186087.888192 1291156 1071089 2864 1589 0 1287166 0 976315
1786186088.884342 1291156 1071089 2864 1589 0 1287166 0 976315
1786186089.887176 1291156 1071089 2864 1589 0 1287166 0 976315
1786186090.884507 1291156 1071089 2864 1589 0 1287166 0 976315
1786186091.887318 1291156 1071089 2864 1589 0 1287166 0 976315
1786186092.888449 1291156 1071089 2864 1589 0 1287166 0 976315
1786186093.886590 1291156 1071089 2864 1589 0 1287166 0 976315
1786186094.886114 1291156 1071089 2864 1589 0 1287166 0 976315
1786186095.888249 1291156 1071089 2864 1589 0 1287166 0 976315
1786186096.888242 1291156 1071089 2864 1589 0 1287166 0 976315
1786186097.887274 1291156 1071089 2864 1589 0 1287166 0 976315
1786186098.885277 1291156 1071089 2864 1589 0 1287166 0 976315
1786186099.884399 1291156 1071089 2864 1589 0 1287166 0 976315
1786186100.886861 1291156 1071089 2864 1589 0 1287166 0 976315
1786186101.884588 1291156 1071089 2864 1589 0 1287166 0 976315
1786186102.888141 1291156 1071089 2864 1589 0 1287166 0 976315
1786186103.885523 1291156 1071089 2864 1589 0 1287166 0 976315
1786186104.885092 1291156 1071089 2864 1589 0 1287166 0 976315
1786186105.884019 1291156 1071089 2864 1589 0 1287166 0 976315
1786186106.885149 1291156 1071089 2864 1589 0 1287166 0 976315
1786186107.888138 1291156 1071089 2864 1589 0 1287166 0 976315
1786186108.883414 1291156 1071089 2864 1589 0 1287166 0 976315
1786186109.883277 1291156 1071089 2864 1589 0 1287166 0 976315
1786186110.885607 1291156 1071089 2864 1589 0 1287166 0 976315
1786186111.886137 1291156 1071089 2864 1589 0 1287166 0 976315
1786186112.882909 1291156 1071089 2864 1589 0 1287166 0 976315
1786186113.887273 1291156 1071089 2864 1589 0 1287166 0 976315
1786186114.883079 1291156 1071089 2864 1589 0 1287166 0 976315
1786186115.885239 1291156 1071089 2864 1589 0 1287166 0 976315
1786186116.884154 1291156 1071089 2864 1589 0 1287166 0 976315
1786186117.887254 1291156 1071089 2864 1589 0 1287166 0 976315
1786186118.884261 1291156 1071089 2864 1589 0 1287166 0 976315
1786186119.887491 1291156 1071089 2864 1589 0 1287166 0 976315
1786186120.885386 1291156 1071089 2864 1589 0 1287166 0 976315
1786186121.883211 1291156 1071089 2864 1589 0 1287166 0 976315
1786186122.886038 1291156 1071089 2864 1589 0 1287166 0 976315
1786186123.887107 1291156 1071089 2864 1589 0 1287166 0 976315
1786186124.884186 1291156 1071089 2864 1589 0 1287166 0 976315
1786186125.885334 1291156 1071089 2864 1589 0 1287166 0 976315
1786186126.884138 1291156 1071089 2864 1589 0 1287166 0 976315
1786186127.886227 1291156 1071089 2864 1589 0 1287166 0 976315
1786186128.886821 1291156 1071089 2864 1589 0 1287166 0 976315
1786186129.886100 1291156 1071089 2864 1589 0 1287166 0 976315
1786186130.885042 1291156 1071089 2864 1589 0 1287166 0 976315
1786186131.887111 1291156 1071089 2864 1589 0 1287166 0 976315
1786186132.884196 1291156 1071089 2864 1589 0 1287166 0 976315
1786186133.890164 1291156 1071089 2864 1589 0 1287166 0 976315
1786186134.885244 1291156 1071089 2864 1589 0 1287166 0 976315
1786186135.884140 1291156 1071089 2864 1589 0 1287166 0 976315
1786186136.885376 1291156 1071089 2864 1589 0 1287166 0 976315
1786186137.885273 1291156 1071089 2864 1589 0 1287166 0 976315
1786186138.886626 1291156 1071089 2864 1589 0 1287166 0 976315
1786186139.887169 1291156 1071089 2864 1589 0 1287166 0 976315
1786186140.886255 1291156 1071089 2864 1589 0 1287166 0 976315
1786186141.885024 1291156 1071089 2864 1589 0 1287166 0 976315
1786186142.886247 1291156 1071089 2864 1589 0 1287166 0 976315
1786186143.885258 1291156 1071089 2864 1589 0 1287166 0 976315
1786186144.885328 1291156 1071089 2864 1589 0 1287166 0 976315
1786186145.885821 1291156 1071089 2864 1589 0 1287166 0 976315
1786186146.883025 1291156 1071089 2864 1589 0 1287166 0 976315
1786186147.887158 1291156 1071089 2864 1589 0 1287166 0 976315
1786186148.885351 1291156 1071089 2864 1589 0 1287166 0 976315
1786186149.885478 1291156 1071089 2864 1589 0 1287166 0 976315
1786186150.886195 1291156 1071089 2864 1589 0 1287166 0 976315
1786186151.884881 1291156 1071089 2864 1589 0 1287166 0 976315
1786186152.884133 1291156 1071089 2864 1589 0 1287166 0 976315
1786186153.885236 1291156 1071089 2864 1589 0 1287166 0 976315
1786186154.885173 1291156 1071089 2864 1589 0 1287166 0 976315
1786186155.886162 1291156 1071089 2864 1589 0 1287166 0 976315
1786186156.885083 1291156 1071089 2864 1589 0 1287166 0 976315
1786186157.886381 1291156 1071089 2864 1589 0 1287166 0 976315
1786186158.884210 1291156 1071089 2864 1589 0 1287166 0 976315
1786186159.885411 1291156 1071089 2864 1589 0 1287166 0 976315
1786186160.889225 1291156 1071089 2864 1589 0 1287166 0 976315
1786186161.888054 1291156 1071089 2864 1589 0 1287166 0 976315
1786186162.891093 1291156 1071089 2864 1589 0 1287166 0 976315
1786186163.884249 1291156 1071089 2864 1589 0 1287166 0 976315
1786186164.887179 1291156 1071089 2864 1589 0 1287166 0 976315
1786186165.882003 1291156 1071089 2864 1589 0 1287166 0 976315
1786186166.884922 1291156 1071089 2864 1589 0 1287166 0 976315
1786186167.883160 1291156 1071089 2864 1589 0 1287166 0 976315
1786186168.886642 1291156 1071089 2864 1589 0 1287166 0 976315
1786186169.883506 1291156 1071089 2864 1589 0 1287166 0 976315
1786186170.887434 1291156 1071089 2864 1589 0 1287166 0 976315
1786186171.895801 1291156 1071089 2864 1589 0 1287166 0 976315
1786186172.886103 1291796 1071618 2864 1589 0 1287806 0 976315
1786186173.886215 1291796 1071618 2864 1589 0 1287806 0 976315
1786186174.886102 1291796 1071618 2864 1589 0 1287806 0 976332
1786186175.884017 1291796 1071618 2864 1589 0 1287806 0 976332
1786186176.886115 1291796 1071618 2864 1589 0 1287806 0 976332
1786186177.885101 1291796 1071618 2864 1589 0 1287806 0 976332
1786186178.885282 1291796 1071618 2864 1589 0 1287806 0 976332
1786186179.887198 1291796 1071618 2864 1589 0 1287806 0 976332
1786186180.884214 1291796 1071618 2864 1589 0 1287806 0 976332
1786186181.884310 1291796 1071618 2864 1589 0 1287806 0 976332
1786186182.885305 1291796 1071618 2864 1589 0 1287806 0 976332
1786186183.887213 1291796 1071618 2864 1589 0 1287806 0 976332
1786186184.885117 1291796 1071618 2864 1589 0 1287806 0 976332
1786186185.884297 1291796 1071618 2864 1589 0 1287806 0 976332
1786186186.885181 1291796 1071618 2864 1589 0 1287806 0 976332
1786186187.887681 1291796 1071618 2864 1589 0 1287806 0 976332
1786186188.887369 1291796 1071618 2864 1589 0 1287806 0 976332
1786186189.886638 1291796 1071618 2864 1589 0 1287806 0 976332
1786186190.888721 1291796 1071618 2864 1589 0 1287806 0 976332
1786186191.884251 1291796 1071618 2864 1589 0 1287806 0 976332
1786186192.888401 1291796 1071618 2864 1589 0 1287806 0 976332
1786186193.886260 1291796 1071618 2864 1589 0 1287806 0 976332
1786186194.884322 1291796 1071618 2864 1589 0 1287806 0 976332
1786186195.886226 1291796 1071618 2864 1589 0 1287806 0 976332
1786186196.887216 1291796 1071618 2864 1589 0 1287806 0 976332
1786186197.884701 1291796 1071618 2864 1589 0 1287806 0 976332
1786186198.885666 1291796 1071618 2864 1589 0 1287806 0 976332
1786186199.888053 1291796 1071618 2864 1589 0 1287806 0 976332
1786186200.888479 1291796 1071618 2864 1589 0 1287806 0 976332
1786186201.886029 1291796 1071618 2864 1589 0 1287806 0 976332
1786186202.886072 1291796 1071618 2864 1589 0 1287806 0 976332
1786186203.887348 1291796 1071618 2864 1589 0 1287806 0 976332
1786186204.884144 1291796 1071618 2864 1589 0 1287806 0 976332
1786186205.887277 1291796 1071618 2864 1589 0 1287806 0 976332
1786186206.888232 1291796 1071618 2864 1589 0 1287806 0 976332
1786186207.885595 1291796 1071618 2864 1589 0 1287806 0 976332
1786186208.886623 1291796 1071618 2864 1589 0 1287806 0 976332
1786186209.885156 1291796 1071618 2864 1589 0 1287806 0 976332
1786186210.884262 1291796 1071618 2864 1589 0 1287806 0 976332
1786186211.884118 1291796 1071618 2864 1589 0 1287806 0 976332
1786186212.885281 1291796 1071618 2864 1589 0 1287806 0 976332
1786186213.886383 1291796 1071618 2864 1589 0 1287806 0 976332
1786186214.886299 1291796 1071618 2864 1589 0 1287806 0 976332
1786186215.886363 1291796 1071618 2864 1589 0 1287806 0 976332
1786186216.887442 1291796 1071618 2864 1589 0 1287806 0 976332
1786186217.884464 1291796 1071618 2864 1589 0 1287806 0 976332
1786186218.886451 1291796 1071618 2864 1589 0 1287806 0 976332
1786186219.886447 1291796 1071618 2864 1589 0 1287806 0 976332
1786186220.883253 1291796 1071618 2864 1589 0 1287806 0 976332
1786186221.885273 1291796 1071618 2864 1589 0 1287806 0 976332
1786186222.888425 1291796 1071618 2864 1589 0 1287806 0 976332
1786186223.888339 1291796 1071618 2864 1589 0 1287806 0 976332
1786186224.885297 1291796 1071618 2864 1589 0 1287806 0 976332
1786186225.883213 1291796 1071618 2864 1589 0 1287806 0 976332
1786186226.888805 1291796 1071618 2864 1589 0 1287806 0 976332
1786186227.885440 1291796 1071618 2864 1589 0 1287806 0 976332
1786186228.886412 1291796 1071618 2864 1589 0 1287806 0 976332
1786186229.887351 1291796 1071618 2864 1589 0 1287806 0 976332
1786186230.885350 1291796 1071618 2864 1589 0 1287806 0 976332
1786186231.886260 1291796 1071618 2864 1589 0 1287806 0 976332
1786186232.888292 1291796 1071618 2864 1589 0 1287806 0 976332
1786186233.888420 1291796 1071632 2864 1589 0 1287806 0 976332
1786186234.887363 1291796 1071632 2864 1589 0 1287806 0 976332
1786186235.885331 1291796 1071632 2864 1589 0 1287806 0 976332
1786186236.883465 1291796 1071632 2864 1589 0 1287806 0 976332
1786186237.885340 1291796 1071632 2864 1589 0 1287806 0 976332
1786186238.884323 1291796 1071632 2864 1589 0 1287806 0 976332
1786186239.884445 1291796 1071632 2864 1589 0 1287806 0 976332
1786186240.887196 1291796 1071632 2864 1589 0 1287806 0 976332
1786186241.885153 1291796 1071632 2864 1589 0 1287806 0 976332
1786186242.885336 1291796 1071632 2864 1589 0 1287806 0 976332
1786186243.886498 1291796 1071632 2864 1589 0 1287806 0 976332
1786186244.883229 1291796 1071632 2864 1589 0 1287806 0 976332
1786186245.884327 1291796 1071632 2864 1589 0 1287806 0 976332
1786186246.885508 1291796 1071632 2864 1589 0 1287806 0 976332
1786186247.887197 1291796 1071632 2864 1589 0 1287806 0 976332
1786186248.886237 1291796 1071632 2864 1589 0 1287806 0 976332
1786186249.885454 1291796 1071632 2864 1589 0 1287806 0 976332
1786186250.886151 1291796 1071632 2864 1589 0 1287806 0 976332
1786186251.886200 1291796 1071632 2864 1589 0 1287806 0 976332
1786186252.887306 1291796 1071632 2864 1589 0 1287806 0 976332
1786186253.887375 1291796 1071632 2864 1589 0 1287806 0 976332
1786186254.883121 1291796 1071632 2864 1589 0 1287806 0 976332
1786186255.885920 1291796 1071632 2864 1589 0 1287806 0 976332
1786186256.883432 1291796 1071632 2864 1589 0 1287806 0 976332
1786186257.885372 1291796 1071632 2864 1589 0 1287806 0 976332
1786186258.885567 1291796 1071632 2864 1589 0 1287806 0 976332
1786186259.886588 1291796 1071632 2864 1589 0 1287806 0 976332
1786186260.885346 1291796 1071632 2864 1589 0 1287806 0 976332
1786186261.887269 1291796 1071632 2864 1589 0 1287806 0 976332
1786186262.887244 1291796 1071632 2864 1589 0 1287806 0 976332
1786186263.886167 1291796 1071632 2864 1589 0 1287806 0 976332
1786186264.886064 1291796 1071632 2864 1589 0 1287806 0 976332
1786186265.885967 1291796 1071632 2864 1589 0 1287806 0 976332
1786186266.883316 1291796 1071632 2864 1589 0 1287806 0 976332
1786186267.885452 1291796 1071632 2864 1589 0 1287806 0 976332
1786186268.884884 1291796 1071632 2864 1589 0 1287806 0 976332
1786186269.885346 1291796 1071632 2864 1589 0 1287806 0 976332
1786186270.885990 1291796 1071632 2864 1589 0 1287806 0 976332
1786186271.887181 1291796 1071632 2864 1589 0 1287806 0 976332
1786186272.885904 1291796 1071632 2864 1589 0 1287806 0 976332
1786186273.886970 1291796 1071632 2864 1589 0 1287806 0 976332
1786186274.882989 1291796 1071632 2864 1589 0 1287806 0 976332
1786186275.885994 1291796 1071632 2864 1589 0 1287806 0 976332
1786186276.887697 1291796 1071632 2864 1589 0 1287806 0 976332
1786186277.885347 1291796 1071632 2864 1589 0 1287806 0 976332
1786186278.884197 1291796 1071632 2864 1589 0 1287806 0 976332
1786186279.885332 1291796 1071632 2864 1589 0 1287806 0 976332
1786186280.885211 1291796 1071632 2864 1589 0 1287806 0 976332
1786186281.887115 1291796 1071632 2864 1589 0 1287806 0 976332
1786186282.883999 1291796 1071632 2864 1589 0 1287806 0 976332
1786186283.885029 1291796 1071632 2864 1589 0 1287806 0 976332
1786186284.886889 1291796 1071632 2864 1589 0 1287806 0 976332
1786186285.887283 1291796 1071632 2864 1589 0 1287806 0 976332
1786186286.886389 1291796 1071632 2864 1589 0 1287806 0 976332
1786186287.886462 1291796 1071632 2864 1589 0 1287806 0 976332
1786186288.882936 1291796 1071632 2864 1589 0 1287806 0 976332
1786186289.883428 1291796 1071632 2864 1589 0 1287806 0 976332
1786186290.885204 1291796 1071632 2864 1589 0 1287806 0 976332
1786186291.885092 1291796 1071632 2864 1589 0 1287806 0 976332
1786186292.890138 1291796 1071632 2864 1589 0 1287806 0 976332
1786186293.886159 1291796 1071632 2864 1589 0 1287806 0 976332
1786186294.886288 1291796 1071632 2864 1589 0 1287806 0 976332
1786186295.882120 1291796 1071632 2864 1589 0 1287806 0 976332
1786186296.886624 1291796 1071632 2864 1589 0 1287806 0 976332
1786186297.887370 1291796 1071632 2864 1589 0 1287806 0 976332
1786186298.885217 1291796 1071632 2864 1589 0 1287806 0 976332
1786186299.885237 1291796 1071632 2864 1589 0 1287806 0 976332
1786186300.887050 1291796 1071632 2864 1589 0 1287806 0 976332
1786186301.884949 1291796 1071632 2864 1589 0 1287806 0 976332
1786186302.885017 1291796 1071632 2864 1589 0 1287806 0 976332
1786186303.886977 1291796 1071632 2864 1589 0 1287806 0 976332
1786186304.885181 1291796 1071632 2864 1589 0 1287806 0 976332
1786186305.885747 1291796 1071632 2864 1589 0 1287806 0 976332
1786186306.885441 1291796 1071632 2864 1589 0 1287806 0 976332
1786186307.885318 1291796 1071632 2864 1589 0 1287806 0 976332
1786186308.885743 1291796 1071632 2864 1589 0 1287806 0 976332
1786186309.885882 1291796 1071632 2864 1589 0 1287806 0 976332
1786186310.885957 1291796 1071632 2864 1589 0 1287806 0 976332
1786186311.884280 1291796 1071632 2864 1589 0 1287806 0 976332
1786186312.886224 1291796 1071632 2864 1589 0 1287806 0 976332
1786186313.884216 1291796 1071632 2864 1589 0 1287806 0 976332
1786186314.887279 1291796 1071632 2864 1589 0 1287806 0 976332
1786186315.882994 1291796 1071632 2864 1589 0 1287806 0 976332
1786186316.887988 1291796 1071632 2864 1589 0 1287806 0 976332
1786186317.889599 1291796 1071632 2864 1589 0 1287806 0 976332
1786186318.886064 1291796 1071632 2864 1589 0 1287806 0 976332
1786186319.884782 1291796 1071632 2864 1589 0 1287806 0 976332
1786186320.885093 1291796 1071632 2864 1589 0 1287806 0 976332
1786186321.885286 1291796 1071632 2864 1589 0 1287806 0 976332
1786186322.885088 1291796 1071632 2864 1589 0 1287806 0 976332
1786186323.887326 1291796 1071632 2864 1589 0 1287806 0 976332
1786186324.884613 1291796 1071632 2864 1589 0 1287806 0 976332
1786186325.885206 1291796 1071632 2864 1589 0 1287806 0 976332
1786186326.888177 1291796 1071632 2864 1589 0 1287806 0 976332
1786186327.887987 1291796 1071632 2864 1589 0 1287806 0 976332
1786186328.891063 1291796 1071632 2864 1589 0 1287806 0 976332
1786186329.885100 1291796 1071632 2864 1589 0 1287806 0 976332
1786186330.884281 1291796 1071632 2864 1589 0 1287806 0 976332
1786186331.885111 1291796 1071632 2864 1589 0 1287806 0 976332
1786186332.887958 1291796 1071632 2864 1589 0 1287806 0 976332
1786186333.885162 1291796 1071632 2864 1589 0 1287806 0 976332
1786186334.885087 1291796 1071632 2864 1589 0 1287806 0 976332
1786186335.882822 1291796 1071632 2864 1589 0 1287806 0 976332
1786186336.883999 1291796 1071632 2864 1589 0 1287806 0 976332
1786186337.885853 1291796 1071632 2864 1589 0 1287806 0 976332
1786186338.889920 1291796 1071632 2864 1589 0 1287806 0 976332
1786186339.886196 1291796 1071632 2864 1589 0 1287806 0 976332
1786186340.886187 1291796 1071632 2864 1589 0 1287806 0 976332
1786186341.885393 1291796 1071632 2864 1589 0 1287806 0 976332
1786186342.887227 1291796 1071632 2864 1589 0 1287806 0 976332
1786186343.885974 1291796 1071632 2864 1589 0 1287806 0 976332
1786186344.884378 1291796 1071632 2864 1589 0 1287806 0 976332
1786186345.885399 1291796 1071632 2864 1589 0 1287806 0 976332
1786186346.888285 1291796 1071632 2864 1589 0 1287806 0 976332
1786186347.886395 1291796 1071632 2864 1589 0 1287806 0 976332
1786186348.886292 1291796 1071632 2864 1589 0 1287806 0 976332
1786186349.886253 1291796 1071632 2864 1589 0 1287806 0 976332
1786186350.886283 1291796 1071632 2864 1589 0 1287806 0 976332
1786186351.884323 1291796 1071632 2864 1589 0 1287806 0 976332
1786186352.885241 1291796 1071632 2864 1589 0 1287806 0 976332
1786186353.888694 1291796 1071632 2864 1589 0 1287806 0 976332
1786186354.886235 1291796 1071632 2864 1589 0 1287806 0 976332
1786186355.887431 1291796 1071632 2864 1589 0 1287806 0 976332
1786186356.887446 1291796 1071632 2864 1589 0 1287806 0 976332
1786186357.887287 1291796 1071632 2864 1589 0 1287806 0 976332
1786186358.887295 1291796 1071632 2864 1589 0 1287806 0 976332
1786186359.887277 1291796 1071632 2864 1589 0 1287806 0 976332
1786186360.887052 1291796 1071632 2864 1589 0 1287806 0 976332
1786186361.887209 1291796 1071632 2864 1589 0 1287806 0 976332
1786186362.886133 1291796 1071632 2864 1589 0 1287806 0 976332
1786186363.888507 1291796 1071632 2864 1589 0 1287806 0 976332
1786186364.888410 1291796 1071632 2864 1589 0 1287806 0 976332
1786186365.884402 1291796 1071632 2864 1589 0 1287806 0 976332
1786186366.887498 1291796 1071632 2864 1589 0 1287806 0 976332
1786186367.888037 1291796 1071632 2864 1589 0 1287806 0 976332
1786186368.885491 1291796 1071632 2864 1589 0 1287806 0 976332
1786186369.887246 1291796 1071632 2864 1589 0 1287806 0 976332
1786186370.888226 1291796 1071632 2864 1589 0 1287806 0 976332
1786186371.884246 1291796 1071632 2864 1589 0 1287806 0 976332
1786186372.883893 1291796 1071632 2864 1589 0 1287806 0 976332
1786186373.884026 1291796 1071632 2864 1589 0 1287806 0 976332
1786186374.887290 1291796 1071632 2864 1589 0 1287806 0 976332
1786186375.887175 1291796 1071632 2864 1589 0 1287806 0 976332
1786186376.887557 1291796 1071632 2864 1589 0 1287806 0 976332
1786186377.886332 1291796 1071632 2864 1589 0 1287806 0 976332
1786186378.883348 1291796 1071632 2864 1589 0 1287806 0 976332
1786186379.885942 1291796 1071632 2864 1589 0 1287806 0 976332
1786186380.885007 1291796 1071632 2864 1589 0 1287806 0 976332
1786186381.886936 1291796 1071632 2864 1589 0 1287806 0 976332
1786186382.885162 1291796 1071632 2864 1589 0 1287806 0 976332
1786186383.883031 1291796 1071632 2864 1589 0 1287806 0 976332
1786186384.888231 1291796 1071632 2864 1589 0 1287806 0 976332
1786186385.888041 1291796 1071632 2864 1589 0 1287806 0 976332
1786186386.886239 1291796 1071632 2864 1589 0 1287806 0 976332
1786186387.888090 1291796 1071632 2864 1589 0 1287806 0 976332
1786186388.886797 1291796 1071632 2864 1589 0 1287806 0 976332
1786186389.886015 1291796 1071632 2864 1589 0 1287806 0 976332
1786186390.885832 1291796 1071632 2864 1589 0 1287806 0 976332
1786186391.883878 1291796 1071632 2864 1589 0 1287806 0 976332
1786186392.886856 1291796 1071632 2864 1589 0 1287806 0 976332
1786186393.885095 1291796 1071632 2864 1589 0 1287806 0 976332
1786186394.885947 1291796 1071632 2864 1589 0 1287806 0 976332
1786186395.888110 1291796 1071632 2864 1589 0 1287806 0 976332
1786186396.886188 1291796 1071632 2864 1589 0 1287806 0 976332
1786186397.885009 1291796 1071632 2864 1589 0 1287806 0 976332
1786186398.885198 1291796 1071632 2864 1589 0 1287806 0 976332
1786186399.886903 1291796 1071632 2864 1589 0 1287806 0 976332
1786186400.884875 1291796 1071632 2864 1589 0 1287806 0 976332
1786186401.886113 1291796 1071632 2864 1589 0 1287806 0 976332
1786186402.886872 1291796 1071632 2864 1589 0 1287806 0 976332
1786186403.888165 1291796 1071632 2864 1589 0 1287806 0 976332
1786186404.888084 1291796 1071632 2864 1589 0 1287806 0 976332
1786186405.888405 1291796 1071632 2864 1589 0 1287806 0 976332
1786186406.887858 1291796 1071632 2864 1589 0 1287806 0 976332
1786186407.882671 1291796 1071632 2864 1589 0 1287806 0 976332
1786186408.884159 1291796 1071632 2864 1589 0 1287806 0 976332
1786186409.886132 1291796 1071632 2864 1589 0 1287806 0 976332
1786186410.884056 1291796 1071632 2864 1589 0 1287806 0 976332
1786186411.886178 1291796 1071632 2864 1589 0 1287806 0 976332
1786186412.887285 1291796 1071632 2864 1589 0 1287806 0 976332
1786186413.886291 1291796 1071632 2864 1589 0 1287806 0 976332
1786186414.891379 1291796 1071632 2864 1589 0 1287806 0 976332
1786186415.891057 1291796 1071632 2864 1589 0 1287806 0 976332
1786186416.887871 1291796 1071632 2864 1589 0 1287806 0 976332
1786186417.883937 1291796 1071632 2864 1589 0 1287806 0 976332
1786186418.889961 1291796 1071632 2864 1589 0 1287806 0 976332
1786186419.886223 1291796 1071632 2864 1589 0 1287806 0 976332
1786186420.888364 1291796 1071632 2864 1589 0 1287806 0 976332
1786186421.882171 1291796 1071632 2864 1589 0 1287806 0 976332
1786186422.885348 1291796 1071632 2864 1589 0 1287806 0 976332
1786186423.884532 1291796 1071632 2864 1589 0 1287806 0 976332
1786186424.885544 1291796 1071632 2864 1589 0 1287806 0 976332
1786186425.886245 1291796 1071632 2864 1589 0 1287806 0 976332
1786186426.886071 1291796 1071632 2864 1589 0 1287806 0 976332
1786186427.888332 1291796 1071632 2864 1589 0 1287806 0 976332
1786186428.884218 1291796 1071632 2864 1589 0 1287806 0 976332
1786186429.884320 1291796 1071632 2864 1589 0 1287806 0 976332
1786186430.885154 1291796 1071632 2864 1589 0 1287806 0 976332
1786186431.887887 1291796 1071632 2864 1589 0 1287806 0 976332
1786186432.886495 1291796 1071632 2864 1589 0 1287806 0 976332
1786186433.885485 1291796 1071632 2864 1589 0 1287806 0 976332
1786186434.885408 1291796 1071632 2864 1589 0 1287806 0 976332
1786186435.887229 1291796 1071632 2864 1589 0 1287806 0 976332
1786186436.885237 1291796 1071632 2864 1589 0 1287806 0 976332
1786186437.884195 1291796 1071632 2864 1589 0 1287806 0 976332
1786186438.887783 1291796 1071632 2864 1589 0 1287806 0 976332
1786186439.883038 1291796 1071632 2864 1589 0 1287806 0 976332
1786186440.885362 1291796 1071632 2864 1589 0 1287806 0 976332
1786186441.884319 1291796 1071632 2864 1589 0 1287806 0 976332
1786186442.886246 1291796 1071632 2864 1589 0 1287806 0 976332
1786186443.885972 1291796 1071632 2864 1589 0 1287806 0 976332
1786186444.887217 1291796 1071632 2864 1589 0 1287806 0 976332
1786186445.887255 1291796 1071632 2864 1589 0 1287806 0 976332
1786186446.885107 1291796 1071632 2864 1589 0 1287806 0 976332
1786186447.886215 1291796 1071632 2864 1589 0 1287806 0 976332
1786186448.886320 1291796 1071632 2864 1589 0 1287806 0 976332
1786186449.887317 1291796 1071632 2864 1589 0 1287806 0 976332
1786186450.885096 1291796 1071632 2864 1589 0 1287806 0 976332
1786186451.890128 1291796 1071632 2864 1589 0 1287806 0 976332
1786186452.888119 1291796 1071632 2864 1589 0 1287806 0 976332
1786186453.886953 1291796 1071632 2864 1589 0 1287806 0 976332
1786186454.887167 1291796 1071632 2864 1589 0 1287806 0 976332
1786186455.886295 1291796 1071632 2864 1589 0 1287806 0 976332
1786186456.886243 1291796 1071632 2864 1589 0 1287806 0 976332
1786186457.883166 1291796 1071632 2864 1589 0 1287806 0 976332
1786186458.884310 1291796 1071632 2864 1589 0 1287806 0 976332
1786186459.885226 1291796 1071632 2864 1589 0 1287806 0 976332
1786186460.888260 1291796 1071632 2864 1589 0 1287806 0 976332
1786186461.887488 1291796 1071632 2864 1589 0 1287806 0 976332
1786186462.885821 1291796 1071632 2864 1589 0 1287806 0 976332
1786186463.887396 1291796 1071632 2864 1589 0 1287806 0 976332
1786186464.887067 1291796 1071632 2864 1589 0 1287806 0 976332
1786186465.886343 1291796 1071632 2864 1589 0 1287806 0 976332
1786186466.888179 1291796 1071632 2864 1589 0 1287806 0 976332
1786186467.884315 1291796 1071632 2864 1589 0 1287806 0 976332
1786186468.887268 1291796 1071632 2864 1589 0 1287806 0 976332
1786186469.886937 1291796 1071632 2864 1589 0 1287806 0 976332
1786186470.886379 1291796 1071632 2864 1589 0 1287806 0 976332
1786186471.886289 1291796 1071632 2864 1589 0 1287806 0 976332
1786186472.888351 1291796 1071632 2864 1589 0 1287806 0 976332
1786186473.886331 1291796 1071632 2864 1589 0 1287806 0 976332
1786186474.884224 1291796 1071632 2864 1589 0 1287806 0 976332
1786186475.884464 1291796 1071632 2864 1589 0 1287806 0 976332
1786186476.885361 1291796 1071632 2864 1589 0 1287806 0 976332
1786186477.883170 1291796 1071632 2864 1589 0 1287806 0 976332
1786186478.886160 1291796 1071632 2864 1589 0 1287806 0 976332
1786186479.885594 1291796 1071632 2864 1589 0 1287806 0 976332
1786186480.886171 1291796 1071632 2864 1589 0 1287806 0 976332
1786186481.888532 1291796 1071632 2864 1589 0 1287806 0 976332
1786186482.885473 1291796 1071632 2864 1589 0 1287806 0 976332
1786186483.888256 1291796 1071632 2864 1589 0 1287806 0 976332
1786186484.886417 1291796 1071632 2864 1589 0 1287806 0 976332
1786186485.887275 1291796 1071632 2864 1589 0 1287806 0 976332
1786186486.887190 1291796 1071632 2864 1589 0 1287806 0 976332
1786186487.886191 1291796 1071632 2864 1589 0 1287806 0 976332
1786186488.886175 1291796 1071632 2864 1589 0 1287806 0 976332
1786186489.887446 1291796 1071632 2864 1589 0 1287806 0 976332
1786186490.886454 1291796 1071632 2864 1589 0 1287806 0 976332
1786186491.883503 1291796 1071632 2864 1589 0 1287806 0 976332
1786186492.886271 1291796 1071632 2864 1589 0 1287806 0 976332
1786186493.886452 1291796 1071632 2864 1589 0 1287806 0 976332
1786186494.885366 1291796 1071632 2864 1589 0 1287806 0 976332
1786186495.885422 1291796 1071632 2864 1589 0 1287806 0 976332
1786186496.888425 1291796 1071632 2864 1589 0 1287806 0 976332
1786186497.885115 1291796 1071632 2864 1589 0 1287806 0 976332
1786186498.887143 1291796 1071632 2864 1589 0 1287806 0 976332
1786186499.886576 1291796 1071632 2864 1589 0 1287806 0 976332
1786186500.885584 1291796 1071632 2864 1589 0 1287806 0 976332
1786186501.883399 1291796 1071632 2864 1589 0 1287806 0 976332
1786186502.887649 1291796 1071632 2864 1589 0 1287806 0 976332
1786186503.886433 1291796 1071632 2864 1589 0 1287806 0 976332
1786186504.884263 1291796 1071632 2864 1589 0 1287806 0 976332
1786186505.884123 1291796 1071632 2864 1589 0 1287806 0 976332
1786186506.888111 1291796 1071632 2864 1589 0 1287806 0 976332
1786186507.887106 1291796 1071632 2864 1589 0 1287806 0 976332
1786186508.885092 1291796 1071632 2864 1589 0 1287806 0 976332
1786186509.887646 1291796 1071632 2864 1589 0 1287806 0 976332
1786186510.884591 1291796 1071632 2864 1589 0 1287806 0 976332
1786186511.887275 1291796 1071632 2864 1589 0 1287806 0 976332
1786186512.885428 1291796 1071632 2864 1589 0 1287806 0 976332
1786186513.883303 1291796 1071632 2864 1589 0 1287806 0 976332
1786186514.886991 1291796 1071632 2864 1589 0 1287806 0 976332
1786186515.886111 1291796 1071632 2864 1589 0 1287806 0 976332
1786186516.885010 1291796 1071632 2864 1589 0 1287806 0 976332
1786186517.884284 1291796 1071632 2864 1589 0 1287806 0 976332
1786186518.887869 1291796 1071632 2864 1589 0 1287806 0 976332
1786186519.888611 1291796 1071632 2864 1589 0 1287806 0 976332
1786186520.883740 1291796 1071632 2864 1589 0 1287806 0 976332
1786186521.887606 1291796 1071632 2864 1589 0 1287806 0 976332
1786186522.883261 1291796 1071632 2864 1589 0 1287806 0 976332
1786186523.885279 1291796 1071632 2864 1589 0 1287806 0 976332
1786186524.883190 1291796 1071632 2864 1589 0 1287806 0 976332
1786186525.886087 1291796 1071632 2864 1589 0 1287806 0 976332
1786186526.887243 1291796 1071632 2864 1589 0 1287806 0 976332
1786186527.885302 1291796 1071632 2864 1589 0 1287806 0 976332
1786186528.885778 1291796 1071632 2864 1589 0 1287806 0 976332
1786186529.883689 1291796 1071632 2864 1589 0 1287806 0 976332
1786186530.887239 1291796 1071632 2864 1589 0 1287806 0 976332
1786186531.887494 1291796 1071632 2864 1589 0 1287806 0 976332
1786186532.888194 1291796 1071632 2864 1589 0 1287806 0 976332
1786186533.885250 1291796 1071632 2864 1589 0 1287806 0 976332
1786186534.888074 1291796 1071632 2864 1589 0 1287806 0 976332
1786186535.885058 1291796 1071632 2864 1589 0 1287806 0 976332
1786186536.886347 1291796 1071632 2864 1589 0 1287806 0 976332
1786186537.886099 1291796 1071632 2864 1589 0 1287806 0 976332
1786186538.886959 1291796 1071632 2864 1589 0 1287806 0 976332
1786186539.887550 1291796 1071632 2864 1589 0 1287806 0 976332
1786186540.883560 1291796 1071632 2864 1589 0 1287806 0 976332
1786186541.887362 1291796 1071632 2864 1589 0 1287806 0 976332
1786186542.885160 1291796 1071632 2864 1589 0 1287806 0 976332
1786186543.887050 1291796 1071632 2864 1589 0 1287806 0 976332
1786186544.885218 1291796 1071632 2864 1589 0 1287806 0 976332
1786186545.885477 1291796 1071632 2864 1589 0 1287806 0 976332
1786186546.885268 1291796 1071632 2864 1589 0 1287806 0 976332
1786186547.886121 1291796 1071632 2864 1589 0 1287806 0 976332
1786186548.885765 1291796 1071632 2864 1589 0 1287806 0 976332
1786186549.883424 1291796 1071632 2864 1589 0 1287806 0 976332
1786186550.887943 1291796 1071632 2864 1589 0 1287806 0 976332
1786186551.888113 1291796 1071632 2864 1589 0 1287806 0 976332
1786186552.886258 1291796 1071632 2864 1589 0 1287806 0 976332
1786186553.887157 1291796 1071632 2864 1589 0 1287806 0 976332
1786186554.886249 1291796 1071632 2864 1589 0 1287806 0 976332
1786186555.884325 1291796 1071632 2864 1589 0 1287806 0 976332
1786186556.887376 1291796 1071632 2864 1589 0 1287806 0 976332
1786186557.883742 1291796 1071632 2864 1589 0 1287806 0 976332
1786186558.885258 1291796 1071632 2864 1589 0 1287806 0 976332
1786186559.887219 1291796 1071632 2864 1589 0 1287806 0 976332
1786186560.883359 1291796 1071632 2864 1589 0 1287806 0 976332
1786186561.883465 1291796 1071632 2864 1589 0 1287806 0 976332
1786186562.883130 1291796 1071632 2864 1589 0 1287806 0 976332
1786186563.888278 1291796 1071632 2864 1589 0 1287806 0 976332
1786186564.887386 1291796 1071632 2864 1589 0 1287806 0 976332
1786186565.886493 1291796 1071632 2864 1589 0 1287806 0 976332
1786186566.886086 1291796 1071632 2864 1589 0 1287806 0 976332
1786186567.883658 1291796 1071632 2864 1589 0 1287806 0 976332
1786186568.885405 1291796 1071632 2864 1589 0 1287806 0 976332
1786186569.886230 1291796 1071632 2864 1589 0 1287806 0 976332
1786186570.885345 1291796 1071632 2864 1589 0 1287806 0 976332
1786186571.883072 1291796 1071632 2864 1589 0 1287806 0 976332
1786186572.884179 1291796 1071632 2864 1589 0 1287806 0 976332
1786186573.884426 1291796 1071632 2864 1589 0 1287806 0 976332
1786186574.887246 1291796 1071632 2864 1589 0 1287806 0 976332
1786186575.885202 1291796 1071632 2864 1589 0 1287806 0 976332
1786186576.886101 1291796 1071632 2864 1589 0 1287806 0 976332
1786186577.886079 1291796 1071632 2864 1589 0 1287806 0 976332
1786186578.886525 1291796 1071632 2864 1589 0 1287806 0 976332
1786186579.887039 1291796 1071632 2864 1589 0 1287806 0 976332
1786186580.887395 1291796 1071632 2864 1589 0 1287806 0 976332
1786186581.886826 1291796 1071632 2864 1589 0 1287806 0 976332
1786186582.887277 1291796 1071632 2864 1589 0 1287806 0 976332
1786186583.884267 1291796 1071632 2864 1589 0 1287806 0 976332
1786186584.884006 1291796 1071632 2864 1589 0 1287806 0 976332
1786186585.885291 1291796 1071632 2864 1589 0 1287806 0 976332
1786186586.884195 1291796 1071632 2864 1589 0 1287806 0 976332
1786186587.887623 1291796 1071632 2864 1589 0 1287806 0 976332
1786186588.883401 1291796 1071632 2864 1589 0 1287806 0 976332
1786186589.888117 1291796 1071632 2864 1589 0 1287806 0 976332
1786186590.887366 1291796 1071632 2864 1589 0 1287806 0 976332
1786186591.883210 1291796 1071632 2864 1589 0 1287806 0 976332
1786186592.884148 1291796 1071632 2864 1589 0 1287806 0 976332
1786186593.884914 1291796 1071632 2864 1589 0 1287806 0 976332
1786186594.885834 1291796 1071632 2864 1589 0 1287806 0 976332
1786186595.884050 1291796 1071632 2864 1589 0 1287806 0 976332
1786186596.887022 1291796 1071632 2864 1589 0 1287806 0 976332
1786186597.885293 1291796 1071632 2864 1589 0 1287806 0 976332
1786186598.883420 1291796 1071632 2864 1589 0 1287806 0 976332
1786186599.884531 1291796 1071632 2864 1589 0 1287806 0 976332
1786186600.883309 1291796 1071632 2864 1589 0 1287806 0 976332
1786186601.884221 1291796 1071632 2864 1589 0 1287806 0 976332
1786186602.887009 1291796 1071632 2864 1589 0 1287806 0 976332
1786186603.886939 1291796 1071632 2864 1589 0 1287806 0 976332
1786186604.886196 1291796 1071632 2864 1589 0 1287806 0 976332
1786186605.886203 1291796 1071632 2864 1589 0 1287806 0 976332
1786186606.887290 1291796 1071632 2864 1589 0 1287806 0 976332
1786186607.885349 1291796 1071632 2864 1589 0 1287806 0 976332
1786186608.883242 1291796 1071632 2864 1589 0 1287806 0 976332
1786186609.887386 1291796 1071632 2864 1589 0 1287806 0 976332
1786186610.882913 1291796 1071632 2864 1589 0 1287806 0 976332
1786186611.885059 1291796 1071632 2864 1589 0 1287806 0 976332
1786186612.886989 1291796 1071632 2864 1589 0 1287806 0 976332
1786186613.885980 1291796 1071632 2864 1589 0 1287806 0 976332
1786186614.886002 1291796 1071632 2864 1589 0 1287806 0 976332
1786186615.886228 1291796 1071632 2864 1589 0 1287806 0 976332
1786186616.884631 1291796 1071632 2864 1589 0 1287806 0 976332
1786186617.886220 1291796 1071632 2864 1589 0 1287806 0 976332
1786186618.886284 1291796 1071632 2864 1589 0 1287806 0 976332
1786186619.884103 1291796 1071632 2864 1589 0 1287806 0 976332
1786186620.887297 1291796 1071632 2864 1589 0 1287806 0 976332
1786186621.885038 1291796 1071632 2864 1589 0 1287806 0 976332
1786186622.886044 1291796 1071632 2864 1589 0 1287806 0 976332
1786186623.886186 1291796 1071632 2864 1589 0 1287806 0 976332
1786186624.886384 1291796 1071632 2864 1589 0 1287806 0 976332
1786186625.886441 1291796 1071632 2864 1589 0 1287806 0 976332
1786186626.888935 1291796 1071632 2864 1589 0 1287806 0 976332
1786186627.886458 1291796 1071632 2864 1589 0 1287806 0 976332
1786186628.884335 1291796 1071632 2864 1589 0 1287806 0 976332
1786186629.886704 1291796 1071632 2864 1589 0 1287806 0 976332
1786186630.886071 1291796 1071632 2864 1589 0 1287806 0 976332
1786186631.886198 1291796 1071632 2864 1589 0 1287806 0 976332
1786186632.886287 1291796 1071632 2864 1589 0 1287806 0 976332
1786186633.886242 1291796 1071632 2864 1589 0 1287806 0 976332
1786186634.885402 1291796 1071632 2864 1589 0 1287806 0 976332
1786186635.885109 1291796 1071632 2864 1589 0 1287806 0 976332
1786186636.885295 1291796 1071632 2864 1589 0 1287806 0 976332
1786186637.884532 1291796 1071632 2864 1589 0 1287806 0 976332
1786186638.885007 1291796 1071632 2864 1589 0 1287806 0 976332
1786186639.885219 1291796 1071632 2864 1589 0 1287806 0 976332
1786186640.886084 1291796 1071632 2864 1589 0 1287806 0 976332
1786186641.886148 1291796 1071632 2864 1589 0 1287806 0 976332
1786186642.886217 1291796 1071632 2864 1589 0 1287806 0 976332
1786186643.886265 1291796 1071632 2864 1589 0 1287806 0 976332
1786186644.887227 1291796 1071632 2864 1589 0 1287806 0 976332
1786186645.887474 1291796 1071632 2864 1589 0 1287806 0 976332
1786186646.886149 1291796 1071632 2864 1589 0 1287806 0 976332
1786186647.884146 1291796 1071632 2864 1589 0 1287806 0 976332
1786186648.886491 1291796 1071632 2864 1589 0 1287806 0 976332
1786186649.886161 1291796 1071632 2864 1589 0 1287806 0 976332
1786186650.886976 1291796 1071632 2864 1589 0 1287806 0 976332
1786186651.887286 1291796 1071632 2864 1589 0 1287806 0 976332
1786186652.886236 1291796 1071632 2864 1589 0 1287806 0 976332
1786186653.887327 1291796 1071632 2864 1589 0 1287806 0 976332
1786186654.886158 1291796 1071632 2864 1589 0 1287806 0 976332
1786186655.888668 1291796 1071632 2864 1589 0 1287806 0 976332
1786186656.886359 1291796 1071632 2864 1589 0 1287806 0 976332
1786186657.883151 1291796 1071632 2864 1589 0 1287806 0 976332
1786186658.884480 1291796 1071632 2864 1589 0 1287806 0 976332
1786186659.885353 1291796 1071632 2864 1589 0 1287806 0 976332
1786186660.885214 1291796 1071632 2864 1589 0 1287806 0 976332
1786186661.886167 1291796 1071632 2864 1589 0 1287806 0 976332
1786186662.884278 1291796 1071632 2864 1589 0 1287806 0 976332
1786186663.885227 1291796 1071632 2864 1589 0 1287806 0 976332
1786186664.884107 1291796 1071632 2864 1589 0 1287806 0 976332
1786186665.887367 1291796 1071632 2864 1589 0 1287806 0 976332
1786186666.883351 1291796 1071632 2864 1589 0 1287806 0 976332
1786186667.884121 1291796 1071632 2864 1589 0 1287806 0 976332
1786186668.885537 1291796 1071632 2864 1589 0 1287806 0 976332
1786186669.886305 1291796 1071632 2864 1589 0 1287806 0 976332
1786186670.884239 1291796 1071632 2864 1589 0 1287806 0 976332
1786186671.886401 1291796 1071632 2864 1589 0 1287806 0 976332
1786186672.883993 1291796 1071632 2864 1589 0 1287806 0 976332
1786186673.885937 1291796 1071632 2864 1589 0 1287806 0 976332
1786186674.888768 1291796 1071632 2864 1589 0 1287806 0 976332
1786186675.886718 1291796 1071632 2864 1589 0 1287806 0 976332
1786186676.886452 1291796 1071632 2864 1589 0 1287806 0 976332
1786186677.886500 1291796 1071632 2864 1589 0 1287806 0 976332
1786186678.886031 1291796 1071632 2864 1589 0 1287806 0 976332
1786186679.889424 1291796 1071632 2864 1589 0 1287806 0 976332
1786186680.885587 1291796 1071632 2864 1589 0 1287806 0 976332
1786186681.885239 1291796 1071632 2864 1589 0 1287806 0 976332
1786186682.887158 1291796 1071632 2864 1589 0 1287806 0 976332
1786186683.883247 1291796 1071632 2864 1589 0 1287806 0 976332
1786186684.887829 1291796 1071632 2864 1589 0 1287806 0 976332
1786186685.885602 1291796 1071632 2864 1589 0 1287806 0 976332
1786186686.884482 1291796 1071632 2864 1589 0 1287806 0 976332
1786186687.886574 1291796 1071632 2864 1589 0 1287806 0 976332
1786186688.887176 1291796 1071632 2864 1589 0 1287806 0 976332
1786186689.885327 1291796 1071632 2864 1589 0 1287806 0 976332
1786186690.885022 1291796 1071632 2864 1589 0 1287806 0 976332
1786186691.884918 1291796 1071632 2864 1589 0 1287806 0 976332
1786186692.885323 1291796 1071632 2864 1589 0 1287806 0 976332
1786186693.886193 1291796 1071632 2864 1589 0 1287806 0 976332
1786186694.888837 1291796 1071632 2864 1589 0 1287806 0 976332
1786186695.886557 1291796 1071632 2864 1589 0 1287806 0 976332
1786186696.886631 1291796 1071632 2864 1589 0 1287806 0 976332
1786186697.888649 1291796 1071632 2864 1589 0 1287806 0 976332
1786186698.885458 1291796 1071632 2864 1589 0 1287806 0 976332
1786186699.887237 1291796 1071632 2864 1589 0 1287806 0 976332
1786186700.885282 1291796 1071632 2864 1589 0 1287806 0 976332
