# start_epoch=1786116494.812792  page_size=4096  cachestat=ok  fields=size,resident,shared,text,lib,data,dt,pagecache
1786116495.813051 260452 27124 7648 99 0 246458 0 1
1786116496.812996 260452 27124 7648 99 0 246458 0 1
1786116497.822167 2971179 73656 52665 99 0 279866 0 74226
1786116498.819680 3006637 70365 48748 99 0 280506 0 104552
1786116499.832228 3041980 75234 53533 99 0 281274 0 146435
1786116500.824200 3076633 72132 50723 99 0 281274 0 176446
1786116501.826341 3111376 71399 49285 99 0 281274 0 208395
1786116502.828620 3145976 73770 51646 99 0 281274 0 246831
1786116503.831210 3180561 74709 53022 99 0 281274 0 283057
1786116504.832781 3215320 71594 49621 99 0 281274 0 313308
1786116505.834526 3249957 69361 47969 99 0 281274 0 340929
1786116506.830421 3248040 45588 23932 99 0 281274 0 364443
1786116507.839070 3301971 78823 57730 99 0 281274 0 414175
1786116508.840740 3336561 76869 55206 99 0 281274 0 449065
1786116509.844948 3371284 82147 60652 99 0 281274 0 495945
1786116510.845628 3405909 80022 58477 99 0 281274 0 526042
1786116511.840212 3440501 76081 54978 99 0 281274 0 555276
1786116512.850284 3475243 81743 60160 99 0 281274 0 597367
1786116513.852673 3509885 77495 56346 99 0 281274 0 628742
1786116514.844249 3557130 77392 56465 99 0 285370 0 639304
1786116515.843883 3536534 53813 29917 99 0 288570 0 619433
1786116516.844189 3536534 90004 66993 99 0 288570 0 632286
1786116517.843455 3569212 147865 124795 99 0 288570 0 611054
1786116518.848907 3538948 50281 24969 99 0 291002 0 633738
1786116519.843372 3538948 78069 52756 99 0 291002 0 610898
1786116520.843332 3538948 112704 88259 99 0 291002 0 621266
1786116521.842919 3538931 37294 11731 99 0 291002 0 612549
1786116522.843548 3538931 74724 49160 99 0 291002 0 625686
1786116523.844642 3552895 112612 87025 99 0 291002 0 627372
1786116524.843498 3538931 135934 111506 99 0 291002 0 616030
1786116525.846687 3552879 76607 52053 99 0 291002 0 641330
1786116526.843181 3538914 96579 72022 99 0 291002 0 619996
1786116527.844255 3538914 131662 107540 99 0 291002 0 636175
1786116528.846723 3538896 58958 34730 99 0 291002 0 626661
1786116529.843481 3552860 101945 77714 99 0 291002 0 627363
1786116530.842929 3538896 121541 97310 99 0 291002 0 617409
1786116531.844422 3571557 64731 38691 99 0 291002 0 641319
1786116532.843385 3538879 84146 58100 99 0 291002 0 621791
1786116533.852240 3538867 49533 23461 99 0 291002 0 631544
1786116534.847988 3579063 96630 56383 99 0 331194 0 666345
1786116535.845263 3593911 84867 56415 99 0 346042 0 610734
1786116536.845140 3593911 140552 103462 99 0 346042 0 666346
1786116537.845261 3593911 139834 103462 99 0 346042 0 672332
1786116538.865845 3605387 153955 122586 99 0 346042 0 626698
1786116539.843846 3506400 83542 49752 99 0 346042 0 578018
1786116540.858790 3568411 144320 102827 99 0 352442 0 583977
1786116541.839963 3512800 115887 79740 99 0 352442 0 555026
1786116542.853506 3568411 153170 111283 99 0 352442 0 579898
1786116543.841544 3512800 144807 110581 99 0 352442 0 532895
1786116544.833986 3425330 47925 13422 99 0 352442 0 437593
1786116545.836571 3425330 101774 59144 99 0 352442 0 491374
1786116546.836920 3425330 98950 59144 99 0 352442 0 497333
1786116547.837153 3425330 142079 105770 99 0 352442 0 499044
1786116548.838718 3425330 144399 106186 99 0 352442 0 497280
1786116549.846600 3436777 151205 119579 99 0 352442 0 448737
1786116550.831480 3337834 75310 39037 99 0 352442 0 382866
1786116551.838235 3393445 116379 75152 99 0 352442 0 405395
1786116552.830407 3337834 104197 70291 99 0 352442 0 361598
1786116553.832446 3337834 148601 107565 99 0 352442 0 403885
1786116554.832650 3342964 143972 109742 99 0 352442 0 406524
1786116555.830593 3337834 154086 117225 99 0 352442 0 365047
1786116556.831206 3250346 94548 61887 99 0 352442 0 316400
1786116557.828708 3250346 101931 61887 99 0 352442 0 322285
1786116558.827852 3250346 130222 96047 99 0 352442 0 307271
1786116559.835166 3305957 182375 143860 99 0 352442 0 320114
1786116560.826528 3250346 149020 118626 99 0 352442 0 272254
1786116561.825595 3162843 61707 31170 99 0 352442 0 193716
1786116562.824099 3162843 106241 63280 99 0 352442 0 228903
1786116563.823507 3162843 96468 63280 99 0 352442 0 173292
1786116564.826996 3162843 147960 106620 99 0 352442 0 224578
1786116565.827363 3162843 147761 106620 99 0 352442 0 230460
1786116566.817647 3087415 74154 40408 99 0 356538 0 93770
1786116567.817642 3087415 112336 78590 99 0 356538 0 93770
1786116568.817707 3091512 135371 101640 99 0 360634 0 93770
1786116569.817684 3091512 135371 101640 99 0 360634 0 93770
1786116570.817901 3091512 135371 101640 99 0 360634 0 93770
1786116571.817682 3095609 135364 101640 99 0 364730 0 93770
1786116572.817757 3095609 135364 101640 99 0 364730 0 93770
1786116573.817724 3099706 135357 101640 99 0 368826 0 93770
1786116574.817681 3099706 135357 101640 99 0 368826 0 93770
1786116575.817670 3099706 135357 101640 99 0 368826 0 93770
1786116576.817672 3099706 135357 101640 99 0 368826 0 93770
1786116577.817664 3099706 135357 101640 99 0 368826 0 93770
1786116578.817727 3099706 135357 101640 99 0 368826 0 93770
1786116579.817715 3099706 135357 101640 99 0 368826 0 93770
1786116580.817667 3099706 135357 101640 99 0 368826 0 93770
1786116581.817709 3099706 135357 101640 99 0 368826 0 93770
1786116582.817697 3099706 135357 101640 99 0 368826 0 93770
1786116583.817698 3099706 135357 101640 99 0 368826 0 93770
1786116584.817698 3099706 135357 101640 99 0 368826 0 93770
1786116585.817730 3099706 135357 101640 99 0 368826 0 93770
1786116586.817679 3099706 135357 101640 99 0 368826 0 93770
1786116587.817736 3099706 135357 101640 99 0 368826 0 93770
1786116588.817750 3099706 135357 101640 99 0 368826 0 93770
1786116589.817678 3099706 135357 101640 99 0 368826 0 93770
1786116590.817691 3099706 135357 101640 99 0 368826 0 93770
1786116591.817674 3099706 135357 101640 99 0 368826 0 93770
1786116592.817713 3099706 135357 101640 99 0 368826 0 93770
1786116593.817673 3099706 135530 101640 99 0 368826 0 93770
1786116594.817722 3099706 135530 101640 99 0 368826 0 93770
1786116595.817686 3099706 135530 101640 99 0 368826 0 93770
1786116596.817800 3099706 135530 101640 99 0 368826 0 93770
1786116597.817681 3099706 135530 101640 99 0 368826 0 93770
1786116598.817612 3099706 135530 101640 99 0 368826 0 93770
1786116599.817676 3099706 135530 101640 99 0 368826 0 93770
1786116600.817777 3099706 135530 101640 99 0 368826 0 93770
1786116601.817700 3099706 135530 101640 99 0 368826 0 93770
1786116602.817664 3099706 135530 101640 99 0 368826 0 93770
1786116603.817689 3099706 135768 101640 99 0 368826 0 93770
1786116604.817633 3099706 135768 101640 99 0 368826 0 93770
1786116605.817667 3099706 135768 101640 99 0 368826 0 93770
1786116606.817680 3099706 135768 101640 99 0 368826 0 93770
1786116607.817692 3099706 135757 101640 99 0 368826 0 93770
1786116608.817663 3099706 135757 101640 99 0 368826 0 93770
