# start_epoch=1786116358.400888  page_size=4096  cachestat=ok  fields=size,resident,shared,text,lib,data,dt,pagecache
1786116359.401185 260452 28265 8789 99 0 246458 0 1
1786116360.401115 260452 28265 8789 99 0 246458 0 1
1786116361.407415 2932333 71649 51301 99 0 258106 0 56680
1786116362.406052 2955845 89239 68908 99 0 258106 0 85133
1786116363.407727 2978631 78233 57901 99 0 258106 0 117301
1786116364.409964 3001829 95978 75670 99 0 258106 0 153096
1786116365.419230 3085673 162845 142546 99 0 258106 0 211552
1786116366.414348 3096112 155591 135313 99 0 258106 0 229281
1786116367.415051 3105221 131819 111624 99 0 258106 0 237884
1786116368.419280 3139828 153637 133580 99 0 258106 0 275597
1786116369.417280 3176571 203185 183126 99 0 258106 0 290096
1786116370.419457 3150116 122987 102930 99 0 258106 0 296231
1786116371.421846 3193919 169264 149207 99 0 258106 0 335473
1786116372.419802 3195227 150364 130306 99 0 258106 0 333667
1786116373.417694 3231906 186170 166154 99 0 258106 0 342802
1786116374.423824 3215665 135603 115612 99 0 258106 0 366693
1786116375.428187 4318297 154578 134738 99 0 258106 0 370466
1786116376.423687 3289760 200444 180617 99 0 258106 0 400693
1786116377.431242 3287932 157353 137558 99 0 258106 0 435274
1786116378.430373 3329147 261333 241478 99 0 258106 0 478231
1786116379.425496 3317929 178469 158568 99 0 258106 0 436369
1786116380.433898 3317929 187057 167147 99 0 258106 0 442674
1786116381.428866 3260080 56976 37067 99 0 258106 0 410695
1786116382.430162 3331058 165102 145191 99 0 258106 0 468855
1786116383.435016 3404914 261329 241418 99 0 258106 0 544113
1786116384.429304 3344346 149252 129357 99 0 258106 0 479334
1786116385.428926 3381025 186945 167043 99 0 258106 0 495512
1786116386.426442 3381025 197663 177784 99 0 258106 0 502583
1786116387.432865 3390632 162143 142283 99 0 258106 0 510459
1786116388.440746 3448725 286745 266488 99 0 258106 0 576474
1786116389.437913 3485174 277339 257133 99 0 258106 0 596625
1786116390.447414 3449905 196102 174429 99 0 280122 0 553122
1786116391.451247 3479048 242432 219748 99 0 281146 0 590283
1786116392.463924 3511319 289022 266369 99 0 281146 0 632452
1786116393.434397 3425079 129577 106972 99 0 281146 0 530682
1786116394.437506 3467803 242132 219527 99 0 281146 0 581326
1786116395.469997 3463853 188311 165003 99 0 282682 0 583072
1786116396.451335 3565054 259975 236654 99 0 282682 0 663387
1786116397.438871 3516351 224664 201338 99 0 282682 0 633001
1786116398.452635 3521287 203186 181464 99 0 282682 0 629876
1786116399.455375 3549392 252870 231122 99 0 282682 0 665390
1786116400.457156 3573684 312994 290019 99 0 282682 0 714471
1786116401.448770 3610525 245546 222630 99 0 282682 0 738757
1786116402.436541 3455685 125546 102756 99 0 282682 0 567144
1786116403.465465 3528859 187741 162796 99 0 285754 0 619301
1786116404.440189 3543536 209341 184361 99 0 289850 0 647759
1786116405.442251 3583770 207780 181668 99 0 289850 0 686469
1786116406.438831 3533756 177775 151663 99 0 289850 0 618847
1786116407.438443 3533756 249561 223434 99 0 289850 0 630312
1786116408.435402 3472121 96046 69919 99 0 289850 0 546446
1786116409.435127 3484661 119632 92835 99 0 289850 0 549427
1786116410.435396 3470623 182330 155533 99 0 289850 0 553879
1786116411.432477 3422667 82485 56383 99 0 289850 0 520171
1786116412.433236 3436165 131149 107377 99 0 289850 0 526493
1786116413.436162 3469271 258816 235042 99 0 289850 0 558887
1786116414.430029 3367427 60964 35998 99 0 289850 0 476825
1786116415.431537 3416414 118052 92704 99 0 289850 0 497390
1786116416.432953 3411806 183306 157958 99 0 289850 0 513179
1786116417.428689 3428976 209013 184099 99 0 289850 0 515179
1786116418.426672 3428976 245680 220766 99 0 289850 0 529639
1786116419.428042 3428976 280642 254943 99 0 289850 0 503401
1786116420.429758 3428976 316786 291087 99 0 289850 0 514526
1786116421.429058 3428976 350530 324831 99 0 289850 0 526566
1786116422.425855 3461725 406667 381286 99 0 289850 0 516267
1786116423.420441 3322884 66710 42964 99 0 289850 0 396189
1786116424.420553 3322884 103522 79284 99 0 289850 0 404024
1786116425.423777 3315089 56145 29764 99 0 289850 0 412954
1786116426.422617 3367573 103298 58884 99 0 342330 0 443829
1786116427.422786 3370133 94861 58916 99 0 344890 0 444698
1786116428.424448 3377674 144211 113513 99 0 344890 0 443830
1786116429.427527 3425744 198529 161327 99 0 344890 0 449746
1786116430.420945 3370133 156319 123396 99 0 344890 0 408817
1786116431.421155 3370133 156208 123396 99 0 344890 0 414853
1786116432.418189 3275637 90626 55412 99 0 344890 0 351259
1786116433.431441 3335088 143814 103294 99 0 348730 0 353988
1786116434.419089 3279477 109029 76068 99 0 348730 0 315286
1786116435.417920 3282677 152754 107524 99 0 351930 0 349339
1786116436.418338 3282677 148789 107524 99 0 351930 0 355359
1786116437.423300 3303274 168307 130921 99 0 351930 0 316003
1786116438.411443 3188203 56839 23066 99 0 351930 0 210856
1786116439.413436 3188203 104781 62010 99 0 351930 0 254869
1786116440.413380 3188203 99030 62010 99 0 351930 0 260859
1786116441.413404 3188203 133518 101066 99 0 351930 0 252871
1786116442.419411 3243814 186564 145941 99 0 351930 0 258820
1786116443.411803 3188203 155082 122026 99 0 351930 0 217449
1786116444.418161 3208319 178942 142179 99 0 351930 0 224147
1786116445.408126 3094127 78890 44814 99 0 351930 0 143655
1786116446.421352 3150378 118979 78833 99 0 352570 0 162394
1786116447.406398 3094767 96639 63798 99 0 352570 0 105627
1786116448.404118 3056542 61012 27844 99 0 356666 0 62869
1786116449.404248 3056542 90100 56932 99 0 356666 0 62869
1786116450.404367 3056542 104948 71780 99 0 356666 0 62869
1786116451.405116 3060639 104843 71780 99 0 360762 0 62869
1786116452.404212 3060639 104843 71780 99 0 360762 0 62869
1786116453.404279 3060639 104843 71780 99 0 360762 0 62869
1786116454.404283 3064736 104850 71780 99 0 364858 0 62869
1786116455.404332 3064736 104850 71780 99 0 364858 0 62869
1786116456.404288 3064736 104850 71780 99 0 364858 0 62869
1786116457.404209 3068833 104856 71780 99 0 368954 0 62869
1786116458.404161 3068833 104856 71780 99 0 368954 0 62869
1786116459.404280 3068833 104856 71780 99 0 368954 0 62869
1786116460.404158 3068833 104856 71780 99 0 368954 0 62869
1786116461.404168 3068833 104856 71780 99 0 368954 0 62869
1786116462.404283 3068833 104856 71780 99 0 368954 0 62869
1786116463.404201 3068833 104856 71780 99 0 368954 0 62869
1786116464.404323 3068833 104856 71780 99 0 368954 0 62869
1786116465.404194 3068833 104856 71780 99 0 368954 0 62869
1786116466.404228 3068833 104856 71780 99 0 368954 0 62869
1786116467.404273 3068833 104856 71780 99 0 368954 0 62869
1786116468.404327 3068833 104856 71780 99 0 368954 0 62869
1786116469.404285 3068833 104856 71780 99 0 368954 0 62869
1786116470.404263 3068833 104856 71780 99 0 368954 0 62869
1786116471.404283 3068833 104856 71780 99 0 368954 0 62869
1786116472.404306 3068833 104856 71780 99 0 368954 0 62869
1786116473.404297 3068833 104856 71780 99 0 368954 0 62869
1786116474.404244 3068833 104856 71780 99 0 368954 0 62869
1786116475.404292 3068833 104856 71780 99 0 368954 0 62869
1786116476.404277 3068833 104856 71780 99 0 368954 0 62869
1786116477.404257 3068833 104856 71780 99 0 368954 0 62869
1786116478.404289 3068833 104856 71780 99 0 368954 0 62869
1786116479.404286 3068833 104856 71780 99 0 368954 0 62869
1786116480.404289 3068833 104856 71780 99 0 368954 0 62869
1786116481.404316 3068833 104856 71780 99 0 368954 0 62869
1786116482.404288 3068833 104856 71780 99 0 368954 0 62869
1786116483.404209 3068833 104856 71780 99 0 368954 0 62869
1786116484.404276 3068833 104856 71780 99 0 368954 0 62869
1786116485.404344 3068833 104856 71780 99 0 368954 0 62869
1786116486.404210 3068833 104849 71780 99 0 368954 0 62869
