# start_epoch=1786137759.988601  page_size=4096  cachestat=ok  fields=size,resident,shared,text,lib,data,dt,pagecache
1786137760.988863 262500 28502 8515 99 0 248506 0 1
1786137761.988800 262500 28502 8515 99 0 248506 0 1
1786137762.997050 3028535 134934 112355 99 0 277562 0 131053
1786137763.999581 3062601 146806 122039 99 0 280634 0 171246
1786137765.000778 3097261 145878 121835 99 0 280634 0 188625
1786137766.001238 3151149 180078 156035 99 0 280634 0 260938
1786137767.005092 3149257 151002 126927 99 0 280634 0 261592
1786137768.004524 3220563 198038 173929 99 0 280634 0 317332
1786137769.009366 3201286 155813 131974 99 0 280634 0 333915
1786137770.009438 3255189 180444 156990 99 0 280634 0 340735
1786137771.013087 3255097 158416 133682 99 0 282426 0 393615
1786137772.012351 3289817 145222 122202 99 0 282426 0 382174
1786137773.014756 3343796 179748 156432 99 0 282426 0 456128
1786137774.016859 3341894 151632 126479 99 0 282426 0 451202
1786137775.014555 3413219 199411 174257 99 0 282426 0 516452
1786137776.021374 3393932 157272 133347 99 0 282426 0 530028
1786137777.020924 3428559 145946 121996 99 0 282426 0 521438
1786137778.021410 3482540 180246 156736 99 0 282426 0 591677
1786137779.025124 3482485 151250 126329 99 0 284218 0 589743
1786137780.022191 3553723 199252 174295 99 0 284218 0 640591
1786137781.029993 3534449 155251 129950 99 0 284218 0 656682
1786137782.025825 3628862 219173 193872 99 0 284218 0 670291
1786137783.032358 3586468 159479 134174 99 0 284218 0 708897
1786137784.034569 3621149 148328 124303 99 0 284218 0 721112
1786137785.027932 3675070 179853 156946 99 0 284218 0 791652
1786137786.038498 3673171 154523 129806 99 0 284218 0 793802
1786137787.033023 3727077 182170 157453 99 0 284218 0 773120
1786137788.031730 3761674 181413 156696 99 0 284218 0 870793
1786137789.042712 3759824 150672 127072 99 0 284218 0 871739
1786137790.033768 3831093 199599 174884 99 0 284218 0 933158
1786137791.044961 3811803 157946 134230 99 0 284218 0 912551
1786137792.046703 3846509 146765 123005 99 0 284218 0 941747
1786137793.041103 3900453 181000 157175 99 0 284218 0 1012289
1786137794.051484 3898526 151147 127377 99 0 284218 0 1011814
1786137795.041339 3952478 180951 157391 99 0 284218 0 1055118
1786137796.055923 3950586 156522 132101 99 0 284218 0 1081030
1786137797.056082 3985251 146570 122149 99 0 284218 0 1076276
1786137798.045056 4039157 181618 157196 99 0 284218 0 1149157
1786137799.060780 4037265 150936 127662 99 0 284218 0 1150616
1786137800.048493 4108494 199034 174583 99 0 284218 0 1210252
1786137801.064953 4089248 157620 133151 99 0 284218 0 1224891
1786137802.064906 4123968 148474 124013 99 0 284218 0 1223121
1786137803.052770 4177952 182096 157609 99 0 284218 0 1296497
1786137804.070103 4176114 153733 129217 99 0 284218 0 1297205
1786137805.050142 4252550 198409 173943 99 0 288314 0 1267209
1786137806.057826 4173407 86067 61596 99 0 288314 0 1273233
1786137807.049691 4149634 60402 35416 99 0 291386 0 1268187
1786137808.046828 4149634 85196 60210 99 0 291386 0 1221018
1786137809.047935 4149634 124582 99770 99 0 291386 0 1245922
1786137810.050623 4149634 157713 134577 99 0 291386 0 1274038
1786137811.047069 4149634 185559 160755 99 0 291386 0 1227698
1786137812.048867 4149634 225814 201738 99 0 291386 0 1249697
1786137813.048403 4149634 259302 233751 99 0 291386 0 1250550
1786137814.047370 4149634 287805 262252 99 0 291386 0 1230889
1786137815.048358 4149634 330544 302943 99 0 291386 0 1252448
1786137816.049039 4174459 360940 335385 99 0 291386 0 1258492
1786137817.048089 4149634 387039 363097 99 0 291386 0 1233274
1786137818.048447 4149634 430807 403701 99 0 291386 0 1250558
1786137819.064905 4513890 399754 374694 99 0 291386 0 1585272
1786137820.049529 4149629 60281 35221 99 0 291386 0 1221267
1786137821.047491 4149629 98730 74000 99 0 291386 0 1239972
1786137822.049224 4149629 134493 109585 99 0 291386 0 1261868
1786137823.047284 4149629 159286 134374 99 0 291386 0 1221019
1786137824.048307 4149629 198889 174106 99 0 291386 0 1241295
1786137825.049110 4149629 233606 208745 99 0 291386 0 1264976
1786137826.046812 4149629 259234 234307 99 0 291386 0 1222051
1786137827.047962 4149629 299836 274835 99 0 291386 0 1243422
1786137828.049198 4149629 332935 307934 99 0 291386 0 1265484
1786137829.046865 4149629 358975 333974 99 0 291386 0 1222714
1786137830.048104 4149629 399810 374808 99 0 291386 0 1244489
1786137831.049801 4149629 432134 407132 99 0 291386 0 1271133
1786137832.049410 4236284 114465 89463 99 0 291386 0 1272997
1786137833.047481 4149621 72294 47290 99 0 291386 0 1239222
1786137834.048879 4149621 109675 84671 99 0 291386 0 1260929
1786137835.046261 4207712 190416 165412 99 0 291386 0 1221287
1786137836.047706 4149621 171682 146867 99 0 291386 0 1239739
1786137837.048700 4149621 208726 183845 99 0 291386 0 1261283
1786137838.046559 4149621 233533 208652 99 0 291386 0 1221040
1786137839.047265 4149621 273144 248263 99 0 291386 0 1242746
1786137840.048924 4149621 307903 283022 99 0 291386 0 1268634
1786137841.046587 4149621 332448 309417 99 0 291386 0 1224780
1786137842.048441 4149621 374593 349751 99 0 291386 0 1245933
1786137843.048078 4149615 55760 28846 99 0 291386 0 1249338
1786137844.051965 4221921 79835 49063 99 0 334394 0 1256215
1786137845.048357 4192628 92330 59890 99 0 334394 0 1250340
1786137846.046609 4192628 87443 59890 99 0 334394 0 1221047
1786137847.083263 4221921 128882 95091 99 0 334394 0 1252939
1786137848.048340 4192628 134865 103653 99 0 334394 0 1249742
1786137849.052060 4221921 148730 115310 99 0 334394 0 1256221
1786137850.048314 4192628 168233 134292 99 0 334394 0 1250344
1786137851.064349 4195700 162767 134292 99 0 337466 0 1221051
1786137852.068158 4224993 201370 168528 99 0 337466 0 1252593
1786137853.047998 4195700 205473 177037 99 0 337466 0 1248283
1786137854.060631 4224993 244925 212625 99 0 337466 0 1256219
1786137855.048039 4195700 241547 208707 99 0 337466 0 1250348
1786137856.046522 4230515 270268 242574 99 0 337466 0 1221375
1786137857.082597 4224993 275453 242934 99 0 337466 0 1252697
1786137858.051031 4195700 279532 251418 99 0 337466 0 1248032
1786137859.069432 4224993 319104 286622 99 0 337466 0 1256221
1786137860.048713 4195700 314639 283115 99 0 337466 0 1250352
1786137861.046176 4234487 342686 314580 99 0 337466 0 1221059
1786137862.121279 4224993 349320 316841 99 0 337466 0 1252993
1786137863.048262 4195700 353524 325448 99 0 337466 0 1247742
1786137864.065800 4224993 393374 360940 99 0 337466 0 1256225
1786137865.048078 4195700 389042 357508 99 0 337466 0 1250356
1786137866.046695 4234487 417671 389389 99 0 337466 0 1221063
1786137867.123254 4224993 423876 391245 99 0 337466 0 1253127
1786137868.048279 4195700 426626 400057 99 0 337466 0 1248002
1786137869.058314 4224993 468009 435597 99 0 337466 0 1256228
1786137870.053856 4195700 458128 426135 99 0 337466 0 1243544
1786137871.038537 4070585 237039 209797 99 0 337466 0 1046304
1786137872.061195 3911663 82095 44012 99 0 342074 0 933406
1786137873.032956 3882370 86986 52618 99 0 342074 0 921215
1786137874.100851 3914735 127902 88622 99 0 345146 0 937822
1786137875.033162 3885442 126870 91365 99 0 345146 0 932429
1786137876.036349 3885442 131225 91365 99 0 345146 0 938409
1786137877.084819 3914735 156202 117677 99 0 345146 0 933570
1786137878.032639 3885442 161662 126422 99 0 345146 0 920374
1786137879.076328 3914735 201865 162026 99 0 345146 0 937397
1786137880.036359 3885442 201993 165772 99 0 345146 0 932433
1786137881.035334 3885442 205378 165772 99 0 345146 0 938403
1786137882.093637 3885442 232724 190571 99 0 345146 0 932434
1786137883.035629 3885442 232791 199318 99 0 345146 0 918220
1786137884.049063 3914735 273300 234682 99 0 345146 0 936707
1786137885.032835 3885442 274445 240170 99 0 345146 0 932437
1786137886.033091 3885442 279786 240170 99 0 345146 0 938395
1786137887.040774 3885442 307913 264967 99 0 345146 0 932438
1786137888.031859 3885442 306682 273186 99 0 345146 0 917566
1786137889.047069 3914735 347925 308838 99 0 345146 0 936639
1786137890.036181 3885442 347835 314566 99 0 345146 0 932441
1786137891.033246 3885442 352823 314566 99 0 345146 0 938399
1786137892.040194 3885442 381862 339363 99 0 345146 0 932442
1786137893.035251 3885442 382234 347673 99 0 345146 0 917642
1786137894.053612 3914735 422078 383245 99 0 345146 0 936733
1786137895.033073 3885442 423484 388968 99 0 345146 0 932445
1786137896.033002 3885442 427745 388968 99 0 345146 0 938401
1786137897.038736 3885442 457677 413776 99 0 345146 0 932446
1786137898.032216 3885442 457591 421655 99 0 345146 0 917208
1786137899.072726 3907717 491534 452945 99 0 345146 0 931492
1786137900.018613 3567680 81220 44911 99 0 345146 0 614215
1786137901.018730 3567680 83391 48431 99 0 345146 0 620565
1786137902.018570 3567680 110043 73237 99 0 345146 0 614690
1786137903.016896 3567680 105566 74580 99 0 345146 0 587228
1786137904.062422 3596973 145306 110682 99 0 345146 0 617109
1786137905.022904 3567680 149138 119381 99 0 345146 0 614314
1786137906.019059 3567680 154410 122837 99 0 345146 0 620565
1786137907.018106 3567680 179742 147631 99 0 345146 0 614694
1786137908.016967 3567680 177631 148482 99 0 345146 0 586572
1786137909.043645 3596973 216080 184328 99 0 345146 0 616993
1786137910.020919 3567680 222079 192894 99 0 345146 0 613110
1786137911.021289 3567680 229631 197230 99 0 345146 0 620565
1786137912.018041 3567680 253494 222037 99 0 345146 0 614698
1786137913.016805 3567680 250290 222245 99 0 345146 0 585698
1786137914.034611 3596973 290644 258235 99 0 345146 0 616899
1786137915.017909 3567680 295653 267282 99 0 345146 0 613113
1786137916.018689 3567680 302577 271634 99 0 345146 0 620572
1786137917.018425 3567680 328902 296438 99 0 345146 0 614702
1786137918.016974 3567680 325988 297971 99 0 345146 0 587498
1786137919.029978 3596973 365754 334377 99 0 345146 0 617229
1786137920.018398 3567680 372481 343657 99 0 345146 0 615791
1786137921.018625 3567680 377370 346041 99 0 345146 0 620590
1786137922.018677 3567680 403359 370829 99 0 345146 0 614706
1786137923.019866 3567680 401735 373981 99 0 345146 0 589662
1786137924.067140 3596973 441897 409749 99 0 345146 0 617435
1786137925.017495 3567680 443640 411663 99 0 345146 0 604342
1786137926.018118 3593891 377203 351942 99 0 345146 0 611628
1786137927.003405 3275891 95462 70453 99 0 349242 0 289532
1786137928.002959 3275891 150834 125825 99 0 349242 0 289532
1786137929.003155 3275891 204547 179538 99 0 349242 0 289532
1786137930.002990 3275891 259724 234715 99 0 349242 0 289532
1786137931.003131 3275891 313282 288273 99 0 349242 0 289532
1786137932.002945 3279988 323237 298279 99 0 353338 0 289532
1786137933.002985 3279988 323237 298279 99 0 353338 0 289532
1786137934.003025 3279988 323237 298279 99 0 353338 0 289532
1786137935.002986 3279988 323237 298279 99 0 353338 0 289532
1786137936.003116 3284085 323244 298279 99 0 357434 0 289532
1786137937.002970 3284085 323244 298279 99 0 357434 0 289532
1786137938.002981 3284085 323244 298279 99 0 357434 0 289532
1786137939.002987 3284085 323244 298279 99 0 357434 0 289532
1786137940.002911 3284085 323244 298279 99 0 357434 0 289532
1786137941.002977 3288182 323249 298279 99 0 361530 0 289532
1786137942.002936 3288182 323332 298279 99 0 361530 0 289532
1786137943.002979 3288182 323332 298279 99 0 361530 0 289532
1786137944.002925 3288182 323332 298279 99 0 361530 0 289532
1786137945.002989 3288182 323332 298279 99 0 361530 0 289532
1786137946.002985 3288182 323332 298279 99 0 361530 0 289532
1786137947.003018 3288182 323332 298279 99 0 361530 0 289532
1786137948.002988 3288182 323332 298279 99 0 361530 0 289532
1786137949.003030 3288182 323332 298279 99 0 361530 0 289532
1786137950.002997 3288182 323332 298279 99 0 361530 0 289532
1786137951.002969 3288182 323332 298279 99 0 361530 0 289532
1786137952.002928 3288182 323332 298279 99 0 361530 0 289532
1786137953.004930 3288182 323377 298279 99 0 361530 0 289532
1786137954.002993 3288182 323377 298279 99 0 361530 0 289532
1786137955.002960 3288182 323377 298279 99 0 361530 0 289532
1786137956.002977 3288182 323377 298279 99 0 361530 0 289532
1786137957.003029 3288182 323377 298279 99 0 361530 0 289532
1786137958.003043 3288182 323377 298279 99 0 361530 0 289532
1786137959.003030 3288182 323377 298279 99 0 361530 0 289532
1786137960.003174 3288182 323377 298279 99 0 361530 0 289532
1786137961.002991 3288182 323377 298279 99 0 361530 0 289532
1786137962.002991 3288182 323377 298279 99 0 361530 0 289532
1786137963.003005 3288182 323681 298279 99 0 361530 0 289532
1786137964.002957 3288182 323681 298279 99 0 361530 0 289532
1786137965.002996 3288182 323681 298279 99 0 361530 0 289532
1786137966.002980 3288182 323681 298279 99 0 361530 0 289532
1786137967.003018 3288182 323681 298279 99 0 361530 0 289532
1786137968.002963 3288182 323681 298279 99 0 361530 0 289532
1786137969.002926 3288182 323681 298279 99 0 361530 0 289532
1786137970.003024 3288182 323681 298279 99 0 361530 0 289532
1786137971.003004 3288182 323681 298279 99 0 361530 0 289532
1786137972.002979 3288182 323681 298279 99 0 361530 0 289532
1786137973.002955 3288182 323696 298279 99 0 361530 0 289532
1786137974.002930 3288182 323696 298279 99 0 361530 0 289532
1786137975.002963 3288182 323696 298279 99 0 361530 0 289532
1786137976.002995 3288182 323696 298279 99 0 361530 0 289532
1786137977.003176 3288182 323696 298279 99 0 361530 0 289532
1786137978.002959 3288182 323696 298279 99 0 361530 0 289532
1786137979.003033 3288182 323696 298279 99 0 361530 0 289532
1786137980.002969 3288182 323696 298279 99 0 361530 0 289532
1786137981.003048 3288182 323696 298279 99 0 361530 0 289532
1786137982.003021 3288182 323696 298279 99 0 361530 0 289532
1786137983.003146 3288182 323953 298279 99 0 361530 0 289532
1786137984.002949 3288182 323953 298279 99 0 361530 0 289532
1786137985.002996 3288182 323953 298279 99 0 361530 0 289532
1786137986.002956 3288182 323953 298279 99 0 361530 0 289532
1786137987.003272 3288182 323953 298279 99 0 361530 0 289532
1786137988.002945 3288182 323953 298279 99 0 361530 0 289532
1786137989.002980 3288182 323953 298279 99 0 361530 0 289532
1786137990.003149 3288182 323953 298279 99 0 361530 0 289532
1786137991.003004 3288182 323953 298279 99 0 361530 0 289532
1786137992.002981 3288182 323953 298279 99 0 361530 0 289532
1786137993.002934 3288182 323953 298279 99 0 361530 0 289532
1786137994.002930 3288182 323953 298279 99 0 361530 0 289532
1786137995.002970 3288182 323953 298279 99 0 361530 0 289532
1786137996.002958 3288182 323953 298279 99 0 361530 0 289532
1786137997.002946 3288182 323953 298279 99 0 361530 0 289532
1786137998.003089 3288182 323953 298279 99 0 361530 0 289532
1786137999.002982 3288182 323953 298279 99 0 361530 0 289532
1786138000.002985 3288182 323953 298279 99 0 361530 0 289532
1786138001.003031 3288182 323953 298279 99 0 361530 0 289532
1786138002.002988 3288182 323953 298279 99 0 361530 0 289532
1786138003.002986 3288182 323953 298279 99 0 361530 0 289532
1786138004.002999 3288182 324210 298279 99 0 361530 0 289532
1786138005.002914 3288182 324210 298279 99 0 361530 0 289532
1786138006.002997 3288182 324210 298279 99 0 361530 0 289532
1786138007.002955 3288182 324210 298279 99 0 361530 0 289532
1786138008.002981 3288182 324210 298279 99 0 361530 0 289532
1786138009.002977 3288182 324210 298279 99 0 361530 0 289532
1786138010.002984 3288182 324210 298279 99 0 361530 0 289532
1786138011.002986 3288182 324210 298279 99 0 361530 0 289532
1786138012.002966 3288182 324210 298279 99 0 361530 0 289532
1786138013.002988 3288182 324210 298279 99 0 361530 0 289532
1786138014.003001 3288182 324597 298279 99 0 361530 0 289532
1786138015.003006 3288182 324597 298279 99 0 361530 0 289532
1786138016.002983 3288182 324580 298279 99 0 361530 0 289532
