# start_epoch=1789323017.005086  page_size=4096  cachestat=ok  fields=size,resident,shared,text,lib,data,dt,pagecache
1789323018.010324 460406 45085 3360 2138 0 455756 0 106128
1789323019.010760 468342 42620 3360 2138 0 463692 0 115122
1789323020.017733 469238 42631 3360 2138 0 464588 0 178049
1789323021.018604 469238 46084 3360 2138 0 464588 0 208491
1789323022.020228 469238 45116 3413 2138 0 464588 0 227019
1789323023.026120 469238 48715 3413 2138 0 464588 0 265753
1789323024.020011 470262 50297 3413 2138 0 465612 0 296451
1789323025.018467 470262 45904 3413 2138 0 465612 0 275991
1789323026.022068 470262 46991 3413 2138 0 465612 0 338978
1789323027.023594 471542 48263 3413 2138 0 466892 0 369931
1789323028.023614 471542 48842 3413 2138 0 466892 0 393330
1789323029.026418 471542 51259 3413 2138 0 466892 0 423447
1789323030.027952 471542 52004 3413 2138 0 466892 0 454269
1789323031.029275 471542 51659 3413 2138 0 466892 0 484329
1789323032.029059 473078 51733 3413 2138 0 468428 0 490917
1789323033.032031 473078 50493 3413 2138 0 468428 0 539102
1789323034.034335 473078 49071 3413 2138 0 468428 0 584399
1789323035.034317 473078 52410 3413 2138 0 468428 0 583758
1789323036.036408 474870 53679 3413 2138 0 470220 0 627946
1789323037.038101 474870 53323 3413 2138 0 470220 0 658900
1789323038.033304 474870 53766 3413 2138 0 470220 0 651988
1789323039.040204 474870 54268 3413 2138 0 470220 0 713438
1789323040.042414 474870 55047 3413 2138 0 470220 0 759175
1789323041.042939 474870 54695 3413 2138 0 470220 0 758329
1789323042.045088 476918 55207 3413 2138 0 472268 0 803029
1789323043.046799 476918 55404 3413 2138 0 472268 0 834751
1789323044.046458 476918 54616 3413 2138 0 472268 0 840061
1789323045.049385 476918 55855 3413 2138 0 472268 0 889806
1789323046.043441 481015 39818 3413 2138 0 476364 0 887346
1789323047.038302 481015 40362 3413 2138 0 476364 0 864399
1789323048.038414 483575 40936 3413 2138 0 478924 0 864399
1789323049.038530 483575 40936 3413 2138 0 478924 0 864400
1789323050.038412 483575 40936 3413 2138 0 478924 0 864401
1789323051.038454 483575 41257 3413 2138 0 478924 0 864402
1789323052.038475 483575 40862 3413 2138 0 478924 0 864403
1789323053.038589 483575 41136 3413 2138 0 478924 0 864403
1789323054.038247 483575 42515 3413 2138 0 478924 0 864391
1789323055.038455 483575 42515 3413 2138 0 478924 0 864392
1789323056.038202 483575 42412 3413 2138 0 478924 0 864393
1789323057.038550 483575 41857 3413 2138 0 478924 0 864394
1789323058.038330 483575 41857 3413 2138 0 478924 0 864394
1789323059.038294 483575 41786 3413 2138 0 478924 0 864395
1789323060.038406 483575 41507 3413 2138 0 478924 0 864396
1789323061.038253 483575 42365 3413 2138 0 478924 0 864385
1789323062.038147 483575 42365 3413 2138 0 478924 0 864386
1789323063.038118 483575 41843 3413 2138 0 478924 0 864386
1789323064.038224 483575 43144 3413 2138 0 478924 0 864387
1789323065.038141 483575 43144 3413 2138 0 478924 0 864388
1789323066.038095 483575 43144 3413 2138 0 478924 0 864389
1789323067.038299 483575 43144 3413 2138 0 478924 0 864389
1789323068.038013 483575 43234 3413 2138 0 478924 0 864382
1789323069.037989 483575 43234 3413 2138 0 478924 0 864383
1789323070.038008 483575 43234 3413 2138 0 478924 0 864383
1789323071.038068 483575 42843 3413 2138 0 478924 0 864384
1789323072.038243 483575 42843 3413 2138 0 478924 0 864385
1789323073.038285 483575 42843 3413 2138 0 478924 0 864386
1789323074.038092 483575 43363 3413 2138 0 478924 0 864387
1789323075.037803 483575 44071 3413 2138 0 478924 0 861116
1789323076.039119 535295 114687 3452 2138 0 530636 0 846350
1789323077.037570 662783 220871 3452 2138 0 658124 0 846350
1789323078.037229 758015 328906 3452 2138 0 753356 0 846350
1789323079.037243 884479 436217 3452 2138 0 879820 0 846350
1789323080.037231 970495 541271 3452 2138 0 965836 0 846350
1789323081.037212 1068799 647171 3452 2138 0 1064140 0 846350
1789323082.037514 1188607 753387 3452 2138 0 1183948 0 846350
1789323083.037208 1325823 858378 3452 2138 0 1321164 0 846350
1789323084.037507 1489663 964837 3452 2138 0 1485004 0 846350
1789323085.037205 1496831 1071499 3452 2138 0 1492172 0 846350
1789323086.037280 1695999 1177425 3452 2138 0 1691340 0 846350
1789323087.043501 1695999 1283686 3452 2138 0 1691340 0 846350
1789323088.037174 1933567 1388221 3452 2138 0 1928908 0 846350
1789323089.037300 1933567 1491133 3452 2138 0 1928908 0 846350
1789323090.037316 2205951 1590526 3613 2138 0 2201292 0 846350
1789323091.037352 2205951 1680236 3613 2138 0 2201292 0 846350
1789323092.037273 2210048 1701688 3613 2138 0 2205388 0 846350
1789323093.037168 2210048 1701688 3613 2138 0 2205388 0 846350
1789323094.037431 2210048 1701688 3613 2138 0 2205388 0 846350
1789323095.037273 2210048 1701688 3613 2138 0 2205388 0 846350
1789323096.037389 2210048 1701688 3613 2138 0 2205388 0 846350
1789323097.037203 2210048 1701688 3613 2138 0 2205388 0 846350
1789323098.037125 2210048 1701688 3613 2138 0 2205388 0 846350
1789323099.037464 2210048 1701688 3613 2138 0 2205388 0 846350
1789323100.037296 2210048 1701688 3613 2138 0 2205388 0 846350
1789323101.037460 2214145 1701693 3613 2138 0 2209484 0 846350
1789323102.037167 2214145 1701693 3613 2138 0 2209484 0 846350
1789323103.037548 2214145 1701693 3613 2138 0 2209484 0 846350
1789323104.037199 2214145 1701693 3613 2138 0 2209484 0 846350
1789323105.037476 2214145 1701693 3613 2138 0 2209484 0 846350
1789323106.037210 2214145 1701693 3613 2138 0 2209484 0 846350
1789323107.037240 2214145 1701693 3613 2138 0 2209484 0 846350
1789323108.037240 2214145 1701693 3613 2138 0 2209484 0 846350
1789323109.037477 2214145 1701693 3613 2138 0 2209484 0 846350
1789323110.037220 2214145 1701693 3613 2138 0 2209484 0 846350
1789323111.037261 2218235 1701686 3606 2138 0 2213580 0 846350
1789323112.037255 2218235 1701686 3606 2138 0 2213580 0 846350
1789323113.037397 2218235 1701686 3606 2138 0 2213580 0 846350
1789323114.037213 2218235 1701686 3606 2138 0 2213580 0 846350
1789323115.037197 2218235 1701686 3606 2138 0 2213580 0 846350
1789323116.037248 2218235 1701686 3606 2138 0 2213580 0 846350
1789323117.037628 2218235 1701686 3606 2138 0 2213580 0 846350
1789323118.037333 2218235 1701686 3606 2138 0 2213580 0 846350
1789323119.037236 2218235 1701686 3606 2138 0 2213580 0 846350
1789323120.037493 2218235 1701686 3606 2138 0 2213580 0 846350
1789323121.037265 2218235 1701686 3606 2138 0 2213580 0 846350
1789323122.037208 2218235 1701686 3606 2138 0 2213580 0 846350
1789323123.037265 2218235 1701686 3606 2138 0 2213580 0 846350
1789323124.037290 2218235 1701686 3606 2138 0 2213580 0 846350
1789323125.037249 2218235 1701691 3606 2138 0 2213580 0 846350
1789323126.037283 2218235 1701691 3606 2138 0 2213580 0 846350
1789323127.037176 2218235 1701691 3606 2138 0 2213580 0 846350
1789323128.037244 2218235 1701691 3606 2138 0 2213580 0 846350
1789323129.037305 2218235 1701691 3606 2138 0 2213580 0 846350
1789323130.037272 2218235 1701691 3606 2138 0 2213580 0 846350
1789323131.037262 2218235 1701691 3606 2138 0 2213580 0 846350
1789323132.037546 2218235 1701691 3606 2138 0 2213580 0 846350
1789323133.037246 2218235 1701691 3606 2138 0 2213580 0 846350
1789323134.037199 2218235 1701691 3606 2138 0 2213580 0 846350
1789323135.037174 2218235 1701694 3606 2138 0 2213580 0 846350
1789323136.037215 2218235 1701694 3606 2138 0 2213580 0 846350
1789323137.037575 2218235 1701694 3606 2138 0 2213580 0 846350
1789323138.037205 2218235 1701694 3606 2138 0 2213580 0 846350
1789323139.037206 2218235 1701694 3606 2138 0 2213580 0 846350
1789323140.037292 2218235 1701694 3606 2138 0 2213580 0 846350
1789323141.037372 2218235 1701694 3606 2138 0 2213580 0 846350
1789323142.037169 2218235 1701694 3606 2138 0 2213580 0 846350
1789323143.037392 2218235 1701694 3606 2138 0 2213580 0 846350
1789323144.037213 2218235 1701694 3606 2138 0 2213580 0 846350
1789323145.037385 2218235 1701694 3606 2138 0 2213580 0 846350
1789323146.037264 2218235 1701975 3606 2138 0 2213580 0 846350
1789323147.037239 2218235 1701975 3606 2138 0 2213580 0 846350
1789323148.037192 2218235 1701975 3606 2138 0 2213580 0 846350
1789323149.037139 2218235 1701975 3606 2138 0 2213580 0 846350
1789323150.037185 2218235 1701975 3606 2138 0 2213580 0 846350
1789323151.037239 2218235 1701975 3606 2138 0 2213580 0 846350
1789323152.037291 2218235 1701975 3606 2138 0 2213580 0 846350
1789323153.037230 2218235 1701975 3606 2138 0 2213580 0 846350
1789323154.037400 2218235 1701975 3606 2138 0 2213580 0 846350
1789323155.040112 2218235 1701975 3606 2138 0 2213580 0 846350
1789323156.037401 2218235 1702244 3606 2138 0 2213580 0 846350
1789323157.037158 2218235 1702244 3606 2138 0 2213580 0 846350
1789323158.037226 2218235 1702244 3606 2138 0 2213580 0 846350
1789323159.037211 2218235 1702244 3606 2138 0 2213580 0 846350
1789323160.037213 2218235 1702244 3606 2138 0 2213580 0 846350
1789323161.037186 2218235 1702244 3606 2138 0 2213580 0 846350
1789323162.037181 2218235 1702244 3606 2138 0 2213580 0 846350
1789323163.037252 2218235 1702244 3606 2138 0 2213580 0 846350
1789323164.037207 2218235 1702244 3606 2138 0 2213580 0 846350
1789323165.037226 2218235 1702244 3606 2138 0 2213580 0 846350
1789323166.037243 2218235 1702244 3606 2138 0 2213580 0 846350
1789323167.037420 2218235 1702244 3606 2138 0 2213580 0 846350
1789323168.037213 2218235 1702244 3606 2138 0 2213580 0 846350
1789323169.037245 2218235 1702244 3606 2138 0 2213580 0 846350
1789323170.037195 2218235 1702244 3606 2138 0 2213580 0 846350
1789323171.037150 2218235 1702244 3606 2138 0 2213580 0 846350
1789323172.037144 2218235 1702244 3606 2138 0 2213580 0 846350
1789323173.037225 2218235 1702244 3606 2138 0 2213580 0 846350
1789323174.037374 2218235 1702244 3606 2138 0 2213580 0 846350
1789323175.037216 2218235 1702244 3606 2138 0 2213580 0 846350
1789323176.037202 2218235 1702740 3606 2138 0 2213580 0 846350
1789323177.037847 2218235 1702740 3606 2138 0 2213580 0 846350
1789323178.037240 2218235 1702740 3606 2138 0 2213580 0 846350
1789323179.037188 2218235 1702740 3606 2138 0 2213580 0 846350
1789323180.037153 2218235 1702740 3606 2138 0 2213580 0 846350
1789323181.037333 2218235 1702740 3606 2138 0 2213580 0 846350
1789323182.037159 2218235 1702740 3606 2138 0 2213580 0 846350
1789323183.037436 2218235 1702740 3606 2138 0 2213580 0 846350
1789323184.037187 2218235 1702740 3606 2138 0 2213580 0 846350
1789323185.037331 2218235 1702740 3606 2138 0 2213580 0 846350
1789323186.037178 2218235 1702740 3606 2138 0 2213580 0 846350
1789323187.037312 2218235 1703220 3606 2138 0 2213580 0 846350
1789323188.037149 2218235 1703220 3606 2138 0 2213580 0 846350
1789323189.037163 2218235 1703220 3606 2138 0 2213580 0 846350
1789323190.037193 2218235 1703220 3606 2138 0 2213580 0 846350
1789323191.037158 2218235 1703220 3606 2138 0 2213580 0 846350
1789323192.037134 2218235 1703220 3606 2138 0 2213580 0 846350
1789323193.037256 2218235 1703220 3606 2138 0 2213580 0 846350
1789323194.037134 2218235 1703220 3606 2138 0 2213580 0 846350
1789323195.037133 2218235 1703220 3606 2138 0 2213580 0 846350
1789323196.037159 2218235 1703220 3606 2138 0 2213580 0 846350
1789323197.037163 2218235 1703220 3606 2138 0 2213580 0 846350
1789323198.037182 2218235 1703220 3606 2138 0 2213580 0 846350
1789323199.037200 2218235 1703220 3606 2138 0 2213580 0 846350
1789323200.037189 2218235 1703220 3606 2138 0 2213580 0 846350
1789323201.037235 2218235 1703220 3606 2138 0 2213580 0 846350
1789323202.037176 2218235 1703220 3606 2138 0 2213580 0 846350
1789323203.037269 2218235 1703220 3606 2138 0 2213580 0 846350
1789323204.037226 2218235 1703220 3606 2138 0 2213580 0 846350
1789323205.037243 2218235 1703220 3606 2138 0 2213580 0 846350
1789323206.037454 2218235 1703220 3606 2138 0 2213580 0 846350
1789323207.037145 2218235 1703684 3606 2138 0 2213580 0 846350
1789323208.037191 2218235 1703684 3606 2138 0 2213580 0 846350
1789323209.037353 2218235 1703684 3606 2138 0 2213580 0 846350
1789323210.037153 2218235 1703684 3606 2138 0 2213580 0 846350
1789323211.037197 2218235 1703684 3606 2138 0 2213580 0 846350
1789323212.037198 2218235 1703684 3606 2138 0 2213580 0 846350
1789323213.037390 2218235 1703684 3606 2138 0 2213580 0 846350
1789323214.037198 2218235 1703684 3606 2138 0 2213580 0 846350
1789323215.037236 2218235 1703684 3606 2138 0 2213580 0 846350
1789323216.037233 2218235 1703684 3606 2138 0 2213580 0 846350
1789323217.037392 2218235 1704596 3606 2138 0 2213580 0 846350
1789323218.037198 2218235 1704596 3606 2138 0 2213580 0 846350
1789323219.037216 2218235 1704596 3606 2138 0 2213580 0 846350
1789323220.037202 2218235 1704596 3606 2138 0 2213580 0 846350
1789323221.037227 2218235 1704596 3606 2138 0 2213580 0 846350
1789323222.037182 2218235 1704596 3606 2138 0 2213580 0 846350
1789323223.037190 2218235 1704596 3606 2138 0 2213580 0 846350
1789323224.037219 2218235 1704596 3606 2138 0 2213580 0 846350
1789323225.037150 2218235 1704596 3606 2138 0 2213580 0 846350
1789323226.037166 2218235 1704596 3606 2138 0 2213580 0 846350
1789323227.037168 2218235 1704596 3606 2138 0 2213580 0 846350
1789323228.037429 2218235 1704596 3606 2138 0 2213580 0 846350
1789323229.037215 2218235 1704596 3606 2138 0 2213580 0 846350
1789323230.037182 2218235 1704596 3606 2138 0 2213580 0 846350
1789323231.037370 2218235 1704596 3606 2138 0 2213580 0 846350
1789323232.037261 2218235 1704596 3606 2138 0 2213580 0 846350
1789323233.037193 2218235 1704596 3606 2138 0 2213580 0 846350
1789323234.037169 2218235 1704596 3606 2138 0 2213580 0 846350
1789323235.037212 2218235 1704596 3606 2138 0 2213580 0 846350
1789323236.037394 2218235 1704596 3606 2138 0 2213580 0 846350
1789323237.046163 2218235 1704596 3606 2138 0 2213580 0 846350
1789323238.037431 2218235 1705509 3606 2138 0 2213580 0 846350
1789323239.037227 2218235 1705509 3606 2138 0 2213580 0 846350
1789323240.037165 2218235 1705509 3606 2138 0 2213580 0 846350
1789323241.037186 2218235 1705509 3606 2138 0 2213580 0 846350
1789323242.037221 2218235 1705509 3606 2138 0 2213580 0 846350
1789323243.037377 2218235 1705509 3606 2138 0 2213580 0 846350
1789323244.037183 2218235 1705509 3606 2138 0 2213580 0 846350
1789323245.037439 2218235 1705509 3606 2138 0 2213580 0 846350
1789323246.037398 2218235 1705509 3606 2138 0 2213580 0 846350
1789323247.037396 2218235 1705509 3606 2138 0 2213580 0 846350
1789323248.037150 2218235 1705925 3606 2138 0 2213580 0 846350
1789323249.037623 2218235 1705925 3606 2138 0 2213580 0 846350
1789323250.037143 2218235 1705925 3606 2138 0 2213580 0 846350
1789323251.037195 2218235 1705925 3606 2138 0 2213580 0 846350
1789323252.037165 2218235 1705925 3606 2138 0 2213580 0 846350
1789323253.037197 2218235 1705925 3606 2138 0 2213580 0 846350
1789323254.037168 2218235 1705925 3606 2138 0 2213580 0 846350
1789323255.037176 2218235 1705925 3606 2138 0 2213580 0 846350
1789323256.037260 2218235 1705925 3606 2138 0 2213580 0 846350
1789323257.037376 2218235 1705925 3606 2138 0 2213580 0 846350
1789323258.037482 2218235 1705925 3606 2138 0 2213580 0 846350
1789323259.037482 2218235 1705925 3606 2138 0 2213580 0 846350
1789323260.037257 2218235 1705925 3606 2138 0 2213580 0 846350
1789323261.037250 2218235 1705925 3606 2138 0 2213580 0 846350
1789323262.037246 2218235 1705925 3606 2138 0 2213580 0 846350
1789323263.037227 2218235 1705925 3606 2138 0 2213580 0 846350
1789323264.037296 2218235 1705925 3606 2138 0 2213580 0 846350
1789323265.037398 2218235 1705925 3606 2138 0 2213580 0 846350
1789323266.037161 2218235 1705925 3606 2138 0 2213580 0 846350
1789323267.037236 2218235 1705925 3606 2138 0 2213580 0 846350
1789323268.037212 2218235 1705925 3606 2138 0 2213580 0 846350
1789323269.037167 2218235 1706836 3606 2138 0 2213580 0 846350
1789323270.037174 2218235 1706836 3606 2138 0 2213580 0 846350
1789323271.037139 2218235 1706836 3606 2138 0 2213580 0 846350
1789323272.037321 2218235 1706836 3606 2138 0 2213580 0 846350
1789323273.037180 2218235 1706836 3606 2138 0 2213580 0 846350
1789323274.037179 2218235 1706836 3606 2138 0 2213580 0 846350
1789323275.037241 2218235 1706836 3606 2138 0 2213580 0 846350
1789323276.037209 2218235 1706836 3606 2138 0 2213580 0 846350
1789323277.037184 2218235 1706836 3606 2138 0 2213580 0 846350
1789323278.037182 2218235 1706836 3606 2138 0 2213580 0 846350
1789323279.037209 2218235 1707220 3606 2138 0 2213580 0 846350
1789323280.037174 2218235 1707220 3606 2138 0 2213580 0 846350
1789323281.037074 2218235 1707220 3606 2138 0 2213580 0 846350
1789323282.037417 2218235 1707220 3606 2138 0 2213580 0 846350
1789323283.037156 2218235 1707220 3606 2138 0 2213580 0 846350
1789323284.037190 2218235 1707220 3606 2138 0 2213580 0 846350
1789323285.037135 2218235 1707220 3606 2138 0 2213580 0 846350
1789323286.037196 2218235 1707220 3606 2138 0 2213580 0 846350
1789323287.037380 2218235 1707220 3606 2138 0 2213580 0 846350
1789323288.037209 2218235 1707220 3606 2138 0 2213580 0 846350
1789323289.037404 2218235 1707220 3606 2138 0 2213580 0 846350
1789323290.037202 2218235 1707220 3606 2138 0 2213580 0 846350
1789323291.037238 2218235 1707220 3606 2138 0 2213580 0 846350
1789323292.037270 2218235 1707220 3606 2138 0 2213580 0 846350
1789323293.037193 2218235 1707220 3606 2138 0 2213580 0 846350
1789323294.037257 2218235 1707220 3606 2138 0 2213580 0 846350
1789323295.037366 2218235 1707220 3606 2138 0 2213580 0 846350
1789323296.037193 2218235 1707220 3606 2138 0 2213580 0 846350
1789323297.037209 2218235 1707220 3606 2138 0 2213580 0 846350
1789323298.037236 2218235 1707220 3606 2138 0 2213580 0 846350
1789323299.037178 2218235 1707588 3606 2138 0 2213580 0 846350
1789323300.037188 2218235 1707588 3606 2138 0 2213580 0 846350
1789323301.037677 2218235 1707588 3606 2138 0 2213580 0 846350
1789323302.037164 2218235 1707588 3606 2138 0 2213580 0 846350
1789323303.037399 2218235 1707588 3606 2138 0 2213580 0 846350
1789323304.037190 2218235 1707588 3606 2138 0 2213580 0 846350
1789323305.037224 2218235 1707588 3606 2138 0 2213580 0 846350
1789323306.037184 2218235 1707588 3606 2138 0 2213580 0 846350
1789323307.037389 2218235 1707588 3606 2138 0 2213580 0 846350
1789323308.037254 2218235 1707588 3606 2138 0 2213580 0 846350
1789323309.037250 2218235 1707588 3606 2138 0 2213580 0 846350
1789323310.037153 2218235 1707940 3606 2138 0 2213580 0 846350
1789323311.037156 2218235 1707940 3606 2138 0 2213580 0 846350
1789323312.037146 2218235 1707940 3606 2138 0 2213580 0 846350
1789323313.037167 2218235 1707940 3606 2138 0 2213580 0 846350
1789323314.037144 2218235 1707940 3606 2138 0 2213580 0 846350
1789323315.037203 2218235 1707940 3606 2138 0 2213580 0 846350
1789323316.037192 2218235 1707940 3606 2138 0 2213580 0 846350
1789323317.037203 2218235 1707940 3606 2138 0 2213580 0 846350
1789323318.037151 2218235 1707940 3606 2138 0 2213580 0 846350
1789323319.037197 2218235 1707940 3606 2138 0 2213580 0 846350
1789323320.037166 2218235 1707940 3606 2138 0 2213580 0 846350
1789323321.037150 2218235 1707940 3606 2138 0 2213580 0 846350
1789323322.037167 2218235 1707940 3606 2138 0 2213580 0 846350
1789323323.037227 2218235 1707940 3606 2138 0 2213580 0 846350
1789323324.037231 2218235 1707940 3606 2138 0 2213580 0 846350
1789323325.037360 2218235 1707940 3606 2138 0 2213580 0 846350
1789323326.037158 2218235 1707940 3606 2138 0 2213580 0 846350
1789323327.037170 2218235 1707940 3606 2138 0 2213580 0 846350
1789323328.037158 2218235 1707940 3606 2138 0 2213580 0 846350
1789323329.037329 2218235 1707940 3606 2138 0 2213580 0 846350
1789323330.037159 2218235 1708276 3606 2138 0 2213580 0 846350
1789323331.037183 2218235 1708276 3606 2138 0 2213580 0 846350
1789323332.037190 2218235 1708276 3606 2138 0 2213580 0 846350
1789323333.037234 2218235 1708276 3606 2138 0 2213580 0 846350
1789323334.037251 2218235 1708276 3606 2138 0 2213580 0 846350
1789323335.037202 2218235 1708276 3606 2138 0 2213580 0 846350
1789323336.037423 2218235 1708276 3606 2138 0 2213580 0 846350
1789323337.037204 2218235 1708276 3606 2138 0 2213580 0 846350
1789323338.037224 2218235 1708276 3606 2138 0 2213580 0 846350
1789323339.037253 2218235 1708276 3606 2138 0 2213580 0 846350
1789323340.037163 2218235 1708596 3606 2138 0 2213580 0 846350
1789323341.037177 2218235 1708596 3606 2138 0 2213580 0 846350
1789323342.037145 2218235 1708596 3606 2138 0 2213580 0 846350
1789323343.037197 2218235 1708596 3606 2138 0 2213580 0 846350
1789323344.037231 2218235 1708596 3606 2138 0 2213580 0 846350
1789323345.038639 2218235 1708596 3606 2138 0 2213580 0 846350
1789323346.037147 2218235 1708596 3606 2138 0 2213580 0 846350
1789323347.037144 2218235 1708596 3606 2138 0 2213580 0 846350
1789323348.037140 2218235 1708596 3606 2138 0 2213580 0 846350
1789323349.037160 2218235 1708596 3606 2138 0 2213580 0 846350
1789323350.037436 2218235 1708596 3606 2138 0 2213580 0 846350
1789323351.037206 2218235 1708596 3606 2138 0 2213580 0 846350
1789323352.037191 2218235 1708596 3606 2138 0 2213580 0 846350
1789323353.037416 2218235 1708596 3606 2138 0 2213580 0 846350
1789323354.037176 2218235 1708596 3606 2138 0 2213580 0 846350
1789323355.037190 2218235 1708596 3606 2138 0 2213580 0 846350
1789323356.037195 2218235 1708596 3606 2138 0 2213580 0 846350
1789323357.037151 2218235 1708596 3606 2138 0 2213580 0 846350
1789323358.037170 2218235 1708596 3606 2138 0 2213580 0 846350
1789323359.037149 2218235 1708596 3606 2138 0 2213580 0 846350
1789323360.037254 2218235 1708596 3606 2138 0 2213580 0 846350
1789323361.037172 2218235 1708900 3606 2138 0 2213580 0 846350
1789323362.037185 2218235 1708900 3606 2138 0 2213580 0 846350
1789323363.037151 2218235 1708900 3606 2138 0 2213580 0 846350
1789323364.037288 2218235 1708900 3606 2138 0 2213580 0 846350
1789323365.037179 2218235 1708900 3606 2138 0 2213580 0 846350
1789323366.037162 2218235 1708900 3606 2138 0 2213580 0 846350
1789323367.037192 2218235 1708900 3606 2138 0 2213580 0 846350
1789323368.037175 2218235 1708900 3606 2138 0 2213580 0 846350
1789323369.037174 2218235 1708900 3606 2138 0 2213580 0 846350
1789323370.037163 2218235 1708900 3606 2138 0 2213580 0 846350
1789323371.037352 2218235 1709188 3606 2138 0 2213580 0 846350
1789323372.037177 2218235 1709188 3606 2138 0 2213580 0 846350
1789323373.037123 2218235 1709188 3606 2138 0 2213580 0 846350
1789323374.037136 2218235 1709188 3606 2138 0 2213580 0 846350
1789323375.037184 2218235 1709188 3606 2138 0 2213580 0 846350
1789323376.037154 2218235 1709188 3606 2138 0 2213580 0 846350
1789323377.037185 2218235 1709188 3606 2138 0 2213580 0 846350
1789323378.037163 2218235 1709188 3606 2138 0 2213580 0 846350
1789323379.037145 2218235 1709188 3606 2138 0 2213580 0 846350
1789323380.037185 2218235 1709188 3606 2138 0 2213580 0 846350
1789323381.037176 2218235 1709188 3606 2138 0 2213580 0 846350
1789323382.037151 2218235 1709188 3606 2138 0 2213580 0 846350
