# start_epoch=1789322572.582986  page_size=4096  cachestat=ok  fields=size,resident,shared,text,lib,data,dt,pagecache
1789322573.585362 452840 35781 3249 2138 0 448204 0 47063
1789322574.584881 453615 34048 3320 2138 0 448972 0 43595
1789322575.585329 453615 31928 3320 2138 0 448972 0 55865
1789322576.587368 454262 32325 3375 2138 0 449612 0 86159
1789322577.587148 454262 32389 3429 2138 0 449612 0 79541
1789322578.588355 454262 35724 3429 2138 0 449612 0 115466
1789322579.594254 454262 38037 3429 2138 0 449612 0 133111
1789322580.598795 455030 37227 3429 2138 0 450380 0 161100
1789322581.600065 455030 38814 3429 2138 0 450380 0 172441
1789322582.590539 455030 37985 3429 2138 0 450380 0 164818
1789322583.595217 455030 32843 3429 2138 0 450380 0 199186
1789322584.593431 455030 35467 3429 2138 0 450380 0 211454
1789322585.593971 455926 33415 3429 2138 0 451276 0 223724
1789322586.593851 455926 38848 3429 2138 0 451276 0 223189
1789322587.593169 455926 32811 3429 2138 0 451276 0 216877
1789322588.594438 455926 37721 3429 2138 0 451276 0 242204
1789322589.591910 455926 32557 3429 2138 0 451276 0 231803
1789322590.595367 455926 37837 3429 2138 0 451276 0 273615
1789322591.597356 455926 41332 3429 2138 0 451276 0 304656
1789322592.597470 455926 31062 3429 2138 0 451276 0 316929
1789322593.596891 456950 38089 3429 2138 0 452300 0 308591
1789322594.596703 456950 33166 3429 2138 0 452300 0 310049
1789322595.598683 456950 38059 3429 2138 0 452300 0 348153
1789322596.599130 456950 33435 3429 2138 0 452300 0 360423
1789322597.598920 456950 36502 3429 2138 0 452300 0 352119
1789322598.601239 456950 38321 3429 2138 0 452300 0 389803
1789322599.600529 463094 34711 3429 2138 0 458444 0 385847
1789322600.601667 463094 38221 3429 2138 0 458444 0 413140
1789322601.602176 463094 35179 3429 2138 0 458444 0 425412
1789322602.602555 463990 36714 3429 2138 0 459340 0 437683
1789322603.602185 463990 37282 3429 2138 0 459340 0 428540
1789322604.605523 463990 40532 3429 2138 0 459340 0 460626
1789322605.604842 463990 38769 3429 2138 0 459340 0 486068
1789322606.606246 463990 41024 3429 2138 0 459340 0 507810
1789322607.611805 463990 42417 3429 2138 0 459340 0 521853
1789322608.606460 463990 40259 3429 2138 0 459340 0 516103
1789322609.605812 465270 41262 3429 2138 0 460620 0 505245
1789322610.606047 465270 40807 3429 2138 0 460620 0 515549
1789322611.610401 465270 36061 3429 2138 0 460620 0 560958
1789322612.609531 465270 41174 3429 2138 0 460620 0 580398
1789322613.610454 465270 42609 3429 2138 0 460620 0 591901
1789322614.610876 465270 41371 3429 2138 0 460620 0 608249
1789322615.608968 465270 39675 3429 2138 0 460620 0 575401
1789322616.609531 465270 44522 3429 2138 0 460620 0 589203
1789322617.610070 465270 38835 3429 2138 0 460620 0 598735
1789322618.610563 465270 41764 3429 2138 0 460620 0 624431
1789322619.611608 465270 39705 3429 2138 0 460620 0 636703
1789322620.615240 465270 43719 3429 2138 0 460620 0 670837
1789322621.614648 465270 41726 3429 2138 0 460620 0 688995
1789322622.613862 465270 42622 3429 2138 0 460620 0 687738
1789322623.615609 465270 42430 3429 2138 0 460620 0 714563
1789322624.614096 465270 44831 3429 2138 0 460620 0 680933
1789322625.614113 465270 39872 3429 2138 0 460620 0 690043
1789322626.614528 465270 43832 3429 2138 0 460620 0 699130
1789322627.615100 465270 39497 3429 2138 0 460620 0 724091
1789322628.615862 465270 40887 3429 2138 0 460620 0 736362
1789322629.620213 465270 41403 3429 2138 0 460620 0 769473
1789322630.619734 467830 42033 3429 2138 0 463180 0 786862
1789322631.618664 467830 41378 3429 2138 0 463180 0 785443
1789322632.619005 467830 43274 3429 2138 0 463180 0 797714
1789322633.620158 467830 43277 3429 2138 0 463180 0 809984
1789322634.618494 467830 44496 3429 2138 0 463180 0 788212
1789322635.618715 467830 43419 3429 2138 0 463180 0 794234
1789322636.618879 467830 42644 3429 2138 0 463180 0 800850
1789322637.619393 467830 44108 3429 2138 0 463180 0 809537
1789322638.620613 467830 43968 3429 2138 0 463180 0 836249
1789322639.628379 467830 44003 3429 2138 0 463180 0 868903
1789322640.623539 469622 45237 3429 2138 0 464972 0 885469
1789322641.624078 469622 44358 3429 2138 0 464972 0 903354
1789322642.623850 469622 42305 3429 2138 0 464972 0 897603
1789322643.623744 469622 42734 3429 2138 0 464972 0 909874
1789322644.623807 469622 42305 3429 2138 0 464972 0 922144
1789322645.627933 469622 47806 3429 2138 0 464972 0 917183
1789322646.625738 469622 41063 3429 2138 0 464972 0 930485
1789322647.625797 469622 45523 3429 2138 0 464972 0 939019
1789322648.625054 469622 43443 3429 2138 0 464972 0 929924
1789322649.625914 469622 43866 3429 2138 0 464972 0 956134
1789322650.626265 469622 43866 3429 2138 0 464972 0 968405
1789322651.628057 469622 43683 3429 2138 0 464972 0 980674
1789322652.631460 469622 43473 3429 2138 0 464972 0 1015576
1789322653.630544 469622 43379 3429 2138 0 464972 0 1032710
1789322654.620870 469622 42140 3429 2138 0 464972 0 994521
1789322655.623489 469622 42140 3429 2138 0 464972 0 1029758
1789322656.623648 469622 42281 3429 2138 0 464972 0 1029759
1789322657.626712 469622 43121 3429 2138 0 464972 0 966908
1789322658.630947 469622 42395 3429 2138 0 464972 0 1021370
1789322659.628971 469622 45275 3429 2138 0 464972 0 1015930
1789322660.629060 469622 41435 3429 2138 0 464972 0 1019268
1789322661.628923 469622 42964 3429 2138 0 464972 0 1027027
1789322662.629983 469622 37313 3429 2138 0 464972 0 1044940
1789322663.630172 469622 43282 3429 2138 0 464972 0 1060279
1789322664.635384 469622 41593 3429 2138 0 464972 0 1084120
1789322665.634545 469622 43719 3429 2138 0 464972 0 1111283
1789322666.633799 469622 45387 3429 2138 0 464972 0 1109360
1789322667.632809 469622 41978 3429 2138 0 464972 0 1101030
1789322668.627573 469622 45543 3429 2138 0 464972 0 1133904
1789322669.626477 469622 45593 3429 2138 0 464972 0 1133905
1789322670.633914 469622 45538 3429 2138 0 464972 0 1133907
1789322671.618255 469622 32094 3429 2138 0 464972 0 851340
1789322672.637614 471670 41323 3429 2138 0 467020 0 1119711
1789322673.639202 471670 41987 3429 2138 0 467020 0 1152140
1789322674.639570 471670 43143 3429 2138 0 467020 0 1160040
1789322675.637668 471670 44234 3429 2138 0 467020 0 1120729
1789322676.637538 471670 38868 3429 2138 0 467020 0 1126688
1789322677.636245 471670 42877 3429 2138 0 467020 0 1135829
1789322678.638990 471670 37865 3429 2138 0 467020 0 1156554
1789322679.639550 471670 44410 3429 2138 0 467020 0 1168824
1789322680.640685 471670 38226 3429 2138 0 467020 0 1181093
1789322681.639980 471670 36615 3429 2138 0 467020 0 1192941
1789322682.641465 471670 38123 3429 2138 0 467020 0 1205636
1789322683.632519 471670 40201 3429 2138 0 467020 0 1217905
1789322684.630895 471670 40204 3429 2138 0 467020 0 1217906
1789322685.633220 471670 40025 3429 2138 0 467020 0 1217907
1789322686.635158 471670 40879 3429 2138 0 467020 0 1158868
1789322687.636503 471670 42693 3429 2138 0 467020 0 1183693
1789322688.636670 471670 40648 3429 2138 0 467020 0 1183380
1789322689.636013 471670 42555 3429 2138 0 467020 0 1171165
1789322690.636401 471670 40929 3429 2138 0 467020 0 1194988
1789322691.636420 471670 41506 3429 2138 0 467020 0 1195338
1789322692.636830 471670 39232 3429 2138 0 467020 0 1203133
1789322693.628878 475767 35659 3429 2138 0 471116 0 1209308
1789322694.628711 475767 35398 3429 2138 0 471116 0 1209310
1789322695.628893 475767 35553 3429 2138 0 471116 0 1209310
1789322696.628681 475767 35553 3429 2138 0 471116 0 1209312
1789322697.629072 475767 35781 3429 2138 0 471116 0 1209313
1789322698.628785 475767 35783 3429 2138 0 471116 0 1209314
1789322699.628722 475767 35783 3429 2138 0 471116 0 1209315
1789322700.626974 475767 35065 3429 2138 0 471116 0 1163727
1789322701.626695 475767 35574 3429 2138 0 471116 0 1155879
1789322702.626437 475767 35221 3429 2138 0 471116 0 1150231
1789322703.626091 475767 35224 3429 2138 0 471116 0 1140338
1789322704.626000 475767 35805 3429 2138 0 471116 0 1130453
1789322705.625024 475767 35678 3429 2138 0 471116 0 1107439
1789322706.624922 475767 35592 3429 2138 0 471116 0 1109878
1789322707.624586 475767 35592 3429 2138 0 471116 0 1097456
1789322708.621946 475767 35373 3429 2138 0 471116 0 1026304
1789322709.624170 475767 35391 3429 2138 0 471116 0 1089420
1789322710.623663 475767 35049 3429 2138 0 471116 0 1078469
1789322711.623684 475767 34947 3429 2138 0 471116 0 1078470
1789322712.623139 475767 34827 3429 2138 0 471116 0 1064524
1789322713.623126 475767 35323 3429 2138 0 471116 0 1057645
1789322714.623242 475767 35328 3429 2138 0 471116 0 1067755
1789322715.623255 475767 35338 3429 2138 0 471116 0 1067757
1789322716.622868 475767 35346 3429 2138 0 471116 0 1049048
1789322717.624712 478327 35965 3429 2138 0 473676 0 1100339
1789322718.624525 478327 35842 3429 2138 0 473676 0 1100340
1789322719.624511 478327 35842 3429 2138 0 473676 0 1100341
1789322720.624537 478327 35445 3429 2138 0 473676 0 1100342
1789322721.623608 478327 35747 3429 2138 0 473676 0 1068594
1789322722.624534 478327 35485 3429 2138 0 473676 0 1100343
1789322723.621902 478327 35297 3429 2138 0 473676 0 1032552
1789322724.621882 478327 35810 3429 2138 0 473676 0 1032554
1789322725.622088 478327 35568 3429 2138 0 473676 0 1032555
1789322726.621948 478327 35093 3429 2138 0 473676 0 1032556
1789322727.621894 478327 35093 3429 2138 0 473676 0 1032558
1789322728.621919 478327 34931 3429 2138 0 473676 0 1032559
1789322729.622132 478327 34850 3429 2138 0 473676 0 1032561
1789322730.621164 478327 35810 3429 2138 0 473676 0 1013555
1789322731.621157 478327 35810 3429 2138 0 473676 0 1013556
1789322732.621161 478327 35392 3429 2138 0 473676 0 1013558
1789322733.621365 478327 35311 3429 2138 0 473676 0 1013559
1789322734.624002 478327 35311 3429 2138 0 473676 0 1013561
1789322735.621179 478327 35311 3429 2138 0 473676 0 1013562
1789322736.620464 478327 35669 3429 2138 0 473676 0 994572
1789322737.620637 478327 35669 3429 2138 0 473676 0 994573
1789322738.620437 478327 35391 3429 2138 0 473676 0 994574
1789322739.620415 478327 35391 3429 2138 0 473676 0 994576
1789322740.620519 478327 35148 3429 2138 0 473676 0 994577
1789322741.620765 478327 35067 3429 2138 0 473676 0 989419
1789322742.620433 478327 34986 3429 2138 0 473676 0 994580
1789322743.620473 478327 34986 3429 2138 0 473676 0 994582
1789322744.619974 483455 49783 3452 2138 0 478796 0 976450
1789322745.620014 600703 170650 3452 2138 0 596044 0 976450
1789322746.619896 757887 291288 3452 2138 0 753228 0 976450
1789322747.619966 886399 413202 3452 2138 0 881740 0 976450
1789322748.619948 972415 531814 3452 2138 0 967756 0 976450
1789322749.620203 1070719 652728 3452 2138 0 1066060 0 976450
1789322750.619932 1190527 772364 3452 2138 0 1185868 0 976450
1789322751.619947 1327743 890222 3452 2138 0 1323084 0 976450
1789322752.619803 1491583 1009891 3452 2138 0 1486924 0 976450
1789322753.619881 1502848 1085580 3452 2138 0 1498188 0 976450
1789322754.619900 1502848 1085580 3452 2138 0 1498188 0 976450
1789322755.619842 1502848 1085580 3452 2138 0 1498188 0 976450
1789322756.619967 1502848 1085580 3452 2138 0 1498188 0 976450
1789322757.620066 1502848 1085580 3452 2138 0 1498188 0 976450
1789322758.619845 1502848 1085580 3452 2138 0 1498188 0 976450
1789322759.622779 1506945 1085568 3452 2138 0 1502284 0 976450
1789322760.619990 1506945 1085568 3452 2138 0 1502284 0 976450
1789322761.619989 1506945 1085568 3452 2138 0 1502284 0 976450
1789322762.619132 1506945 1085568 3452 2138 0 1502284 0 976450
1789322763.619141 1506945 1085568 3452 2138 0 1502284 0 976450
1789322764.619278 1506945 1085568 3452 2138 0 1502284 0 976450
1789322765.619405 1511035 1085561 3445 2138 0 1506380 0 976450
1789322766.619289 1511035 1085561 3445 2138 0 1506380 0 976450
1789322767.619430 1511035 1085561 3445 2138 0 1506380 0 976450
1789322768.619563 1511035 1085561 3445 2138 0 1506380 0 976450
1789322769.619467 1511035 1085561 3445 2138 0 1506380 0 976450
1789322770.619477 1511035 1085561 3445 2138 0 1506380 0 976450
1789322771.619600 1511035 1085561 3445 2138 0 1506380 0 976450
1789322772.620315 1511035 1085561 3445 2138 0 1506380 0 976450
1789322773.620013 1511035 1085561 3445 2138 0 1506380 0 976450
1789322774.619962 1511035 1085561 3445 2138 0 1506380 0 976450
1789322775.619939 1511035 1085561 3445 2138 0 1506380 0 976450
1789322776.619999 1511035 1085561 3445 2138 0 1506380 0 976450
1789322777.620026 1511035 1085561 3445 2138 0 1506380 0 976450
1789322778.620026 1511035 1085561 3445 2138 0 1506380 0 976450
1789322779.620045 1511035 1085561 3445 2138 0 1506380 0 976450
1789322780.620011 1511035 1085561 3445 2138 0 1506380 0 976450
1789322781.620063 1511035 1085561 3445 2138 0 1506380 0 976450
1789322782.620077 1511035 1085561 3445 2138 0 1506380 0 976450
1789322783.620029 1511035 1085561 3445 2138 0 1506380 0 976450
1789322784.620015 1511035 1085561 3445 2138 0 1506380 0 976450
1789322785.620000 1511035 1085561 3445 2138 0 1506380 0 976450
1789322786.620020 1511035 1085561 3445 2138 0 1506380 0 976450
1789322787.619968 1511035 1085561 3445 2138 0 1506380 0 976450
1789322788.620131 1511035 1085561 3445 2138 0 1506380 0 976450
1789322789.619489 1511035 1085561 3445 2138 0 1506380 0 976450
1789322790.619179 1511035 1085561 3445 2138 0 1506380 0 976450
1789322791.619358 1511035 1085561 3445 2138 0 1506380 0 976450
1789322792.619575 1511035 1085561 3445 2138 0 1506380 0 976450
1789322793.619487 1511035 1085561 3445 2138 0 1506380 0 976450
1789322794.619602 1511035 1085561 3445 2138 0 1506380 0 976450
1789322795.619427 1511035 1085561 3445 2138 0 1506380 0 976450
1789322796.619137 1511035 1085561 3445 2138 0 1506380 0 976450
1789322797.619607 1511035 1085561 3445 2138 0 1506380 0 976450
1789322798.619528 1511035 1085561 3445 2138 0 1506380 0 976450
1789322799.620244 1511035 1085561 3445 2138 0 1506380 0 976450
1789322800.620051 1511035 1085561 3445 2138 0 1506380 0 976450
1789322801.620014 1511035 1085561 3445 2138 0 1506380 0 976450
1789322802.620073 1511035 1085561 3445 2138 0 1506380 0 976450
1789322803.620076 1511035 1085561 3445 2138 0 1506380 0 976450
1789322804.620048 1511035 1085561 3445 2138 0 1506380 0 976450
1789322805.619970 1511035 1085561 3445 2138 0 1506380 0 976450
1789322806.620041 1511035 1085561 3445 2138 0 1506380 0 976450
1789322807.620012 1511035 1085561 3445 2138 0 1506380 0 976450
1789322808.619966 1511035 1085561 3445 2138 0 1506380 0 976450
1789322809.620025 1511035 1085561 3445 2138 0 1506380 0 976450
1789322810.620001 1511035 1085561 3445 2138 0 1506380 0 976450
1789322811.620040 1511035 1085561 3445 2138 0 1506380 0 976450
1789322812.620018 1511035 1085561 3445 2138 0 1506380 0 976450
1789322813.620121 1511035 1085561 3445 2138 0 1506380 0 976450
1789322814.620046 1511035 1085561 3445 2138 0 1506380 0 976450
1789322815.619342 1511035 1085561 3445 2138 0 1506380 0 976450
1789322816.619252 1511035 1085561 3445 2138 0 1506380 0 976450
1789322817.618934 1511035 1085561 3445 2138 0 1506380 0 976450
1789322818.619552 1511035 1085561 3445 2138 0 1506380 0 976450
1789322819.619061 1511035 1085561 3445 2138 0 1506380 0 976450
1789322820.619535 1511035 1085561 3445 2138 0 1506380 0 976450
1789322821.619144 1511035 1085561 3445 2138 0 1506380 0 976450
1789322822.619205 1511035 1085561 3445 2138 0 1506380 0 976450
1789322823.619568 1511035 1085561 3445 2138 0 1506380 0 976450
1789322824.619404 1511035 1085561 3445 2138 0 1506380 0 976450
1789322825.620604 1511035 1085561 3445 2138 0 1506380 0 976450
1789322826.619734 1511035 1085561 3445 2138 0 1506380 0 976450
1789322827.619490 1511035 1085561 3445 2138 0 1506380 0 976450
1789322828.619358 1511035 1085561 3445 2138 0 1506380 0 976450
1789322829.619793 1511035 1085561 3445 2138 0 1506380 0 976450
1789322830.619403 1511035 1085561 3445 2138 0 1506380 0 976450
1789322831.619408 1511035 1085561 3445 2138 0 1506380 0 976450
1789322832.619163 1511035 1085561 3445 2138 0 1506380 0 976450
1789322833.619978 1511035 1085561 3445 2138 0 1506380 0 976450
1789322834.619691 1511035 1085561 3445 2138 0 1506380 0 976450
1789322835.620170 1511035 1085561 3445 2138 0 1506380 0 976450
1789322836.619418 1511035 1085561 3445 2138 0 1506380 0 976450
1789322837.620067 1511035 1085561 3445 2138 0 1506380 0 976450
1789322838.619329 1511035 1085561 3445 2138 0 1506380 0 976450
1789322839.619291 1511035 1085561 3445 2138 0 1506380 0 976450
1789322840.619240 1511035 1085561 3445 2138 0 1506380 0 976450
1789322841.619902 1511035 1085561 3445 2138 0 1506380 0 976450
1789322842.619324 1511035 1085561 3445 2138 0 1506380 0 976450
1789322843.619334 1511035 1085561 3445 2138 0 1506380 0 976450
1789322844.619230 1511035 1085561 3445 2138 0 1506380 0 976450
1789322845.620513 1511035 1085561 3445 2138 0 1506380 0 976450
1789322846.619029 1511035 1085561 3445 2138 0 1506380 0 976450
1789322847.619494 1511035 1085561 3445 2138 0 1506380 0 976450
1789322848.619366 1511035 1085561 3445 2138 0 1506380 0 976450
1789322849.619807 1511035 1085561 3445 2138 0 1506380 0 976450
1789322850.619234 1511035 1085561 3445 2138 0 1506380 0 976450
1789322851.619251 1511035 1085561 3445 2138 0 1506380 0 976450
1789322852.619116 1511035 1085561 3445 2138 0 1506380 0 976450
1789322853.620043 1511035 1085561 3445 2138 0 1506380 0 976450
1789322854.619701 1511035 1085561 3445 2138 0 1506380 0 976450
1789322855.619870 1511035 1085561 3445 2138 0 1506380 0 976450
1789322856.619597 1511035 1085561 3445 2138 0 1506380 0 976450
1789322857.619869 1511035 1085561 3445 2138 0 1506380 0 976450
1789322858.619556 1511035 1085561 3445 2138 0 1506380 0 976450
1789322859.619594 1511035 1085561 3445 2138 0 1506380 0 976450
1789322860.619277 1511035 1085561 3445 2138 0 1506380 0 976450
1789322861.620037 1511035 1085561 3445 2138 0 1506380 0 976450
1789322862.619339 1511035 1085561 3445 2138 0 1506380 0 976450
1789322863.619299 1511035 1085561 3445 2138 0 1506380 0 976450
1789322864.619598 1511035 1085561 3445 2138 0 1506380 0 976450
1789322865.620325 1511035 1085561 3445 2138 0 1506380 0 976450
1789322866.619504 1511035 1085561 3445 2138 0 1506380 0 976450
1789322867.619250 1511035 1085561 3445 2138 0 1506380 0 976450
1789322868.619310 1511035 1085561 3445 2138 0 1506380 0 976450
1789322869.619961 1511035 1085561 3445 2138 0 1506380 0 976450
1789322870.619025 1511035 1085561 3445 2138 0 1506380 0 976450
1789322871.619318 1511035 1085561 3445 2138 0 1506380 0 976450
1789322872.619474 1511035 1085561 3445 2138 0 1506380 0 976450
1789322873.619938 1511035 1085561 3445 2138 0 1506380 0 976450
1789322874.619672 1511035 1085561 3445 2138 0 1506380 0 976450
1789322875.619945 1511035 1085561 3445 2138 0 1506380 0 976450
1789322876.619264 1511035 1085561 3445 2138 0 1506380 0 976450
1789322877.619931 1511035 1085561 3445 2138 0 1506380 0 976450
1789322878.619294 1511035 1085561 3445 2138 0 1506380 0 976450
1789322879.619266 1511035 1085561 3445 2138 0 1506380 0 976450
1789322880.619455 1511035 1085561 3445 2138 0 1506380 0 976450
1789322881.619938 1511035 1085561 3445 2138 0 1506380 0 976450
1789322882.619538 1511035 1085561 3445 2138 0 1506380 0 976450
1789322883.619324 1511035 1085561 3445 2138 0 1506380 0 976450
1789322884.619155 1511035 1085561 3445 2138 0 1506380 0 976450
1789322885.620338 1511035 1085561 3445 2138 0 1506380 0 976450
1789322886.619245 1511035 1085561 3445 2138 0 1506380 0 976450
1789322887.619645 1511035 1085561 3445 2138 0 1506380 0 976450
1789322888.619307 1511035 1085561 3445 2138 0 1506380 0 976450
1789322889.619862 1511035 1085561 3445 2138 0 1506380 0 976450
1789322890.619560 1511035 1085561 3445 2138 0 1506380 0 976450
1789322891.619192 1511035 1085561 3445 2138 0 1506380 0 976450
1789322892.618896 1511035 1085561 3445 2138 0 1506380 0 976450
1789322893.619685 1511035 1085561 3445 2138 0 1506380 0 976450
1789322894.619306 1511035 1085561 3445 2138 0 1506380 0 976450
1789322895.619958 1511035 1085561 3445 2138 0 1506380 0 976450
1789322896.619137 1511035 1085561 3445 2138 0 1506380 0 976450
1789322897.619909 1511035 1085561 3445 2138 0 1506380 0 976450
1789322898.619165 1511035 1085561 3445 2138 0 1506380 0 976450
1789322899.619431 1511035 1085561 3445 2138 0 1506380 0 976450
1789322900.619449 1511035 1085561 3445 2138 0 1506380 0 976450
1789322901.619957 1511035 1085561 3445 2138 0 1506380 0 976450
1789322902.619297 1511035 1085561 3445 2138 0 1506380 0 976450
1789322903.619201 1511035 1085561 3445 2138 0 1506380 0 976450
1789322904.619461 1511035 1085561 3445 2138 0 1506380 0 976450
1789322905.620446 1511035 1085561 3445 2138 0 1506380 0 976450
1789322906.619191 1511035 1085561 3445 2138 0 1506380 0 976450
1789322907.619222 1511035 1085561 3445 2138 0 1506380 0 976450
1789322908.619634 1511035 1085561 3445 2138 0 1506380 0 976450
1789322909.620258 1511035 1085561 3445 2138 0 1506380 0 976450
1789322910.620078 1511035 1085561 3445 2138 0 1506380 0 976450
1789322911.619993 1511035 1085561 3445 2138 0 1506380 0 976450
1789322912.620015 1511035 1085561 3445 2138 0 1506380 0 976450
1789322913.619925 1511035 1085561 3445 2138 0 1506380 0 976450
1789322914.620053 1511035 1085561 3445 2138 0 1506380 0 976450
1789322915.620503 1511035 1085561 3445 2138 0 1506380 0 976450
1789322916.620002 1511035 1085561 3445 2138 0 1506380 0 976450
1789322917.620006 1511035 1085561 3445 2138 0 1506380 0 976450
1789322918.620009 1511035 1085561 3445 2138 0 1506380 0 976450
1789322919.619976 1511035 1085561 3445 2138 0 1506380 0 976450
1789322920.619949 1511035 1085561 3445 2138 0 1506380 0 976450
1789322921.620030 1511035 1085561 3445 2138 0 1506380 0 976450
1789322922.620056 1511035 1085561 3445 2138 0 1506380 0 976450
1789322923.619982 1511035 1085561 3445 2138 0 1506380 0 976450
1789322924.620013 1511035 1085561 3445 2138 0 1506380 0 976450
1789322925.620393 1511035 1085561 3445 2138 0 1506380 0 976450
1789322926.620016 1511035 1085561 3445 2138 0 1506380 0 976450
1789322927.620009 1511035 1085561 3445 2138 0 1506380 0 976450
1789322928.620024 1511035 1085561 3445 2138 0 1506380 0 976450
1789322929.620052 1511035 1085561 3445 2138 0 1506380 0 976450
1789322930.620026 1511035 1085561 3445 2138 0 1506380 0 976450
1789322931.620050 1511035 1085561 3445 2138 0 1506380 0 976450
1789322932.620011 1511035 1085561 3445 2138 0 1506380 0 976450
1789322933.620044 1511035 1085561 3445 2138 0 1506380 0 976450
1789322934.620034 1511035 1085561 3445 2138 0 1506380 0 976450
1789322935.619976 1511035 1085561 3445 2138 0 1506380 0 976450
1789322936.619986 1511035 1085561 3445 2138 0 1506380 0 976450
1789322937.620036 1511035 1085561 3445 2138 0 1506380 0 976450
1789322938.619971 1511035 1085561 3445 2138 0 1506380 0 976450
1789322939.619964 1511035 1085561 3445 2138 0 1506380 0 976450
1789322940.620004 1511035 1085561 3445 2138 0 1506380 0 976450
1789322941.620015 1511035 1085561 3445 2138 0 1506380 0 976450
1789322942.619998 1511035 1085561 3445 2138 0 1506380 0 976450
1789322943.619692 1511035 1085561 3445 2138 0 1506380 0 976450
1789322944.619052 1511035 1085561 3445 2138 0 1506380 0 976450
1789322945.619163 1511035 1085561 3445 2138 0 1506380 0 976450
1789322946.619212 1511035 1085561 3445 2138 0 1506380 0 976450
1789322947.619530 1511035 1085561 3445 2138 0 1506380 0 976450
1789322948.618979 1511035 1085561 3445 2138 0 1506380 0 976450
1789322949.619664 1511035 1085561 3445 2138 0 1506380 0 976450
1789322950.619356 1511035 1085561 3445 2138 0 1506380 0 976450
1789322951.619239 1511035 1085561 3445 2138 0 1506380 0 976450
1789322952.618938 1511035 1085561 3445 2138 0 1506380 0 976450
1789322953.619444 1511035 1085561 3445 2138 0 1506380 0 976450
1789322954.619139 1511035 1085561 3445 2138 0 1506380 0 976450
1789322955.619982 1511035 1085561 3445 2138 0 1506380 0 976450
1789322956.619985 1511035 1085561 3445 2138 0 1506380 0 976450
1789322957.620059 1511035 1085561 3445 2138 0 1506380 0 976450
1789322958.620045 1511035 1085561 3445 2138 0 1506380 0 976450
1789322959.619993 1511035 1085561 3445 2138 0 1506380 0 976450
1789322960.620025 1511035 1085561 3445 2138 0 1506380 0 976450
1789322961.619506 1511035 1085561 3445 2138 0 1506380 0 976450
1789322962.619224 1511035 1085561 3445 2138 0 1506380 0 976450
1789322963.619220 1511035 1085561 3445 2138 0 1506380 0 976450
1789322964.619576 1511035 1085561 3445 2138 0 1506380 0 976450
1789322965.619024 1511035 1085561 3445 2138 0 1506380 0 976450
1789322966.619587 1511035 1085561 3445 2138 0 1506380 0 976450
1789322967.619455 1511035 1085561 3445 2138 0 1506380 0 976450
1789322968.619090 1511035 1085561 3445 2138 0 1506380 0 976450
1789322969.619693 1511035 1085561 3445 2138 0 1506380 0 976450
1789322970.619551 1511035 1085561 3445 2138 0 1506380 0 976450
1789322971.619012 1511035 1085561 3445 2138 0 1506380 0 976450
1789322972.619354 1511035 1085561 3445 2138 0 1506380 0 976450
1789322973.619405 1511035 1085561 3445 2138 0 1506380 0 976450
1789322974.619061 1511035 1085561 3445 2138 0 1506380 0 976450
1789322975.619176 1511035 1085561 3445 2138 0 1506380 0 976450
1789322976.619562 1511035 1085561 3445 2138 0 1506380 0 976450
1789322977.619188 1511035 1085561 3445 2138 0 1506380 0 976450
1789322978.619450 1511035 1085561 3445 2138 0 1506380 0 976450
1789322979.619183 1511035 1085561 3445 2138 0 1506380 0 976450
1789322980.619336 1511035 1085561 3445 2138 0 1506380 0 976450
1789322981.619290 1511035 1085561 3445 2138 0 1506380 0 976450
1789322982.619182 1511035 1085561 3445 2138 0 1506380 0 976450
1789322983.619408 1511035 1085561 3445 2138 0 1506380 0 976450
1789322984.619358 1511035 1085561 3445 2138 0 1506380 0 976450
1789322985.619539 1511035 1085561 3445 2138 0 1506380 0 976450
1789322986.619372 1511035 1085561 3445 2138 0 1506380 0 976450
1789322987.619155 1511035 1085561 3445 2138 0 1506380 0 976450
1789322988.619282 1511035 1085561 3445 2138 0 1506380 0 976450
1789322989.619404 1511035 1085561 3445 2138 0 1506380 0 976450
1789322990.619598 1511035 1085561 3445 2138 0 1506380 0 976450
1789322991.619837 1511035 1085561 3445 2138 0 1506380 0 976450
1789322992.619423 1511035 1085561 3445 2138 0 1506380 0 976450
1789322993.619464 1511035 1085561 3445 2138 0 1506380 0 976450
1789322994.619723 1511035 1085561 3445 2138 0 1506380 0 976450
1789322995.622973 1511035 1085561 3445 2138 0 1506380 0 976450
1789322996.620247 1511035 1085561 3445 2138 0 1506380 0 976450
1789322997.620140 1511035 1085561 3445 2138 0 1506380 0 976450
1789322998.620542 1511035 1085561 3445 2138 0 1506380 0 976450
1789322999.620178 1511035 1085561 3445 2138 0 1506380 0 976450
1789323000.620151 1511035 1085561 3445 2138 0 1506380 0 976450
1789323001.620062 1511035 1085561 3445 2138 0 1506380 0 976450
1789323002.620017 1511035 1085561 3445 2138 0 1506380 0 976450
1789323003.620059 1511035 1085561 3445 2138 0 1506380 0 976450
1789323004.620216 1511035 1085561 3445 2138 0 1506380 0 976450
1789323005.620120 1511035 1085561 3445 2138 0 1506380 0 976450
1789323006.620412 1511035 1085561 3445 2138 0 1506380 0 976450
1789323007.620145 1511035 1085561 3445 2138 0 1506380 0 976450
1789323008.620128 1511035 1085561 3445 2138 0 1506380 0 976450
1789323009.620147 1511035 1085561 3445 2138 0 1506380 0 976450
1789323010.620140 1511035 1085561 3445 2138 0 1506380 0 976450
1789323011.620273 1511035 1085561 3445 2138 0 1506380 0 976450
1789323012.620116 1511035 1085561 3445 2138 0 1506380 0 976450
1789323013.620172 1511035 1085561 3445 2138 0 1506380 0 976450
1789323014.620209 1511035 1085561 3445 2138 0 1506380 0 976450
1789323015.620143 1511035 1085561 3445 2138 0 1506380 0 976450
