# start_epoch=1786900281.650269  page_size=4096  cachestat=ok  fields=size,resident,shared,text,lib,data,dt,pagecache
1786900282.655513 459725 39546 3273 2109 0 455116 0 82084
1786900283.657186 468308 40502 3313 2109 0 463692 0 119957
1786900284.659477 468308 46737 3313 2109 0 463692 0 152071
1786900285.659807 469204 38579 3313 2109 0 464588 0 157342
1786900286.660989 469204 47776 3361 2109 0 464588 0 175413
1786900287.658966 469204 28629 3361 2109 0 464588 0 193284
1786900288.664558 469204 49167 3361 2109 0 464588 0 237581
1786900289.669337 469204 43483 3361 2109 0 464588 0 268768
1786900290.671988 469204 45325 3361 2109 0 464588 0 304239
1786900291.669337 471124 46235 3361 2109 0 466508 0 317928
1786900292.674138 471124 42500 3361 2109 0 466508 0 352038
1786900293.672394 471124 31463 3361 2109 0 466508 0 366354
1786900294.675028 471124 50455 3361 2109 0 466508 0 416732
1786900295.676370 471124 40502 3361 2109 0 466508 0 433802
1786900296.676594 471124 47364 3361 2109 0 466508 0 441103
1786900297.678027 472404 49712 3361 2109 0 467788 0 465009
1786900298.679743 472404 45985 3361 2109 0 467788 0 494306
1786900299.680775 472404 47866 3361 2109 0 467788 0 511888
1786900300.681463 472404 46091 3361 2109 0 467788 0 517200
1786900301.682319 472404 47266 3361 2109 0 467788 0 534528
1786900302.683477 472404 50641 3361 2109 0 467788 0 553391
1786900303.683455 473940 47558 3361 2109 0 469324 0 564463
1786900304.685875 473940 47822 3361 2109 0 469324 0 596056
1786900305.686965 473940 51422 3361 2109 0 469324 0 613127
1786900306.687188 473940 53410 3361 2109 0 469324 0 618697
1786900307.687346 473940 52970 3361 2109 0 469324 0 618256
1786900308.690205 473940 51589 3361 2109 0 469324 0 667684
1786900309.689630 473940 53366 3361 2109 0 469324 0 666498
1786900310.691926 475732 53313 3361 2109 0 471116 0 697038
1786900311.692257 475732 53722 3361 2109 0 471116 0 702351
1786900312.692556 475732 54193 3361 2109 0 471116 0 708908
1786900313.694048 475732 54169 3361 2109 0 471116 0 730615
1786900314.696543 475732 55240 3361 2109 0 471116 0 771226
1786900315.697733 475732 55240 3361 2109 0 471116 0 789065
1786900316.697924 475732 55033 3361 2109 0 471116 0 794393
1786900317.697722 475732 55089 3361 2109 0 471116 0 805689
1786900318.700268 477780 55506 3361 2109 0 473164 0 837538
1786900319.699597 477780 55493 3361 2109 0 473164 0 824316
1786900320.702599 477780 56131 3361 2109 0 473164 0 874514
1786900321.703801 477780 50614 3361 2109 0 473164 0 892609
1786900322.704071 477780 54163 3361 2109 0 473164 0 897413
1786900323.704172 477780 56767 3361 2109 0 473164 0 908724
1786900324.694327 481877 36429 3361 2109 0 477260 0 886318
1786900325.688974 481877 36788 3361 2109 0 477260 0 864402
1786900326.688970 481877 36967 3361 2109 0 477260 0 864402
1786900327.688858 484437 37559 3361 2109 0 479820 0 864403
1786900328.688815 484437 37559 3361 2109 0 479820 0 852207
1786900329.688905 484437 37688 3361 2109 0 479820 0 864404
1786900330.688725 484437 37688 3361 2109 0 479820 0 864405
1786900331.688852 484437 37616 3361 2109 0 479820 0 864405
1786900332.688768 484437 37156 3361 2109 0 479820 0 864406
1786900333.688803 484437 37544 3361 2109 0 479820 0 864406
1786900334.689052 484437 37573 3361 2109 0 479820 0 864407
1786900335.688738 484437 37353 3361 2109 0 479820 0 864394
1786900336.688872 484437 37539 3361 2109 0 479820 0 864395
1786900337.688585 484437 37539 3361 2109 0 479820 0 864395
1786900338.688677 484437 37042 3361 2109 0 479820 0 864396
1786900339.688550 484437 37306 3361 2109 0 479820 0 864397
1786900340.688833 484437 37306 3361 2109 0 479820 0 864397
1786900341.688789 484437 37306 3361 2109 0 479820 0 864398
1786900342.688945 484437 37307 3361 2109 0 479820 0 864398
1786900343.688765 484437 37307 3361 2109 0 479820 0 864399
1786900344.688686 484437 38140 3361 2109 0 479820 0 864387
1786900345.688399 484437 38140 3361 2109 0 479820 0 864388
1786900346.688509 484437 38140 3361 2109 0 479820 0 864388
1786900347.688466 484437 38140 3361 2109 0 479820 0 864389
1786900348.688672 484437 37616 3361 2109 0 479820 0 864390
1786900349.688550 484437 37243 3361 2109 0 479820 0 864390
1786900350.688662 484437 37432 3361 2109 0 479820 0 864391
1786900351.688545 484437 37432 3361 2109 0 479820 0 864392
1786900352.688592 484437 37432 3361 2109 0 479820 0 864392
1786900353.688799 484437 37432 3361 2109 0 479820 0 864393
1786900354.688964 484437 37290 3361 2109 0 479820 0 864385
1786900355.688665 484437 37438 3361 2109 0 479820 0 864386
1786900356.688655 484437 37438 3361 2109 0 479820 0 864386
1786900357.688490 484437 37438 3361 2109 0 479820 0 864387
1786900358.688606 484437 37103 3361 2109 0 479820 0 864388
1786900359.688712 484437 36707 3361 2109 0 479820 0 864388
1786900360.688624 484437 36884 3361 2109 0 479820 0 864388
1786900361.688509 484437 36627 3361 2109 0 479820 0 864389
1786900362.688486 484437 36720 3361 2109 0 479820 0 864390
1786900363.688488 487509 38297 3361 2109 0 482892 0 861119
1786900364.687748 500829 75170 3400 2109 0 496204 0 846353
1786900365.687621 602717 162007 3400 2109 0 598092 0 846353
1786900366.687584 666717 247700 3400 2109 0 662092 0 846353
1786900367.689493 759901 332241 3400 2109 0 755276 0 846353
1786900368.687732 888413 418199 3400 2109 0 883788 0 846353
1786900369.687494 970333 503006 3400 2109 0 965708 0 846353
1786900370.687659 1072733 587169 3400 2109 0 1068108 0 846353
1786900371.687657 1192541 672224 3400 2109 0 1187916 0 846353
1786900372.687598 1192541 756665 3400 2109 0 1187916 0 846353
1786900373.687485 1323613 841989 3400 2109 0 1318988 0 846353
1786900374.687426 1329757 927196 3400 2109 0 1325132 0 846353
1786900375.687573 1493597 1010742 3400 2109 0 1488972 0 846353
1786900376.687685 1500765 1095705 3400 2109 0 1496140 0 846353
1786900377.687532 1699933 1180565 3400 2109 0 1695308 0 846353
1786900378.687659 1699933 1266301 3400 2109 0 1695308 0 846353
1786900379.687679 1937501 1349358 3400 2109 0 1932876 0 846353
1786900380.687636 1937501 1433330 3400 2109 0 1932876 0 846353
1786900381.687647 1937501 1518322 3400 2109 0 1932876 0 846353
1786900382.687548 2199645 1591226 3545 2109 0 2195020 0 846353
1786900383.687740 2209885 1663065 3545 2109 0 2205260 0 846353
1786900384.687659 2213982 1705658 3545 2109 0 2209356 0 846353
1786900385.687695 2213982 1705658 3545 2109 0 2209356 0 846353
1786900386.687803 2213982 1705658 3545 2109 0 2209356 0 846353
1786900387.687599 2213982 1705658 3545 2109 0 2209356 0 846353
1786900388.687748 2213982 1705658 3545 2109 0 2209356 0 846353
1786900389.687593 2213982 1705658 3545 2109 0 2209356 0 846353
1786900390.687585 2213982 1705658 3545 2109 0 2209356 0 846353
1786900391.687655 2213982 1705658 3545 2109 0 2209356 0 846353
1786900392.687555 2213982 1705658 3545 2109 0 2209356 0 846353
1786900393.687609 2213982 1705658 3545 2109 0 2209356 0 846353
1786900394.687956 2213982 1705658 3545 2109 0 2209356 0 846353
1786900395.688251 2213982 1705658 3545 2109 0 2209356 0 846353
1786900396.687557 2213982 1705658 3545 2109 0 2209356 0 846353
1786900397.690925 2218079 1705663 3545 2109 0 2213452 0 846353
1786900398.691009 2218079 1705663 3545 2109 0 2213452 0 846353
1786900399.688148 2218079 1705663 3545 2109 0 2213452 0 846353
1786900400.687578 2218079 1705663 3545 2109 0 2213452 0 846353
1786900401.687602 2218079 1705663 3545 2109 0 2213452 0 846353
1786900402.687985 2218079 1705663 3545 2109 0 2213452 0 846353
1786900403.688055 2218079 1705663 3545 2109 0 2213452 0 846353
1786900404.687800 2218079 1705663 3545 2109 0 2213452 0 846353
1786900405.688258 2218079 1705663 3545 2109 0 2213452 0 846353
1786900406.687482 2218079 1705663 3545 2109 0 2213452 0 846353
1786900407.687481 2218079 1705663 3545 2109 0 2213452 0 846353
1786900408.687628 2218079 1705663 3545 2109 0 2213452 0 846353
1786900409.687490 2218079 1705663 3545 2109 0 2213452 0 846353
1786900410.690064 2222169 1705656 3538 2109 0 2217548 0 846353
1786900411.687692 2222169 1705656 3538 2109 0 2217548 0 846353
1786900412.687747 2222169 1705656 3538 2109 0 2217548 0 846353
1786900413.687691 2222169 1705656 3538 2109 0 2217548 0 846353
1786900414.687717 2222169 1705656 3538 2109 0 2217548 0 846353
1786900415.687562 2222169 1705656 3538 2109 0 2217548 0 846353
1786900416.687942 2222169 1705656 3538 2109 0 2217548 0 846353
1786900417.687920 2222169 1705656 3538 2109 0 2217548 0 846353
1786900418.687617 2222169 1705656 3538 2109 0 2217548 0 846353
1786900419.687802 2222169 1705656 3538 2109 0 2217548 0 846353
1786900420.687630 2222169 1705656 3538 2109 0 2217548 0 846353
1786900421.687709 2222169 1705656 3538 2109 0 2217548 0 846353
1786900422.687637 2222169 1705656 3538 2109 0 2217548 0 846353
1786900423.687847 2222169 1705656 3538 2109 0 2217548 0 846353
1786900424.687553 2222169 1705656 3538 2109 0 2217548 0 846353
1786900425.687561 2222169 1705656 3538 2109 0 2217548 0 846353
1786900426.687806 2222169 1705656 3538 2109 0 2217548 0 846353
1786900427.687636 2222169 1705656 3538 2109 0 2217548 0 846353
1786900428.687803 2222169 1705656 3538 2109 0 2217548 0 846353
1786900429.687740 2222169 1705656 3538 2109 0 2217548 0 846353
1786900430.687635 2222169 1705656 3538 2109 0 2217548 0 846353
1786900431.687687 2222169 1705656 3538 2109 0 2217548 0 846353
1786900432.687703 2222169 1705656 3538 2109 0 2217548 0 846353
1786900433.687787 2222169 1705656 3538 2109 0 2217548 0 846353
1786900434.687772 2222169 1705656 3538 2109 0 2217548 0 846353
1786900435.687832 2222169 1705656 3538 2109 0 2217548 0 846353
1786900436.687877 2222169 1705656 3538 2109 0 2217548 0 846353
1786900437.687603 2222169 1705656 3538 2109 0 2217548 0 846353
1786900438.687666 2222169 1705656 3538 2109 0 2217548 0 846353
1786900439.687438 2222169 1705656 3538 2109 0 2217548 0 846353
1786900440.687428 2222169 1705656 3538 2109 0 2217548 0 846353
1786900441.687586 2222169 1705656 3538 2109 0 2217548 0 846353
1786900442.687615 2222169 1705656 3538 2109 0 2217548 0 846353
1786900443.687652 2222169 1705656 3538 2109 0 2217548 0 846353
1786900444.687690 2222169 1705656 3538 2109 0 2217548 0 846353
1786900445.687616 2222169 1705656 3538 2109 0 2217548 0 846353
1786900446.687886 2222169 1705656 3538 2109 0 2217548 0 846353
1786900447.687746 2222169 1705656 3538 2109 0 2217548 0 846353
1786900448.688033 2222169 1705656 3538 2109 0 2217548 0 846353
1786900449.687562 2222169 1705656 3538 2109 0 2217548 0 846353
1786900450.687658 2222169 1705656 3538 2109 0 2217548 0 846353
1786900451.687643 2222169 1705656 3538 2109 0 2217548 0 846353
1786900452.687800 2222169 1705656 3538 2109 0 2217548 0 846353
1786900453.687756 2222169 1705656 3538 2109 0 2217548 0 846353
1786900454.687785 2222169 1705656 3538 2109 0 2217548 0 846353
1786900455.687803 2222169 1705656 3538 2109 0 2217548 0 846353
1786900456.687495 2222169 1705656 3538 2109 0 2217548 0 846353
1786900457.687591 2222169 1705656 3538 2109 0 2217548 0 846353
1786900458.687664 2222169 1705656 3538 2109 0 2217548 0 846353
1786900459.687745 2222169 1705656 3538 2109 0 2217548 0 846353
1786900460.687603 2222169 1705656 3538 2109 0 2217548 0 846353
1786900461.687734 2222169 1705656 3538 2109 0 2217548 0 846353
1786900462.687727 2222169 1705656 3538 2109 0 2217548 0 846353
1786900463.687739 2222169 1705656 3538 2109 0 2217548 0 846353
1786900464.687577 2222169 1705656 3538 2109 0 2217548 0 846353
1786900465.687721 2222169 1705656 3538 2109 0 2217548 0 846353
1786900466.687554 2222169 1705656 3538 2109 0 2217548 0 846353
1786900467.687437 2222169 1705656 3538 2109 0 2217548 0 846353
1786900468.687638 2222169 1705656 3538 2109 0 2217548 0 846353
1786900469.687712 2222169 1705656 3538 2109 0 2217548 0 846353
1786900470.687608 2222169 1705656 3538 2109 0 2217548 0 846353
1786900471.687531 2222169 1705656 3538 2109 0 2217548 0 846353
1786900472.687927 2222169 1705656 3538 2109 0 2217548 0 846353
1786900473.688350 2222169 1705656 3538 2109 0 2217548 0 846353
1786900474.687754 2222169 1705656 3538 2109 0 2217548 0 846353
1786900475.687772 2222169 1705656 3538 2109 0 2217548 0 846353
1786900476.688011 2222169 1705656 3538 2109 0 2217548 0 846353
1786900477.688494 2222169 1705656 3538 2109 0 2217548 0 846353
1786900478.687777 2222169 1705656 3538 2109 0 2217548 0 846353
1786900479.687660 2222169 1705656 3538 2109 0 2217548 0 846353
1786900480.687761 2222169 1705656 3538 2109 0 2217548 0 846353
1786900481.687626 2222169 1705656 3538 2109 0 2217548 0 846353
1786900482.687588 2222169 1705656 3538 2109 0 2217548 0 846353
1786900483.687502 2222169 1705656 3538 2109 0 2217548 0 846353
1786900484.687793 2222169 1705656 3538 2109 0 2217548 0 846353
1786900485.687836 2222169 1705656 3538 2109 0 2217548 0 846353
1786900486.687721 2222169 1706006 3538 2109 0 2217548 0 846353
1786900487.687711 2222169 1706006 3538 2109 0 2217548 0 846353
1786900488.687598 2222169 1706006 3538 2109 0 2217548 0 846353
1786900489.687668 2222169 1706006 3538 2109 0 2217548 0 846353
1786900490.687554 2222169 1706006 3538 2109 0 2217548 0 846353
1786900491.687757 2222169 1706006 3538 2109 0 2217548 0 846353
1786900492.687740 2222169 1706006 3538 2109 0 2217548 0 846353
1786900493.687770 2222169 1706006 3538 2109 0 2217548 0 846353
1786900494.687575 2222169 1706006 3538 2109 0 2217548 0 846353
1786900495.688088 2222169 1706006 3538 2109 0 2217548 0 846353
1786900496.687595 2222169 1706006 3538 2109 0 2217548 0 846353
1786900497.687584 2222169 1706006 3538 2109 0 2217548 0 846353
1786900498.687714 2222169 1706006 3538 2109 0 2217548 0 846353
1786900499.687710 2222169 1706006 3538 2109 0 2217548 0 846353
1786900500.687606 2222169 1706006 3538 2109 0 2217548 0 846353
1786900501.687648 2222169 1706006 3538 2109 0 2217548 0 846353
1786900502.687810 2222169 1706006 3538 2109 0 2217548 0 846353
1786900503.687675 2222169 1706006 3538 2109 0 2217548 0 846353
1786900504.687583 2222169 1706006 3538 2109 0 2217548 0 846353
1786900505.687812 2222169 1706006 3538 2109 0 2217548 0 846353
1786900506.687729 2222169 1706006 3538 2109 0 2217548 0 846353
1786900507.687651 2222169 1706006 3538 2109 0 2217548 0 846353
1786900508.687718 2222169 1706006 3538 2109 0 2217548 0 846353
1786900509.687646 2222169 1706006 3538 2109 0 2217548 0 846353
1786900510.687560 2222169 1706006 3538 2109 0 2217548 0 846353
1786900511.687653 2222169 1706006 3538 2109 0 2217548 0 846353
1786900512.687565 2222169 1706006 3538 2109 0 2217548 0 846353
1786900513.687546 2222169 1706006 3538 2109 0 2217548 0 846353
1786900514.687706 2222169 1706006 3538 2109 0 2217548 0 846353
1786900515.688565 2222169 1706006 3538 2109 0 2217548 0 846353
1786900516.687741 2222169 1706006 3538 2109 0 2217548 0 846353
1786900517.687690 2222169 1706006 3538 2109 0 2217548 0 846353
1786900518.687593 2222169 1706006 3538 2109 0 2217548 0 846353
1786900519.687716 2222169 1706006 3538 2109 0 2217548 0 846353
1786900520.687491 2222169 1706006 3538 2109 0 2217548 0 846353
1786900521.687705 2222169 1706006 3538 2109 0 2217548 0 846353
1786900522.687710 2222169 1706006 3538 2109 0 2217548 0 846353
1786900523.687608 2222169 1706006 3538 2109 0 2217548 0 846353
1786900524.687625 2222169 1706006 3538 2109 0 2217548 0 846353
1786900525.687623 2222169 1706006 3538 2109 0 2217548 0 846353
1786900526.687581 2222169 1706006 3538 2109 0 2217548 0 846353
1786900527.687561 2222169 1706006 3538 2109 0 2217548 0 846353
1786900528.687472 2222169 1706006 3538 2109 0 2217548 0 846353
1786900529.687519 2222169 1706006 3538 2109 0 2217548 0 846353
1786900530.687794 2222169 1706006 3538 2109 0 2217548 0 846353
1786900531.687659 2222169 1706006 3538 2109 0 2217548 0 846353
1786900532.687584 2222169 1706006 3538 2109 0 2217548 0 846353
1786900533.687737 2222169 1706006 3538 2109 0 2217548 0 846353
1786900534.687606 2222169 1706006 3538 2109 0 2217548 0 846353
1786900535.687608 2222169 1706006 3538 2109 0 2217548 0 846353
1786900536.687459 2222169 1706006 3538 2109 0 2217548 0 846353
1786900537.687693 2222169 1706006 3538 2109 0 2217548 0 846353
1786900538.687788 2222169 1706006 3538 2109 0 2217548 0 846353
1786900539.687597 2222169 1706006 3538 2109 0 2217548 0 846353
1786900540.687608 2222169 1706006 3538 2109 0 2217548 0 846353
1786900541.687953 2222169 1706006 3538 2109 0 2217548 0 846353
1786900542.687764 2222169 1706006 3538 2109 0 2217548 0 846353
1786900543.687763 2222169 1706006 3538 2109 0 2217548 0 846353
1786900544.688375 2222169 1706006 3538 2109 0 2217548 0 846353
1786900545.687715 2222169 1706006 3538 2109 0 2217548 0 846353
1786900546.687773 2222169 1706006 3538 2109 0 2217548 0 846353
1786900547.687481 2222169 1706006 3538 2109 0 2217548 0 846353
1786900548.687656 2222169 1706006 3538 2109 0 2217548 0 846353
1786900549.687619 2222169 1706006 3538 2109 0 2217548 0 846353
1786900550.687577 2222169 1706006 3538 2109 0 2217548 0 846353
1786900551.687660 2222169 1706006 3538 2109 0 2217548 0 846353
1786900552.687720 2222169 1706006 3538 2109 0 2217548 0 846353
1786900553.687747 2222169 1706006 3538 2109 0 2217548 0 846353
1786900554.688335 2222169 1706006 3538 2109 0 2217548 0 846353
1786900555.687481 2222169 1706006 3538 2109 0 2217548 0 846353
1786900556.687607 2222169 1706006 3538 2109 0 2217548 0 846353
1786900557.687526 2222169 1706006 3538 2109 0 2217548 0 846353
1786900558.687619 2222169 1706006 3538 2109 0 2217548 0 846353
1786900559.687714 2222169 1706006 3538 2109 0 2217548 0 846353
1786900560.687757 2222169 1706006 3538 2109 0 2217548 0 846353
1786900561.687765 2222169 1706006 3538 2109 0 2217548 0 846353
1786900562.687747 2222169 1706006 3538 2109 0 2217548 0 846353
1786900563.687434 2222169 1706006 3538 2109 0 2217548 0 846353
1786900564.687675 2222169 1706006 3538 2109 0 2217548 0 846353
1786900565.687691 2222169 1706006 3538 2109 0 2217548 0 846353
1786900566.687656 2222169 1706006 3538 2109 0 2217548 0 846353
1786900567.687901 2222169 1706006 3538 2109 0 2217548 0 846353
1786900568.687845 2222169 1706006 3538 2109 0 2217548 0 846353
1786900569.687459 2222169 1706006 3538 2109 0 2217548 0 846353
1786900570.687634 2222169 1706006 3538 2109 0 2217548 0 846353
1786900571.687579 2222169 1706006 3538 2109 0 2217548 0 846353
1786900572.687400 2222169 1706006 3538 2109 0 2217548 0 846353
1786900573.687509 2222169 1706006 3538 2109 0 2217548 0 846353
1786900574.687799 2222169 1706006 3538 2109 0 2217548 0 846353
1786900575.687753 2222169 1706006 3538 2109 0 2217548 0 846353
1786900576.687841 2222169 1706006 3538 2109 0 2217548 0 846353
1786900577.687587 2222169 1706006 3538 2109 0 2217548 0 846353
1786900578.687630 2222169 1706006 3538 2109 0 2217548 0 846353
1786900579.687674 2222169 1706006 3538 2109 0 2217548 0 846353
1786900580.687595 2222169 1706006 3538 2109 0 2217548 0 846353
1786900581.687717 2222169 1706006 3538 2109 0 2217548 0 846353
1786900582.687654 2222169 1706006 3538 2109 0 2217548 0 846353
1786900583.687723 2222169 1706006 3538 2109 0 2217548 0 846353
1786900584.687769 2222169 1706006 3538 2109 0 2217548 0 846353
1786900585.687591 2222169 1706006 3538 2109 0 2217548 0 846353
1786900586.687562 2222169 1706006 3538 2109 0 2217548 0 846353
1786900587.687535 2222169 1706006 3538 2109 0 2217548 0 846353
1786900588.687491 2222169 1706006 3538 2109 0 2217548 0 846353
1786900589.687445 2222169 1706006 3538 2109 0 2217548 0 846353
1786900590.687618 2222169 1706006 3538 2109 0 2217548 0 846353
1786900591.687603 2222169 1706006 3538 2109 0 2217548 0 846353
1786900592.687769 2222169 1706006 3538 2109 0 2217548 0 846353
1786900593.687598 2222169 1706006 3538 2109 0 2217548 0 846353
1786900594.687781 2222169 1706006 3538 2109 0 2217548 0 846353
1786900595.687800 2222169 1706006 3538 2109 0 2217548 0 846353
1786900596.687819 2222169 1706006 3538 2109 0 2217548 0 846353
1786900597.688208 2222169 1706006 3538 2109 0 2217548 0 846353
1786900598.687990 2222169 1706006 3538 2109 0 2217548 0 846353
1786900599.687869 2222169 1706006 3538 2109 0 2217548 0 846353
1786900600.687864 2222169 1706006 3538 2109 0 2217548 0 846353
1786900601.687925 2222169 1706006 3538 2109 0 2217548 0 846353
1786900602.687970 2222169 1706006 3538 2109 0 2217548 0 846353
1786900603.687624 2222169 1706006 3538 2109 0 2217548 0 846353
1786900604.687619 2222169 1706006 3538 2109 0 2217548 0 846353
1786900605.687860 2222169 1706006 3538 2109 0 2217548 0 846353
1786900606.687659 2222169 1706006 3538 2109 0 2217548 0 846353
1786900607.687609 2222169 1706006 3538 2109 0 2217548 0 846353
1786900608.687658 2222169 1706006 3538 2109 0 2217548 0 846353
1786900609.687610 2222169 1706006 3538 2109 0 2217548 0 846353
1786900610.687592 2222169 1706006 3538 2109 0 2217548 0 846353
1786900611.687580 2222169 1706006 3538 2109 0 2217548 0 846353
1786900612.687773 2222169 1706006 3538 2109 0 2217548 0 846353
1786900613.687652 2222169 1706006 3538 2109 0 2217548 0 846353
1786900614.687648 2222169 1706006 3538 2109 0 2217548 0 846353
1786900615.687603 2222169 1706006 3538 2109 0 2217548 0 846353
1786900616.687381 2222169 1706006 3538 2109 0 2217548 0 846353
1786900617.687548 2222169 1706006 3538 2109 0 2217548 0 846353
1786900618.687716 2222169 1706006 3538 2109 0 2217548 0 846353
1786900619.687743 2222169 1706006 3538 2109 0 2217548 0 846353
1786900620.687595 2222169 1706006 3538 2109 0 2217548 0 846353
1786900621.687712 2222169 1706006 3538 2109 0 2217548 0 846353
1786900622.687882 2222169 1706006 3538 2109 0 2217548 0 846353
1786900623.687644 2222169 1706006 3538 2109 0 2217548 0 846353
1786900624.687817 2222169 1706006 3538 2109 0 2217548 0 846353
1786900625.687689 2222169 1706006 3538 2109 0 2217548 0 846353
1786900626.687598 2222169 1706006 3538 2109 0 2217548 0 846353
1786900627.687695 2222169 1706006 3538 2109 0 2217548 0 846353
1786900628.687719 2222169 1706006 3538 2109 0 2217548 0 846353
1786900629.687720 2222169 1706006 3538 2109 0 2217548 0 846353
1786900630.688192 2222169 1706006 3538 2109 0 2217548 0 846353
1786900631.687593 2222169 1706006 3538 2109 0 2217548 0 846353
1786900632.687594 2222169 1706006 3538 2109 0 2217548 0 846353
1786900633.687575 2222169 1706006 3538 2109 0 2217548 0 846353
1786900634.687546 2222169 1706006 3538 2109 0 2217548 0 846353
1786900635.687645 2222169 1706006 3538 2109 0 2217548 0 846353
1786900636.687838 2222169 1706006 3538 2109 0 2217548 0 846353
1786900637.687773 2222169 1706006 3538 2109 0 2217548 0 846353
1786900638.687788 2222169 1706006 3538 2109 0 2217548 0 846353
1786900639.687804 2222169 1706006 3538 2109 0 2217548 0 846353
1786900640.687481 2222169 1706006 3538 2109 0 2217548 0 846353
1786900641.687455 2222169 1706006 3538 2109 0 2217548 0 846353
1786900642.687427 2222169 1706006 3538 2109 0 2217548 0 846353
1786900643.687753 2222169 1706006 3538 2109 0 2217548 0 846353
1786900644.688142 2222169 1706006 3538 2109 0 2217548 0 846353
1786900645.687618 2222169 1706006 3538 2109 0 2217548 0 846353
1786900646.687572 2222169 1706006 3538 2109 0 2217548 0 846353
1786900647.687507 2222169 1706006 3538 2109 0 2217548 0 846353
1786900648.687596 2222169 1706006 3538 2109 0 2217548 0 846353
1786900649.688222 2222169 1706006 3538 2109 0 2217548 0 846353
1786900650.687969 2222169 1706006 3538 2109 0 2217548 0 846353
1786900651.687486 2222169 1706006 3538 2109 0 2217548 0 846353
1786900652.687862 2222169 1706006 3538 2109 0 2217548 0 846353
1786900653.687880 2222169 1706006 3538 2109 0 2217548 0 846353
1786900654.687836 2222169 1706006 3538 2109 0 2217548 0 846353
1786900655.687636 2222169 1706006 3538 2109 0 2217548 0 846353
1786900656.687534 2222169 1706006 3538 2109 0 2217548 0 846353
1786900657.687520 2222169 1706006 3538 2109 0 2217548 0 846353
1786900658.687706 2222169 1706006 3538 2109 0 2217548 0 846353
1786900659.687528 2222169 1706006 3538 2109 0 2217548 0 846353
1786900660.687700 2222169 1706006 3538 2109 0 2217548 0 846353
1786900661.687686 2222169 1706006 3538 2109 0 2217548 0 846353
1786900662.687648 2222169 1706006 3538 2109 0 2217548 0 846353
1786900663.687625 2222169 1706006 3538 2109 0 2217548 0 846353
1786900664.687718 2222169 1706006 3538 2109 0 2217548 0 846353
1786900665.687918 2222169 1706006 3538 2109 0 2217548 0 846353
1786900666.687476 2222169 1706006 3538 2109 0 2217548 0 846353
1786900667.687659 2222169 1706006 3538 2109 0 2217548 0 846353
1786900668.687631 2222169 1706006 3538 2109 0 2217548 0 846353
1786900669.687893 2222169 1706006 3538 2109 0 2217548 0 846353
1786900670.687642 2222169 1706006 3538 2109 0 2217548 0 846353
1786900671.687592 2222169 1706006 3538 2109 0 2217548 0 846353
1786900672.687857 2222169 1706006 3538 2109 0 2217548 0 846353
1786900673.687812 2222169 1706006 3538 2109 0 2217548 0 846353
1786900674.687776 2222169 1706006 3538 2109 0 2217548 0 846353
1786900675.687661 2222169 1706006 3538 2109 0 2217548 0 846353
1786900676.687767 2222169 1706006 3538 2109 0 2217548 0 846353
1786900677.687639 2222169 1706006 3538 2109 0 2217548 0 846353
1786900678.687675 2222169 1706006 3538 2109 0 2217548 0 846353
1786900679.687574 2222169 1706006 3538 2109 0 2217548 0 846353
1786900680.687767 2222169 1706006 3538 2109 0 2217548 0 846353
1786900681.687716 2222169 1706006 3538 2109 0 2217548 0 846353
1786900682.687685 2222169 1706006 3538 2109 0 2217548 0 846353
1786900683.687724 2222169 1706006 3538 2109 0 2217548 0 846353
1786900684.687790 2222169 1706006 3538 2109 0 2217548 0 846353
1786900685.687641 2222169 1706006 3538 2109 0 2217548 0 846353
1786900686.687631 2222169 1706006 3538 2109 0 2217548 0 846353
1786900687.687783 2222169 1706006 3538 2109 0 2217548 0 846353
1786900688.687708 2222169 1706006 3538 2109 0 2217548 0 846353
1786900689.687803 2222169 1706006 3538 2109 0 2217548 0 846353
1786900690.687771 2222169 1706006 3538 2109 0 2217548 0 846353
1786900691.687758 2222169 1706006 3538 2109 0 2217548 0 846353
1786900692.687706 2222169 1706006 3538 2109 0 2217548 0 846353
1786900693.687658 2222169 1706006 3538 2109 0 2217548 0 846353
1786900694.687626 2222169 1706006 3538 2109 0 2217548 0 846353
1786900695.687961 2222169 1706006 3538 2109 0 2217548 0 846353
1786900696.687773 2222169 1706006 3538 2109 0 2217548 0 846353
1786900697.687569 2222169 1706006 3538 2109 0 2217548 0 846353
1786900698.687692 2222169 1706006 3538 2109 0 2217548 0 846353
1786900699.687633 2222169 1706006 3538 2109 0 2217548 0 846353
1786900700.687554 2222169 1706006 3538 2109 0 2217548 0 846353
1786900701.687602 2222169 1706006 3538 2109 0 2217548 0 846353
1786900702.687832 2222169 1706006 3538 2109 0 2217548 0 846353
1786900703.650376 0 0 0 0 0 0 0 0
