# start_epoch=1787064609.637696  page_size=4096  cachestat=ok  fields=size,resident,shared,text,lib,data,dt,pagecache
1787064610.638023 262499 27635 7647 99 0 248506 0 1
1787064611.637992 262499 27635 7647 99 0 248506 0 1
1787064612.644566 3005383 120101 97522 99 0 277562 0 110210
1787064613.647399 3025988 121115 95654 99 0 280634 0 153460
1787064614.651108 3133868 185589 160124 99 0 280634 0 220811
1787064615.652332 3114548 153418 127952 99 0 280634 0 233892
1787064616.651227 3185836 198412 173116 99 0 280634 0 287935
1787064617.655448 3166656 154729 129429 99 0 280634 0 291273
1787064618.653914 3261155 204866 179566 99 0 280634 0 343604
1787064619.658751 3218623 155211 129915 99 0 280634 0 345510
1787064620.656021 3313080 199322 174216 99 0 280634 0 395423
1787064621.661937 3270656 154530 130478 99 0 280634 0 400661
1787064622.661325 3324632 180945 156052 99 0 280634 0 409542
1787064623.665314 3322733 153810 131057 99 0 280634 0 454576
1787064624.664818 3372881 155264 130432 99 0 280634 0 444914
1787064625.668975 4456279 169939 145070 99 0 280634 0 494115
1787064626.668431 3409425 146510 121644 99 0 280634 0 504452
1787064627.664297 3478803 187792 162932 99 0 280634 0 569085
1787064628.671650 3461541 146249 121873 99 0 280634 0 558101
1787064629.666633 3515479 180057 155650 99 0 280634 0 619455
1787064630.674895 3513523 146798 123911 99 0 280634 0 618702
1787064631.668294 3567408 180781 155775 99 0 280634 0 685483
1787064632.679043 3565510 151774 127814 99 0 280634 0 684365
1787064633.674880 3636761 196478 173662 99 0 280634 0 729291
1787064634.682344 3617555 154453 129876 99 0 280634 0 746279
1787064635.674761 3671473 181115 156538 99 0 280634 0 720708
1787064636.685970 3669578 155732 131915 99 0 280634 0 805150
1787064637.678591 3704246 144219 120371 99 0 280634 0 792800
1787064638.682298 3721593 157751 133900 99 0 280634 0 825364
1787064639.675227 3756360 144054 121298 99 0 280634 0 847742
1787064640.685427 4876282 181924 157395 99 0 280634 0 916181
1787064641.692336 3808280 147854 123267 99 0 280634 0 910732
1787064642.683699 3862245 178863 156073 99 0 280634 0 972145
1787064643.696165 3860347 149956 125356 99 0 280634 0 970585
1787064644.689896 3914340 180922 156319 99 0 280634 0 1030619
1787064645.699945 3912492 151193 126574 99 0 280634 0 1027094
1787064646.685613 3966454 181153 156542 99 0 280634 0 1085057
1787064647.702389 3964511 151150 127310 99 0 280634 0 1081440
1787064648.690455 4018473 180577 156724 99 0 280634 0 1129899
1787064649.707271 4016510 153235 129110 99 0 280634 0 1143306
1787064650.705485 4087852 198397 174292 99 0 280634 0 1172125
1787064651.710314 4068559 155987 131346 99 0 280634 0 1202960
1787064652.696239 4139840 199310 174668 99 0 280634 0 1208244
1787064653.712176 4120585 155516 130873 99 0 280634 0 1251891
1787064654.696830 4215134 199750 175277 99 0 280634 0 1260007
1787064655.714735 4172629 157741 133249 99 0 280634 0 1274957
1787064656.694090 4225575 148574 124119 99 0 284730 0 1269142
1787064657.694025 4169699 85077 60594 99 0 284730 0 1271720
1787064658.694327 4146047 59873 34143 99 0 287802 0 1257705
1787064659.694269 4170872 107952 84269 99 0 287802 0 1268664
1787064660.691949 4146047 110124 86441 99 0 287802 0 1227622
1787064661.692439 4146047 143993 120310 99 0 287802 0 1239922
1787064662.692971 4146047 179769 154299 99 0 287802 0 1252443
1787064663.695350 4146047 206831 183368 99 0 287802 0 1275176
1787064664.691793 4200166 267209 243746 99 0 287802 0 1221969
1787064665.692350 4146047 263979 239926 99 0 287802 0 1234108
1787064666.692846 4146047 297882 273829 99 0 287802 0 1246443
1787064667.693529 4146047 331377 307312 99 0 287802 0 1261093
1787064668.695111 4170873 366718 342653 99 0 287802 0 1275379
1787064669.692083 4146047 383250 359185 99 0 287802 0 1227672
1787064670.692356 4146047 416631 392566 99 0 287802 0 1239277
1787064671.693103 4146047 449593 425528 99 0 287802 0 1253215
1787064672.693043 4146042 60245 32293 99 0 287802 0 1251650
1787064673.694334 4146042 85181 59276 99 0 287802 0 1272044
1787064674.691716 4146042 109957 84051 99 0 287802 0 1221267
1787064675.692162 4146042 142891 116985 99 0 287802 0 1232035
1787064676.692772 4146042 176812 150906 99 0 287802 0 1244444
1787064677.693246 4146042 207092 183209 99 0 287802 0 1256812
1787064678.694862 4170868 258552 232827 99 0 287802 0 1266924
1787064679.693223 4146042 262855 237118 99 0 287802 0 1226917
1787064680.692555 4146042 297012 271221 99 0 287802 0 1239536
1787064681.693744 4146042 332712 304873 99 0 287802 0 1251551
1787064682.694050 4146042 357555 331965 99 0 287802 0 1272142
1787064683.691937 4146042 382333 356742 99 0 287802 0 1221028
1787064684.692444 4146042 414982 390508 99 0 287802 0 1233181
1787064685.693373 4146042 449745 424156 99 0 287802 0 1245188
1787064686.693007 4146036 57005 29327 99 0 287802 0 1249127
1787064687.693547 4146036 84378 59103 99 0 287802 0 1263189
1787064688.694139 4170862 132404 108700 99 0 287802 0 1275404
1787064689.692174 4146036 135694 112098 99 0 287802 0 1226894
1787064690.692312 4146036 171140 145735 99 0 287802 0 1238971
1787064691.693269 4146036 207094 179640 99 0 287802 0 1251308
1787064692.694885 4146036 233226 207820 99 0 287802 0 1271144
1787064693.691953 4200155 303506 278097 99 0 287802 0 1221294
1787064694.691948 4146036 289206 263801 99 0 287802 0 1230963
1787064695.692578 4146036 322647 297238 99 0 287802 0 1242677
1787064696.693471 4146036 357183 330420 99 0 287802 0 1254026
1787064697.693160 4170221 398649 373248 99 0 287802 0 1249831
1787064698.693027 4173940 67087 34172 99 0 315706 0 1250340
1787064699.693001 4190836 66534 34220 99 0 332602 0 1256296
1787064700.692911 4190836 94300 59013 99 0 332602 0 1250341
1787064701.691680 4193908 88400 59013 99 0 335674 0 1221048
1787064702.716269 4223201 123411 90021 99 0 335674 0 1251878
1787064703.692340 4193908 120819 92690 99 0 335674 0 1235365
1787064704.720495 4223201 156362 124960 99 0 335674 0 1253970
1787064705.692964 4193908 156402 127574 99 0 335674 0 1248980
1787064706.720963 4223201 190100 158932 99 0 335674 0 1255735
1787064707.693259 4193908 185838 158211 99 0 335674 0 1250346
1787064708.693238 4193908 190249 158211 99 0 335674 0 1256248
1787064709.694167 4193908 215558 183017 99 0 335674 0 1250348
1787064710.693132 4193908 214796 183017 99 0 335674 0 1256330
1787064711.698127 4193908 243699 207816 99 0 335674 0 1250349
1787064712.692028 4193908 235764 207816 99 0 335674 0 1221056
1787064713.721878 4223201 270653 238334 99 0 335674 0 1251800
1787064714.692088 4193908 266151 239729 99 0 335674 0 1232953
1787064715.759166 4223201 302631 270319 99 0 335674 0 1253591
1787064716.695585 4193908 299440 271516 99 0 335674 0 1242326
1787064717.711825 4223201 333303 302042 99 0 335674 0 1254571
1787064718.692868 4193908 332241 303536 99 0 335674 0 1252207
1787064719.731889 4223201 364930 333278 99 0 335674 0 1256102
1787064720.692853 4193908 360686 331821 99 0 335674 0 1250356
1787064721.693000 4193908 362292 331821 99 0 335674 0 1256266
1787064722.693421 4193908 387665 356627 99 0 335674 0 1250357
1787064723.692909 4193908 387573 356627 99 0 335674 0 1256331
1787064724.695733 4193908 417501 381426 99 0 335674 0 1250358
1787064725.691839 4232695 445947 418795 99 0 335674 0 1221214
1787064726.730607 4223201 441469 410712 99 0 335674 0 1251594
1787064727.691938 4193908 436843 410499 99 0 335674 0 1229120
1787064728.742013 4216385 468246 438449 99 0 335674 0 1247604
1787064729.679227 3875970 47703 22344 99 0 335674 0 914152
1787064730.718099 3911663 89449 52285 99 0 342074 0 935209
1787064731.679015 3882370 87114 54277 99 0 342074 0 923818
1787064732.695691 3914735 123789 85498 99 0 345146 0 936687
1787064733.679399 3885442 123112 87365 99 0 345146 0 935019
1787064734.704971 3918319 156237 118234 99 0 348730 0 938298
1787064735.680742 3889026 151005 115301 99 0 348730 0 932431
1787064736.682386 3889026 152636 115301 99 0 348730 0 938389
1787064737.679303 3889026 179001 140094 99 0 348730 0 932432
1787064738.680741 3889026 173039 140094 99 0 348730 0 904163
1787064739.738435 3918319 207650 170117 99 0 348730 0 934250
1787064740.678494 3889026 207227 174075 99 0 348730 0 918148
1787064741.697501 3918319 245400 206544 99 0 348730 0 936163
1787064742.682336 3889026 245895 209583 99 0 348730 0 932497
1787064743.731011 3918319 277908 240500 99 0 348730 0 938304
1787064744.679177 3889026 272336 239289 99 0 348730 0 932438
1787064745.679341 3889026 276479 239289 99 0 348730 0 938356
1787064746.679101 3889026 301808 264092 99 0 348730 0 932439
1787064747.681801 3889026 301579 264092 99 0 348730 0 937960
1787064748.746785 3918319 325168 289181 99 0 348730 0 933182
1787064749.678178 3889026 324944 291677 99 0 348730 0 909483
1787064750.742340 3918319 360778 323122 99 0 348730 0 935058
1787064751.678725 3889026 359226 325915 99 0 348730 0 922258
1787064752.745061 3918319 395573 357568 99 0 348730 0 937015
1787064753.679327 3889026 393417 359442 99 0 348730 0 934081
1787064754.723592 3918319 426850 390039 99 0 348730 0 938312
1787064755.680188 3889026 422941 388098 99 0 348730 0 932446
1787064756.679514 3889026 424474 388098 99 0 348730 0 938372
1787064757.679817 3889026 449784 412891 99 0 348730 0 932447
1787064758.682628 3889026 448575 412891 99 0 348730 0 937968
1787064759.725495 3911402 474758 438775 99 0 348730 0 927995
1787064760.669585 3614955 98377 66535 99 0 348730 0 629086
1787064761.709642 3600460 88060 50785 99 0 348730 0 615135
1787064762.664465 3571167 84276 53342 99 0 348730 0 593135
1787064763.687146 3600460 120871 83007 99 0 348730 0 616662
1787064764.664900 3571167 113911 83109 99 0 348730 0 599906
1787064765.707404 3600460 146463 112774 99 0 348730 0 617651
1787064766.665045 3571167 143124 113749 99 0 348730 0 607774
1787064767.708837 3600460 176431 143478 99 0 348730 0 618811
1787064768.665528 3571167 175181 144782 99 0 348730 0 616233
1787064769.700664 3600460 206024 174239 99 0 348730 0 620014
1787064770.665290 3571167 201386 171552 99 0 348730 0 614599
1787064771.665583 3571167 204626 171552 99 0 348730 0 620499
1787064772.665295 3571167 229925 196347 99 0 348730 0 614601
1787064773.666024 3571167 229134 196347 99 0 348730 0 620577
1787064774.670714 3571167 254139 221142 99 0 348730 0 614602
1787064775.667711 3571167 250361 222682 99 0 348730 0 587398
1787064776.709629 3600460 286175 252939 99 0 348730 0 615933
1787064777.664544 3571167 281912 253959 99 0 348730 0 596181
1787064778.679597 3604044 316430 284120 99 0 352314 0 617190
1787064779.665084 3574751 311230 284669 99 0 352314 0 604197
1787064780.701670 3604044 348067 314126 99 0 352314 0 618258
1787064781.665314 3574751 347037 315660 99 0 352314 0 612546
1787064782.709245 3604044 379118 346109 99 0 352314 0 619669
1787064783.665573 3574751 373810 345156 99 0 352314 0 614608
1787064784.668780 3574751 377055 345156 99 0 352314 0 620500
1787064785.666086 3574751 403708 369956 99 0 352314 0 614610
1787064786.665585 3574751 401586 369956 99 0 352314 0 620570
1787064787.665167 3574751 431300 394744 99 0 352314 0 614611
1787064788.664134 3574751 421915 394744 99 0 352314 0 585318
1787064789.689336 3593577 453244 422322 99 0 352314 0 607724
1787064790.650980 3283057 66353 38993 99 0 356410 0 289531
1787064791.651300 3283057 120934 93574 99 0 356410 0 289531
1787064792.651238 3283057 177281 149921 99 0 356410 0 289531
1787064793.651257 3283057 232146 204786 99 0 356410 0 289531
1787064794.651445 3283057 288400 261040 99 0 356410 0 289531
1787064795.651152 3287154 324722 297378 99 0 360506 0 289531
1787064796.651565 3287154 324722 297378 99 0 360506 0 289531
1787064797.651302 3287154 324722 297378 99 0 360506 0 289531
1787064798.651266 3287154 324722 297378 99 0 360506 0 289531
1787064799.651400 3287154 324722 297378 99 0 360506 0 289531
1787064800.651161 3291251 324693 297378 99 0 364602 0 289531
1787064801.651340 3291251 324693 297378 99 0 364602 0 289531
1787064802.651181 3291251 324693 297378 99 0 364602 0 289531
1787064803.651103 3291251 324693 297378 99 0 364602 0 289531
1787064804.651415 3291251 324693 297378 99 0 364602 0 289531
1787064805.651310 3295348 324656 297378 99 0 368698 0 289531
1787064806.651239 3295348 324656 297378 99 0 368698 0 289531
1787064807.651220 3295348 324656 297378 99 0 368698 0 289531
1787064808.651257 3295348 324656 297378 99 0 368698 0 289531
1787064809.651165 3295348 324656 297378 99 0 368698 0 289531
1787064810.651189 3295348 324656 297378 99 0 368698 0 289531
1787064811.651036 3295348 324656 297378 99 0 368698 0 289531
1787064812.651180 3295348 324656 297378 99 0 368698 0 289531
1787064813.651314 3295348 324656 297378 99 0 368698 0 289531
1787064814.651285 3295348 324656 297378 99 0 368698 0 289531
1787064815.651270 3295348 324656 297378 99 0 368698 0 289531
1787064816.651040 3295348 324656 297378 99 0 368698 0 289531
1787064817.651258 3295348 324656 297378 99 0 368698 0 289531
1787064818.651184 3295348 324656 297378 99 0 368698 0 289531
1787064819.651132 3295348 324656 297378 99 0 368698 0 289531
1787064820.651179 3295348 324656 297378 99 0 368698 0 289531
1787064821.651219 3295348 324656 297378 99 0 368698 0 289531
1787064822.651301 3295348 324656 297378 99 0 368698 0 289531
1787064823.651247 3295348 324656 297378 99 0 368698 0 289531
1787064824.651023 3295348 324656 297378 99 0 368698 0 289531
1787064825.651204 3295348 324656 297378 99 0 368698 0 289531
1787064826.651161 3295348 324656 297378 99 0 368698 0 289531
1787064827.651039 3295348 324656 297378 99 0 368698 0 289531
1787064828.651202 3295348 324656 297378 99 0 368698 0 289531
1787064829.651267 3295348 324656 297378 99 0 368698 0 289531
1787064830.651240 3295348 324656 297378 99 0 368698 0 289531
1787064831.651153 3295348 324656 297378 99 0 368698 0 289531
1787064832.651217 3295348 324656 297378 99 0 368698 0 289531
1787064833.651199 3295348 324656 297378 99 0 368698 0 289531
1787064834.651119 3295348 324656 297378 99 0 368698 0 289531
1787064835.651016 3295348 324656 297378 99 0 368698 0 289531
1787064836.651187 3295348 324656 297378 99 0 368698 0 289531
1787064837.651425 3295348 324656 297378 99 0 368698 0 289531
1787064838.651185 3295348 324656 297378 99 0 368698 0 289531
1787064839.651134 3295348 324656 297378 99 0 368698 0 289531
1787064840.651093 3295348 324656 297378 99 0 368698 0 289531
1787064841.651224 3295348 324656 297378 99 0 368698 0 289531
1787064842.651202 3295348 324656 297378 99 0 368698 0 289531
1787064843.651062 3295348 324656 297378 99 0 368698 0 289531
1787064844.651074 3295348 324656 297378 99 0 368698 0 289531
1787064845.651134 3295348 324656 297378 99 0 368698 0 289531
1787064846.651248 3295348 324656 297378 99 0 368698 0 289531
1787064847.651237 3295348 324656 297378 99 0 368698 0 289531
1787064848.651478 3295348 324656 297378 99 0 368698 0 289531
1787064849.651277 3295348 324656 297378 99 0 368698 0 289531
1787064850.651008 3295348 324656 297378 99 0 368698 0 289531
1787064851.651078 3295348 324656 297378 99 0 368698 0 289531
1787064852.651250 3295348 324656 297378 99 0 368698 0 289531
1787064853.651156 3295348 324656 297378 99 0 368698 0 289531
1787064854.651275 3295348 324656 297378 99 0 368698 0 289531
1787064855.651219 3295348 324656 297378 99 0 368698 0 289531
1787064856.651311 3295348 324656 297378 99 0 368698 0 289531
1787064857.651255 3295348 324656 297378 99 0 368698 0 289531
1787064858.651176 3295348 324656 297378 99 0 368698 0 289531
1787064859.650962 3295348 324656 297378 99 0 368698 0 289531
1787064860.651236 3295348 324656 297378 99 0 368698 0 289531
1787064861.651148 3295348 324656 297378 99 0 368698 0 289531
1787064862.651090 3295348 324656 297378 99 0 368698 0 289531
1787064863.651093 3295348 324656 297378 99 0 368698 0 289531
1787064864.651310 3295348 324656 297378 99 0 368698 0 289531
1787064865.651212 3295348 324656 297378 99 0 368698 0 289531
1787064866.651188 3295348 324731 297378 99 0 368698 0 289531
1787064867.650968 3295348 324731 297378 99 0 368698 0 289531
1787064868.651260 3295348 324731 297378 99 0 368698 0 289531
1787064869.651297 3295348 324731 297378 99 0 368698 0 289531
1787064870.651093 3295348 324731 297378 99 0 368698 0 289531
1787064871.651355 3295348 324731 297378 99 0 368698 0 289531
1787064872.651499 3295348 324731 297378 99 0 368698 0 289531
1787064873.651204 3295348 324731 297378 99 0 368698 0 289531
1787064874.650995 3295348 324731 297378 99 0 368698 0 289531
1787064875.651143 3295348 324731 297378 99 0 368698 0 289531
1787064876.651296 3295348 324731 297378 99 0 368698 0 289531
1787064877.651185 3295348 324731 297378 99 0 368698 0 289531
1787064878.651146 3295348 324731 297378 99 0 368698 0 289531
1787064879.651358 3295348 324731 297378 99 0 368698 0 289531
1787064880.651302 3295348 324731 297378 99 0 368698 0 289531
1787064881.651159 3295348 324731 297378 99 0 368698 0 289531
1787064882.651207 3295348 324731 297378 99 0 368698 0 289531
1787064883.651205 3295348 324731 297378 99 0 368698 0 289531
1787064884.651254 3295348 324731 297378 99 0 368698 0 289531
1787064885.651243 3295348 324731 297378 99 0 368698 0 289531
1787064886.651245 3295348 324731 297378 99 0 368698 0 289531
1787064887.651451 3295348 324888 297378 99 0 368698 0 289531
1787064888.651346 3295348 324888 297378 99 0 368698 0 289531
1787064889.651184 3295348 324888 297378 99 0 368698 0 289531
1787064890.651345 3295348 324888 297378 99 0 368698 0 289531
1787064891.651131 3295348 324888 297378 99 0 368698 0 289531
1787064892.651245 3295348 324888 297378 99 0 368698 0 289531
1787064893.651158 3295348 324888 297378 99 0 368698 0 289531
1787064894.651214 3295348 324878 297378 99 0 368698 0 289531
1787064895.651102 3295348 324878 297378 99 0 368698 0 289531
