# start_epoch=1787064310.983069  page_size=4096  cachestat=ok  fields=size,resident,shared,text,lib,data,dt,pagecache
1787064311.983332 262499 28653 8666 99 0 248506 0 1
1787064312.983311 262499 28653 8666 99 0 248506 0 1
1787064313.986514 2932277 70485 50191 99 0 258106 0 57068
1787064314.988077 2955850 86197 65893 99 0 258106 0 83367
1787064315.992287 2979024 73375 53101 99 0 258106 0 115137
1787064316.991650 3002330 99316 79050 99 0 258106 0 147350
1787064317.992974 3025487 98901 78662 99 0 258106 0 171597
1787064318.994965 3061534 122974 102750 99 0 258106 0 212389
1787064319.997613 3107803 125393 105199 99 0 258106 0 239819
1787064320.998135 3142824 151481 131314 99 0 258106 0 262827
1787064322.000174 3179479 199983 179813 99 0 258106 0 297002
1787064323.003547 3215797 182223 162055 99 0 258106 0 337897
1787064324.001832 3223010 184727 164499 99 0 258106 0 339897
1787064325.001795 3223010 201003 180770 99 0 258106 0 339059
1787064326.003463 3193037 115566 95363 99 0 258106 0 337085
1787064327.005943 3241408 175230 155027 99 0 258106 0 382194
1787064328.004552 3248894 159630 139542 99 0 258106 0 380245
1787064329.005593 3285549 202442 182350 99 0 258106 0 403009
1787064330.005339 3243872 104317 84267 99 0 258106 0 390960
1787064331.010316 3347369 198762 178712 99 0 258106 0 468478
1787064332.013648 3383270 267362 247312 99 0 258106 0 508994
1787064333.008699 3345137 187017 166967 99 0 258106 0 467145
1787064334.009639 3345137 191889 171832 99 0 258106 0 472625
1787064335.007600 3345137 205837 185655 99 0 258106 0 476899
1787064336.012874 3390063 148084 127968 99 0 258106 0 524109
1787064337.014368 3396163 184875 164759 99 0 258106 0 552082
1787064338.018685 3468217 272490 252563 99 0 258106 0 592748
1787064339.013731 3421508 188595 168602 99 0 258106 0 543172
1787064340.014758 3462461 231283 209912 99 0 280122 0 575883
1787064341.015905 3479130 266268 244873 99 0 280122 0 597700
1787064342.024028 3551868 258223 236969 99 0 280122 0 680319
1787064343.016917 3431155 147389 126135 99 0 280122 0 556183
1787064344.049384 3479826 181905 160641 99 0 280122 0 606090
1787064345.055814 3488181 201412 180088 99 0 280122 0 607348
1787064346.020376 3479241 154804 133445 99 0 280122 0 582349
1787064347.022888 3549353 229863 208223 99 0 280762 0 663505
1787064348.022054 3551077 233245 210793 99 0 281658 0 653647
1787064349.037794 3573571 276163 251663 99 0 283194 0 676085
1787064350.027649 3642950 264723 240271 99 0 283194 0 739513
1787064351.021592 3527965 161175 136720 99 0 283194 0 637375
1787064352.023816 3577301 192732 168408 99 0 283194 0 672534
1787064353.063987 3579192 238030 212170 99 0 284730 0 713753
1787064354.022073 3611028 256124 230132 99 0 284730 0 704457
1787064355.023219 3636467 293454 267239 99 0 284730 0 735509
1787064356.033544 3684503 290840 264641 99 0 284730 0 814224
1787064357.028084 3574951 170737 144458 99 0 284730 0 695384
1787064358.039249 3634150 263829 237716 99 0 284730 0 758630
1787064359.039110 3641113 238895 212782 99 0 284730 0 746866
1787064360.028603 3655098 283951 257852 99 0 284730 0 763230
1787064361.036793 3712929 261380 235310 99 0 284730 0 836630
1787064362.034461 3780277 310753 284682 99 0 284730 0 859537
1787064363.029512 3661356 221122 195050 99 0 284730 0 766376
1787064364.041943 3659379 217060 192349 99 0 284730 0 773762
1787064365.045445 3659379 258775 233595 99 0 284730 0 773942
1787064366.032695 3716955 298754 275549 99 0 284730 0 820906
1787064367.033394 3791453 279120 254149 99 0 284730 0 854074
1787064368.030253 3667449 170235 145290 99 0 284730 0 781844
1787064369.060684 3732964 241316 218395 99 0 284730 0 816184
1787064370.030794 3716487 255216 231310 99 0 284730 0 820492
1787064371.029426 3748560 287746 263832 99 0 284730 0 852610
1787064372.031323 3668667 144391 120513 99 0 284730 0 792222
1787064373.035039 3744634 216269 193890 99 0 284730 0 857161
1787064374.036184 3759414 241088 218261 99 0 284730 0 874444
1787064375.042219 3780911 276201 251330 99 0 284730 0 887584
1787064376.041947 3780911 304312 279122 99 0 284730 0 908532
1787064377.032744 3755158 166621 143313 99 0 284730 0 873672
1787064378.033552 3794738 217125 193816 99 0 284730 0 894138
1787064379.038834 3823051 225269 201935 99 0 284730 0 921843
1787064380.057210 3831828 271195 247791 99 0 284730 0 938450
1787064381.062939 3814937 279803 256227 99 0 284730 0 934364
1787064382.067211 3856494 319204 296618 99 0 284730 0 984620
1787064383.038116 3915101 241417 217173 99 0 284730 0 967182
1787064384.039512 3774818 134868 112433 99 0 284730 0 891685
1787064385.040369 3809440 166318 143882 99 0 284730 0 928789
1787064386.041333 3844537 224094 200961 99 0 284730 0 966793
1787064387.061132 3872656 243121 218828 99 0 284730 0 968557
1787064388.072138 3893629 299404 275102 99 0 284730 0 1009624
1787064389.048171 3914473 330671 306351 99 0 284730 0 1000324
1787064390.048729 3991891 343215 319609 99 0 284730 0 1110780
1787064391.042795 3916962 226230 204196 99 0 284730 0 985000
1787064392.043710 3878340 213739 191611 99 0 284730 0 1000774
1787064393.046713 3897548 239188 214912 99 0 284730 0 1003292
1787064394.039871 3914066 277852 253569 99 0 284730 0 1016199
1787064395.070089 3914066 325918 301633 99 0 284730 0 1038115
1787064396.057409 3985448 261678 237396 99 0 284730 0 1115440
1787064397.041579 3937358 203074 179912 99 0 284730 0 1014201
1787064398.043245 3925036 198737 176339 99 0 284730 0 990106
1787064399.046199 3995809 280660 258259 99 0 284730 0 1039132
1787064400.065647 3969175 272350 247452 99 0 284730 0 1065240
1787064401.046559 3958050 262471 237556 99 0 284730 0 1052124
1787064402.042944 3975191 305016 280079 99 0 284730 0 1086523
1787064403.043870 3922769 170223 145302 99 0 284730 0 1026631
1787064404.044109 3968141 249090 224169 99 0 284730 0 1082851
1787064405.072766 4012147 277917 253686 99 0 284730 0 1122339
1787064406.076030 4009685 276438 252202 99 0 284730 0 1111825
1787064407.118946 4034307 320502 296264 99 0 284730 0 1154373
1787064408.051766 4034307 361536 337708 99 0 284730 0 1167239
1787064409.046230 3938306 126552 102732 99 0 284730 0 1049555
1787064410.050485 4014761 215509 191689 99 0 284730 0 1118728
1787064411.049718 4023974 195280 173567 99 0 284730 0 1114815
1787064412.056400 4088382 286698 262517 99 0 284730 0 1178227
1787064413.066256 4056905 294333 270136 99 0 284730 0 1153690
1787064414.069559 4059335 299949 276134 99 0 284730 0 1152584
1787064415.050585 3975972 158415 134252 99 0 284730 0 1101755
1787064416.053506 4061224 226889 202725 99 0 284730 0 1177455
1787064417.100097 4058977 209552 185406 99 0 284730 0 1172429
1787064418.065300 4073422 236801 212632 99 0 284730 0 1165729
1787064419.073697 4088216 285879 261706 99 0 284730 0 1178766
1787064420.060233 4187418 310512 287558 99 0 284730 0 1277080
1787064421.049312 4084297 192875 167083 99 0 284730 0 1178477
1787064422.051306 4100367 243951 218153 99 0 284730 0 1195300
1787064423.052235 4127022 312404 286606 99 0 284730 0 1227042
1787064424.057704 4153500 376655 352750 99 0 284730 0 1261396
1787064425.046563 3964121 44791 20884 99 0 284730 0 1053219
1787064426.051711 4045336 210418 186363 99 0 284730 0 1139916
1787064427.052722 4074209 332330 306336 99 0 284730 0 1162603
1787064428.058118 4174838 298549 273396 99 0 284730 0 1265926
1787064429.043819 3926312 81504 56322 99 0 284730 0 1032779
1787064430.045683 3945862 196900 171710 99 0 284730 0 1040885
1787064431.053553 4085748 282604 257405 99 0 284730 0 1171586
1787064432.042380 3901015 88523 63320 99 0 284730 0 995965
1787064433.044384 3929075 135466 110258 99 0 284730 0 1030768
1787064434.046038 3957145 222094 196884 99 0 284730 0 1069030
1787064435.048710 3974719 277505 251040 99 0 286522 0 1085942
1787064436.050281 4009565 338092 314070 99 0 286522 0 1114577
1787064437.051339 4009565 407671 381791 99 0 286522 0 1134529
1787064438.052294 4089234 497703 471823 99 0 286522 0 1150404
1787064439.054728 4096201 535555 509675 99 0 286522 0 1196364
1787064440.040828 4061727 320084 295944 99 0 286522 0 1152310
1787064441.054054 4087395 388165 362217 99 0 286522 0 1176150
1787064442.041554 3877721 192834 168783 99 0 286522 0 969383
1787064443.042729 3910558 254742 229572 99 0 286522 0 991920
1787064444.045629 3948243 323278 299439 99 0 286522 0 1039905
1787064445.045190 3948243 388357 363165 99 0 286522 0 1036485
1787064446.047156 3999473 445164 419953 99 0 286522 0 1079302
1787064447.047233 4032114 540232 516154 99 0 286522 0 1109604
1787064448.046400 3954148 310413 285643 99 0 286522 0 1049294
1787064449.046683 3971863 373483 347596 99 0 286522 0 1058353
1787064450.020943 3778142 114310 90243 99 0 286522 0 853009
1787064451.023486 3741630 78986 56144 99 0 286522 0 790553
1787064452.023418 3712349 88938 59103 99 0 299322 0 837938
1787064453.040831 3814301 148020 112208 99 0 345658 0 837599
1787064454.019238 3758690 105824 77503 99 0 345658 0 798991
1787064455.020234 3759330 145494 108303 99 0 346298 0 832128
1787064456.020488 3759330 145026 108303 99 0 346298 0 838116
1787064457.033741 3779927 159411 126987 99 0 346298 0 797378
1787064458.019303 3788679 182499 153799 99 0 346298 0 803074
1787064459.016843 3664846 89581 57035 99 0 346298 0 738589
1787064460.033465 3725065 139485 103644 99 0 350906 0 742010
1787064461.014448 3669454 104013 74363 99 0 350906 0 698255
1787064462.015925 3669454 148503 109851 99 0 350906 0 737650
1787064463.016156 3669454 146853 109851 99 0 350906 0 743514
1787064464.014771 3669454 158966 127259 99 0 350906 0 702637
1787064465.014641 3672526 159833 127259 99 0 353978 0 708809
1787064466.011709 3577932 85464 53737 99 0 353978 0 637507
1787064467.028017 3633543 133486 92314 99 0 353978 0 646024
1787064468.009959 3577932 104695 70009 99 0 353978 0 595749
1787064469.011982 3577932 148427 111385 99 0 353978 0 643062
1787064470.012201 3577932 153087 111385 99 0 353978 0 648876
1787064471.010532 3577932 166626 128809 99 0 353978 0 608049
1787064472.029121 3598529 186832 149121 99 0 353978 0 614017
1787064473.009474 3483263 84761 48060 99 0 353978 0 533302
1787064474.024611 3538874 119270 78237 99 0 353978 0 549843
1787064475.005394 3483263 97715 65852 99 0 353978 0 492786
1787064476.008065 3483263 147031 110988 99 0 353978 0 554865
1787064477.023678 3538874 202137 163901 99 0 353978 0 553948
1787064478.009639 3483263 158489 128428 99 0 353978 0 514626
1787064479.038064 3505104 180548 147954 99 0 353978 0 519328
1787064480.002560 3387637 71213 39170 99 0 353978 0 423737
1787064481.003620 3387637 110124 67346 99 0 353978 0 452776
1787064482.003854 3387637 108509 67346 99 0 353978 0 458707
1787064483.003362 3387637 139919 103298 99 0 353978 0 446800
1787064484.010489 3443248 181644 140435 99 0 353978 0 455699
1787064485.001263 3387637 152145 118610 99 0 353978 0 403756
1787064486.002919 3334072 87482 54437 99 0 353978 0 343604
1787064487.003148 3301352 103664 66469 99 0 353978 0 371840
1787064488.026461 3356963 153673 117798 99 0 353978 0 371738
1787064488.998411 3301352 112169 84069 99 0 353978 0 331992
1787064489.999634 3301352 152502 115829 99 0 353978 0 366497
1787064490.999997 3301352 153695 115829 99 0 353978 0 372527
1787064491.998286 3301352 172388 136549 99 0 353978 0 335384
1787064492.998531 3301352 169640 136549 99 0 353978 0 341501
1787064493.998063 3203538 87341 55327 99 0 353978 0 256774
1787064495.003953 3259149 131201 90904 99 0 353978 0 270901
1787064495.996327 3203538 106791 73711 99 0 353978 0 217904
1787064496.995337 3203538 153017 117407 99 0 353978 0 268689
1787064497.998791 3203538 158560 117407 99 0 353978 0 274558
1787064499.009359 3213534 164143 128091 99 0 353978 0 224061
1787064499.996435 3121285 63360 31279 99 0 353978 0 132714
1787064500.990933 3120355 77674 45615 99 0 358074 0 125803
1787064501.990881 3120355 106106 74047 99 0 358074 0 125803
1787064502.991270 3120355 134426 102367 99 0 358074 0 125803
1787064503.991062 3120355 159226 127167 99 0 358074 0 125803
1787064504.991242 3120355 166090 134031 99 0 358074 0 125803
1787064505.990945 3120355 166090 134031 99 0 358074 0 125803
1787064506.990152 3124452 166067 134031 99 0 362170 0 125803
1787064507.989025 3124452 166067 134031 99 0 362170 0 125803
1787064508.989215 3124452 166067 134031 99 0 362170 0 125803
1787064509.989027 3124452 166067 134031 99 0 362170 0 125803
1787064510.989029 3124452 166067 134031 99 0 362170 0 125803
1787064511.989247 3124452 166067 134031 99 0 362170 0 125803
1787064512.989245 3128549 166037 134031 99 0 366266 0 125803
1787064513.989387 3128549 166037 134031 99 0 366266 0 125803
1787064514.989100 3128549 166037 134031 99 0 366266 0 125803
1787064515.989283 3128549 166037 134031 99 0 366266 0 125803
1787064516.989167 3128549 166037 134031 99 0 366266 0 125803
1787064517.989185 3128549 166037 134031 99 0 366266 0 125803
1787064518.989170 3132646 166030 134031 99 0 370362 0 125803
1787064519.989022 3132646 166030 134031 99 0 370362 0 125803
1787064520.989028 3132646 166030 134031 99 0 370362 0 125803
1787064521.989190 3132646 166030 134031 99 0 370362 0 125803
1787064522.989264 3132646 166030 134031 99 0 370362 0 125803
1787064523.989218 3132646 166030 134031 99 0 370362 0 125803
1787064524.989180 3132646 166030 134031 99 0 370362 0 125803
1787064525.989154 3132646 166030 134031 99 0 370362 0 125803
1787064526.989058 3132646 166030 134031 99 0 370362 0 125803
1787064527.989177 3132646 166030 134031 99 0 370362 0 125803
1787064528.989087 3132646 166030 134031 99 0 370362 0 125803
1787064529.989086 3132646 166030 134031 99 0 370362 0 125803
1787064530.990177 3132646 166030 134031 99 0 370362 0 125803
1787064531.990139 3132646 166030 134031 99 0 370362 0 125803
1787064532.990161 3132646 166030 134031 99 0 370362 0 125803
1787064533.990134 3132646 166030 134031 99 0 370362 0 125803
1787064534.990142 3132646 166030 134031 99 0 370362 0 125803
1787064535.990186 3132646 166030 134031 99 0 370362 0 125803
1787064536.990164 3132646 166030 134031 99 0 370362 0 125803
1787064537.990131 3132646 166030 134031 99 0 370362 0 125803
1787064538.990132 3132646 166030 134031 99 0 370362 0 125803
1787064539.990194 3132646 166030 134031 99 0 370362 0 125803
1787064540.990185 3132646 166030 134031 99 0 370362 0 125803
1787064541.990171 3132646 166030 134031 99 0 370362 0 125803
1787064542.990153 3132646 166030 134031 99 0 370362 0 125803
1787064543.990127 3132646 166030 134031 99 0 370362 0 125803
1787064544.990191 3132646 166030 134031 99 0 370362 0 125803
1787064545.990141 3132646 166030 134031 99 0 370362 0 125803
1787064546.990139 3132646 166030 134031 99 0 370362 0 125803
1787064547.990140 3132646 166030 134031 99 0 370362 0 125803
1787064548.990146 3132646 166030 134031 99 0 370362 0 125803
1787064549.990143 3132646 166030 134031 99 0 370362 0 125803
1787064550.990202 3132646 166030 134031 99 0 370362 0 125803
1787064551.990190 3132646 166030 134031 99 0 370362 0 125803
1787064552.990197 3132646 166030 134031 99 0 370362 0 125803
1787064553.990091 3132646 166030 134031 99 0 370362 0 125803
1787064554.990145 3132646 166030 134031 99 0 370362 0 125803
1787064555.990097 3132646 166030 134031 99 0 370362 0 125803
1787064556.990177 3132646 166030 134031 99 0 370362 0 125803
1787064557.990102 3132646 166030 134031 99 0 370362 0 125803
1787064558.990172 3132646 166030 134031 99 0 370362 0 125803
1787064559.989058 3132646 166320 134031 99 0 370362 0 125803
1787064560.989286 3132646 166320 134031 99 0 370362 0 125803
1787064561.989102 3132646 166320 134031 99 0 370362 0 125803
1787064562.989137 3132646 166320 134031 99 0 370362 0 125803
1787064563.989160 3132646 166320 134031 99 0 370362 0 125803
1787064564.989168 3132646 166320 134031 99 0 370362 0 125803
1787064565.989280 3132646 166320 134031 99 0 370362 0 125803
1787064566.989088 3132646 166320 134031 99 0 370362 0 125803
1787064567.989138 3132646 166320 134031 99 0 370362 0 125803
1787064568.989104 3132646 166320 134031 99 0 370362 0 125803
1787064569.989275 3132646 166641 134031 99 0 370362 0 125803
1787064570.989380 3132646 166641 134031 99 0 370362 0 125803
1787064571.989077 3132646 166641 134031 99 0 370362 0 125803
1787064572.989084 3132646 166641 134031 99 0 370362 0 125803
1787064573.989258 3132646 166641 134031 99 0 370362 0 125803
1787064574.989198 3132646 166641 134031 99 0 370362 0 125803
1787064575.989043 3132646 166641 134031 99 0 370362 0 125803
1787064576.989177 3132646 166641 134031 99 0 370362 0 125803
1787064577.989315 3132646 166641 134031 99 0 370362 0 125803
1787064578.989224 3132646 166641 134031 99 0 370362 0 125803
1787064579.989065 3132646 166641 134031 99 0 370362 0 125803
1787064580.989349 3132646 166641 134031 99 0 370362 0 125803
1787064581.989198 3132646 166641 134031 99 0 370362 0 125803
1787064582.989115 3132646 166641 134031 99 0 370362 0 125803
1787064583.989043 3132646 166641 134031 99 0 370362 0 125803
1787064584.989123 3132646 166641 134031 99 0 370362 0 125803
1787064585.989156 3132646 166641 134031 99 0 370362 0 125803
1787064586.989165 3132646 166641 134031 99 0 370362 0 125803
1787064587.988991 3132646 166641 134031 99 0 370362 0 125803
1787064588.990113 3132646 166641 134031 99 0 370362 0 125803
1787064589.990128 3132646 166641 134031 99 0 370362 0 125803
1787064590.990110 3132646 166926 134031 99 0 370362 0 125803
1787064591.989125 3132646 166908 134031 99 0 370362 0 125803
1787064592.989115 3132646 166908 134031 99 0 370362 0 125803
