# start_epoch=1787063189.254612  page_size=4096  cachestat=ok  fields=size,resident,shared,text,lib,data,dt,pagecache
1787063190.254892 262499 27625 7638 99 0 248506 0 1
1787063191.254830 262499 27625 7638 99 0 248506 0 1
1787063192.261916 2932277 73221 53112 99 0 258106 0 71440
1787063193.260638 2955795 94383 74289 99 0 258106 0 93401
1787063194.260679 2965849 43209 23141 99 0 258106 0 101848
1787063195.266469 3053426 108924 88856 99 0 258106 0 150400
1787063196.268333 3062084 143230 123200 99 0 258106 0 195798
1787063197.271553 3098131 153339 133308 99 0 258106 0 232866
1787063198.268332 3107739 139533 119548 99 0 258106 0 239279
1787063199.274713 3142929 163136 143160 99 0 258106 0 285779
1787063200.271807 3179572 197515 177539 99 0 258106 0 300064
1787063201.273074 3157865 114467 94499 99 0 258106 0 305282
1787063202.274364 3199564 166512 146544 99 0 258106 0 327224
1787063203.273034 3207065 163120 143149 99 0 258106 0 330519
1787063204.275676 3216404 122539 102599 99 0 258106 0 348189
1787063205.279815 3298871 222481 202541 99 0 258106 0 418216
1787063206.276658 3286087 193514 173713 99 0 258106 0 401473
1787063207.273603 3286087 207071 187310 99 0 258106 0 403843
1787063208.280645 3306239 171381 151632 99 0 258106 0 430018
1787063209.284068 3341340 214479 194730 99 0 258106 0 488944
1787063210.284757 3353993 267354 247604 99 0 258106 0 498909
1787063211.280026 3343323 186178 166590 99 0 258106 0 460704
1787063212.280185 3343323 188724 169134 99 0 258106 0 466108
1787063213.283478 3328575 115813 96260 99 0 258106 0 476977
1787063214.287382 3397444 195104 175551 99 0 258106 0 549485
1787063215.283158 3438894 234444 214887 99 0 258106 0 580441
1787063216.313262 3418018 194106 173386 99 0 280122 0 542953
1787063217.292943 3539226 244100 223368 99 0 280122 0 631802
1787063218.288714 3467010 203430 182697 99 0 280122 0 562782
1787063219.291622 3469826 248149 226186 99 0 281658 0 614289
1787063220.297567 3481715 229354 205854 99 0 283194 0 585399
1787063221.287771 3501953 259376 235876 99 0 283194 0 601533
1787063222.290811 3539264 310254 286748 99 0 283194 0 652142
1787063223.288561 3452721 136252 112738 99 0 283194 0 561358
1787063224.290420 3498566 153750 130930 99 0 283194 0 595398
1787063225.331923 3542491 218346 193986 99 0 284730 0 654300
1787063226.327280 3523434 225480 201120 99 0 284730 0 655034
1787063227.295911 3525124 162904 138574 99 0 284730 0 630655
1787063228.307124 3566909 237485 213155 99 0 284730 0 651172
1787063229.312147 3607887 274073 249741 99 0 284730 0 717621
1787063230.313736 3610519 270546 246283 99 0 284730 0 722000
1787063231.314477 3610519 317305 293039 99 0 284730 0 737395
1787063232.306603 3684658 250094 227814 99 0 284730 0 812108
1787063233.325076 3754250 361942 339659 99 0 284730 0 880178
1787063234.314749 3861203 470177 448948 99 0 284730 0 989879
1787063235.329964 3955073 587625 567727 99 0 284730 0 1061634
1787063236.308490 3625627 214726 194152 99 0 284730 0 730220
1787063237.312010 3644421 258033 236727 99 0 284730 0 757398
1787063238.301704 3740982 268160 246849 99 0 284730 0 821422
1787063239.315848 4695648 170102 148787 99 0 284730 0 718203
1787063240.292296 3698184 252047 230732 99 0 284730 0 790869
1787063241.302161 3670204 228862 205400 99 0 284730 0 766958
1787063242.316896 3688304 266160 242696 99 0 284730 0 799214
1787063243.299835 3688304 310074 286606 99 0 284730 0 810888
1787063244.299714 3651693 113555 90145 99 0 284730 0 755550
1787063245.309234 3738573 216576 193165 99 0 284730 0 791000
1787063246.305791 3725436 218119 194708 99 0 284730 0 821555
1787063247.305640 3732793 224180 200758 99 0 284730 0 823590
1787063248.316384 3751551 270522 248182 99 0 284730 0 851265
1787063249.316420 3826796 286230 263328 99 0 286522 0 956665
1787063250.316642 3900974 385269 362364 99 0 286522 0 1026307
1787063251.307775 3767005 210168 187263 99 0 286522 0 876214
1787063252.309020 3810850 265700 242794 99 0 286522 0 905144
1787063253.317477 3789603 238569 216932 99 0 286522 0 887014
1787063254.334953 3813735 291943 270283 99 0 286522 0 941256
1787063255.314730 3838595 335534 312600 99 0 286522 0 954198
1787063256.317331 3948935 340407 320347 99 0 286522 0 1062705
1787063257.305324 3768524 173058 152261 99 0 286522 0 846016
1787063258.308088 3781393 194777 173980 99 0 286522 0 889196
1787063259.311505 3820405 238525 217482 99 0 286522 0 938845
1787063260.310004 3861435 285583 262374 99 0 286522 0 963279
1787063261.326227 3860556 271668 248428 99 0 286522 0 958513
1787063262.335054 3929530 288156 264944 99 0 286522 0 1070638
1787063263.324781 3991175 354768 331554 99 0 286522 0 1043115
1787063264.314830 3872048 267204 243990 99 0 286522 0 993148
1787063265.328718 3891642 241619 220297 99 0 286522 0 964474
1787063266.329689 3896485 267467 246140 99 0 286522 0 1000593
1787063267.318000 3960522 273038 252079 99 0 286522 0 1103602
1787063268.329741 4027013 378330 357356 99 0 286522 0 1149574
1787063269.315485 3943154 252310 232529 99 0 286522 0 1063661
1787063270.316760 3933570 235759 215118 99 0 286522 0 1029687
1787063271.341044 3961871 301546 278884 99 0 286522 0 1071360
1787063272.342743 3943241 289786 267120 99 0 286522 0 1067916
1787063273.346626 3960339 328747 307920 99 0 286522 0 1079064
1787063274.339657 4009820 264219 242027 99 0 286522 0 1126607
1787063275.314865 3881613 142701 120508 99 0 286522 0 997757
1787063276.319193 3944955 205669 185287 99 0 286522 0 1057553
1787063277.322266 4000460 271230 250859 99 0 286522 0 1114371
1787063278.318690 3973146 227565 207176 99 0 286522 0 1074282
1787063279.340682 3992201 276815 254609 99 0 286522 0 1096698
1787063280.316667 3916643 128086 105929 99 0 286522 0 1032859
1787063281.319467 3959312 215861 193704 99 0 286522 0 1074703
1787063282.323952 4033078 267686 245728 99 0 286522 0 1146349
1787063283.338278 4034789 266417 244396 99 0 286522 0 1123970
1787063284.345793 4022847 273675 251661 99 0 286522 0 1126102
1787063285.322443 4042392 315719 293760 99 0 286522 0 1158365
1787063286.320887 3990729 174002 153922 99 0 286522 0 1097760
1787063287.322725 4029216 235811 215731 99 0 286522 0 1127469
1787063288.325538 4082893 290065 268114 99 0 286522 0 1179958
1787063289.344046 4049809 245813 225999 99 0 286522 0 1135900
1787063290.348717 4062271 285656 264917 99 0 286522 0 1174902
1787063291.351838 4082925 334483 312619 99 0 286522 0 1210833
1787063292.320430 4015048 159386 137543 99 0 286522 0 1085511
1787063293.321020 4020070 174668 152822 99 0 286522 0 1108861
1787063294.322179 3990596 178103 156257 99 0 286522 0 1121514
1787063295.390560 4066746 232063 208871 99 0 286522 0 1201083
1787063296.321266 4074379 253811 229904 99 0 286522 0 1164061
1787063297.322755 4097962 294488 270602 99 0 286522 0 1206992
1787063298.319720 4025009 151785 130153 99 0 286522 0 1096341
1787063299.321651 4022968 141196 119564 99 0 286522 0 1119089
1787063300.318867 3995172 115496 91045 99 0 286522 0 1080513
1787063301.322038 4032246 189849 165391 99 0 286522 0 1125351
1787063302.319691 3985911 123815 99334 99 0 286522 0 1079998
1787063303.320206 3993626 138918 114401 99 0 286522 0 1094363
1787063304.315947 3962937 159922 137260 99 0 286522 0 1044289
1787063305.318200 4009795 280284 258814 99 0 286522 0 1077412
1787063306.321944 4027247 383014 361400 99 0 286522 0 1126462
1787063307.332098 4183288 373487 351017 99 0 286522 0 1288477
1787063308.315162 3904252 74984 52076 99 0 286522 0 1002654
1787063309.319325 3968959 186075 162425 99 0 286522 0 1080401
1787063310.317018 3955183 156855 132953 99 0 286522 0 1052652
1787063311.317029 3955183 219989 196083 99 0 286522 0 1043316
1787063312.320772 4002146 298778 274180 99 0 286522 0 1098721
1787063313.321231 4022154 357308 332693 99 0 286522 0 1115251
1787063314.323802 4092512 449496 425126 99 0 286522 0 1181238
1787063315.323511 4092512 510483 486099 99 0 286522 0 1179303
1787063316.321690 4010445 290792 266408 99 0 286522 0 1110545
1787063317.313284 3830853 135465 111004 99 0 286522 0 932618
1787063318.313649 3843091 157946 133466 99 0 286522 0 946514
1787063319.311338 3862729 172324 149094 99 0 286522 0 953051
1787063320.311895 3862729 239221 214676 99 0 286522 0 954148
1787063321.313886 3895530 304370 280297 99 0 286522 0 981787
1787063322.314192 3895600 366617 342511 99 0 286522 0 989116
1787063323.314489 3914313 426595 403095 99 0 286522 0 997882
1787063324.311903 3881566 469448 444592 99 0 286522 0 967088
1787063325.319101 4026104 549707 524826 99 0 286522 0 1079323
1787063326.321586 4026811 595564 570790 99 0 286522 0 1128796
1787063327.308106 4045305 619936 597185 99 0 286522 0 1129519
1787063328.302503 3713890 60606 37248 99 0 286522 0 801156
1787063329.295179 3752902 116267 91787 99 0 286522 0 841064
1787063330.289115 3703577 37578 13094 99 0 290618 0 776480
1787063331.289492 3703577 37709 13094 99 0 290618 0 776480
1787063332.290012 3703577 37709 13094 99 0 290618 0 776480
1787063333.289019 3703577 37709 13094 99 0 290618 0 776480
1787063334.291877 3707674 37706 13094 99 0 294714 0 776480
1787063335.289591 3707674 37706 13094 99 0 294714 0 776480
1787063336.290162 3707674 37706 13094 99 0 294714 0 776480
1787063337.289740 3707674 37706 13094 99 0 294714 0 776480
1787063338.296945 3711771 37631 13094 99 0 298810 0 776480
1787063339.289684 3711771 37631 13094 99 0 298810 0 776480
1787063340.289939 3711771 37631 13094 99 0 298810 0 776480
1787063341.289342 3711771 37848 13094 99 0 298810 0 776480
1787063342.289379 3715868 37796 13094 99 0 302906 0 776480
1787063343.289345 3715868 37796 13094 99 0 302906 0 776480
1787063344.289323 3715868 37796 13094 99 0 302906 0 776480
1787063345.289399 3715868 37796 13094 99 0 302906 0 776480
1787063346.289862 3715868 37796 13094 99 0 302906 0 776480
1787063347.289503 3715868 37796 13094 99 0 302906 0 776480
1787063348.289436 3715868 37796 13094 99 0 302906 0 776480
1787063349.289995 3715868 37796 13094 99 0 302906 0 776480
1787063350.289570 3715868 37796 13094 99 0 302906 0 776480
1787063351.289404 3715868 38227 13094 99 0 302906 0 776480
1787063352.290063 3715868 38227 13094 99 0 302906 0 776480
1787063353.289451 3715868 38227 13094 99 0 302906 0 776480
1787063354.289882 3715868 38227 13094 99 0 302906 0 776480
1787063355.289423 3715868 38227 13094 99 0 302906 0 776480
1787063356.289938 3715868 38227 13094 99 0 302906 0 776480
1787063357.289208 3715868 38227 13094 99 0 302906 0 776480
1787063358.289408 3715868 38227 13094 99 0 302906 0 776480
1787063359.290067 3715868 38227 13094 99 0 302906 0 776480
1787063360.289463 3715868 38227 13094 99 0 302906 0 776480
1787063361.289243 3715868 38710 13094 99 0 302906 0 776480
1787063362.289283 3715868 38710 13094 99 0 302906 0 776480
1787063363.289400 3715868 38710 13094 99 0 302906 0 776480
1787063364.289467 3715868 38710 13094 99 0 302906 0 776480
1787063365.290029 3715868 38710 13094 99 0 302906 0 776480
1787063366.289903 3715868 38710 13094 99 0 302906 0 776480
1787063367.289870 3715868 38710 13094 99 0 302906 0 776480
1787063368.289185 3715868 38702 13094 99 0 302906 0 776480
1787063369.289568 3715868 38702 13094 99 0 302906 0 776480
