# start_epoch=1786851067.449203  page_size=4096  cachestat=ok  fields=size,resident,shared,text,lib,data,dt,pagecache
1786851068.449356 262499 27664 7675 99 0 248506 0 1
1786851069.449359 262499 27664 7675 99 0 248506 0 1
1786851070.456747 3005387 129226 106645 99 0 277562 0 121388
1786851071.459104 4128656 153047 127584 99 0 280634 0 160620
1786851072.461137 3116521 181063 155592 99 0 280634 0 200749
1786851073.464433 3114557 158576 133072 99 0 280634 0 252316
1786851074.463605 3149256 144804 120727 99 0 280634 0 240124
1786851075.463588 3203226 179432 155355 99 0 280634 0 309011
1786851076.467376 3201285 146551 122510 99 0 280634 0 299585
1786851077.466140 3255188 179578 155530 99 0 280634 0 365073
1786851078.470716 3253304 149253 124859 99 0 280634 0 360181
1786851079.469157 3307221 180001 155607 99 0 280634 0 426710
1786851080.474522 3305383 153246 128394 99 0 280634 0 424991
1786851081.471564 3376658 198126 173273 99 0 280634 0 481690
1786851082.478187 3357460 156078 131224 99 0 280634 0 489667
1786851083.478027 3392139 144020 121280 99 0 280634 0 484769
1786851084.476225 3446025 180101 155315 99 0 280634 0 550801
1786851085.481769 3444141 147400 123500 99 0 280634 0 545120
1786851086.477209 3498156 178847 156025 99 0 280634 0 608120
1786851087.484980 3498022 150054 125273 99 0 282426 0 605215
1786851088.479546 3551915 180749 155968 99 0 282426 0 654776
1786851089.488909 3549956 153898 129102 99 0 282426 0 672110
1786851090.480979 3644496 208660 185109 99 0 282426 0 687096
1786851091.493239 3602009 156754 132821 99 0 282426 0 737684
1786851092.492505 3636686 146285 122007 99 0 282426 0 730872
1786851093.484407 3690635 180200 155920 99 0 282426 0 792870
1786851094.496674 3688676 150309 126029 99 0 282426 0 798820
1786851095.488306 3742531 180477 156196 99 0 282426 0 845548
1786851096.500416 3740684 152829 129695 99 0 282426 0 864756
1786851097.491058 3835028 214584 190993 99 0 282426 0 877680
1786851098.506727 3792693 157063 133445 99 0 282426 0 930885
1786851099.503194 3827363 145177 121573 99 0 282426 0 920639
1786851100.493632 3881322 181054 156330 99 0 282426 0 983969
1786851101.508743 3879401 149702 124981 99 0 282426 0 986307
1786851102.497262 3933324 181059 156337 99 0 282426 0 1049315
1786851103.512032 3931429 151045 127116 99 0 282426 0 1047661
1786851104.500320 3985399 180855 156883 99 0 282426 0 1090046
1786851105.515625 3983458 152798 128820 99 0 282426 0 1105869
1786851106.500500 4054711 187337 163262 99 0 282426 0 1151710
1786851107.519000 4035472 155188 130378 99 0 282426 0 1164419
1786851108.505754 4106701 199331 174517 99 0 282426 0 1173154
1786851109.520288 4087455 158170 133353 99 0 282426 0 1188039
1786851110.507583 4122175 143245 121013 99 0 282426 0 1210636
1786851111.523840 4139539 158198 133861 99 0 282426 0 1241357
1786851112.520318 4193582 179556 157608 99 0 282426 0 1244436
1786851113.506763 4210136 158343 133979 99 0 286522 0 1308094
1786851114.504458 4171614 85217 60790 99 0 286522 0 1255961
1786851115.506981 4147841 43611 20996 99 0 289594 0 1239590
1786851116.504430 4147841 80597 54760 99 0 289594 0 1251946
1786851117.505524 4147841 107994 84189 99 0 289594 0 1275367
1786851118.502988 4147841 132797 108992 99 0 289594 0 1221014
1786851119.503665 4147841 165986 142181 99 0 289594 0 1236043
1786851120.504227 4147841 200390 176584 99 0 289594 0 1248966
1786851121.505360 4147841 231748 208142 99 0 289594 0 1269070
1786851122.502898 4205932 311270 287663 99 0 289594 0 1221779
1786851123.503722 4147841 289735 266128 99 0 289594 0 1236085
1786851124.504209 4147841 326794 301139 99 0 289594 0 1249926
1786851125.505398 4147841 355681 332066 99 0 289594 0 1273359
1786851126.503003 4147841 380444 356829 99 0 289594 0 1221031
1786851127.503887 4147841 414264 390649 99 0 289594 0 1236804
1786851128.504547 4147841 449230 425470 99 0 289594 0 1253273
1786851129.504064 4147836 59332 34423 99 0 289594 0 1251057
1786851130.504328 4172662 108968 84057 99 0 289594 0 1251747
1786851131.502931 4147836 112903 87992 99 0 289594 0 1226399
1786851132.503527 4147836 147673 122762 99 0 289594 0 1239975
1786851133.504322 4147836 182502 157429 99 0 289594 0 1253340
1786851134.504568 4172661 233134 207973 99 0 289594 0 1250566
1786851135.502998 4147836 235721 210551 99 0 289594 0 1224574
1786851136.503507 4147836 269959 245983 99 0 289594 0 1238961
1786851137.504255 4147836 307574 281405 99 0 289594 0 1253354
1786851138.504227 4172662 349290 325041 99 0 289594 0 1250573
1786851139.502969 4147836 360811 336492 99 0 289594 0 1227216
1786851140.503507 4147836 396669 371537 99 0 289594 0 1241125
1786851141.504166 4147836 431003 406314 99 0 289594 0 1251503
1786851142.514597 4442521 311539 286841 99 0 289594 0 1481027
1786851143.502910 4147828 58921 34286 99 0 289594 0 1221031
1786851144.506648 4147828 92796 68145 99 0 289594 0 1234466
1786851145.503892 4147828 126637 101984 99 0 289594 0 1246802
1786851146.504625 4147828 158081 133427 99 0 289594 0 1262119
1786851147.505096 4205919 209177 186551 99 0 289594 0 1275408
1786851148.502922 4147828 211601 188975 99 0 289594 0 1230303
1786851149.503622 4147828 245962 223336 99 0 289594 0 1243331
1786851150.504254 4147828 277879 257377 99 0 289594 0 1254699
1786851151.504755 4172654 329555 307000 99 0 289594 0 1263471
1786851152.503012 4147828 331456 310629 99 0 289594 0 1227194
1786851153.503574 4147828 367315 344913 99 0 289594 0 1240083
1786851154.503051 4151919 31559 9383 99 0 293690 0 1221045
1786851155.502319 4151919 31559 9383 99 0 293690 0 1221045
1786851156.502187 4151919 31559 9383 99 0 293690 0 1221045
1786851157.506131 4156016 31515 9383 99 0 297786 0 1221045
1786851158.502364 4156016 31515 9383 99 0 297786 0 1221045
1786851159.502255 4156016 31515 9383 99 0 297786 0 1221045
1786851160.503623 4156016 31515 9383 99 0 297786 0 1221045
1786851161.505418 4160113 31522 9383 99 0 301882 0 1221045
1786851162.501890 4160113 31522 9383 99 0 301882 0 1221045
1786851163.502069 4160113 31522 9383 99 0 301882 0 1221045
1786851164.504791 4164210 31525 9383 99 0 305978 0 1221045
1786851165.501823 4164210 31525 9383 99 0 305978 0 1221045
1786851166.503553 4164210 31525 9383 99 0 305978 0 1221045
1786851167.502467 4164210 31525 9383 99 0 305978 0 1221045
1786851168.502335 4164210 31525 9383 99 0 305978 0 1221045
1786851169.502411 4164210 31525 9383 99 0 305978 0 1221045
1786851170.502074 4164210 31525 9383 99 0 305978 0 1221045
1786851171.502452 4164210 31525 9383 99 0 305978 0 1221045
1786851172.503665 4164210 31525 9383 99 0 305978 0 1221045
1786851173.502527 4164210 31525 9383 99 0 305978 0 1221045
1786851174.502215 4164210 31525 9383 99 0 305978 0 1221045
1786851175.502161 4164210 31525 9383 99 0 305978 0 1221045
1786851176.502227 4164210 31525 9383 99 0 305978 0 1221045
1786851177.502754 4164210 31525 9383 99 0 305978 0 1221045
1786851178.502781 4164210 31525 9383 99 0 305978 0 1221045
1786851179.502074 4164210 31522 9383 99 0 305978 0 1221045
