# start_epoch=1786838037.155376  page_size=4096  cachestat=ok  fields=size,resident,shared,text,lib,data,dt,pagecache
1786838038.162091 63628 33942 2769 1589 0 59647 0 101194
1786838039.168927 72332 44208 2770 1589 0 68351 0 142505
1786838040.164408 72332 44381 2770 1589 0 68351 0 139781
1786838041.166663 72332 36895 2818 1589 0 68351 0 172546
1786838042.168104 73228 44616 2818 1589 0 69247 0 197508
1786838043.169025 73228 46368 2818 1589 0 69247 0 213780
1786838044.170705 73228 40691 2818 1589 0 69247 0 240315
1786838045.169221 73228 47324 2818 1589 0 69247 0 258135
1786838046.173342 74252 47645 2818 1589 0 70271 0 282179
1786838047.175520 74252 43584 2818 1589 0 70271 0 307950
1786838048.174295 74252 46099 2818 1589 0 70271 0 326413
1786838049.177604 74252 41573 2818 1589 0 70271 0 350850
1786838050.179202 75532 48072 2818 1589 0 71551 0 376114
1786838051.179487 75532 48577 2818 1589 0 71551 0 376757
1786838052.183207 75532 40290 2818 1589 0 71551 0 434612
1786838053.184872 75532 46398 2818 1589 0 71551 0 459104
1786838054.185298 75532 44187 2818 1589 0 71551 0 466270
1786838055.193637 75532 42392 2818 1589 0 71551 0 492041
1786838056.188722 77068 40283 2818 1589 0 73087 0 518569
1786838057.191772 77068 38607 2818 1589 0 73087 0 563508
1786838058.192278 77068 50191 2818 1589 0 73087 0 573546
1786838059.193858 77068 48587 2818 1589 0 73087 0 603855
1786838060.195853 77068 44985 2818 1589 0 73087 0 636531
1786838061.195299 77068 51641 2818 1589 0 73087 0 621630
1786838062.197914 78860 51885 2818 1589 0 74879 0 667677
1786838063.199780 78860 49466 2818 1589 0 74879 0 697081
1786838064.201270 78860 46299 2818 1589 0 74879 0 712115
1786838065.202602 78860 53018 2818 1589 0 74879 0 744088
1786838066.202084 78860 53010 2818 1589 0 74879 0 731437
1786838067.209786 78860 52861 2818 1589 0 74879 0 776767
1786838068.205995 78860 52984 2818 1589 0 74879 0 791518
1786838069.207379 80908 52173 2818 1589 0 76927 0 821462
1786838070.209487 80908 53449 2818 1589 0 76927 0 853947
1786838071.210313 80908 53162 2818 1589 0 76927 0 860601
1786838072.212059 80908 48740 2818 1589 0 76927 0 886373
1786838073.205975 80908 51845 2818 1589 0 76927 0 890457
1786838074.201665 85005 37228 2818 1589 0 81023 0 886269
1786838075.197907 85005 37510 2818 1589 0 81023 0 864353
1786838076.197638 87565 38302 2818 1589 0 83583 0 864353
1786838077.197971 87565 38303 2818 1589 0 83583 0 864354
1786838078.197639 87565 38303 2818 1589 0 83583 0 864354
1786838079.198055 87565 38052 2818 1589 0 83583 0 864355
1786838080.198042 87565 38053 2818 1589 0 83583 0 864356
1786838081.198232 87565 37897 2818 1589 0 83583 0 864356
1786838082.197939 87565 38323 2818 1589 0 83583 0 864357
1786838083.197604 87565 38324 2818 1589 0 83583 0 864358
1786838084.198004 87565 39413 2818 1589 0 83583 0 864345
1786838085.197479 87565 39413 2818 1589 0 83583 0 864346
1786838086.197779 87565 39413 2818 1589 0 83583 0 864347
1786838087.197584 87565 38966 2818 1589 0 83583 0 864347
1786838088.197462 87565 38966 2818 1589 0 83583 0 864348
1786838089.197460 87565 38379 2818 1589 0 83583 0 864348
1786838090.197923 87565 38559 2818 1589 0 83583 0 864349
1786838091.197951 87565 38561 2818 1589 0 83583 0 864349
1786838092.197488 87565 39425 2818 1589 0 83583 0 864350
1786838093.197744 87565 38958 2818 1589 0 83583 0 864338
1786838094.197406 87565 38958 2818 1589 0 83583 0 864339
1786838095.197433 87565 38958 2818 1589 0 83583 0 864339
1786838096.197313 87565 38958 2818 1589 0 83583 0 864340
1786838097.197356 87565 38958 2818 1589 0 83583 0 864340
1786838098.197624 87565 38808 2818 1589 0 83583 0 864341
1786838099.197349 87565 38808 2818 1589 0 83583 0 864342
1786838100.197618 87565 38808 2818 1589 0 83583 0 864342
1786838101.197425 87565 38331 2818 1589 0 83583 0 864343
1786838102.197488 87565 40790 2818 1589 0 83583 0 864333
1786838103.197516 87565 40790 2818 1589 0 83583 0 864333
1786838104.197473 87565 40527 2818 1589 0 83583 0 864334
1786838105.197588 87565 40527 2818 1589 0 83583 0 864335
1786838106.197180 87565 40527 2818 1589 0 83583 0 864335
1786838107.197617 87565 39668 2818 1589 0 83583 0 864336
1786838108.197274 87565 39993 2818 1589 0 83583 0 864337
1786838109.197202 87565 39993 2818 1589 0 83583 0 864337
1786838110.196672 126478 94958 2834 1589 0 122495 0 846299
1786838111.196323 232974 195310 2834 1589 0 228991 0 846299
1786838112.196293 361486 296174 2834 1589 0 357503 0 846299
1786838113.196293 487950 397038 2834 1589 0 483967 0 846299
1786838114.196322 569870 495854 2834 1589 0 565887 0 846299
1786838115.196273 674318 592110 2834 1589 0 670335 0 846299
1786838116.196278 794126 691950 2834 1589 0 790143 0 846299
1786838117.196292 925198 792814 2834 1589 0 921215 0 846299
1786838118.196282 931342 892654 2834 1589 0 927359 0 846299
1786838119.196328 1095182 992494 2834 1589 0 1091199 0 846299
1786838120.196324 1298958 1092846 2834 1589 0 1294975 0 846299
1786838121.196440 1298958 1192686 2834 1589 0 1294975 0 846299
1786838122.196677 1539086 1292526 2834 1589 0 1535103 0 846299
1786838123.196402 1539086 1393902 2834 1589 0 1535103 0 846299
1786838124.196398 1539086 1480783 2834 1589 0 1535103 0 846299
1786838125.196732 1811470 1563123 3012 1589 0 1807487 0 846299
1786838126.196409 1811470 1648740 3012 1589 0 1807487 0 846299
1786838127.196240 1815567 1687393 3012 1589 0 1811583 0 846299
1786838128.196269 1815567 1687393 3012 1589 0 1811583 0 846299
1786838129.196517 1815567 1687393 3012 1589 0 1811583 0 846299
1786838130.196529 1815567 1687393 3012 1589 0 1811583 0 846299
1786838131.196245 1815567 1687393 3012 1589 0 1811583 0 846299
1786838132.196247 1815567 1687393 3012 1589 0 1811583 0 846299
1786838133.196256 1815567 1687393 3012 1589 0 1811583 0 846299
1786838134.196283 1815567 1687393 3012 1589 0 1811583 0 846299
1786838135.196267 1815567 1687393 3012 1589 0 1811583 0 846299
1786838136.196227 1815567 1687393 3012 1589 0 1811583 0 846299
1786838137.196247 1819664 1687397 3012 1589 0 1815679 0 846299
1786838138.196256 1819664 1687397 3012 1589 0 1815679 0 846299
1786838139.196244 1819664 1687397 3012 1589 0 1815679 0 846299
1786838140.196264 1819664 1687397 3012 1589 0 1815679 0 846299
1786838141.196274 1819664 1687397 3012 1589 0 1815679 0 846299
1786838142.196273 1819664 1687397 3012 1589 0 1815679 0 846299
1786838143.196232 1819664 1687397 3012 1589 0 1815679 0 846299
1786838144.196222 1819664 1687397 3012 1589 0 1815679 0 846299
1786838145.196235 1819664 1687397 3012 1589 0 1815679 0 846299
1786838146.196266 1819664 1687397 3012 1589 0 1815679 0 846299
1786838147.196310 1823761 1687398 3012 1589 0 1819775 0 846299
1786838148.196394 1823761 1687398 3012 1589 0 1819775 0 846299
1786838149.196295 1823761 1687398 3012 1589 0 1819775 0 846299
1786838150.196318 1823761 1687398 3012 1589 0 1819775 0 846299
1786838151.196600 1823761 1687398 3012 1589 0 1819775 0 846299
1786838152.196670 1823761 1687398 3012 1589 0 1819775 0 846299
1786838153.196635 1823761 1687398 3012 1589 0 1819775 0 846299
1786838154.196304 1823761 1687398 3012 1589 0 1819775 0 846299
1786838155.196627 1823761 1687398 3012 1589 0 1819775 0 846299
1786838156.196297 1823761 1687398 3012 1589 0 1819775 0 846299
1786838157.196583 1823761 1687398 3012 1589 0 1819775 0 846299
1786838158.196373 1823761 1687398 3012 1589 0 1819775 0 846299
1786838159.196299 1823761 1687398 3012 1589 0 1819775 0 846299
1786838160.196310 1823761 1687398 3012 1589 0 1819775 0 846299
1786838161.196303 1823761 1687398 3012 1589 0 1819775 0 846299
1786838162.196629 1823761 1687398 3012 1589 0 1819775 0 846299
1786838163.196284 1823761 1687398 3012 1589 0 1819775 0 846299
1786838164.196248 1823761 1687398 3012 1589 0 1819775 0 846299
1786838165.196386 1823761 1687398 3012 1589 0 1819775 0 846299
1786838166.196332 1823761 1687398 3012 1589 0 1819775 0 846299
1786838167.196373 1823761 1687398 3012 1589 0 1819775 0 846299
1786838168.196361 1823761 1687398 3012 1589 0 1819775 0 846299
1786838169.196346 1823761 1687398 3012 1589 0 1819775 0 846299
1786838170.196344 1823761 1687398 3012 1589 0 1819775 0 846299
1786838171.196358 1823761 1687398 3012 1589 0 1819775 0 846299
1786838172.196390 1823761 1687398 3012 1589 0 1819775 0 846299
1786838173.196627 1823761 1687398 3012 1589 0 1819775 0 846299
1786838174.196402 1823761 1687398 3012 1589 0 1819775 0 846299
1786838175.196713 1823761 1687398 3012 1589 0 1819775 0 846299
1786838176.196304 1823761 1687398 3012 1589 0 1819775 0 846299
1786838177.196693 1823761 1687398 3012 1589 0 1819775 0 846299
1786838178.196342 1823761 1687398 3012 1589 0 1819775 0 846299
1786838179.196328 1823761 1687398 3012 1589 0 1819775 0 846299
1786838180.196333 1823761 1687398 3012 1589 0 1819775 0 846299
1786838181.196320 1823761 1687398 3012 1589 0 1819775 0 846299
1786838182.196713 1823761 1687398 3012 1589 0 1819775 0 846299
1786838183.196578 1823761 1687398 3012 1589 0 1819775 0 846299
1786838184.196784 1823761 1687398 3012 1589 0 1819775 0 846299
1786838185.196670 1823761 1687398 3012 1589 0 1819775 0 846299
1786838186.196372 1823761 1687398 3012 1589 0 1819775 0 846299
1786838187.196427 1823761 1687398 3012 1589 0 1819775 0 846299
1786838188.196362 1823761 1687398 3012 1589 0 1819775 0 846299
1786838189.196446 1823761 1687398 3012 1589 0 1819775 0 846299
1786838190.196710 1823761 1687398 3012 1589 0 1819775 0 846299
1786838191.196327 1823761 1687398 3012 1589 0 1819775 0 846299
1786838192.196316 1823761 1687398 3012 1589 0 1819775 0 846299
1786838193.196327 1823761 1687398 3012 1589 0 1819775 0 846299
1786838194.196301 1823761 1687398 3012 1589 0 1819775 0 846299
1786838195.196323 1823761 1687398 3012 1589 0 1819775 0 846299
1786838196.196326 1823761 1687398 3012 1589 0 1819775 0 846299
1786838197.196681 1823761 1687398 3012 1589 0 1819775 0 846299
1786838198.196349 1823761 1687398 3012 1589 0 1819775 0 846299
1786838199.196319 1823761 1687398 3012 1589 0 1819775 0 846299
1786838200.196338 1823761 1687398 3012 1589 0 1819775 0 846299
1786838201.196379 1823761 1687398 3012 1589 0 1819775 0 846299
1786838202.196407 1823761 1687398 3012 1589 0 1819775 0 846299
1786838203.196432 1823761 1687398 3012 1589 0 1819775 0 846299
1786838204.196635 1823761 1687398 3012 1589 0 1819775 0 846299
1786838205.196374 1823761 1687398 3012 1589 0 1819775 0 846299
1786838206.196664 1823761 1687408 3012 1589 0 1819775 0 846299
1786838207.196356 1823761 1687408 3012 1589 0 1819775 0 846299
1786838208.196324 1823761 1687408 3012 1589 0 1819775 0 846299
1786838209.196347 1823761 1687408 3012 1589 0 1819775 0 846299
1786838210.196345 1823761 1687408 3012 1589 0 1819775 0 846299
1786838211.196703 1823761 1687408 3012 1589 0 1819775 0 846299
1786838212.196639 1823761 1687408 3012 1589 0 1819775 0 846299
1786838213.196335 1823761 1687408 3012 1589 0 1819775 0 846299
1786838214.196365 1823761 1687408 3012 1589 0 1819775 0 846299
1786838215.196680 1823761 1687408 3012 1589 0 1819775 0 846299
1786838216.196361 1823761 1687408 3012 1589 0 1819775 0 846299
1786838217.196583 1823761 1687408 3012 1589 0 1819775 0 846299
1786838218.196650 1823761 1687408 3012 1589 0 1819775 0 846299
1786838219.196355 1823761 1687408 3012 1589 0 1819775 0 846299
1786838220.196360 1823761 1687408 3012 1589 0 1819775 0 846299
1786838221.196332 1823761 1687408 3012 1589 0 1819775 0 846299
1786838222.196630 1823761 1687408 3012 1589 0 1819775 0 846299
1786838223.196345 1823761 1687408 3012 1589 0 1819775 0 846299
1786838224.196352 1823761 1687408 3012 1589 0 1819775 0 846299
1786838225.196338 1823761 1687408 3012 1589 0 1819775 0 846299
1786838226.196310 1823761 1687408 3012 1589 0 1819775 0 846299
1786838227.196341 1823761 1687408 3012 1589 0 1819775 0 846299
1786838228.196382 1823761 1687408 3012 1589 0 1819775 0 846299
1786838229.196385 1823761 1687408 3012 1589 0 1819775 0 846299
1786838230.196358 1823761 1687408 3012 1589 0 1819775 0 846299
1786838231.196314 1823761 1687408 3012 1589 0 1819775 0 846299
1786838232.196677 1823761 1687408 3012 1589 0 1819775 0 846299
1786838233.196384 1823761 1687408 3012 1589 0 1819775 0 846299
1786838234.196460 1823761 1687408 3012 1589 0 1819775 0 846299
1786838235.196643 1823761 1687408 3012 1589 0 1819775 0 846299
1786838236.196346 1823761 1687408 3012 1589 0 1819775 0 846299
1786838237.196351 1823761 1687408 3012 1589 0 1819775 0 846299
1786838238.196321 1823761 1687408 3012 1589 0 1819775 0 846299
1786838239.196347 1823761 1687408 3012 1589 0 1819775 0 846299
1786838240.196740 1823761 1687408 3012 1589 0 1819775 0 846299
1786838241.196440 1823761 1687408 3012 1589 0 1819775 0 846299
1786838242.196710 1823761 1687408 3012 1589 0 1819775 0 846299
1786838243.196668 1823761 1687408 3012 1589 0 1819775 0 846299
1786838244.196316 1823761 1687408 3012 1589 0 1819775 0 846299
1786838245.196382 1823761 1687408 3012 1589 0 1819775 0 846299
1786838246.196344 1823761 1687408 3012 1589 0 1819775 0 846299
1786838247.196351 1823761 1687408 3012 1589 0 1819775 0 846299
1786838248.196727 1823761 1687408 3012 1589 0 1819775 0 846299
1786838249.196333 1823761 1687408 3012 1589 0 1819775 0 846299
1786838250.196384 1823761 1687408 3012 1589 0 1819775 0 846299
1786838251.196668 1823761 1687408 3012 1589 0 1819775 0 846299
1786838252.196354 1823761 1687408 3012 1589 0 1819775 0 846299
1786838253.196376 1823761 1687408 3012 1589 0 1819775 0 846299
1786838254.196337 1823761 1687408 3012 1589 0 1819775 0 846299
1786838255.196377 1823761 1687408 3012 1589 0 1819775 0 846299
1786838256.196409 1823761 1687408 3012 1589 0 1819775 0 846299
1786838257.196386 1823761 1687408 3012 1589 0 1819775 0 846299
1786838258.196302 1823761 1687408 3012 1589 0 1819775 0 846299
1786838259.196313 1823761 1687408 3012 1589 0 1819775 0 846299
1786838260.196632 1823761 1687408 3012 1589 0 1819775 0 846299
1786838261.196308 1823761 1687408 3012 1589 0 1819775 0 846299
1786838262.196759 1823761 1687408 3012 1589 0 1819775 0 846299
1786838263.196314 1823761 1687408 3012 1589 0 1819775 0 846299
1786838264.196645 1823761 1687408 3012 1589 0 1819775 0 846299
1786838265.196755 1823761 1687408 3012 1589 0 1819775 0 846299
1786838266.196364 1823761 1687408 3012 1589 0 1819775 0 846299
1786838267.196690 1823761 1687408 3012 1589 0 1819775 0 846299
1786838268.196699 1823761 1687408 3012 1589 0 1819775 0 846299
1786838269.196447 1823761 1687408 3012 1589 0 1819775 0 846299
1786838270.196464 1823761 1687408 3012 1589 0 1819775 0 846299
1786838271.196370 1823761 1687408 3012 1589 0 1819775 0 846299
1786838272.196372 1823761 1687408 3012 1589 0 1819775 0 846299
1786838273.196398 1823761 1687408 3012 1589 0 1819775 0 846299
1786838274.196392 1823761 1687408 3012 1589 0 1819775 0 846299
1786838275.196407 1823761 1687408 3012 1589 0 1819775 0 846299
1786838276.196501 1823761 1687408 3012 1589 0 1819775 0 846299
1786838277.196392 1823761 1687408 3012 1589 0 1819775 0 846299
1786838278.196391 1823761 1687408 3012 1589 0 1819775 0 846299
1786838279.196358 1823761 1687408 3012 1589 0 1819775 0 846299
1786838280.196353 1823761 1687587 3012 1589 0 1819775 0 846299
1786838281.196613 1823761 1687587 3012 1589 0 1819775 0 846299
1786838282.196429 1823761 1687587 3012 1589 0 1819775 0 846299
1786838283.196463 1823761 1687587 3012 1589 0 1819775 0 846299
1786838284.196362 1823761 1687587 3012 1589 0 1819775 0 846299
1786838285.196462 1823761 1687587 3012 1589 0 1819775 0 846299
1786838286.196382 1823761 1687587 3012 1589 0 1819775 0 846299
1786838287.196412 1823761 1687587 3012 1589 0 1819775 0 846299
1786838288.196368 1823761 1687587 3012 1589 0 1819775 0 846299
1786838289.196357 1823761 1687587 3012 1589 0 1819775 0 846299
1786838290.196363 1823761 1688136 3012 1589 0 1819775 0 846299
1786838291.196377 1823761 1688136 3012 1589 0 1819775 0 846299
1786838292.196738 1823761 1688136 3012 1589 0 1819775 0 846299
1786838293.196747 1823761 1688136 3012 1589 0 1819775 0 846299
1786838294.196486 1823761 1688136 3012 1589 0 1819775 0 846299
1786838295.196360 1823761 1688136 3012 1589 0 1819775 0 846299
1786838296.196426 1823761 1688136 3012 1589 0 1819775 0 846299
1786838297.196399 1823761 1688136 3012 1589 0 1819775 0 846299
1786838298.196673 1823761 1688136 3012 1589 0 1819775 0 846299
1786838299.196359 1823761 1688136 3012 1589 0 1819775 0 846299
1786838300.196610 1823761 1688136 3012 1589 0 1819775 0 846299
1786838301.196335 1823761 1688136 3012 1589 0 1819775 0 846299
1786838302.196337 1823761 1688136 3012 1589 0 1819775 0 846299
1786838303.196328 1823761 1688136 3012 1589 0 1819775 0 846299
1786838304.196373 1823761 1688136 3012 1589 0 1819775 0 846299
1786838305.196326 1823761 1688136 3012 1589 0 1819775 0 846299
1786838306.196375 1823761 1688136 3012 1589 0 1819775 0 846299
1786838307.196352 1823761 1688136 3012 1589 0 1819775 0 846299
1786838308.196323 1823761 1688136 3012 1589 0 1819775 0 846299
1786838309.196383 1823761 1688136 3012 1589 0 1819775 0 846299
1786838310.196388 1823761 1688136 3012 1589 0 1819775 0 846299
1786838311.196367 1823761 1688136 3012 1589 0 1819775 0 846299
1786838312.196405 1823761 1688136 3012 1589 0 1819775 0 846299
1786838313.196361 1823761 1688136 3012 1589 0 1819775 0 846299
1786838314.196334 1823761 1688136 3012 1589 0 1819775 0 846299
1786838315.196405 1823761 1688136 3012 1589 0 1819775 0 846299
1786838316.196363 1823761 1688136 3012 1589 0 1819775 0 846299
1786838317.196351 1823761 1688136 3012 1589 0 1819775 0 846299
1786838318.196390 1823761 1688136 3012 1589 0 1819775 0 846299
1786838319.196353 1823761 1688136 3012 1589 0 1819775 0 846299
1786838320.196333 1823761 1688136 3012 1589 0 1819775 0 846299
1786838321.196694 1823761 1688136 3012 1589 0 1819775 0 846299
1786838322.196352 1823761 1688136 3012 1589 0 1819775 0 846299
1786838323.196707 1823761 1688136 3012 1589 0 1819775 0 846299
1786838324.196396 1823761 1688136 3012 1589 0 1819775 0 846299
1786838325.196578 1823761 1688136 3012 1589 0 1819775 0 846299
1786838326.196343 1823761 1688136 3012 1589 0 1819775 0 846299
1786838327.196353 1823761 1688136 3012 1589 0 1819775 0 846299
1786838328.196399 1823761 1688136 3012 1589 0 1819775 0 846299
1786838329.196466 1823761 1688136 3012 1589 0 1819775 0 846299
1786838330.196353 1823761 1688136 3012 1589 0 1819775 0 846299
1786838331.196377 1823761 1688136 3012 1589 0 1819775 0 846299
1786838332.196342 1823761 1688136 3012 1589 0 1819775 0 846299
1786838333.196387 1823761 1688136 3012 1589 0 1819775 0 846299
1786838334.196322 1823761 1688136 3012 1589 0 1819775 0 846299
1786838335.196340 1823761 1688136 3012 1589 0 1819775 0 846299
1786838336.196446 1823761 1688136 3012 1589 0 1819775 0 846299
1786838337.197726 1823761 1688136 3012 1589 0 1819775 0 846299
1786838338.196311 1823761 1688136 3012 1589 0 1819775 0 846299
1786838339.196306 1823761 1688136 3012 1589 0 1819775 0 846299
1786838340.196649 1823761 1688136 3012 1589 0 1819775 0 846299
1786838341.196682 1823761 1688136 3012 1589 0 1819775 0 846299
1786838342.196320 1823761 1688136 3012 1589 0 1819775 0 846299
1786838343.196600 1823761 1688136 3012 1589 0 1819775 0 846299
1786838344.196362 1823761 1688136 3012 1589 0 1819775 0 846299
1786838345.196357 1823761 1688136 3012 1589 0 1819775 0 846299
1786838346.196435 1823761 1688136 3012 1589 0 1819775 0 846299
1786838347.196370 1823761 1688136 3012 1589 0 1819775 0 846299
1786838348.196406 1823761 1688136 3012 1589 0 1819775 0 846299
1786838349.196639 1823761 1688136 3012 1589 0 1819775 0 846299
1786838350.196669 1823761 1688136 3012 1589 0 1819775 0 846299
1786838351.196595 1823761 1688136 3012 1589 0 1819775 0 846299
1786838352.196432 1823761 1688136 3012 1589 0 1819775 0 846299
1786838353.196606 1823761 1688136 3012 1589 0 1819775 0 846299
1786838354.196373 1823761 1688136 3012 1589 0 1819775 0 846299
1786838355.196317 1823761 1688136 3012 1589 0 1819775 0 846299
1786838356.196434 1823761 1688136 3012 1589 0 1819775 0 846299
1786838357.196402 1823761 1688136 3012 1589 0 1819775 0 846299
1786838358.196305 1823761 1688136 3012 1589 0 1819775 0 846299
1786838359.196389 1823761 1688136 3012 1589 0 1819775 0 846299
1786838360.196369 1823761 1688136 3012 1589 0 1819775 0 846299
1786838361.196393 1823761 1688136 3012 1589 0 1819775 0 846299
1786838362.196440 1823761 1688136 3012 1589 0 1819775 0 846299
1786838363.196373 1823761 1688136 3012 1589 0 1819775 0 846299
1786838364.196375 1823761 1688136 3012 1589 0 1819775 0 846299
1786838365.196375 1823761 1688136 3012 1589 0 1819775 0 846299
1786838366.196382 1823761 1688136 3012 1589 0 1819775 0 846299
1786838367.196372 1823761 1688136 3012 1589 0 1819775 0 846299
1786838368.196754 1823761 1688136 3012 1589 0 1819775 0 846299
1786838369.196801 1823761 1688136 3012 1589 0 1819775 0 846299
1786838370.196679 1823761 1688136 3012 1589 0 1819775 0 846299
1786838371.196635 1823761 1688136 3012 1589 0 1819775 0 846299
1786838372.196317 1823761 1688136 3012 1589 0 1819775 0 846299
1786838373.196347 1823761 1688136 3012 1589 0 1819775 0 846299
1786838374.196328 1823761 1688136 3012 1589 0 1819775 0 846299
1786838375.196628 1823761 1688136 3012 1589 0 1819775 0 846299
1786838376.196619 1823761 1688136 3012 1589 0 1819775 0 846299
1786838377.196740 1823761 1688136 3012 1589 0 1819775 0 846299
1786838378.196352 1823761 1688136 3012 1589 0 1819775 0 846299
1786838379.196542 1823761 1688136 3012 1589 0 1819775 0 846299
1786838380.196662 1823761 1688136 3012 1589 0 1819775 0 846299
1786838381.196322 1823761 1688136 3012 1589 0 1819775 0 846299
1786838382.196310 1823761 1688136 3012 1589 0 1819775 0 846299
1786838383.196314 1823761 1688136 3012 1589 0 1819775 0 846299
1786838384.196321 1823761 1688136 3012 1589 0 1819775 0 846299
1786838385.196363 1823761 1688136 3012 1589 0 1819775 0 846299
1786838386.196360 1823761 1688136 3012 1589 0 1819775 0 846299
1786838387.196609 1823761 1688136 3012 1589 0 1819775 0 846299
1786838388.196354 1823761 1688136 3012 1589 0 1819775 0 846299
1786838389.196348 1823761 1688136 3012 1589 0 1819775 0 846299
1786838390.196392 1823761 1688136 3012 1589 0 1819775 0 846299
1786838391.196665 1823761 1688136 3012 1589 0 1819775 0 846299
1786838392.196601 1823761 1688136 3012 1589 0 1819775 0 846299
1786838393.196304 1823761 1688136 3012 1589 0 1819775 0 846299
1786838394.196361 1823761 1688136 3012 1589 0 1819775 0 846299
1786838395.196312 1823761 1688136 3012 1589 0 1819775 0 846299
1786838396.196304 1823761 1688136 3012 1589 0 1819775 0 846299
1786838397.196675 1823761 1688136 3012 1589 0 1819775 0 846299
1786838398.196661 1823761 1688136 3012 1589 0 1819775 0 846299
1786838399.196726 1823761 1688136 3012 1589 0 1819775 0 846299
1786838400.196353 1823761 1688136 3012 1589 0 1819775 0 846299
1786838401.196637 1823761 1688136 3012 1589 0 1819775 0 846299
1786838402.196745 1823761 1688136 3012 1589 0 1819775 0 846299
1786838403.196627 1823761 1688136 3012 1589 0 1819775 0 846299
1786838404.196654 1823761 1688136 3012 1589 0 1819775 0 846299
1786838405.196401 1823761 1688136 3012 1589 0 1819775 0 846299
1786838406.196346 1823761 1688136 3012 1589 0 1819775 0 846299
1786838407.196397 1823761 1688136 3012 1589 0 1819775 0 846299
1786838408.196316 1823761 1688136 3012 1589 0 1819775 0 846299
1786838409.196672 1823761 1688136 3012 1589 0 1819775 0 846299
1786838410.196727 1823761 1688136 3012 1589 0 1819775 0 846299
1786838411.196365 1823761 1688136 3012 1589 0 1819775 0 846299
1786838412.196390 1823761 1688136 3012 1589 0 1819775 0 846299
1786838413.196387 1823761 1688136 3012 1589 0 1819775 0 846299
1786838414.196371 1823761 1688136 3012 1589 0 1819775 0 846299
1786838415.196697 1823761 1688136 3012 1589 0 1819775 0 846299
1786838416.196358 1823761 1688136 3012 1589 0 1819775 0 846299
1786838417.196685 1823761 1688136 3012 1589 0 1819775 0 846299
1786838418.196417 1823761 1688136 3012 1589 0 1819775 0 846299
1786838419.196625 1823761 1688136 3012 1589 0 1819775 0 846299
1786838420.196701 1823761 1688136 3012 1589 0 1819775 0 846299
1786838421.196334 1823761 1688136 3012 1589 0 1819775 0 846299
1786838422.196364 1823761 1688136 3012 1589 0 1819775 0 846299
1786838423.196672 1823761 1688136 3012 1589 0 1819775 0 846299
1786838424.196406 1823761 1688136 3012 1589 0 1819775 0 846299
1786838425.196344 1823761 1688136 3012 1589 0 1819775 0 846299
1786838426.196364 1823761 1688136 3012 1589 0 1819775 0 846299
1786838427.196383 1823761 1688136 3012 1589 0 1819775 0 846299
1786838428.196399 1823761 1688136 3012 1589 0 1819775 0 846299
1786838429.196365 1823761 1688136 3012 1589 0 1819775 0 846299
1786838430.196399 1823761 1688136 3012 1589 0 1819775 0 846299
1786838431.196434 1823761 1688136 3012 1589 0 1819775 0 846299
1786838432.196714 1823761 1688136 3012 1589 0 1819775 0 846299
1786838433.196709 1823761 1688136 3012 1589 0 1819775 0 846299
1786838434.196616 1823761 1688136 3012 1589 0 1819775 0 846299
1786838435.196668 1823761 1688136 3012 1589 0 1819775 0 846299
1786838436.196351 1823761 1688136 3012 1589 0 1819775 0 846299
1786838437.196391 1823761 1688136 3012 1589 0 1819775 0 846299
1786838438.196340 1823761 1688136 3012 1589 0 1819775 0 846299
1786838439.196336 1823761 1688136 3012 1589 0 1819775 0 846299
1786838440.196390 1823761 1688136 3012 1589 0 1819775 0 846299
1786838441.196349 1823761 1688136 3012 1589 0 1819775 0 846299
1786838442.196355 1823761 1688136 3012 1589 0 1819775 0 846299
1786838443.196392 1823761 1688136 3012 1589 0 1819775 0 846299
1786838444.196381 1823761 1688136 3012 1589 0 1819775 0 846299
1786838445.196420 1823761 1688136 3012 1589 0 1819775 0 846299
1786838446.196398 1823761 1688136 3012 1589 0 1819775 0 846299
1786838447.196346 1823761 1688136 3012 1589 0 1819775 0 846299
1786838448.196435 1823761 1688136 3012 1589 0 1819775 0 846299
1786838449.196339 1823761 1688136 3012 1589 0 1819775 0 846299
1786838450.196656 1823761 1688136 3012 1589 0 1819775 0 846299
1786838451.196386 1823761 1688136 3012 1589 0 1819775 0 846299
1786838452.196375 1823761 1688136 3012 1589 0 1819775 0 846299
1786838453.196678 1823761 1688136 3012 1589 0 1819775 0 846299
1786838454.196362 1823761 1688136 3012 1589 0 1819775 0 846299
1786838455.196329 1823761 1688136 3012 1589 0 1819775 0 846299
1786838456.196357 1823761 1688136 3012 1589 0 1819775 0 846299
1786838457.196352 1823761 1688136 3012 1589 0 1819775 0 846299
