# start_epoch=1786837521.240834  page_size=4096  cachestat=ok  fields=size,resident,shared,text,lib,data,dt,pagecache
1786837522.242091 46988 27759 2600 1589 0 43007 0 19054
1786837523.244155 56844 30456 2760 1589 0 52863 0 52160
1786837524.244918 56844 31352 2760 1589 0 52863 0 65455
1786837525.245868 56844 33571 2824 1589 0 52863 0 81835
1786837526.253654 58252 32664 2840 1589 0 54271 0 105733
1786837527.246080 58252 32006 2841 1589 0 54271 0 79541
1786837528.246838 58252 34070 2841 1589 0 54271 0 91811
1786837529.247624 58252 31594 2841 1589 0 54271 0 104082
1786837530.249818 58252 33870 2841 1589 0 54271 0 134376
1786837531.250368 59020 32480 2841 1589 0 55039 0 146646
1786837532.261561 59020 32427 2841 1589 0 55039 0 164120
1786837533.253573 59020 33424 2841 1589 0 55039 0 158918
1786837534.248303 59020 34267 2841 1589 0 55039 0 150882
1786837535.253418 59020 34381 2841 1589 0 55039 0 199197
1786837536.254176 59916 33747 2841 1589 0 55935 0 211467
1786837537.254934 59916 35287 2841 1589 0 55935 0 223737
1786837538.256191 59916 35712 2841 1589 0 55935 0 250965
1786837539.256268 59916 32737 2841 1589 0 55935 0 245495
1786837540.257009 59916 36298 2841 1589 0 55935 0 257764
1786837541.258889 59916 39337 2841 1589 0 55935 0 270033
1786837542.255298 59916 34633 2841 1589 0 55935 0 244085
1786837543.259078 59916 34581 2841 1589 0 55935 0 292399
1786837544.261823 60940 39297 2841 1589 0 56959 0 322690
1786837545.261861 60940 37472 2841 1589 0 56959 0 334464
1786837546.267563 60940 36720 2841 1589 0 56959 0 428841
1786837547.263913 60940 37023 2841 1589 0 56959 0 370737
1786837548.263730 60940 37137 2841 1589 0 56959 0 379641
1786837549.262530 60940 39381 2841 1589 0 56959 0 348178
1786837550.263688 60940 37673 2841 1589 0 56959 0 360448
1786837551.263001 61836 39806 2841 1589 0 57855 0 352155
1786837552.263607 61836 39774 2841 1589 0 57855 0 364425
1786837553.265260 61836 38512 2841 1589 0 57855 0 391632
1786837554.265988 61836 34400 2841 1589 0 57855 0 403901
1786837555.266779 61836 35093 2841 1589 0 57855 0 416171
1786837556.267692 61836 36085 2841 1589 0 57855 0 428440
1786837557.267035 63116 33838 2841 1589 0 59135 0 418829
1786837558.267759 63116 36656 2841 1589 0 59135 0 431101
1786837559.269429 69260 33886 2841 1589 0 65279 0 457237
1786837560.270594 69260 33705 2841 1589 0 65279 0 469508
1786837561.268853 69260 35853 2841 1589 0 65279 0 465460
1786837562.271375 69260 34225 2841 1589 0 65279 0 492169
1786837563.272510 69260 37569 2841 1589 0 65279 0 506319
1786837564.272082 69260 34405 2841 1589 0 65279 0 496237
1786837565.273110 69260 38612 2841 1589 0 65279 0 508508
1786837566.274276 69260 34841 2841 1589 0 65279 0 534729
1786837567.274995 69260 34855 2841 1589 0 65279 0 547000
1786837568.275445 69260 37274 2841 1589 0 65279 0 553026
1786837569.276540 69260 35819 2841 1589 0 65279 0 571544
1786837570.277359 69260 37147 2841 1589 0 65279 0 583814
1786837571.276334 69260 35361 2841 1589 0 65279 0 579121
1786837572.277329 69260 35232 2841 1589 0 65279 0 582331
1786837573.278322 69260 36862 2841 1589 0 65279 0 592070
1786837574.279534 70796 37660 2841 1589 0 66815 0 619836
1786837575.280444 70796 37815 2841 1589 0 66815 0 632106
1786837576.281138 70796 40090 2841 1589 0 66815 0 644377
1786837577.281829 70796 38158 2841 1589 0 66815 0 656646
1786837578.282547 70796 39383 2841 1589 0 66815 0 668917
1786837579.283347 70796 38863 2841 1589 0 66815 0 681186
1786837580.283575 70796 39445 2841 1589 0 66815 0 693454
1786837581.285222 70796 38424 2841 1589 0 66815 0 705725
1786837582.282952 71820 40131 2841 1589 0 67839 0 694398
1786837583.284435 71820 40947 2841 1589 0 67839 0 697072
1786837584.284872 71820 40348 2841 1589 0 67839 0 705838
1786837585.284562 71820 42533 2841 1589 0 67839 0 708024
1786837586.284484 71820 36244 2841 1589 0 67839 0 721602
1786837587.288562 71820 39247 2841 1589 0 67839 0 755847
1786837588.288698 71820 40218 2841 1589 0 67839 0 768117
1786837589.289713 71820 37065 2841 1589 0 67839 0 780387
1786837590.290355 71820 39830 2841 1589 0 67839 0 792657
1786837591.291115 71820 39741 2841 1589 0 67839 0 804928
1786837592.291765 71820 40472 2841 1589 0 67839 0 817198
1786837593.292566 71820 40652 2841 1589 0 67839 0 829469
1786837594.293403 71820 42337 2841 1589 0 67839 0 841739
1786837595.290866 71820 42015 2841 1589 0 67839 0 841740
1786837596.287008 71820 43174 2841 1589 0 67839 0 794890
1786837597.291568 71820 37513 2841 1589 0 67839 0 812917
1786837598.292149 71820 41273 2841 1589 0 67839 0 820890
1786837599.298340 71820 36884 2841 1589 0 67839 0 822932
1786837600.290122 71820 37804 2841 1589 0 67839 0 836860
1786837601.290875 71820 36892 2841 1589 0 67839 0 818377
1786837602.290105 71820 38946 2841 1589 0 67839 0 874672
1786837603.292223 71820 39231 2841 1589 0 67839 0 886944
1786837604.293176 71820 41319 2841 1589 0 67839 0 899215
1786837605.294273 71820 37373 2841 1589 0 67839 0 911485
1786837606.294407 71820 40171 2841 1589 0 67839 0 923755
1786837607.294732 71820 38740 2841 1589 0 67839 0 936024
1786837608.288827 71820 41089 2841 1589 0 67839 0 948293
1786837609.288941 71820 41089 2841 1589 0 67839 0 948294
1786837610.292211 71820 41005 2841 1589 0 67839 0 948295
1786837611.289385 71820 30868 2841 1589 0 67839 0 960564
1786837612.294749 73612 32487 2841 1589 0 69631 0 914643
1786837613.295480 73612 41985 2841 1589 0 69631 0 921889
1786837614.296146 73612 37809 2841 1589 0 69631 0 929128
1786837615.303172 73612 43235 2841 1589 0 69631 0 952802
1786837616.300437 73612 42597 2841 1589 0 69631 0 944039
1786837617.303070 73612 42394 2841 1589 0 69631 0 986194
1786837618.303964 73612 40513 2841 1589 0 69631 0 994220
1786837619.304238 73612 39962 2841 1589 0 69631 0 1004956
1786837620.304428 73612 42466 2841 1589 0 69631 0 1016714
1786837621.305353 73612 38493 2841 1589 0 69631 0 1025403
1786837622.305729 73612 42794 2841 1589 0 69631 0 1036650
1786837623.306602 73612 39163 2841 1589 0 69631 0 1047128
1786837624.305861 73612 39591 2841 1589 0 69631 0 1038816
1786837625.301426 73612 40326 2841 1589 0 69631 0 1051086
1786837626.293587 73612 40326 2841 1589 0 69631 0 1036772
1786837627.293650 73612 40660 2841 1589 0 69631 0 1051088
1786837628.301150 73612 44208 2841 1589 0 69631 0 1038175
1786837629.302416 73612 42815 2841 1589 0 69631 0 1044194
1786837630.303440 73612 42112 2841 1589 0 69631 0 1048808
1786837631.303916 73612 43610 2841 1589 0 69631 0 1056773
1786837632.305362 73612 39270 2841 1589 0 69631 0 1062135
1786837633.305537 73612 43693 2841 1589 0 69631 0 1070339
1786837634.309746 73612 38304 2841 1589 0 69631 0 1118951
1786837635.308687 73612 44051 2841 1589 0 69631 0 1100806
1786837636.311302 73612 39926 2841 1589 0 69631 0 1111430
1786837637.310190 73612 43443 2841 1589 0 69631 0 1121141
1786837638.306034 73612 39357 2841 1589 0 69631 0 1091972
1786837639.306547 73612 43665 2841 1589 0 69631 0 1127658
1786837640.305989 73612 39690 2841 1589 0 69631 0 1139929
1786837641.302184 73612 38174 2841 1589 0 69631 0 1152199
1786837642.299722 73612 38281 2841 1589 0 69631 0 1152200
1786837643.299574 73612 38546 2841 1589 0 69631 0 1152201
1786837644.298933 73612 34221 2841 1589 0 69631 0 1164471
1786837645.299423 73612 34454 2841 1589 0 69631 0 1164472
1786837646.310973 73612 40843 2841 1589 0 69631 0 1141096
1786837647.313457 73612 44822 2841 1589 0 69631 0 1210092
1786837648.311591 73612 39725 2841 1589 0 69631 0 1150321
1786837649.311873 73612 41495 2841 1589 0 69631 0 1157884
1786837650.312125 73612 41102 2841 1589 0 69631 0 1163679
1786837651.314315 73612 42820 2841 1589 0 69631 0 1170442
1786837652.314806 73612 42894 2841 1589 0 69631 0 1177331
1786837653.316649 73612 42067 2841 1589 0 69631 0 1203239
1786837654.316891 73612 41947 2841 1589 0 69631 0 1214999
1786837655.317746 73612 43225 2841 1589 0 69631 0 1228548
1786837656.318942 73612 42625 2841 1589 0 69631 0 1239794
1786837657.319732 73612 44625 2841 1589 0 69631 0 1252576
1786837658.301565 73612 41808 2841 1589 0 69631 0 1243753
1786837659.303270 73612 41810 2841 1589 0 69631 0 1234309
1786837660.303653 73612 41810 2841 1589 0 69631 0 1243755
1786837661.320148 73612 40162 2841 1589 0 69631 0 1273040
1786837662.302735 73612 37157 2841 1589 0 69631 0 1256027
1786837663.302801 73612 37279 2841 1589 0 69631 0 1256028
1786837664.311276 75660 38157 2841 1589 0 71679 0 1187030
1786837665.310531 75660 41802 2841 1589 0 71679 0 1213506
1786837666.312007 75660 41877 2841 1589 0 71679 0 1225776
1786837667.312025 75660 44973 2841 1589 0 71679 0 1224090
1786837668.299359 79757 33444 2841 1589 0 75775 0 1212015
1786837669.298977 79757 33102 2841 1589 0 75775 0 1206384
1786837670.298735 79757 33387 2841 1589 0 75775 0 1199402
1786837671.298143 79757 33171 2841 1589 0 75775 0 1177613
1786837672.297843 79757 33773 2841 1589 0 75775 0 1182318
1786837673.305067 79757 33922 2841 1589 0 75775 0 1143856
1786837674.297684 79757 33814 2841 1589 0 75775 0 1168532
1786837675.296978 79757 33812 2841 1589 0 75775 0 1164061
1786837676.297551 79757 33562 2841 1589 0 75775 0 1176799
1786837677.297566 79757 33680 2841 1589 0 75775 0 1176800
1786837678.297483 79757 33712 2841 1589 0 75775 0 1176801
1786837679.297339 79757 33712 2841 1589 0 75775 0 1176802
1786837680.297932 79757 33383 2841 1589 0 75775 0 1176802
1786837681.297582 79757 33729 2841 1589 0 75775 0 1176803
1786837682.303157 79757 35116 2841 1589 0 75775 0 1176804
1786837683.297496 79757 34906 2841 1589 0 75775 0 1176805
1786837684.296000 79757 35981 2841 1589 0 75775 0 1138678
1786837685.297364 79757 36558 2841 1589 0 75775 0 1171860
1786837686.297350 79757 36210 2841 1589 0 75775 0 1171861
1786837687.297533 79757 36210 2841 1589 0 75775 0 1171862
1786837688.297281 79757 36210 2841 1589 0 75775 0 1171863
1786837689.297476 79757 36210 2841 1589 0 75775 0 1171864
1786837690.297408 79757 36210 2841 1589 0 75775 0 1171865
1786837691.297497 79757 36210 2841 1589 0 75775 0 1171866
1786837692.297262 79757 36435 2841 1589 0 75775 0 1171867
1786837693.297654 79757 36436 2841 1589 0 75775 0 1171868
1786837694.297344 79757 36436 2841 1589 0 75775 0 1171869
1786837695.297491 79757 36347 2841 1589 0 75775 0 1171870
1786837696.290810 82317 36938 2841 1589 0 78335 0 1065549
1786837697.292711 82317 36942 2841 1589 0 78335 0 1088706
1786837698.293046 82317 36942 2841 1589 0 78335 0 1088707
1786837699.292072 82317 36942 2841 1589 0 78335 0 1088708
1786837700.292940 82317 36942 2841 1589 0 78335 0 1088709
1786837701.293839 82317 36331 2841 1589 0 78335 0 1088710
1786837702.304436 82317 36331 2841 1589 0 78335 0 1088711
1786837703.292481 82317 36917 2841 1589 0 78335 0 1088712
1786837704.291870 82317 36917 2841 1589 0 78335 0 1088713
1786837705.292236 82317 36917 2841 1589 0 78335 0 1088714
1786837706.292510 82317 36252 2841 1589 0 78335 0 1088715
1786837707.296391 82317 36491 2841 1589 0 78335 0 1170402
1786837708.289423 82317 35608 2841 1589 0 78335 0 1020326
1786837709.289104 82317 35612 2841 1589 0 78335 0 1020328
1786837710.289205 82317 35612 2841 1589 0 78335 0 1020328
1786837711.286853 82317 35615 2841 1589 0 78335 0 985980
1786837712.286916 181646 126523 2857 1589 0 177663 0 976376
1786837713.290594 311182 241211 2857 1589 0 307199 0 976376
1786837714.286623 420750 356411 2857 1589 0 416767 0 976376
1786837715.287186 571790 471099 2857 1589 0 567807 0 976376
1786837716.286582 676238 585787 2857 1589 0 672255 0 976376
1786837717.286438 796046 699963 2857 1589 0 792063 0 976376
1786837718.287432 927118 815163 2857 1589 0 923135 0 976376
1786837719.298725 1097102 929851 2857 1589 0 1093119 0 976376
1786837720.286949 1104270 1041467 2857 1589 0 1100287 0 976376
1786837721.290580 1304975 1072182 2857 1589 0 1300991 0 976376
1786837722.287251 1304975 1072182 2857 1589 0 1300991 0 976376
1786837723.286568 1304975 1072182 2857 1589 0 1300991 0 976376
1786837724.288217 1304975 1072182 2857 1589 0 1300991 0 976376
1786837725.288475 1304975 1072182 2857 1589 0 1300991 0 976376
1786837726.288012 1304975 1072182 2857 1589 0 1300991 0 976376
1786837727.295077 1309072 1072176 2857 1589 0 1305087 0 976376
1786837728.288383 1309072 1072176 2857 1589 0 1305087 0 976376
1786837729.287657 1309072 1072176 2857 1589 0 1305087 0 976376
1786837730.288026 1309072 1072176 2857 1589 0 1305087 0 976376
1786837731.288373 1309072 1072176 2857 1589 0 1305087 0 976376
1786837732.288112 1309072 1072176 2857 1589 0 1305087 0 976376
1786837733.288243 1309072 1072176 2857 1589 0 1305087 0 976376
1786837734.288171 1313169 1072177 2857 1589 0 1309183 0 976376
1786837735.288458 1313169 1072177 2857 1589 0 1309183 0 976376
1786837736.288157 1313169 1072177 2857 1589 0 1309183 0 976376
1786837737.288262 1313169 1072177 2857 1589 0 1309183 0 976376
1786837738.287772 1313169 1072177 2857 1589 0 1309183 0 976376
1786837739.287324 1313169 1072177 2857 1589 0 1309183 0 976376
1786837740.287789 1313169 1072177 2857 1589 0 1309183 0 976376
1786837741.287395 1313169 1072177 2857 1589 0 1309183 0 976376
1786837742.288485 1313169 1072177 2857 1589 0 1309183 0 976376
1786837743.288360 1313169 1072177 2857 1589 0 1309183 0 976376
1786837744.288259 1313169 1072177 2857 1589 0 1309183 0 976376
1786837745.287809 1313169 1072177 2857 1589 0 1309183 0 976376
1786837746.288515 1313169 1072177 2857 1589 0 1309183 0 976376
1786837747.288089 1313169 1072177 2857 1589 0 1309183 0 976376
1786837748.288178 1313169 1072177 2857 1589 0 1309183 0 976376
1786837749.288445 1313169 1072177 2857 1589 0 1309183 0 976376
1786837750.288206 1313169 1072177 2857 1589 0 1309183 0 976376
1786837751.287745 1313169 1072177 2857 1589 0 1309183 0 976376
1786837752.288464 1313169 1072177 2857 1589 0 1309183 0 976376
1786837753.288173 1313169 1072177 2857 1589 0 1309183 0 976376
1786837754.288155 1313169 1072195 2857 1589 0 1309183 0 976376
1786837755.290277 1313169 1072195 2857 1589 0 1309183 0 976376
1786837756.288118 1313169 1072195 2857 1589 0 1309183 0 976376
1786837757.288072 1313169 1072195 2857 1589 0 1309183 0 976376
1786837758.288248 1313169 1072195 2857 1589 0 1309183 0 976376
1786837759.288257 1313169 1072195 2857 1589 0 1309183 0 976376
1786837760.288059 1313169 1072195 2857 1589 0 1309183 0 976376
1786837761.288640 1313169 1072195 2857 1589 0 1309183 0 976376
1786837762.288050 1313169 1072195 2857 1589 0 1309183 0 976376
1786837763.288101 1313169 1072195 2857 1589 0 1309183 0 976376
1786837764.288102 1313169 1072839 2857 1589 0 1309183 0 976376
1786837765.289751 1313169 1072839 2857 1589 0 1309183 0 976376
1786837766.288196 1313169 1072839 2857 1589 0 1309183 0 976376
1786837767.288165 1313169 1072839 2857 1589 0 1309183 0 976376
1786837768.288279 1313169 1072839 2857 1589 0 1309183 0 976376
1786837769.288096 1313169 1072839 2857 1589 0 1309183 0 976376
1786837770.288515 1313169 1072839 2857 1589 0 1309183 0 976376
1786837771.288055 1313169 1072839 2857 1589 0 1309183 0 976376
1786837772.288003 1313169 1072839 2857 1589 0 1309183 0 976376
1786837773.287952 1313169 1072839 2857 1589 0 1309183 0 976376
1786837774.286911 1313169 1072881 2857 1589 0 1309183 0 976376
1786837775.286921 1313169 1072881 2857 1589 0 1309183 0 976376
1786837776.286546 1313169 1072881 2857 1589 0 1309183 0 976376
1786837777.286915 1313169 1072881 2857 1589 0 1309183 0 976376
1786837778.287338 1313169 1072881 2857 1589 0 1309183 0 976376
1786837779.289561 1313169 1072881 2857 1589 0 1309183 0 976376
1786837780.287914 1313169 1072881 2857 1589 0 1309183 0 976376
1786837781.288091 1313169 1072881 2857 1589 0 1309183 0 976376
1786837782.287961 1313169 1072881 2857 1589 0 1309183 0 976376
1786837783.287983 1313169 1072881 2857 1589 0 1309183 0 976376
1786837784.287998 1313169 1072881 2857 1589 0 1309183 0 976376
1786837785.287556 1313169 1072881 2857 1589 0 1309183 0 976376
1786837786.288105 1313169 1072881 2857 1589 0 1309183 0 976376
1786837787.288488 1313169 1072881 2857 1589 0 1309183 0 976376
1786837788.287967 1313169 1072881 2857 1589 0 1309183 0 976376
1786837789.287895 1313169 1072881 2857 1589 0 1309183 0 976376
1786837790.287969 1313169 1072881 2857 1589 0 1309183 0 976376
1786837791.289756 1313169 1072881 2857 1589 0 1309183 0 976376
1786837792.287973 1313169 1072881 2857 1589 0 1309183 0 976376
1786837793.288740 1313169 1072881 2857 1589 0 1309183 0 976376
1786837794.288100 1313169 1072881 2857 1589 0 1309183 0 976376
1786837795.287942 1313169 1072881 2857 1589 0 1309183 0 976376
1786837796.287976 1313169 1072881 2857 1589 0 1309183 0 976376
1786837797.287937 1313169 1072881 2857 1589 0 1309183 0 976376
1786837798.287975 1313169 1072881 2857 1589 0 1309183 0 976376
1786837799.289177 1313169 1072881 2857 1589 0 1309183 0 976376
1786837800.287917 1313169 1072881 2857 1589 0 1309183 0 976376
1786837801.287988 1313169 1072881 2857 1589 0 1309183 0 976376
1786837802.288982 1313169 1072881 2857 1589 0 1309183 0 976376
1786837803.287882 1313169 1072881 2857 1589 0 1309183 0 976376
1786837804.287962 1313169 1072881 2857 1589 0 1309183 0 976376
1786837805.288845 1313169 1072881 2857 1589 0 1309183 0 976376
1786837806.288049 1313169 1072881 2857 1589 0 1309183 0 976376
1786837807.289622 1313169 1072881 2857 1589 0 1309183 0 976376
1786837808.286852 1313169 1072881 2857 1589 0 1309183 0 976376
1786837809.286770 1313169 1072881 2857 1589 0 1309183 0 976376
1786837810.286239 1313169 1072881 2857 1589 0 1309183 0 976376
1786837811.287820 1313169 1072881 2857 1589 0 1309183 0 976376
1786837812.286885 1313169 1072881 2857 1589 0 1309183 0 976376
1786837813.286679 1313169 1072881 2857 1589 0 1309183 0 976376
1786837814.286836 1313169 1072881 2857 1589 0 1309183 0 976376
1786837815.287239 1313169 1072881 2857 1589 0 1309183 0 976376
1786837816.286221 1313169 1072881 2857 1589 0 1309183 0 976376
1786837817.287097 1313169 1072881 2857 1589 0 1309183 0 976376
1786837818.287055 1313169 1072881 2857 1589 0 1309183 0 976376
1786837819.287364 1313169 1072881 2857 1589 0 1309183 0 976376
1786837820.286605 1313169 1072881 2857 1589 0 1309183 0 976376
1786837821.286614 1313169 1072881 2857 1589 0 1309183 0 976376
1786837822.287116 1313169 1072881 2857 1589 0 1309183 0 976376
1786837823.287280 1313169 1072881 2857 1589 0 1309183 0 976376
1786837824.286677 1313169 1072881 2857 1589 0 1309183 0 976376
1786837825.287354 1313169 1072881 2857 1589 0 1309183 0 976376
1786837826.286848 1313169 1072881 2857 1589 0 1309183 0 976376
1786837827.286878 1313169 1072881 2857 1589 0 1309183 0 976376
1786837828.286171 1313169 1072881 2857 1589 0 1309183 0 976376
1786837829.287078 1313169 1072881 2857 1589 0 1309183 0 976376
1786837830.286700 1313169 1072881 2857 1589 0 1309183 0 976376
1786837831.287121 1313169 1072881 2857 1589 0 1309183 0 976376
1786837832.287047 1313169 1072881 2857 1589 0 1309183 0 976376
1786837833.288033 1313169 1072881 2857 1589 0 1309183 0 976376
1786837834.287880 1313169 1072881 2857 1589 0 1309183 0 976376
1786837835.287957 1313169 1072881 2857 1589 0 1309183 0 976376
1786837836.287925 1313169 1072881 2857 1589 0 1309183 0 976376
1786837837.288017 1313169 1072881 2857 1589 0 1309183 0 976376
1786837838.287887 1313169 1072881 2857 1589 0 1309183 0 976376
1786837839.287954 1313169 1072881 2857 1589 0 1309183 0 976376
1786837840.287954 1313169 1072881 2857 1589 0 1309183 0 976376
1786837841.287995 1313169 1072881 2857 1589 0 1309183 0 976376
1786837842.286988 1313169 1072881 2857 1589 0 1309183 0 976376
1786837843.286563 1313169 1072881 2857 1589 0 1309183 0 976376
1786837844.286727 1313169 1072881 2857 1589 0 1309183 0 976376
1786837845.287208 1313169 1072881 2857 1589 0 1309183 0 976376
1786837846.287051 1313169 1072881 2857 1589 0 1309183 0 976376
1786837847.286643 1313169 1072881 2857 1589 0 1309183 0 976376
1786837848.286921 1313169 1072881 2857 1589 0 1309183 0 976376
1786837849.287023 1313169 1072881 2857 1589 0 1309183 0 976376
1786837850.287138 1313169 1072881 2857 1589 0 1309183 0 976376
1786837851.286828 1313169 1072881 2857 1589 0 1309183 0 976376
1786837852.287740 1313169 1072881 2857 1589 0 1309183 0 976376
1786837853.286915 1313169 1072881 2857 1589 0 1309183 0 976376
1786837854.287570 1313169 1072881 2857 1589 0 1309183 0 976376
1786837855.286725 1313169 1072881 2857 1589 0 1309183 0 976376
1786837856.286327 1313169 1072881 2857 1589 0 1309183 0 976376
1786837857.286740 1313169 1072881 2857 1589 0 1309183 0 976376
1786837858.287125 1313169 1072881 2857 1589 0 1309183 0 976376
1786837859.287067 1313169 1072881 2857 1589 0 1309183 0 976376
1786837860.288276 1313169 1072881 2857 1589 0 1309183 0 976376
1786837861.288750 1313169 1072881 2857 1589 0 1309183 0 976376
1786837862.289190 1313169 1072881 2857 1589 0 1309183 0 976376
1786837863.287917 1313169 1072881 2857 1589 0 1309183 0 976376
1786837864.287953 1313169 1072881 2857 1589 0 1309183 0 976376
1786837865.287864 1313169 1072881 2857 1589 0 1309183 0 976376
1786837866.288263 1313169 1072881 2857 1589 0 1309183 0 976376
1786837867.287943 1313169 1072881 2857 1589 0 1309183 0 976376
1786837868.288011 1313169 1072881 2857 1589 0 1309183 0 976376
1786837869.287968 1313169 1072881 2857 1589 0 1309183 0 976376
1786837870.288005 1313169 1072881 2857 1589 0 1309183 0 976376
1786837871.287943 1313169 1072881 2857 1589 0 1309183 0 976376
1786837872.288246 1313169 1072881 2857 1589 0 1309183 0 976376
1786837873.288032 1313169 1072881 2857 1589 0 1309183 0 976376
1786837874.287973 1313169 1072881 2857 1589 0 1309183 0 976376
1786837875.287946 1313169 1072881 2857 1589 0 1309183 0 976376
1786837876.287994 1313169 1072881 2857 1589 0 1309183 0 976376
1786837877.287946 1313169 1072881 2857 1589 0 1309183 0 976376
1786837878.288022 1313169 1072881 2857 1589 0 1309183 0 976376
1786837879.287982 1313169 1072881 2857 1589 0 1309183 0 976376
1786837880.288181 1313169 1072881 2857 1589 0 1309183 0 976376
1786837881.289394 1313169 1072881 2857 1589 0 1309183 0 976376
1786837882.287962 1313169 1072881 2857 1589 0 1309183 0 976376
1786837883.287930 1313169 1072881 2857 1589 0 1309183 0 976376
1786837884.287903 1313169 1072881 2857 1589 0 1309183 0 976376
1786837885.288191 1313169 1072881 2857 1589 0 1309183 0 976376
1786837886.287984 1313169 1072881 2857 1589 0 1309183 0 976376
1786837887.287895 1313169 1072881 2857 1589 0 1309183 0 976376
1786837888.288245 1313169 1072881 2857 1589 0 1309183 0 976376
1786837889.287902 1313169 1072881 2857 1589 0 1309183 0 976376
1786837890.287973 1313169 1072881 2857 1589 0 1309183 0 976376
1786837891.287895 1313169 1072881 2857 1589 0 1309183 0 976376
1786837892.287920 1313169 1072881 2857 1589 0 1309183 0 976376
1786837893.287932 1313169 1072881 2857 1589 0 1309183 0 976376
1786837894.287982 1313169 1072881 2857 1589 0 1309183 0 976376
1786837895.287951 1313169 1072881 2857 1589 0 1309183 0 976376
1786837896.287968 1313169 1072881 2857 1589 0 1309183 0 976376
1786837897.287972 1313169 1072881 2857 1589 0 1309183 0 976376
1786837898.287989 1313169 1072881 2857 1589 0 1309183 0 976376
1786837899.287974 1313169 1072881 2857 1589 0 1309183 0 976376
1786837900.287962 1313169 1072881 2857 1589 0 1309183 0 976376
1786837901.288021 1313169 1072881 2857 1589 0 1309183 0 976376
1786837902.288280 1313169 1072881 2857 1589 0 1309183 0 976376
1786837903.287912 1313169 1072881 2857 1589 0 1309183 0 976376
1786837904.287980 1313169 1072881 2857 1589 0 1309183 0 976376
1786837905.287891 1313169 1072881 2857 1589 0 1309183 0 976376
1786837906.288087 1313169 1072881 2857 1589 0 1309183 0 976376
1786837907.287299 1313169 1072881 2857 1589 0 1309183 0 976376
1786837908.286739 1313169 1072881 2857 1589 0 1309183 0 976376
1786837909.286846 1313169 1072881 2857 1589 0 1309183 0 976376
1786837910.287555 1313169 1072881 2857 1589 0 1309183 0 976376
1786837911.287150 1313169 1072881 2857 1589 0 1309183 0 976376
1786837912.287272 1313169 1072881 2857 1589 0 1309183 0 976376
1786837913.287127 1313169 1072881 2857 1589 0 1309183 0 976376
1786837914.286698 1313169 1072881 2857 1589 0 1309183 0 976376
1786837915.286992 1313169 1072881 2857 1589 0 1309183 0 976376
1786837916.286901 1313169 1072881 2857 1589 0 1309183 0 976376
1786837917.287166 1313169 1072881 2857 1589 0 1309183 0 976376
1786837918.286950 1313169 1072881 2857 1589 0 1309183 0 976376
1786837919.286405 1313169 1072881 2857 1589 0 1309183 0 976376
1786837920.286523 1313169 1072881 2857 1589 0 1309183 0 976376
1786837921.286810 1313169 1072881 2857 1589 0 1309183 0 976376
1786837922.287405 1313169 1072881 2857 1589 0 1309183 0 976376
1786837923.287196 1313169 1072881 2857 1589 0 1309183 0 976376
1786837924.286956 1313169 1072881 2857 1589 0 1309183 0 976376
1786837925.287311 1313169 1072881 2857 1589 0 1309183 0 976376
1786837926.286681 1313169 1072881 2857 1589 0 1309183 0 976376
1786837927.287075 1313169 1072881 2857 1589 0 1309183 0 976376
1786837928.287606 1313169 1072881 2857 1589 0 1309183 0 976376
1786837929.286635 1313169 1072881 2857 1589 0 1309183 0 976376
1786837930.286683 1313169 1072881 2857 1589 0 1309183 0 976376
1786837931.286959 1313169 1072881 2857 1589 0 1309183 0 976376
1786837932.290116 1313169 1072881 2857 1589 0 1309183 0 976376
1786837933.287970 1313169 1072881 2857 1589 0 1309183 0 976376
1786837934.287993 1313169 1072881 2857 1589 0 1309183 0 976376
1786837935.288010 1313169 1072881 2857 1589 0 1309183 0 976376
1786837936.287970 1313169 1072881 2857 1589 0 1309183 0 976376
1786837937.288042 1313169 1072881 2857 1589 0 1309183 0 976376
1786837938.287952 1313169 1072881 2857 1589 0 1309183 0 976376
1786837939.287937 1313169 1072881 2857 1589 0 1309183 0 976376
1786837940.287970 1313169 1072881 2857 1589 0 1309183 0 976376
1786837941.288025 1313169 1072881 2857 1589 0 1309183 0 976376
1786837942.287957 1313169 1072881 2857 1589 0 1309183 0 976376
1786837943.287978 1313169 1072881 2857 1589 0 1309183 0 976376
1786837944.287948 1313169 1072881 2857 1589 0 1309183 0 976376
1786837945.288052 1313169 1072881 2857 1589 0 1309183 0 976376
1786837946.288001 1313169 1072881 2857 1589 0 1309183 0 976376
1786837947.287941 1313169 1072881 2857 1589 0 1309183 0 976376
1786837948.287915 1313169 1072881 2857 1589 0 1309183 0 976376
1786837949.287935 1313169 1072881 2857 1589 0 1309183 0 976376
1786837950.287938 1313169 1072881 2857 1589 0 1309183 0 976376
1786837951.287949 1313169 1072881 2857 1589 0 1309183 0 976376
1786837952.287945 1313169 1072881 2857 1589 0 1309183 0 976376
1786837953.288123 1313169 1072881 2857 1589 0 1309183 0 976376
1786837954.288037 1313169 1072881 2857 1589 0 1309183 0 976376
1786837955.288072 1313169 1072881 2857 1589 0 1309183 0 976376
1786837956.287961 1313169 1072881 2857 1589 0 1309183 0 976376
1786837957.287975 1313169 1072881 2857 1589 0 1309183 0 976376
1786837958.288016 1313169 1072881 2857 1589 0 1309183 0 976376
1786837959.287951 1313169 1072881 2857 1589 0 1309183 0 976376
1786837960.287958 1313169 1072881 2857 1589 0 1309183 0 976376
1786837961.287981 1313169 1072881 2857 1589 0 1309183 0 976376
1786837962.287982 1313169 1072881 2857 1589 0 1309183 0 976376
1786837963.287990 1313169 1072881 2857 1589 0 1309183 0 976376
1786837964.287990 1313169 1072881 2857 1589 0 1309183 0 976376
1786837965.287946 1313169 1072881 2857 1589 0 1309183 0 976376
1786837966.287995 1313169 1072881 2857 1589 0 1309183 0 976376
1786837967.287947 1313169 1072881 2857 1589 0 1309183 0 976376
1786837968.288015 1313169 1072881 2857 1589 0 1309183 0 976376
1786837969.287993 1313169 1072881 2857 1589 0 1309183 0 976376
1786837970.287915 1313169 1072881 2857 1589 0 1309183 0 976376
1786837971.288765 1313169 1072881 2857 1589 0 1309183 0 976376
1786837972.287962 1313169 1072881 2857 1589 0 1309183 0 976376
1786837973.289036 1313169 1072881 2857 1589 0 1309183 0 976376
1786837974.288022 1313169 1072881 2857 1589 0 1309183 0 976376
1786837975.288040 1313169 1072881 2857 1589 0 1309183 0 976376
1786837976.287989 1313169 1072881 2857 1589 0 1309183 0 976376
1786837977.288014 1313169 1072881 2857 1589 0 1309183 0 976376
1786837978.288052 1313169 1072881 2857 1589 0 1309183 0 976376
1786837979.287950 1313169 1072881 2857 1589 0 1309183 0 976376
1786837980.288469 1313169 1072881 2857 1589 0 1309183 0 976376
1786837981.288092 1313169 1072881 2857 1589 0 1309183 0 976376
1786837982.288297 1313169 1072881 2857 1589 0 1309183 0 976376
1786837983.288106 1313169 1072881 2857 1589 0 1309183 0 976376
1786837984.287937 1313169 1072881 2857 1589 0 1309183 0 976376
1786837985.288007 1313169 1072881 2857 1589 0 1309183 0 976376
1786837986.287965 1313169 1072881 2857 1589 0 1309183 0 976376
1786837987.287942 1313169 1072881 2857 1589 0 1309183 0 976376
1786837988.289023 1313169 1072881 2857 1589 0 1309183 0 976376
1786837989.287938 1313169 1072881 2857 1589 0 1309183 0 976376
1786837990.288029 1313169 1072881 2857 1589 0 1309183 0 976376
1786837991.288052 1313169 1072881 2857 1589 0 1309183 0 976376
1786837992.288028 1313169 1072881 2857 1589 0 1309183 0 976376
1786837993.288080 1313169 1072881 2857 1589 0 1309183 0 976376
1786837994.288030 1313169 1072881 2857 1589 0 1309183 0 976376
1786837995.288007 1313169 1072881 2857 1589 0 1309183 0 976376
1786837996.287953 1313169 1072881 2857 1589 0 1309183 0 976376
1786837997.287955 1313169 1072881 2857 1589 0 1309183 0 976376
1786837998.288007 1313169 1072881 2857 1589 0 1309183 0 976376
1786837999.288128 1313169 1072881 2857 1589 0 1309183 0 976376
1786838000.287913 1313169 1072895 2857 1589 0 1309183 0 976376
1786838001.288133 1313169 1072895 2857 1589 0 1309183 0 976376
1786838002.287905 1313169 1072895 2857 1589 0 1309183 0 976376
1786838003.288109 1313169 1072895 2857 1589 0 1309183 0 976376
1786838004.288092 1313169 1072895 2857 1589 0 1309183 0 976376
1786838005.288081 1313169 1072895 2857 1589 0 1309183 0 976376
1786838006.288114 1313169 1072895 2857 1589 0 1309183 0 976376
1786838007.288151 1313169 1072895 2857 1589 0 1309183 0 976376
1786838008.288191 1313169 1072895 2857 1589 0 1309183 0 976376
1786838009.288180 1313169 1072895 2857 1589 0 1309183 0 976376
1786838010.288085 1313169 1072895 2857 1589 0 1309183 0 976376
1786838011.288067 1313169 1072895 2857 1589 0 1309183 0 976376
1786838012.288077 1313169 1072895 2857 1589 0 1309183 0 976376
1786838013.288041 1313169 1072895 2857 1589 0 1309183 0 976376
1786838014.288027 1313169 1072895 2857 1589 0 1309183 0 976376
1786838015.288041 1313169 1072895 2857 1589 0 1309183 0 976376
1786838016.288116 1313169 1072895 2857 1589 0 1309183 0 976376
1786838017.288189 1313169 1072895 2857 1589 0 1309183 0 976376
1786838018.288095 1313169 1072895 2857 1589 0 1309183 0 976376
1786838019.288092 1313169 1072895 2857 1589 0 1309183 0 976376
1786838020.288029 1313169 1072895 2857 1589 0 1309183 0 976376
1786838021.288963 1313169 1072895 2857 1589 0 1309183 0 976376
1786838022.288184 1313169 1072895 2857 1589 0 1309183 0 976376
1786838023.288101 1313169 1072895 2857 1589 0 1309183 0 976376
1786838024.288003 1313169 1072895 2857 1589 0 1309183 0 976376
1786838025.288127 1313169 1072895 2857 1589 0 1309183 0 976376
1786838026.288099 1313169 1072895 2857 1589 0 1309183 0 976376
1786838027.287943 1313169 1072895 2857 1589 0 1309183 0 976376
1786838028.288059 1313169 1072895 2857 1589 0 1309183 0 976376
1786838029.287969 1313169 1072895 2857 1589 0 1309183 0 976376
1786838030.288017 1313169 1072895 2857 1589 0 1309183 0 976376
1786838031.288042 1313169 1072895 2857 1589 0 1309183 0 976376
1786838032.288016 1313169 1072895 2857 1589 0 1309183 0 976376
1786838033.287975 1313169 1072895 2857 1589 0 1309183 0 976376
1786838034.287980 1313169 1072895 2857 1589 0 1309183 0 976376
1786838035.288020 1313169 1072895 2857 1589 0 1309183 0 976376
1786838036.288027 1313169 1072895 2857 1589 0 1309183 0 976376
