# start_epoch=1786115428.623571  page_size=4096  cachestat=ok  fields=size,resident,shared,text,lib,data,dt,pagecache
1786115429.623834 262500 28500 8512 99 0 248506 0 1
1786115430.623791 262500 28500 8512 99 0 248506 0 1
1786115431.627790 2971821 67622 47037 99 0 280506 0 60579
1786115432.631920 3027269 108852 86890 99 0 281914 0 127939
1786115433.633230 3061950 106427 84474 99 0 281914 0 149710
1786115434.631397 3040791 45672 24462 99 0 281914 0 157364
1786115435.637640 3131352 106882 84968 99 0 281914 0 219850
1786115436.640325 3166007 109983 88066 99 0 281914 0 261603
1786115437.638993 3200685 111554 89775 99 0 281914 0 310887
1786115438.639710 3249878 122511 100688 99 0 281914 0 325232
1786115439.651262 3270077 109108 87334 99 0 281914 0 365156
1786115440.648623 4370915 100546 79713 99 0 281914 0 389480
1786115441.650585 3302911 81145 60374 99 0 281914 0 419103
1786115442.651832 3337685 79474 57789 99 0 281914 0 443739
1786115443.654414 3373041 77123 55136 99 0 282682 0 488191
1786115444.657407 3407803 79901 58035 99 0 282682 0 529528
1786115445.661708 3442501 82628 60709 99 0 282682 0 569178
1786115446.661941 3477143 83188 61201 99 0 282682 0 605380
1786115447.664346 3511788 83429 61906 99 0 282682 0 641747
1786115448.654777 3557804 77388 56142 99 0 286778 0 636447
1786115449.654341 3537174 53543 30178 99 0 289210 0 618373
1786115450.655005 3537174 89083 65718 99 0 289210 0 629061
1786115451.655296 3551138 122645 99279 99 0 289210 0 630804
1786115452.654258 3539588 49816 24211 99 0 291642 0 627301
1786115453.654736 3553553 91757 67413 99 0 291642 0 627403
1786115454.653951 3539588 111620 87269 99 0 291642 0 618642
1786115455.653677 3539570 35421 11763 99 0 291642 0 611298
1786115456.654157 3539570 74198 48435 99 0 291642 0 623415
1786115457.655078 3539570 106874 81111 99 0 291642 0 640043
1786115458.653861 3539570 138045 112282 99 0 291642 0 615783
1786115459.659585 3553518 78788 53025 99 0 291642 0 641331
1786115460.653923 3539553 99699 73936 99 0 291642 0 621329
1786115461.654725 3539553 135000 108457 99 0 291642 0 634533
1786115462.654066 3539536 60861 34318 99 0 291642 0 625017
1786115463.654263 3539536 91967 66375 99 0 291642 0 627363
1786115464.653520 3539536 123039 97365 99 0 291642 0 616349
1786115465.654829 3553483 64008 38301 99 0 291642 0 641320
1786115466.653833 3539518 81806 57825 99 0 291642 0 620146
1786115467.656998 3546165 69888 42940 99 0 298298 0 657029
1786115468.653758 3552309 88183 64448 99 0 304442 0 622268
1786115469.655974 3599437 151760 127960 99 0 304442 0 666827
1786115470.654534 3552308 58632 30249 99 0 304442 0 640349
1786115471.653126 3662589 191036 164701 99 0 304442 0 611221
1786115472.657027 3552308 130550 104215 99 0 304442 0 692621
1786115473.653563 3552307 44452 18116 99 0 304442 0 621759
1786115474.656277 3599435 118867 92533 99 0 304442 0 666834
1786115475.655630 3552307 129543 98601 99 0 304442 0 667166
1786115476.654017 3562156 150083 123739 99 0 304442 0 630943
1786115477.656358 3552306 80301 56906 99 0 304442 0 682706
1786115478.654756 3552306 112660 84384 99 0 304442 0 648447
1786115479.653220 3552306 130754 105550 99 0 304442 0 613280
1786115480.655443 3552305 77094 48531 99 0 304442 0 664187
1786115481.653823 3552305 94905 69409 99 0 304442 0 628655
1786115482.656935 3599434 176491 150992 99 0 304442 0 676550
1786115483.654508 3552304 61050 32326 99 0 304442 0 642781
1786115484.655604 3655044 157847 131171 99 0 304442 0 666848
1786115485.656824 3552304 126055 99379 99 0 304442 0 695701
1786115486.652724 3552297 36078 9422 99 0 304442 0 610754
1786115487.652808 3552297 36078 9422 99 0 304442 0 610754
1786115488.660090 3556394 36072 9422 99 0 308538 0 610754
1786115489.652908 3560491 36066 9422 99 0 312634 0 610754
1786115490.652666 3560491 36066 9422 99 0 312634 0 610754
1786115491.653067 3564588 36017 9422 99 0 316730 0 610754
1786115492.652826 3564588 36017 9422 99 0 316730 0 610754
1786115493.652680 3564588 36017 9422 99 0 316730 0 610754
1786115494.652782 3564588 36017 9422 99 0 316730 0 610754
1786115495.652651 3564588 36017 9422 99 0 316730 0 610754
1786115496.655583 3564588 36017 9422 99 0 316730 0 610754
1786115497.652667 3564588 36194 9422 99 0 316730 0 610754
1786115498.652687 3564588 36122 9422 99 0 316730 0 610754
