# start_epoch=1791452594.398554  page_size=4096  cachestat=ok  fields=size,resident,shared,text,lib,data,dt,pagecache
1791452595.403892 466997 45517 3295 2199 0 462284 0 84900
1791452596.406855 468412 47709 3351 2199 0 463692 0 136323
1791452597.407288 468412 43370 3351 2199 0 463692 0 140825
1791452598.409057 469308 42646 3351 2199 0 464588 0 172941
1791452599.409379 469308 41444 3404 2199 0 464588 0 177717
1791452600.411219 469308 47995 3404 2199 0 464588 0 209832
1791452601.411478 469308 37046 3404 2199 0 464588 0 212792
1791452602.412757 469308 48347 3404 2199 0 464588 0 233725
1791452603.414907 469308 47446 3404 2199 0 464588 0 269337
1791452604.416002 470332 46651 3404 2199 0 465612 0 289736
1791452605.416288 470332 48608 3404 2199 0 465612 0 293513
1791452606.420975 470332 42253 3404 2199 0 465612 0 307316
1791452607.419479 471228 47023 3404 2199 0 466508 0 346507
1791452608.423161 471228 46692 3404 2199 0 466508 0 389596
1791452609.422207 471228 36058 3404 2199 0 466508 0 391129
1791452610.425717 472508 49111 3404 2199 0 467788 0 453522
1791452611.419838 472508 52267 3404 2199 0 467788 0 481013
1791452612.428678 472508 35653 3404 2199 0 467788 0 500570
1791452613.431304 472508 52932 3404 2199 0 467788 0 548010
1791452614.422020 476605 35969 3404 2199 0 471884 0 525805
1791452615.421215 476605 35232 3404 2199 0 471884 0 509135
1791452616.421231 478141 35536 3404 2199 0 473420 0 508104
1791452617.421227 478141 35987 3404 2199 0 473420 0 508105
1791452618.421093 478141 35987 3404 2199 0 473420 0 508105
1791452619.417900 478141 34430 3404 2199 0 473420 0 423534
1791452620.418178 478141 35492 3404 2199 0 473420 0 441567
1791452621.418580 478141 35492 3404 2199 0 473420 0 441567
1791452622.418523 479933 35298 3404 2199 0 475212 0 441568
1791452623.418365 479933 35186 3404 2199 0 475212 0 441568
1791452624.418377 479933 35453 3404 2199 0 475212 0 441569
1791452625.418432 479933 35052 3404 2199 0 475212 0 441570
1791452626.418275 479933 34912 3404 2199 0 475212 0 441570
1791452627.418258 479933 35388 3404 2199 0 475212 0 441571
1791452628.418395 479933 35144 3404 2199 0 475212 0 441572
1791452629.418216 479933 36588 3404 2199 0 475212 0 439339
1791452630.418363 479933 36588 3404 2199 0 475212 0 441561
1791452631.418231 479933 36588 3404 2199 0 475212 0 441561
1791452632.418304 479933 36368 3404 2199 0 475212 0 441562
1791452633.418285 479933 36368 3404 2199 0 475212 0 441562
1791452634.418182 479933 36368 3404 2199 0 475212 0 441563
1791452635.417307 484037 29899 3443 2199 0 479308 0 423534
1791452636.417260 531653 105155 3443 2199 0 526924 0 423534
1791452637.417562 623813 184909 3443 2199 0 619084 0 423534
1791452638.417632 700101 264287 3443 2199 0 695372 0 423534
1791452639.417471 752325 336306 3443 2199 0 747596 0 423534
1791452640.417449 880837 412938 3443 2199 0 876108 0 423534
1791452641.417431 962757 489451 3443 2199 0 958028 0 423534
1791452642.417391 1065157 566371 3443 2199 0 1060428 0 423534
1791452643.417288 1065157 644734 3443 2199 0 1060428 0 423534
1791452644.417507 1184965 722472 3443 2199 0 1180236 0 423534
1791452645.417468 1316037 801637 3443 2199 0 1311308 0 423534
1791452646.417504 1326278 864166 3443 2199 0 1321548 0 423534
1791452647.417457 1326278 864166 3443 2199 0 1321548 0 423534
1791452648.417265 1326278 864166 3443 2199 0 1321548 0 423534
1791452649.417380 1326278 864166 3443 2199 0 1321548 0 423534
1791452650.417318 1326278 864166 3443 2199 0 1321548 0 423534
1791452651.417520 1326278 864166 3443 2199 0 1321548 0 423534
1791452652.417471 1326278 864166 3443 2199 0 1321548 0 423534
1791452653.417443 1326278 864166 3443 2199 0 1321548 0 423534
1791452654.417352 1330375 864165 3443 2199 0 1325644 0 423534
1791452655.417383 1330375 864165 3443 2199 0 1325644 0 423534
1791452656.417357 1330375 864165 3443 2199 0 1325644 0 423534
1791452657.417370 1330375 864165 3443 2199 0 1325644 0 423534
1791452658.417208 1330375 864165 3443 2199 0 1325644 0 423534
1791452659.417483 1330375 864165 3443 2199 0 1325644 0 423534
1791452660.417504 1330375 864165 3443 2199 0 1325644 0 423534
1791452661.417459 1334465 864158 3436 2199 0 1329740 0 423534
1791452662.417378 1334465 864158 3436 2199 0 1329740 0 423534
1791452663.417313 1334465 864158 3436 2199 0 1329740 0 423534
1791452664.417327 1334465 864158 3436 2199 0 1329740 0 423534
1791452665.417419 1334465 864158 3436 2199 0 1329740 0 423534
1791452666.417491 1334465 864158 3436 2199 0 1329740 0 423534
1791452667.417486 1334465 864158 3436 2199 0 1329740 0 423534
1791452668.417408 1334465 864158 3436 2199 0 1329740 0 423534
1791452669.417430 1334465 864158 3436 2199 0 1329740 0 423534
1791452670.417457 1334465 864158 3436 2199 0 1329740 0 423534
1791452671.417329 1334465 864158 3436 2199 0 1329740 0 423534
1791452672.417444 1334465 864158 3436 2199 0 1329740 0 423534
1791452673.417422 1334465 864158 3436 2199 0 1329740 0 423534
1791452674.417477 1334465 864158 3436 2199 0 1329740 0 423534
1791452675.417374 1334465 864158 3436 2199 0 1329740 0 423534
1791452676.417503 1334465 864158 3436 2199 0 1329740 0 423534
1791452677.417377 1334465 864158 3436 2199 0 1329740 0 423534
1791452678.417427 1334465 864158 3436 2199 0 1329740 0 423534
1791452679.417335 1334465 864158 3436 2199 0 1329740 0 423534
1791452680.417311 1334465 864158 3436 2199 0 1329740 0 423534
1791452681.417542 1334465 864158 3436 2199 0 1329740 0 423534
1791452682.417458 1334465 864158 3436 2199 0 1329740 0 423534
1791452683.417467 1334465 864158 3436 2199 0 1329740 0 423534
1791452684.417400 1334465 864158 3436 2199 0 1329740 0 423534
1791452685.417434 1334465 864158 3436 2199 0 1329740 0 423534
1791452686.417497 1334465 864158 3436 2199 0 1329740 0 423534
1791452687.417377 1334465 864158 3436 2199 0 1329740 0 423534
1791452688.417255 1334465 864158 3436 2199 0 1329740 0 423534
1791452689.417470 1334465 864158 3436 2199 0 1329740 0 423534
1791452690.417447 1334465 864158 3436 2199 0 1329740 0 423534
1791452691.417447 1334465 864158 3436 2199 0 1329740 0 423534
1791452692.417456 1334465 864158 3436 2199 0 1329740 0 423534
1791452693.417440 1334465 864158 3436 2199 0 1329740 0 423534
1791452694.417352 1334465 864158 3436 2199 0 1329740 0 423534
1791452695.417342 1334465 864158 3436 2199 0 1329740 0 423534
1791452696.417474 1334465 864158 3436 2199 0 1329740 0 423534
1791452697.417458 1334465 864158 3436 2199 0 1329740 0 423534
1791452698.417440 1334465 864529 3436 2199 0 1329740 0 423534
1791452699.417393 1334465 864529 3436 2199 0 1329740 0 423534
1791452700.417378 1334465 864529 3436 2199 0 1329740 0 423534
1791452701.417374 1334465 864529 3436 2199 0 1329740 0 423534
1791452702.417349 1334465 864529 3436 2199 0 1329740 0 423534
1791452703.417286 1334465 864529 3436 2199 0 1329740 0 423534
1791452704.417495 1334465 864529 3436 2199 0 1329740 0 423534
1791452705.417424 1334465 864529 3436 2199 0 1329740 0 423534
1791452706.417437 1334465 864529 3436 2199 0 1329740 0 423534
1791452707.417374 1334465 864529 3436 2199 0 1329740 0 423534
1791452708.417325 1334465 864814 3436 2199 0 1329740 0 423534
1791452709.417332 1334465 864814 3436 2199 0 1329740 0 423534
1791452710.417514 1334465 864814 3436 2199 0 1329740 0 423534
1791452711.417569 1334465 864814 3436 2199 0 1329740 0 423534
1791452712.417567 1334465 864814 3436 2199 0 1329740 0 423534
1791452713.417491 1334465 864814 3436 2199 0 1329740 0 423534
1791452714.417432 1334465 864814 3436 2199 0 1329740 0 423534
1791452715.417395 1334465 864814 3436 2199 0 1329740 0 423534
1791452716.417389 1334465 864814 3436 2199 0 1329740 0 423534
1791452717.417363 1334465 864814 3436 2199 0 1329740 0 423534
1791452718.417379 1334465 864814 3436 2199 0 1329740 0 423534
1791452719.417525 1334465 864814 3436 2199 0 1329740 0 423534
1791452720.417460 1334465 864814 3436 2199 0 1329740 0 423534
1791452721.417500 1334465 864814 3436 2199 0 1329740 0 423534
1791452722.417367 1334465 864814 3436 2199 0 1329740 0 423534
1791452723.417406 1334465 864814 3436 2199 0 1329740 0 423534
1791452724.417885 1334465 864814 3436 2199 0 1329740 0 423534
1791452725.417360 1334465 864814 3436 2199 0 1329740 0 423534
1791452726.417454 1334465 864814 3436 2199 0 1329740 0 423534
1791452727.417593 1334465 864814 3436 2199 0 1329740 0 423534
1791452728.417561 1334465 864814 3436 2199 0 1329740 0 423534
1791452729.417531 1334465 865310 3436 2199 0 1329740 0 423534
1791452730.417533 1334465 865310 3436 2199 0 1329740 0 423534
1791452731.417460 1334465 865310 3436 2199 0 1329740 0 423534
1791452732.417412 1334465 865310 3436 2199 0 1329740 0 423534
1791452733.417519 1334465 865310 3436 2199 0 1329740 0 423534
1791452734.417423 1334465 865310 3436 2199 0 1329740 0 423534
1791452735.417549 1334465 865310 3436 2199 0 1329740 0 423534
1791452736.417528 1334465 865310 3436 2199 0 1329740 0 423534
1791452737.417584 1334465 865310 3436 2199 0 1329740 0 423534
1791452738.417517 1334465 865310 3436 2199 0 1329740 0 423534
1791452739.417493 1334465 865790 3436 2199 0 1329740 0 423534
1791452740.417466 1334465 865790 3436 2199 0 1329740 0 423534
1791452741.417387 1334465 865790 3436 2199 0 1329740 0 423534
1791452742.417639 1334465 865790 3436 2199 0 1329740 0 423534
1791452743.417468 1334465 865790 3436 2199 0 1329740 0 423534
1791452744.417495 1334465 865790 3436 2199 0 1329740 0 423534
1791452745.417563 1334465 865790 3436 2199 0 1329740 0 423534
1791452746.417493 1334465 865790 3436 2199 0 1329740 0 423534
1791452747.417530 1334465 865790 3436 2199 0 1329740 0 423534
1791452748.417456 1334465 865790 3436 2199 0 1329740 0 423534
1791452749.417517 1334465 865790 3436 2199 0 1329740 0 423534
1791452750.417379 1334465 865790 3436 2199 0 1329740 0 423534
1791452751.419725 1334465 865790 3436 2199 0 1329740 0 423534
1791452752.417688 1334465 865790 3436 2199 0 1329740 0 423534
1791452753.417594 1334465 865790 3436 2199 0 1329740 0 423534
1791452754.417483 1334465 865790 3436 2199 0 1329740 0 423534
1791452755.425954 1334465 865790 3436 2199 0 1329740 0 423534
1791452756.417628 1334465 865790 3436 2199 0 1329740 0 423534
1791452757.417522 1334465 865790 3436 2199 0 1329740 0 423534
1791452758.417695 1334465 865790 3436 2199 0 1329740 0 423534
1791452759.417573 1334465 865790 3436 2199 0 1329740 0 423534
1791452760.417596 1334465 866254 3436 2199 0 1329740 0 423534
1791452761.417492 1334465 866254 3436 2199 0 1329740 0 423534
1791452762.417450 1334465 866254 3436 2199 0 1329740 0 423534
1791452763.417414 1334465 866254 3436 2199 0 1329740 0 423534
1791452764.417564 1334465 866254 3436 2199 0 1329740 0 423534
1791452765.417757 1334465 866254 3436 2199 0 1329740 0 423534
1791452766.419154 1334465 866254 3436 2199 0 1329740 0 423534
1791452767.417534 1334465 866254 3436 2199 0 1329740 0 423534
1791452768.417359 1334465 866254 3436 2199 0 1329740 0 423534
1791452769.419384 1334465 866254 3436 2199 0 1329740 0 423534
1791452770.417502 1334465 866702 3436 2199 0 1329740 0 423534
1791452771.417552 1334465 866702 3436 2199 0 1329740 0 423534
1791452772.417695 1334465 866702 3436 2199 0 1329740 0 423534
1791452773.417648 1334465 866702 3436 2199 0 1329740 0 423534
1791452774.417599 1334465 866702 3436 2199 0 1329740 0 423534
1791452775.417581 1334465 866702 3436 2199 0 1329740 0 423534
1791452776.417481 1334465 866702 3436 2199 0 1329740 0 423534
1791452777.417496 1334465 866702 3436 2199 0 1329740 0 423534
1791452778.417417 1334465 866702 3436 2199 0 1329740 0 423534
1791452779.417669 1334465 866702 3436 2199 0 1329740 0 423534
1791452780.417602 1334465 866702 3436 2199 0 1329740 0 423534
1791452781.417486 1334465 866702 3436 2199 0 1329740 0 423534
1791452782.417503 1334465 866702 3436 2199 0 1329740 0 423534
1791452783.417561 1334465 866702 3436 2199 0 1329740 0 423534
1791452784.417488 1334465 866702 3436 2199 0 1329740 0 423534
1791452785.417425 1334465 866702 3436 2199 0 1329740 0 423534
1791452786.417514 1334465 866702 3436 2199 0 1329740 0 423534
1791452787.417581 1334465 866702 3436 2199 0 1329740 0 423534
1791452788.417361 1334465 866702 3436 2199 0 1329740 0 423534
1791452789.417579 1334465 866702 3436 2199 0 1329740 0 423534
1791452790.417517 1334465 867134 3436 2199 0 1329740 0 423534
1791452791.417529 1334465 867134 3436 2199 0 1329740 0 423534
1791452792.417484 1334465 867134 3436 2199 0 1329740 0 423534
1791452793.417406 1334465 867134 3436 2199 0 1329740 0 423534
1791452794.417552 1334465 867134 3436 2199 0 1329740 0 423534
1791452795.417535 1334465 867134 3436 2199 0 1329740 0 423534
1791452796.419889 1334465 867134 3436 2199 0 1329740 0 423534
1791452797.417531 1334465 867134 3436 2199 0 1329740 0 423534
1791452798.417567 1334465 867134 3436 2199 0 1329740 0 423534
1791452799.417434 1334465 867134 3436 2199 0 1329740 0 423534
