# start_epoch=1786847113.045858  page_size=4096  cachestat=ok  fields=size,resident,shared,text,lib,data,dt,pagecache
1786847114.046075 260451 27142 7667 99 0 246458 0 1
1786847115.046090 260451 27142 7667 99 0 246458 0 1
1786847116.051853 2932277 69163 48819 99 0 258106 0 58524
1786847117.050689 2955914 87417 67089 99 0 258106 0 81246
1786847118.054052 2979088 84894 64565 99 0 258106 0 114666
1786847119.054932 3002159 83393 63064 99 0 258106 0 148895
1786847120.056789 3062244 139559 119228 99 0 258106 0 182369
1786847121.059405 3098491 156774 136463 99 0 258106 0 211500
1786847122.060958 3124017 157014 136809 99 0 258106 0 247317
1786847123.064591 4208946 167460 147247 99 0 258106 0 253154
1786847124.062187 3152494 110295 90132 99 0 258106 0 269242
1786847125.065381 3170960 164220 144057 99 0 258106 0 327023
1786847126.065515 3186489 161394 141221 99 0 258106 0 333883
1786847127.065133 3223177 208001 187847 99 0 258106 0 347816
1786847128.066460 3200300 116784 96657 99 0 258106 0 343055
1786847129.069493 3242439 180653 160578 99 0 258106 0 389583
1786847130.067697 3249097 171139 150988 99 0 258106 0 387511
1786847131.069455 3258290 129719 109569 99 0 258106 0 390958
1786847132.070443 3291450 159975 139895 99 0 258106 0 426818
1786847133.070996 3328138 204155 184070 99 0 258106 0 442780
1786847134.073532 3322513 113187 93171 99 0 258106 0 428740
1786847135.081380 3351068 182485 162467 99 0 258106 0 514834
1786847136.083677 3421943 226516 206523 99 0 258106 0 535097
1786847137.074976 3387170 200480 180470 99 0 258106 0 511480
1786847138.075667 3387170 214852 194838 99 0 258106 0 517510
1786847139.075177 3387170 229658 209640 99 0 258106 0 520006
1786847140.075847 3385919 130825 110964 99 0 258106 0 528132
1786847141.082659 3428208 202830 182759 99 0 258106 0 580902
1786847142.084714 3504456 261288 241409 99 0 258106 0 648113
1786847143.089027 3492619 220228 198852 99 0 280122 0 616249
1786847144.092026 3521801 262307 239966 99 0 281146 0 631331
1786847145.083898 3541605 309441 287775 99 0 281146 0 650780
1786847146.080981 3491230 164586 142971 99 0 281146 0 582873
1786847147.082465 3506899 152132 130516 99 0 281146 0 609704
1786847148.091949 3544419 202413 180301 99 0 281786 0 651307
1786847149.098991 3547000 209972 187837 99 0 281786 0 646625
1786847150.098090 3576126 263347 241262 99 0 281786 0 677792
1786847151.091739 3661109 275777 252160 99 0 283322 0 767572
1786847152.082388 3565434 165205 141587 99 0 283322 0 625277
1786847153.087916 3586691 221678 196964 99 0 285754 0 704909
1786847154.097736 3591089 208305 183569 99 0 285754 0 681077
1786847155.101650 3613897 252870 228122 99 0 285754 0 719848
1786847156.113993 3632704 293014 268262 99 0 285754 0 743938
1786847157.083244 3498094 65938 41240 99 0 285754 0 625174
1786847158.086683 3596928 163972 140074 99 0 285754 0 679871
1786847159.088645 3597577 189704 166297 99 0 285754 0 715359
1786847160.130057 3618604 213204 189769 99 0 285754 0 710429
1786847161.090340 3653902 266284 242617 99 0 285754 0 761637
1786847162.092107 3641690 175483 151833 99 0 285754 0 764560
1786847163.137900 3687743 239202 215714 99 0 285754 0 786612
1786847164.102284 3697825 256412 232916 99 0 285754 0 799494
1786847165.105948 3697825 283806 260308 99 0 285754 0 801504
1786847166.095306 4729290 132346 108870 99 0 285754 0 750123
1786847167.093655 3670135 193044 169568 99 0 285754 0 796041
1786847168.136909 3705775 234411 210920 99 0 285754 0 831514
1786847169.094057 3740545 263122 239628 99 0 285754 0 845190
1786847170.096814 3768091 302594 280334 99 0 285754 0 874247
1786847171.091794 3713234 161847 138631 99 0 285754 0 809953
1786847172.093741 3749646 202316 179283 99 0 285754 0 855669
1786847173.111231 3759767 223005 199930 99 0 285754 0 868090
1786847174.098585 3769147 270076 245880 99 0 285754 0 889631
1786847175.104290 3795685 301271 277049 99 0 285754 0 916554
1786847176.102809 3875706 267254 243082 99 0 285754 0 1013399
1786847177.096884 3850811 230169 208529 99 0 285754 0 906328
1786847178.097456 3799115 211057 189416 99 0 285754 0 916070
1786847179.102997 3851699 263835 240886 99 0 285754 0 952340
1786847180.105393 3836619 241402 217993 99 0 285754 0 937843
1786847181.121659 3836619 283737 260324 99 0 285754 0 950973
1786847182.106602 3865995 323381 299653 99 0 285754 0 986057
1786847183.115039 3975703 327767 302729 99 0 287546 0 1072285
1786847184.099564 3805622 158355 133314 99 0 287546 0 897923
1786847185.098668 3837911 164499 139458 99 0 287546 0 946910
1786847186.106047 3908206 262588 237547 99 0 287546 0 1002710
1786847187.129115 3904860 265728 241242 99 0 287546 0 1032397
1786847188.122372 3895050 272228 247756 99 0 287546 0 995984
1786847189.131771 3904427 303576 279101 99 0 287546 0 1033378
1786847190.098413 3826346 88252 65621 99 0 287546 0 922769
1786847191.101587 3885499 163126 140495 99 0 287546 0 991598
1786847192.104239 3925581 233379 210752 99 0 287546 0 1040657
1786847193.110125 3966779 256244 233240 99 0 287546 0 1066918
1786847194.131039 3940045 241181 217186 99 0 287546 0 1041845
1786847195.135776 3957985 297460 272512 99 0 287546 0 1086407
1786847196.139639 3974396 330714 307223 99 0 287546 0 1096814
1786847197.122665 4086878 319961 295204 99 0 289338 0 1192032
1786847198.111825 3940579 162394 137637 99 0 289338 0 1026834
1786847199.109085 3935570 178259 154201 99 0 289338 0 1053996
1786847200.117991 3974237 236544 210002 99 0 289338 0 1105898
1786847201.128818 4021817 271484 244903 99 0 289338 0 1096425
1786847202.140504 4009039 304069 277476 99 0 289338 0 1114218
1786847203.137803 4050623 344974 318377 99 0 289338 0 1162139
1786847204.104811 3982219 141006 114448 99 0 289338 0 1021961
1786847205.107784 3983592 177473 150915 99 0 289338 0 1095400
1786847206.114073 4056027 275540 248981 99 0 289338 0 1148244
1786847207.114095 4053921 280168 253603 99 0 289338 0 1164215
1786847208.134819 4029089 263937 237353 99 0 289338 0 1132369
1786847209.139652 4071735 311410 284822 99 0 289338 0 1182160
1786847210.143265 4095454 355119 328509 99 0 289338 0 1225045
1786847211.125180 4190124 345013 320217 99 0 289338 0 1308994
1786847212.115375 4023100 169255 144457 99 0 289338 0 1137510
1786847213.118156 4056522 191736 166935 99 0 289338 0 1151387
1786847214.136792 4055234 204210 179402 99 0 289338 0 1150916
1786847215.135176 4071528 253603 226982 99 0 289338 0 1177434
1786847216.137677 4085565 292487 266935 99 0 289338 0 1197019
1786847217.122079 4202993 286842 261241 99 0 289338 0 1271176
1786847218.111526 4008985 113804 91154 99 0 289338 0 1099100
1786847219.120901 4064937 175743 153093 99 0 289338 0 1125804
1786847220.113501 4039028 168014 145315 99 0 289338 0 1140184
1786847221.112679 4031945 150848 126290 99 0 289338 0 1120558
1786847222.112406 4028974 131833 107213 99 0 289338 0 1136060
1786847223.111624 4010619 170916 146292 99 0 289338 0 1095554
1786847224.109010 3961384 93014 69518 99 0 289338 0 1052920
1786847225.112580 3952598 91478 67282 99 0 289338 0 1054857
1786847226.107263 3940628 99866 77829 99 0 289338 0 1033528
1786847227.107487 3951927 137253 113111 99 0 289338 0 1058746
1786847228.105894 3923215 120641 95315 99 0 289338 0 1029564
1786847229.106014 3915614 111435 87228 99 0 289338 0 1011871
1786847230.103764 3909258 139272 113949 99 0 289338 0 988387
1786847231.104400 3935974 151980 126832 99 0 289338 0 992032
1786847232.106401 3916831 207066 181913 99 0 289338 0 1011899
1786847233.102748 3871486 84875 61462 99 0 289338 0 959243
1786847234.102694 3871486 151842 128406 99 0 289338 0 959662
1786847235.103040 3871486 218606 193991 99 0 289338 0 958636
1786847236.106078 3930054 283906 259283 99 0 289338 0 1014236
1786847237.110211 3982697 356507 331884 99 0 289338 0 1076860
1786847238.109857 3982697 417832 394902 99 0 289338 0 1067877
1786847239.112847 4016582 484169 458510 99 0 289338 0 1116644
1786847240.098216 3828285 105173 79209 99 0 289338 0 903789
1786847241.099634 3803475 124506 98504 99 0 289338 0 896017
1786847242.104081 3852551 198376 172816 99 0 289338 0 967918
1786847243.103213 3866515 261356 237134 99 0 289338 0 955486
1786847244.104004 3866585 326580 301236 99 0 289338 0 970142
1786847245.105968 3935816 369707 345769 99 0 289338 0 1022286
1786847246.106346 3935816 438337 414228 99 0 289338 0 1023066
1786847247.110813 3986759 507549 483034 99 0 289338 0 1085661
1786847248.102596 3912093 252609 228557 99 0 289338 0 988341
1786847249.081333 3706116 78911 53758 99 0 289338 0 798523
1786847250.086021 3715118 84680 55384 99 0 302138 0 834332
1786847251.105134 3815278 146350 110430 99 0 346682 0 837351
1786847252.081634 3759667 104723 77624 99 0 346682 0 800615
1786847253.083068 3760307 143954 107288 99 0 347322 0 832096
1786847254.083081 3760307 145173 107288 99 0 347322 0 838114
1786847255.140222 3780904 160908 128440 99 0 347322 0 798194
1786847256.076549 3665681 47813 18918 99 0 347322 0 688269
1786847257.078923 3665681 94179 61750 99 0 347322 0 737474
1786847258.078966 3670289 98101 61750 99 0 351930 0 743469
1786847259.077886 3670289 118019 86604 99 0 351930 0 716221
1786847260.093436 3725900 149602 111314 99 0 351930 0 737884
1786847261.079046 3738776 208183 176494 99 0 351930 0 742810
1786847262.104200 3691040 169428 134556 99 0 351930 0 705095
1786847263.072837 3575683 55052 26974 99 0 351930 0 602515
1786847264.074488 3575683 103673 63310 99 0 351930 0 642874
1786847265.074695 3575683 102917 63310 99 0 351930 0 648777
1786847266.073966 3575683 130750 95694 99 0 351930 0 631832
1786847267.083478 3631294 174668 134404 99 0 351930 0 645463
1786847268.073091 3575683 149939 117006 99 0 351930 0 596989
1786847269.117504 3596280 179114 142900 99 0 351930 0 612338
1786847270.069536 3481060 72725 39663 99 0 351930 0 523133
1786847271.070493 3481700 110716 64815 99 0 352570 0 548256
1786847272.068047 3542521 111619 81102 99 0 352570 0 492645
1786847273.070675 3481700 144470 109727 99 0 352570 0 554286
1786847274.070505 3481700 148967 111871 99 0 352570 0 554128
1786847275.068749 3481700 159167 127215 99 0 352570 0 510794
1786847276.068962 3481700 160203 127215 99 0 352570 0 513928
1786847277.069450 3389061 93173 60064 99 0 352570 0 455759
1786847278.072796 3444672 153729 112870 99 0 352570 0 460548
1786847279.064715 3389061 114984 81664 99 0 352570 0 421494
1786847280.066213 3389061 155430 113360 99 0 352570 0 455623
1786847281.066396 3389061 154748 113360 99 0 352570 0 461650
1786847282.094350 3403563 170064 133074 99 0 352570 0 417533
1786847283.061355 3299403 76056 40150 99 0 352570 0 337336
1786847284.062291 3299403 110157 67782 99 0 352570 0 365969
1786847285.062963 3367739 128074 98009 99 0 352570 0 371152
1786847286.062655 3299403 145885 110897 99 0 352570 0 369436
1786847287.070693 3355014 205392 167176 99 0 352570 0 371629
1786847288.060452 3299403 159827 126593 99 0 352570 0 324251
1786847289.056604 3224635 60959 30487 99 0 352570 0 220962
1786847290.062149 3210003 103190 68569 99 0 352570 0 284358
1786847291.067670 3265614 162975 123056 99 0 352570 0 282419
1786847292.057430 3210003 117775 86425 99 0 352570 0 244865
1786847293.058537 3210003 159417 116249 99 0 352570 0 276576
1786847294.058958 3210003 157028 116249 99 0 352570 0 282679
1786847295.061411 3222783 169826 133758 99 0 352570 0 236495
1786847296.055450 3132443 68129 34387 99 0 352570 0 144019
1786847297.053853 3121978 61419 30383 99 0 356666 0 128849
1786847298.053916 3121978 90091 59055 99 0 356666 0 128849
1786847299.053908 3121978 118619 87583 99 0 356666 0 128849
1786847300.053944 3121978 147755 116719 99 0 356666 0 128849
1786847301.053912 3121978 167099 136063 99 0 356666 0 128849
1786847302.053889 3121978 167099 136063 99 0 356666 0 128849
1786847303.052136 3126075 167072 136063 99 0 360762 0 128849
1786847304.052170 3126075 167072 136063 99 0 360762 0 128849
1786847305.052361 3126075 167072 136063 99 0 360762 0 128849
1786847306.052061 3126075 167072 136063 99 0 360762 0 128849
1786847307.052110 3126075 167072 136063 99 0 360762 0 128849
1786847308.052101 3126075 167072 136063 99 0 360762 0 128849
1786847309.052063 3130172 167068 136063 99 0 364858 0 128849
1786847310.051965 3130172 167068 136063 99 0 364858 0 128849
1786847311.052027 3130172 167068 136063 99 0 364858 0 128849
1786847312.051908 3130172 167068 136063 99 0 364858 0 128849
1786847313.052242 3130172 167068 136063 99 0 364858 0 128849
1786847314.052072 3130172 167068 136063 99 0 364858 0 128849
1786847315.052051 3134269 167064 136063 99 0 368954 0 128849
1786847316.052008 3134269 167064 136063 99 0 368954 0 128849
1786847317.052002 3134269 167064 136063 99 0 368954 0 128849
1786847318.052100 3134269 167064 136063 99 0 368954 0 128849
1786847319.051870 3134269 167064 136063 99 0 368954 0 128849
1786847320.052097 3134269 167064 136063 99 0 368954 0 128849
1786847321.052048 3134269 167064 136063 99 0 368954 0 128849
1786847322.051875 3134269 167064 136063 99 0 368954 0 128849
1786847323.051989 3134269 167064 136063 99 0 368954 0 128849
1786847324.052087 3134269 167064 136063 99 0 368954 0 128849
1786847325.052055 3134269 167064 136063 99 0 368954 0 128849
1786847326.051865 3134269 167064 136063 99 0 368954 0 128849
1786847327.051861 3134269 167064 136063 99 0 368954 0 128849
1786847328.051935 3134269 167064 136063 99 0 368954 0 128849
1786847329.052042 3134269 167064 136063 99 0 368954 0 128849
1786847330.051863 3134269 167064 136063 99 0 368954 0 128849
1786847331.051902 3134269 167064 136063 99 0 368954 0 128849
1786847332.051898 3134269 167064 136063 99 0 368954 0 128849
1786847333.052041 3134269 167064 136063 99 0 368954 0 128849
1786847334.051987 3134269 167064 136063 99 0 368954 0 128849
1786847335.051989 3134269 167064 136063 99 0 368954 0 128849
1786847336.051851 3134269 167064 136063 99 0 368954 0 128849
1786847337.051901 3134269 167064 136063 99 0 368954 0 128849
1786847338.052083 3134269 167064 136063 99 0 368954 0 128849
1786847339.052057 3134269 167064 136063 99 0 368954 0 128849
1786847340.052210 3134269 167064 136063 99 0 368954 0 128849
1786847341.051880 3134269 167064 136063 99 0 368954 0 128849
1786847342.051909 3134269 167064 136063 99 0 368954 0 128849
1786847343.051911 3134269 167064 136063 99 0 368954 0 128849
1786847344.051934 3134269 167064 136063 99 0 368954 0 128849
1786847345.052089 3134269 167064 136063 99 0 368954 0 128849
1786847346.052114 3134269 167064 136063 99 0 368954 0 128849
1786847347.051897 3134269 167064 136063 99 0 368954 0 128849
1786847348.052097 3134269 167064 136063 99 0 368954 0 128849
1786847349.051886 3134269 167064 136063 99 0 368954 0 128849
1786847350.052025 3134269 167064 136063 99 0 368954 0 128849
1786847351.051842 3134269 167064 136063 99 0 368954 0 128849
1786847352.051927 3134269 167064 136063 99 0 368954 0 128849
1786847353.052008 3134269 167064 136063 99 0 368954 0 128849
1786847354.052117 3134269 167064 136063 99 0 368954 0 128849
1786847355.052051 3134269 167064 136063 99 0 368954 0 128849
1786847356.052066 3134269 167064 136063 99 0 368954 0 128849
1786847357.051912 3134269 167064 136063 99 0 368954 0 128849
1786847358.052074 3134269 167064 136063 99 0 368954 0 128849
1786847359.051970 3134269 167064 136063 99 0 368954 0 128849
1786847360.051824 3134269 167064 136063 99 0 368954 0 128849
1786847361.051971 3134269 167064 136063 99 0 368954 0 128849
1786847362.052116 3134269 167064 136063 99 0 368954 0 128849
1786847363.051951 3134269 167064 136063 99 0 368954 0 128849
1786847364.052048 3134269 167064 136063 99 0 368954 0 128849
1786847365.051944 3134269 167064 136063 99 0 368954 0 128849
1786847366.052115 3134269 167352 136063 99 0 368954 0 128849
1786847367.051879 3134269 167352 136063 99 0 368954 0 128849
1786847368.052045 3134269 167352 136063 99 0 368954 0 128849
1786847369.051943 3134269 167346 136063 99 0 368954 0 128849
