# start_epoch=1786121704.847778  page_size=4096  cachestat=ok  fields=size,resident,shared,text,lib,data,dt,pagecache
1786121705.848036 262500 27645 7655 99 0 248506 0 1
1786121706.847988 262500 27645 7655 99 0 248506 0 1
1786121707.856162 3028527 144573 121150 99 0 277562 0 131846
1786121708.858692 3062294 147387 121157 99 0 280634 0 173131
1786121709.859902 3096869 148354 122117 99 0 280634 0 194028
1786121710.862631 3150696 181307 155069 99 0 280634 0 266327
1786121711.864258 3148745 153395 127124 99 0 280634 0 265320
1786121712.866455 3242971 211818 186260 99 0 280634 0 324571
1786121713.868831 3200600 158609 133042 99 0 280634 0 340081
1786121714.868041 3235163 146733 121165 99 0 280634 0 328774
1786121715.867452 3288966 180894 155319 99 0 280634 0 398310
1786121716.872206 3287048 150684 125109 99 0 280634 0 395824
1786121717.870612 3340827 178534 155406 99 0 280634 0 456724
1786121718.876194 3338885 151381 127719 99 0 280634 0 458297
1786121719.871637 3430354 212486 187677 99 0 280634 0 477575
1786121720.879857 3390731 156131 133134 99 0 280634 0 532294
1786121721.880544 3425318 149013 124425 99 0 280634 0 531704
1786121722.876734 3496386 191315 166709 99 0 280634 0 583830
1786121723.885326 3477146 155018 130428 99 0 280634 0 609502
1786121724.884818 3511709 145546 120951 99 0 280634 0 605684
1786121725.881773 3565533 180194 155599 99 0 280634 0 681636
1786121726.889775 3563570 151713 127117 99 0 280634 0 682509
1786121727.880150 3636806 183810 159272 99 0 284730 0 674425
1786121728.879335 3557885 81060 56921 99 0 284730 0 660448
1786121729.881089 3535673 58482 33806 99 0 287802 0 640050
1786121730.877389 3535673 86731 62054 99 0 287802 0 617573
1786121731.878235 3535673 126576 101890 99 0 287802 0 637937
1786121732.878497 3535673 157657 132950 99 0 287802 0 640055
1786121733.877290 3535673 184118 160799 99 0 287802 0 616992
1786121734.878329 3535673 225476 200614 99 0 287802 0 637411
1786121735.879487 3535673 256993 232121 99 0 287802 0 664086
1786121736.877162 3535673 284417 259545 99 0 287802 0 616483
1786121737.878288 3535673 324231 299357 99 0 287802 0 636845
1786121738.878757 3535673 356135 331261 99 0 287802 0 640065
1786121739.877333 3535673 385500 360621 99 0 287802 0 619160
1786121740.878647 3535673 428846 401919 99 0 287802 0 641487
1786121741.890882 3829527 325244 302662 99 0 287802 0 904380
1786121742.877051 3535665 58340 35710 99 0 287802 0 613405
1786121743.878121 3535665 99346 76716 99 0 287802 0 635409
1786121744.879745 3535665 130576 107946 99 0 287802 0 663521
1786121745.877216 3535665 160634 138004 99 0 287802 0 617665
1786121746.879728 3539760 31181 8795 99 0 291898 0 610530
1786121747.876816 3539760 31181 8795 99 0 291898 0 610530
1786121748.876840 3543857 31149 8795 99 0 295994 0 610530
1786121749.876853 3543857 31164 8795 99 0 295994 0 610530
1786121750.877419 3547954 31171 8795 99 0 300090 0 610530
1786121751.876872 3552051 31175 8795 99 0 304186 0 610530
1786121752.877219 3552051 31175 8795 99 0 304186 0 610530
1786121753.876847 3552051 31175 8795 99 0 304186 0 610530
1786121754.876862 3552051 31175 8795 99 0 304186 0 610530
1786121755.876930 3552051 31175 8795 99 0 304186 0 610530
1786121756.876861 3552051 31175 8795 99 0 304186 0 610530
1786121757.876827 3552051 31175 8795 99 0 304186 0 610530
1786121758.876819 3552051 31175 8795 99 0 304186 0 610530
1786121759.876736 3552051 31182 8795 99 0 304186 0 610530
1786121760.876774 3552051 31182 8795 99 0 304186 0 610530
