# start_epoch=1786121604.295084  page_size=4096  cachestat=ok  fields=size,resident,shared,text,lib,data,dt,pagecache
1786121605.295347 262500 27616 7629 99 0 248506 0 1
1786121606.295296 262500 27616 7629 99 0 248506 0 1
1786121607.300650 2932333 72976 52856 99 0 258106 0 70286
1786121608.301200 2955822 95397 75292 99 0 258106 0 101541
1786121609.302134 2965453 56273 36167 99 0 258106 0 105929
1786121610.304643 3037726 103334 83228 99 0 258106 0 158447
1786121611.306079 3060591 109192 89134 99 0 258106 0 186160
1786121612.312114 3097315 162999 142934 99 0 258106 0 237851
1786121613.311581 3139889 163080 143065 99 0 258106 0 263842
1786121614.311134 3139214 156390 136374 99 0 258106 0 284332
1786121615.312101 3175938 197358 177342 99 0 258106 0 301303
1786121616.315732 3174434 148836 128892 99 0 258106 0 326249
1786121617.337307 3232362 185495 165544 99 0 258106 0 371663
1786121618.314183 3197748 174708 154958 99 0 258106 0 339810
1786121619.318290 3231905 170087 150399 99 0 258106 0 370943
1786121620.321028 3277132 212019 192326 99 0 258106 0 415304
1786121621.316959 3271046 185655 165956 99 0 258106 0 387890
1786121622.317598 3271046 193901 174227 99 0 258106 0 390542
1786121623.320412 3257252 132975 113334 99 0 258106 0 405522
1786121624.322449 3293965 205171 185529 99 0 258106 0 442855
1786121625.321325 3285353 155130 135476 99 0 258106 0 429423
1786121626.320051 3322077 194126 174461 99 0 258106 0 442587
1786121627.324768 3278237 113455 93821 99 0 258106 0 424336
1786121628.324707 3337011 162065 142429 99 0 258106 0 474465
1786121629.322913 3335595 151370 131720 99 0 258106 0 481374
1786121630.323900 3372319 204264 184604 99 0 258106 0 493970
1786121631.325907 3357287 140294 120633 99 0 258106 0 495608
1786121632.369123 3383165 182679 163018 99 0 258106 0 523482
1786121633.366586 3422795 186211 166544 99 0 258106 0 522591
1786121634.359095 3418854 194477 173611 99 0 280122 0 548907
1786121635.353923 3483642 271628 250791 99 0 280122 0 588312
1786121636.336211 3514864 241171 220334 99 0 280122 0 644281
1786121637.329327 3424821 170374 149534 99 0 280122 0 544888
1786121638.366581 3436861 162273 140304 99 0 281658 0 552037
1786121639.338568 3493313 243242 219717 99 0 283194 0 589022
1786121640.340410 3560048 297738 276114 99 0 283194 0 703126
1786121641.330510 3454058 175529 153905 99 0 283194 0 570876
1786121642.332818 3506950 225338 202548 99 0 283194 0 615192
1786121643.333100 3536126 283365 259035 99 0 284730 0 619522
1786121644.342962 3601094 296159 271833 99 0 284730 0 741162
1786121645.333308 3491800 178345 155714 99 0 284730 0 611255
1786121646.374261 3520426 199445 176809 99 0 284730 0 638526
1786121647.343812 3544553 231438 209398 99 0 284730 0 646518
1786121648.337563 3577697 286893 264864 99 0 284730 0 678943
1786121649.333433 3448421 82023 60015 99 0 284730 0 560842
1786121650.337625 3512260 204123 182115 99 0 284730 0 615241
1786121651.331215 3547803 190311 166533 99 0 288826 0 614564
1786121652.331273 3517285 222906 199124 99 0 288826 0 609464
1786121653.329919 3467351 85033 63388 99 0 288826 0 555338
1786121654.329522 3482328 130080 108434 99 0 288826 0 561343
1786121655.329865 3479091 118075 94188 99 0 288826 0 558611
1786121656.329247 3427913 74923 50873 99 0 288826 0 545970
1786121657.330981 3447463 138777 114839 99 0 288826 0 556098
1786121658.329266 3460106 137837 115027 99 0 288826 0 545846
1786121659.327655 3452392 152264 129045 99 0 288826 0 531865
1786121660.328601 3447295 137247 115175 99 0 288826 0 549586
1786121661.329774 3475363 220157 198029 99 0 288826 0 571499
1786121662.330798 3519593 300071 277108 99 0 288826 0 579499
1786121663.325609 3522192 339767 316730 99 0 288826 0 625093
1786121664.323756 3554939 399193 376126 99 0 288826 0 596307
1786121665.324344 3522192 412135 389046 99 0 288826 0 608243
1786121666.324354 3522192 447783 423750 99 0 288826 0 623291
1786121667.324954 3407821 126716 104451 99 0 288826 0 472598
1786121668.320046 3326860 82393 57762 99 0 301626 0 462938
1786121669.315929 3326860 113050 85346 99 0 301626 0 425814
1786121670.314200 3326860 130523 105874 99 0 301626 0 389802
1786121671.315169 3326852 60067 33370 99 0 301626 0 419664
1786121672.318233 3429825 178822 154173 99 0 301626 0 491640
1786121673.316861 3326852 129395 104746 99 0 301626 0 459710
1786121674.314733 3344394 156685 132036 99 0 301626 0 410828
1786121675.322276 3334385 89730 65079 99 0 301626 0 449734
1786121676.319585 3326844 105757 79058 99 0 301626 0 418200
1786121677.321493 3437357 223705 199054 99 0 301626 0 491638
1786121678.315086 3326835 56957 30246 99 0 301626 0 416538
1786121679.318267 3437349 165000 140337 99 0 301626 0 491634
1786121680.313661 3326831 34885 10226 99 0 301626 0 388182
1786121681.313585 3326831 34885 10226 99 0 301626 0 388182
1786121682.313349 3330928 34891 10226 99 0 305722 0 388182
1786121683.313769 3330928 34891 10226 99 0 305722 0 388182
1786121684.313539 3335025 34894 10226 99 0 309818 0 388182
1786121685.313628 3335025 34894 10226 99 0 309818 0 388182
1786121686.313687 3339122 34888 10226 99 0 313914 0 388182
1786121687.313613 3339122 34888 10226 99 0 313914 0 388182
1786121688.313739 3339122 34888 10226 99 0 313914 0 388182
1786121689.313689 3339122 34888 10226 99 0 313914 0 388182
1786121690.313637 3339122 34888 10226 99 0 313914 0 388182
1786121691.313459 3339122 34888 10226 99 0 313914 0 388182
1786121692.313809 3339122 34888 10226 99 0 313914 0 388182
1786121693.313637 3339122 34888 10226 99 0 313914 0 388182
1786121694.313439 3339122 34888 10226 99 0 313914 0 388182
1786121695.313254 3339122 34871 10226 99 0 313914 0 388182
1786121696.313492 3339122 34871 10226 99 0 313914 0 388182
