# start_epoch=1791449632.903418  page_size=4096  cachestat=ok  fields=size,resident,shared,text,lib,data,dt,pagecache
1791449633.903684 260571 27172 8206 99 0 246458 0 1
1791449634.903588 260571 27172 8206 99 0 246458 0 1
1791449635.910979 2103132 77706 58455 99 0 251962 0 124879
1791449636.921743 3046666 181445 156205 99 0 262202 0 305048
1791449637.925526 3220073 255423 230906 99 0 288826 0 371295
1791449638.933581 3296192 203812 173782 99 0 293690 0 422304
1791449639.933727 3296192 276095 250165 99 0 293690 0 511342
1791449640.936852 3374979 218815 192905 99 0 293690 0 562271
1791449641.943693 3514758 298199 271181 99 0 293690 0 679801
1791449642.937729 3661630 361662 334644 99 0 293690 0 752435
1791449643.949696 3589074 287641 259191 99 0 296762 0 787784
1791449644.942547 3760772 372908 343341 99 0 296762 0 857909
1791449645.950640 3660317 255733 226931 99 0 296762 0 798585
1791449646.944430 3832030 360356 331561 99 0 296762 0 928473
1791449647.952514 3807204 366719 339788 99 0 296762 0 884431
1791449648.960309 3818801 310421 283655 99 0 300858 0 982129
1791449649.939736 3743173 206855 179829 99 0 300858 0 824858
1791449650.939942 3743173 243095 216069 99 0 300858 0 831408
1791449651.940130 3743173 281013 251939 99 0 300858 0 837631
1791449652.940757 3743173 311429 284403 99 0 300858 0 851429
1791449653.940685 3767999 359482 332455 99 0 300858 0 846518
1791449654.938822 3743173 372556 345529 99 0 300858 0 807036
1791449655.939302 3743173 410124 383097 99 0 300858 0 815127
1791449656.933848 3548844 63441 36414 99 0 300858 0 615314
1791449657.931332 3548844 100329 73302 99 0 300858 0 631857
1791449658.932106 3548844 134009 108514 99 0 300858 0 650269
1791449659.931539 3606935 211039 183642 99 0 300858 0 635527
1791449660.930870 3548844 195557 168156 99 0 300858 0 625968
1791449661.931890 3548844 234035 204992 99 0 300858 0 642333
1791449662.932029 3573670 264953 237898 99 0 300858 0 641103
1791449663.930624 3548844 290176 263121 99 0 300858 0 620303
1791449664.931595 3548844 327389 300334 99 0 300858 0 637135
1791449665.932818 3548844 358708 331653 99 0 300858 0 661590
1791449666.930444 3548844 384721 357666 99 0 300858 0 614012
1791449667.931332 3548844 421151 394096 99 0 300858 0 629823
1791449668.932368 3548844 454217 427162 99 0 300858 0 651214
1791449669.930349 3548839 35751 9285 99 0 300858 0 610466
1791449670.930374 3548839 35751 9285 99 0 300858 0 610466
1791449671.930527 3552936 35630 9285 99 0 304954 0 610466
1791449672.930324 3552936 35630 9285 99 0 304954 0 610466
1791449673.930304 3557033 35637 9285 99 0 309050 0 610466
1791449674.930123 3561130 35640 9285 99 0 313146 0 610466
1791449675.930268 3561130 35640 9285 99 0 313146 0 610466
1791449676.930372 3561130 35640 9285 99 0 313146 0 610466
1791449677.930308 3561130 36075 9285 99 0 313146 0 610466
1791449678.930482 3561130 36075 9285 99 0 313146 0 610466
1791449679.930394 3561130 36075 9285 99 0 313146 0 610466
1791449680.930354 3561130 36075 9285 99 0 313146 0 610466
1791449681.930243 3561130 36075 9285 99 0 313146 0 610466
1791449682.929762 3561130 36072 9285 99 0 313146 0 610466
