# start_epoch=1791449552.330559  page_size=4096  cachestat=ok  fields=size,resident,shared,text,lib,data,dt,pagecache
1791449553.330792 260571 27322 7845 99 0 246458 0 1
1791449554.330709 260571 27322 7845 99 0 246458 0 1
1791449555.333799 2103132 51279 31711 99 0 251962 0 60664
1791449556.335840 2103132 74034 54465 99 0 251962 0 116494
1791449557.341430 3040597 185741 166148 99 0 256058 0 190631
1791449558.343932 3040597 206267 186673 99 0 256058 0 234154
1791449559.342680 2983132 77065 57508 99 0 256058 0 212851
1791449560.349008 3130081 218324 198759 99 0 256058 0 268752
1791449561.348950 3130081 258337 238771 99 0 256058 0 320790
1791449562.351435 3130081 298748 279182 99 0 256058 0 371761
1791449563.381628 3445997 397054 377566 99 0 256058 0 437986
1791449564.351687 3209577 219273 199799 99 0 256058 0 387558
1791449565.353388 3209577 240481 221012 99 0 256058 0 421864
1791449566.356512 3295138 193377 173973 99 0 256058 0 427626
1791449567.357351 3290441 209941 190549 99 0 256058 0 472422
1791449568.362647 3322154 284601 265209 99 0 256058 0 548793
1791449569.361132 3428823 336025 316662 99 0 256058 0 566049
1791449570.363053 3428823 349464 330096 99 0 256058 0 600517
1791449571.365186 3428823 364213 344842 99 0 256058 0 634185
1791449572.366896 3428823 383177 363804 99 0 256058 0 670013
1791449573.369089 3575653 497011 477684 99 0 256058 0 714678
1791449574.368881 3447449 216608 197317 99 0 256058 0 645130
1791449575.372745 3460022 270087 250796 99 0 256058 0 694966
1791449576.376786 4662777 341683 322391 99 0 256058 0 765016
1791449577.375340 3588880 387890 368597 99 0 256058 0 747888
1791449578.371028 3557783 359991 340684 99 0 256058 0 748963
1791449579.373707 3557783 383817 364507 99 0 256058 0 778598
1791449580.374656 3557783 405528 386215 99 0 256058 0 814124
1791449581.378067 3704628 513501 494184 99 0 256058 0 854274
1791449582.375045 4856637 570938 552269 99 0 256058 0 887185
1791449583.373999 3645489 281665 262989 99 0 260154 0 755833
1791449584.376287 3655714 302186 283510 99 0 260154 0 773731
1791449585.376457 3650439 319022 300346 99 0 260154 0 764898
1791449586.375184 3630687 301791 283115 99 0 260154 0 742855
1791449587.373940 3629697 322422 303902 99 0 260154 0 730016
1791449588.367870 3581775 255997 237455 99 0 260154 0 693112
1791449589.368080 3581775 268293 249748 99 0 260154 0 693282
1791449590.366599 3488117 37013 18509 99 0 260154 0 602517
1791449591.371159 3574993 214191 195687 99 0 260154 0 685433
1791449592.374035 3609547 374055 355550 99 0 260154 0 724587
1791449593.376585 3693995 318188 299676 99 0 260154 0 775227
1791449594.359687 3476013 164281 145897 99 0 260154 0 579796
1791449595.356751 3476013 247006 228622 99 0 260154 0 586990
1791449596.353401 3407070 26994 8530 99 0 260154 0 510417
1791449597.356931 3439330 92246 70469 99 0 292410 0 595102
1791449598.355385 3439330 139655 114792 99 0 292410 0 555582
1791449599.353867 3415999 65557 40056 99 0 295482 0 516132
1791449600.352093 3415999 94458 70986 99 0 295482 0 483118
1791449601.355160 3452836 179694 156202 99 0 295482 0 548611
1791449602.353686 3389596 97088 67871 99 0 295482 0 518027
1791449603.352244 3389596 125474 98816 99 0 295482 0 485928
1791449604.350383 3363193 48311 23698 99 0 295482 0 445473
1791449605.355367 3410555 114608 90785 99 0 295482 0 486410
1791449606.352522 3364985 147377 122270 99 0 297274 0 491723
1791449607.350475 3338091 78325 50146 99 0 297274 0 445849
1791449608.350737 3326706 35516 10395 99 0 301370 0 387951
1791449609.347770 3326706 35516 10395 99 0 301370 0 387951
1791449610.347731 3330803 35520 10395 99 0 305466 0 387951
1791449611.347741 3330803 35520 10395 99 0 305466 0 387951
1791449612.347596 3334900 35516 10395 99 0 309562 0 387951
1791449613.347476 3334900 35516 10395 99 0 309562 0 387951
1791449614.347784 3338997 35501 10395 99 0 313658 0 387951
1791449615.347953 3338997 35501 10395 99 0 313658 0 387951
1791449616.347821 3338997 35501 10395 99 0 313658 0 387951
1791449617.347633 3338997 35501 10395 99 0 313658 0 387951
1791449618.347583 3338997 35501 10395 99 0 313658 0 387951
1791449619.348060 3338997 35501 10395 99 0 313658 0 387951
1791449620.347762 3338997 35501 10395 99 0 313658 0 387951
1791449621.347869 3338997 35501 10395 99 0 313658 0 387951
1791449622.347670 3338997 35501 10395 99 0 313658 0 387951
1791449623.347812 3338997 35426 10395 99 0 313658 0 387951
1791449624.347753 3338997 35426 10395 99 0 313658 0 387951
