# start_epoch=1786262157.718354  page_size=4096  cachestat=ok  fields=size,resident,shared,text,lib,data,dt,pagecache
1786262158.718615 172398 27146 7725 99 0 158392 0 1
1786262159.718566 172398 27146 7725 99 0 158392 0 1
1786262160.719878 2817669 48446 29011 99 0 161848 0 25410
1786262161.745575 2817669 52506 33070 99 0 161848 0 43209
1786262162.750206 2831319 51855 32399 99 0 163896 0 43266
1786262163.746126 2831319 59070 39616 99 0 163896 0 52342
1786262164.746951 2849622 79910 60451 99 0 163896 0 66564
1786262165.750126 2842906 55511 36054 99 0 163896 0 65754
1786262166.747217 2861209 76351 56894 99 0 163896 0 67171
1786262167.749352 2854425 51765 32428 99 0 163896 0 68163
1786262168.747924 2872670 66715 47378 99 0 163896 0 81451
1786262169.748303 2872670 76911 57579 99 0 163896 0 84821
1786262170.748132 2884220 69679 50309 99 0 163896 0 96809
1786262171.725456 2937034 101248 81878 99 0 163896 0 137347
1786262172.750778 2920529 104006 84629 99 0 163896 0 130422
1786262173.751466 2920529 106204 86827 99 0 163896 0 142723
1786262174.846599 2938817 119147 99770 99 0 163896 0 146247
1786262175.752003 2938817 121985 102606 99 0 163896 0 150669
1786262176.752275 2938817 124242 104863 99 0 163896 0 154918
1786262177.756825 4015258 144280 125089 99 0 163896 0 167249
1786262178.754086 2957120 141094 121901 99 0 163896 0 168641
1786262179.759536 2968488 82250 63064 99 0 163896 0 167734
1786262180.844885 2947322 88681 69495 99 0 163896 0 164626
1786262181.754876 2965610 102722 83536 99 0 163896 0 177638
1786262182.753744 2965610 105957 86771 99 0 163896 0 182388
1786262183.754544 2965610 110308 91117 99 0 163896 0 187125
1786262184.755086 2983898 128534 109343 99 0 163896 0 193155
1786262185.754876 2983898 136050 116857 99 0 163896 0 200388
1786262186.755680 3002143 150996 131803 99 0 163896 0 201507
1786262187.760638 3040683 87851 68717 99 0 163896 0 253870
1786262188.758841 2998198 103296 84140 99 0 163896 0 206349
1786262189.845045 2998198 104963 85807 99 0 163896 0 217945
1786262190.756288 2998198 107000 87840 99 0 163896 0 221568
1786262191.845221 3016501 121359 102199 99 0 163896 0 226818
1786262192.845422 3016501 124004 104841 99 0 163896 0 230957
1786262193.845365 3016501 127597 108434 99 0 163896 0 243627
1786262194.846621 3034746 143146 123983 99 0 163896 0 249075
1786262195.757840 3034746 148349 129237 99 0 163896 0 252567
1786262196.846350 3117570 85124 66051 99 0 163896 0 298981
1786262197.855969 3041560 101969 82927 99 0 163896 0 245934
1786262198.845867 3041560 104740 85698 99 0 163896 0 259071
1786262199.847250 3041560 107332 88290 99 0 163896 0 263988
1786262200.847761 3059869 123737 104687 99 0 163896 0 270336
1786262201.848080 3059869 128640 109588 99 0 163896 0 276345
1786262202.854372 4136295 151289 132237 99 0 163896 0 290537
1786262203.848678 3078157 148132 129110 99 0 163896 0 287601
1786262204.761712 3078157 155590 136586 99 0 163896 0 294104
1786262205.776408 3068821 82895 63899 99 0 163896 0 269637
1786262206.760601 4215349 102544 83572 99 0 163896 0 356228
1786262207.854142 3111970 105558 86582 99 0 163896 0 321795
1786262209.054501 3181158 111062 92086 99 0 163896 0 422563
1786262209.949289 3232724 116740 97764 99 0 163896 0 449264
1786262210.947527 3251027 134015 115034 99 0 163896 0 463488
1786262211.945984 3251027 138785 119804 99 0 163896 0 468368
1786262212.946529 3251027 142647 123664 99 0 163896 0 472271
1786262213.955368 4301651 146346 127362 99 0 163896 0 476842
1786262214.855057 3269330 160900 141914 99 0 163896 0 477465
1786262215.945180 4345798 180813 161826 99 0 163896 0 494181
1786262217.152534 3241361 109475 90479 99 0 163896 0 422422
1786262218.049421 3103257 95021 76025 99 0 163896 0 314113
1786262218.949423 3122708 100095 81093 99 0 163896 0 346543
1786262219.951071 3141011 116836 97833 99 0 163896 0 351720
1786262220.851352 3189319 120569 101573 99 0 163896 0 406411
1786262221.962075 3248186 135107 116111 99 0 163896 0 452051
1786262222.852395 3248186 138461 119465 99 0 163896 0 455602
1786262224.055372 3324631 149487 130504 99 0 163896 0 530893
1786262224.960223 3202314 124210 105227 99 0 163896 0 399870
1786262225.950501 3108343 94665 75673 99 0 163896 0 317021
1786262226.953971 3108343 99405 80413 99 0 163896 0 373269
1786262227.849787 3170626 102927 83945 99 0 163896 0 390225
1786262228.854514 3164383 116154 97192 99 0 163896 0 355641
1786262229.857845 3151610 76873 57899 99 0 163896 0 368671
1786262230.854051 3219709 83864 64890 99 0 163896 0 440603
1786262232.053860 3264308 101180 82200 99 0 163896 0 473549
1786262232.950010 3325038 108651 89671 99 0 163896 0 539517
1786262233.858473 3325038 113474 94493 99 0 163896 0 542337
1786262235.155597 3240039 117434 98594 99 0 163896 0 431404
1786262235.855587 3094743 74267 55427 99 0 163896 0 312132
1786262237.050080 3146398 79271 60431 99 0 163896 0 369912
1786262237.853995 3164686 95349 76542 99 0 163896 0 376048
1786262238.860514 3244993 111169 92360 99 0 163896 0 452417
1786262239.853804 3280896 119571 100760 99 0 163896 0 494432
1786262241.065762 3240629 96701 77889 99 0 163896 0 456517
1786262241.957470 3144955 87900 69087 99 0 163896 0 337919
1786262242.961945 3173261 93490 74765 99 0 163896 0 394297
1786262243.861117 3173261 99025 80293 99 0 163896 0 427034
1786262244.861027 3307417 117093 98372 99 0 163896 0 514643
1786262246.159292 3309737 118734 100011 99 0 163896 0 441361
1786262246.949607 3188798 121102 102379 99 0 163896 0 409505
1786262248.057403 3277048 94993 76268 99 0 163896 0 492647
1786262249.053380 3277048 101585 82853 99 0 163896 0 488458
1786262250.046286 3277048 105857 87125 99 0 163896 0 500917
1786262250.956393 3363736 123370 104635 99 0 163896 0 567981
1786262252.350465 3345863 127479 108755 99 0 163896 0 553323
1786262253.254490 3272185 103525 84801 99 0 163896 0 496661
1786262254.059950 3248812 80105 61382 99 0 163896 0 470885
1786262254.854875 3217443 92673 73947 99 0 163896 0 421784
1786262255.860615 3262799 97394 78668 99 0 163896 0 480203
1786262256.866936 4328452 104214 85488 99 0 163896 0 485888
1786262258.050250 3266466 120304 101573 99 0 163896 0 476233
1786262259.050963 3286458 79504 60773 99 0 163896 0 508454
1786262259.953454 3286458 84633 65896 99 0 163896 0 502918
1786262260.952284 4410391 93581 74844 99 0 163896 0 563161
1786262262.048720 3363005 105671 86934 99 0 163896 0 570713
1786262262.952904 3413607 113391 94672 99 0 163896 0 597557
1786262263.955791 3231619 90151 71431 99 0 163896 0 424925
1786262265.047824 3165532 75031 56311 99 0 163896 0 428358
1786262266.051491 3283540 80178 61458 99 0 163896 0 515050
1786262266.954188 3301858 96838 78116 99 0 163896 0 508092
1786262267.861394 3363334 100464 81742 99 0 163896 0 582444
1786262269.058938 3429088 117732 99007 99 0 163896 0 625975
1786262270.051020 3267128 110847 92263 99 0 163896 0 454724
1786262270.961896 3206020 76728 58167 99 0 163896 0 429459
1786262271.853765 3206020 82242 63681 99 0 163896 0 421478
1786262272.856524 3224308 97287 78725 99 0 163896 0 437045
1786262273.859770 3342056 104418 85856 99 0 163896 0 561636
1786262274.949086 3241076 117105 98537 99 0 163896 0 444877
1786262275.949843 3241076 118791 100223 99 0 163896 0 455301
1786262276.853630 3292334 124340 105772 99 0 163896 0 509527
1786262277.971710 3385502 93539 74970 99 0 163896 0 590105
1786262279.054214 3385502 99474 80905 99 0 163896 0 595079
1786262279.947485 3444189 105872 87301 99 0 163896 0 666678
1786262281.153885 3334167 119706 101133 99 0 163896 0 539800
1786262281.946597 3315335 123152 104579 99 0 163896 0 535227
1786262283.060510 3337766 80972 62397 99 0 163896 0 560382
1786262284.145587 3356054 98400 79895 99 0 163896 0 564975
1786262285.046561 3356054 104130 85625 99 0 163896 0 577811
1786262286.046885 3431204 110826 92317 99 0 163896 0 650088
1786262287.446317 3425485 125400 106886 99 0 163896 0 586993
1786262288.445661 3378158 121892 103378 99 0 163896 0 555217
1786262289.049050 3301639 75785 57271 99 0 163896 0 523700
1786262290.152987 3376762 81763 63240 99 0 163896 0 595050
1786262291.155604 3395050 97838 79313 99 0 163896 0 610499
1786262291.955765 3395050 104873 86348 99 0 163896 0 613768
1786262292.952468 3413605 110422 91917 99 0 163896 0 630036
1786262294.065759 3286372 123952 105447 99 0 163896 0 494310
1786262295.150243 3290315 127598 109093 99 0 163896 0 509370
1786262296.060889 3350172 134438 115927 99 0 163896 0 543454
1786262296.954341 3391992 95991 77487 99 0 163896 0 594670
1786262297.861928 3391992 103926 85422 99 0 163896 0 602915
1786262299.051531 3503987 123731 105226 99 0 163896 0 675188
1786262300.062451 3411238 127384 108871 99 0 163896 0 566748
1786262301.061388 3359272 124305 105792 99 0 163896 0 567338
1786262302.162416 3314488 85537 67020 99 0 163896 0 532918
1786262303.156393 3407728 102976 84459 99 0 163896 0 620588
1786262304.053806 3407728 106370 87853 99 0 163896 0 624208
1786262305.050704 3494994 111058 92541 99 0 163896 0 723168
1786262306.348310 3493458 125251 106741 99 0 163896 0 675566
1786262307.352230 3355955 110100 91590 99 0 163896 0 535870
1786262308.049734 3255156 75684 57174 99 0 163896 0 480887
1786262308.955989 3615333 80390 61888 99 0 163896 0 552066
1786262309.964136 3361930 95297 76795 99 0 163896 0 575818
1786262311.046853 3361930 100990 82488 99 0 163896 0 580671
1786262312.245484 3480269 118237 99738 99 0 163896 0 653828
1786262313.145291 3393357 118414 99915 99 0 163896 0 608275
1786262314.253470 3393357 122619 104120 99 0 163896 0 612927
1786262315.054996 3324735 79291 60785 99 0 163896 0 543267
1786262316.058719 3343038 97436 78929 99 0 163896 0 557185
1786262316.946145 3423145 105174 86660 99 0 163896 0 642758
1786262318.245364 3481270 125206 106687 99 0 163896 0 689584
1786262319.559201 3607981 132828 114308 99 0 163896 0 800924
1786262320.453492 3537461 134832 116312 99 0 163896 0 724249
1786262321.449209 3529060 102803 84276 99 0 163896 0 730161
1786262322.154819 3510757 87958 69431 99 0 163896 0 732093
1786262322.955292 3554244 106946 88434 99 0 163896 0 786240
1786262323.854072 3339973 55395 36883 99 0 163896 0 552325
1786262324.861262 3358261 72714 54190 99 0 163896 0 567278
1786262326.160868 3358261 76556 58032 99 0 163896 0 565716
1786262327.045710 3378308 80551 61961 99 0 163896 0 601322
1786262327.951246 3396583 94989 76410 99 0 163896 0 597566
1786262328.966388 3396583 100933 82354 99 0 163896 0 611608
1786262329.953651 3571602 109331 90751 99 0 163896 0 791781
1786262331.256505 3596008 125986 107405 99 0 163896 0 783120
1786262332.152311 3457234 120146 101565 99 0 163896 0 640088
1786262332.862592 3302283 78827 60252 99 0 163896 0 529308
1786262333.858193 3320586 95821 77246 99 0 163896 0 534047
1786262334.968600 3320586 98766 80191 99 0 163896 0 538116
1786262335.958611 3338861 113522 94947 99 0 163896 0 550096
1786262336.961086 3590373 123108 104559 99 0 163896 0 809066
1786262338.156120 4675982 147038 128117 99 0 163896 0 806181
1786262339.249798 3461184 141095 122174 99 0 163896 0 630537
1786262340.161763 3458376 100479 81557 99 0 163896 0 673334
1786262341.154991 3450861 97793 78871 99 0 163896 0 665964
1786262342.247707 3547522 116830 97903 99 0 163896 0 760594
1786262342.954172 3547522 123378 104493 99 0 163896 0 764031
1786262344.049897 3547522 128941 110056 99 0 163896 0 760852
1786262345.352451 3555718 145438 126538 99 0 163896 0 709560
1786262346.646737 3615792 149170 130270 99 0 163896 0 819528
1786262347.349894 3553559 97713 78813 99 0 163896 0 765076
1786262348.161808 3539869 112217 93181 99 0 163896 0 752575
1786262349.244856 3539869 115398 96358 99 0 163896 0 755070
1786262350.164515 3628977 119659 100619 99 0 163896 0 846929
1786262351.251562 3628977 122579 103539 99 0 163896 0 849448
1786262352.255609 3647295 139752 120710 99 0 163896 0 862883
1786262352.957377 3739770 146003 126961 99 0 163896 0 958018
1786262354.646841 3758124 148850 129841 99 0 163896 0 965834
1786262355.655649 4764140 167195 148185 99 0 163896 0 875883
1786262356.652725 3643143 141350 122335 99 0 163896 0 858099
1786262357.258183 3570956 146905 127928 99 0 163896 0 790492
1786262358.045407 3429047 122198 102736 99 0 163896 0 640341
1786262359.062424 3523131 118819 99357 99 0 163896 0 735646
1786262360.062922 3444245 120578 101135 99 0 163896 0 644251
1786262361.049753 3448454 135209 115766 99 0 163896 0 654720
1786262362.248811 3483363 94570 75127 99 0 163896 0 703153
1786262363.251779 3483363 98846 79403 99 0 163896 0 707303
1786262364.155067 4559789 121240 101790 99 0 163896 0 710792
1786262364.965009 3501651 117376 97926 99 0 163896 0 713859
1786262365.945451 3550644 120664 101214 99 0 163896 0 765659
1786262367.259250 3568947 138370 118918 99 0 163896 0 780795
1786262368.146821 3611239 143818 124034 99 0 163896 0 834304
1786262369.247488 3647250 149230 129440 99 0 163896 0 828914
1786262370.254619 3673473 150046 130256 99 0 163896 0 883947
1786262371.251025 3646977 126823 107033 99 0 163896 0 860054
1786262372.354900 3646977 131929 112137 99 0 163896 0 863337
1786262373.444939 3646977 137282 117490 99 0 163896 0 866945
1786262374.354881 3665280 154403 134611 99 0 163896 0 880372
1786262375.046868 3665280 158807 139015 99 0 163896 0 876313
1786262376.560757 3875020 177842 158055 99 0 163896 0 974964
1786262377.352594 3683794 179654 159867 99 0 163896 0 883097
1786262378.250627 3538920 147375 127588 99 0 163896 0 744514
1786262379.045902 3485962 99026 79239 99 0 163896 0 714860
1786262380.160890 3504250 114424 94633 99 0 163896 0 711127
1786262381.155730 3504250 119257 99466 99 0 163896 0 723456
1786262381.954842 3578393 123532 103763 99 0 163896 0 800672
1786262382.949415 3596696 138304 118535 99 0 163896 0 805174
1786262384.046416 3596696 140106 120337 99 0 163896 0 807455
1786262385.073981 3596696 146072 126340 99 0 163896 0 819793
1786262386.557483 3608419 162816 143085 99 0 163896 0 758610
1786262387.463035 3673429 132086 112355 99 0 163896 0 849684
1786262388.047557 3621990 101859 82128 99 0 163896 0 849400
1786262389.253718 3683995 120431 100693 99 0 163896 0 892129
1786262390.545803 3683995 127436 107698 99 0 163896 0 949872
1786262391.257769 3744522 131862 112122 99 0 163896 0 968839
1786262392.150136 3762825 146375 126655 99 0 163896 0 971222
1786262393.054466 3823472 149823 130117 99 0 163896 0 1038023
1786262394.051364 3841760 164427 144721 99 0 163896 0 1043471
1786262395.145800 3999222 173157 153451 99 0 163896 0 1207902
1786262396.553280 3963052 177352 157644 99 0 163896 0 1167306
1786262397.451133 3862155 180012 160304 99 0 163896 0 1046612
1786262398.453057 3761774 182986 163271 99 0 163896 0 972738
1786262399.354224 3741636 171634 151960 99 0 163896 0 950204
1786262400.465301 3668679 120870 101196 99 0 163896 0 864356
1786262401.346868 3573305 123051 103375 99 0 163896 0 791491
1786262402.063814 3647223 128008 108332 99 0 163896 0 876794
1786262403.161380 3665526 142737 123071 99 0 163896 0 873682
1786262404.049268 3665526 146742 127076 99 0 163896 0 877290
1786262405.051679 3761541 167474 147807 99 0 163896 0 972865
1786262406.348522 3691514 171388 151717 99 0 163896 0 839065
1786262407.259037 3617426 174783 155112 99 0 163896 0 841655
1786262408.548902 3687629 188385 168714 99 0 163896 0 882390
1786262409.950871 3758923 182633 162955 99 0 163896 0 916606
1786262411.259114 3749568 123365 103685 99 0 163896 0 970521
1786262412.051332 3749568 129204 109534 99 0 163896 0 967440
1786262413.049809 3809456 147728 128058 99 0 163896 0 1016352
1786262414.055341 3809456 155015 135345 99 0 163896 0 1034754
1786262415.349688 3825365 170363 150687 99 0 163896 0 953704
1786262416.345200 3652389 111833 92157 99 0 163896 0 857141
1786262417.249574 3610298 96877 77201 99 0 163896 0 835238
1786262418.251507 3707464 101173 81497 99 0 163896 0 925909
1786262419.251032 3806642 115663 95979 99 0 163896 0 1017052
1786262420.249045 3806642 119200 99516 99 0 163896 0 1027219
1786262421.153359 3806642 121120 101434 99 0 163896 0 1020444
1786262422.377323 3994809 127452 107766 99 0 163896 0 1221287
1786262423.660688 4064899 143738 124053 99 0 163896 0 1242854
1786262424.855631 3928992 146497 126812 99 0 163896 0 1085357
1786262426.858562 3789081 133644 113953 99 0 163896 0 927604
1786262428.165789 4731815 89859 70218 99 0 163896 0 883289
1786262429.157700 3699479 107849 88208 99 0 163896 0 915262
1786262430.050808 3577056 110616 90987 99 0 163896 0 736231
1786262430.859886 3525510 126954 107322 99 0 163896 0 737876
1786262432.158249 3620834 145124 125480 99 0 163896 0 831185
1786262433.146720 3620834 150492 130848 99 0 163896 0 843252
1786262434.158556 3711820 155587 135943 99 0 163896 0 936871
1786262435.451778 3730123 172198 152548 99 0 163896 0 943429
1786262436.453738 3853715 142948 123309 99 0 163896 0 1058617
1786262437.353548 3835397 129635 109996 99 0 163896 0 1061660
1786262438.254116 3955381 144885 125245 99 0 163896 0 1165644
1786262439.154625 3955381 149004 129364 99 0 163896 0 1177120
1786262440.152647 3955381 154126 134497 99 0 163896 0 1169030
1786262442.151762 3989009 172739 153103 99 0 163896 0 1193253
1786262443.261170 3836295 189286 169645 99 0 163896 0 994753
1786262444.154994 3697916 169283 149696 99 0 163896 0 910050
1786262445.057860 3651734 117796 98203 99 0 163896 0 863571
1786262446.350808 3651734 122440 102846 99 0 163896 0 867570
1786262447.151564 3651734 126858 107264 99 0 163896 0 878861
1786262448.054921 3764244 144558 124975 99 0 163896 0 972065
1786262449.050876 3764244 148262 128679 99 0 163896 0 985233
1786262450.049235 3782547 167253 147670 99 0 163896 0 994453
1786262451.154307 3782547 174667 155084 99 0 163896 0 975509
1786262452.251915 3684807 188866 169267 99 0 163896 0 857222
1786262453.650991 3747406 166444 146888 99 0 163896 0 927469
1786262454.455506 3754637 118575 99019 99 0 163896 0 982689
1786262455.159253 3772925 134016 114460 99 0 163896 0 985311
1786262456.391184 3853380 139727 120165 99 0 163896 0 1069470
1786262457.171669 3853380 144953 125391 99 0 163896 0 1071576
1786262458.257284 3853380 148994 129430 99 0 163896 0 1074437
1786262459.254005 3922490 163536 143971 99 0 163896 0 1136350
1786262460.346014 4083136 168530 149002 99 0 163896 0 1299523
1786262461.347361 4083136 171694 152164 99 0 163896 0 1302192
1786262462.254069 4083136 174833 155303 99 0 163896 0 1312661
1786262463.258166 4101439 190199 170669 99 0 163896 0 1318051
1786262465.158997 4087973 192792 173310 99 0 163896 0 1278165
1786262466.461263 3964812 211187 191698 99 0 163896 0 1117296
1786262467.449407 3928279 214712 195223 99 0 163896 0 1088760
1786262468.254497 3800394 181112 161621 99 0 163896 0 1007109
1786262469.154223 3748282 120233 100758 99 0 163896 0 940800
1786262470.055565 3742316 133214 113739 99 0 163896 0 950303
1786262471.057680 3742316 136882 117407 99 0 163896 0 954752
1786262472.053247 3822174 142329 122854 99 0 163896 0 1039628
1786262473.058748 3840477 159849 140365 99 0 163896 0 1054185
1786262474.163194 3848375 164945 145468 99 0 163896 0 1039870
1786262475.168958 3700038 177777 158306 99 0 163896 0 902662
1786262476.172449 3768200 113478 94039 99 0 163896 0 982796
1786262477.172020 3768200 118466 99027 99 0 163896 0 993651
1786262478.346234 3768200 123572 104126 99 0 163896 0 988260
1786262479.360703 3866676 140825 121378 99 0 163896 0 1080913
1786262480.546512 3945463 144618 125169 99 0 163896 0 1162907
1786262481.558591 4032796 148527 129078 99 0 163896 0 1251581
1786262482.245203 4081579 152019 132568 99 0 163896 0 1301803
1786262483.155209 4146357 170064 150624 99 0 163896 0 1353824
1786262485.151874 4179404 176756 157291 99 0 163896 0 1240779
1786262486.261402 3860265 190084 170659 99 0 163896 0 1025517
1786262487.056707 3766043 167002 147571 99 0 163896 0 951094
1786262488.159145 3691197 116162 96730 99 0 163896 0 886485
1786262489.450389 3674097 119668 100236 99 0 163896 0 897989
1786262490.247068 4837752 133357 113933 99 0 163896 0 983964
1786262491.055727 3779614 138021 118597 99 0 163896 0 987214
1786262492.146361 3874671 142847 123423 99 0 163896 0 1096429
1786262493.147642 3988747 165090 145664 99 0 163896 0 1204608
1786262494.456806 3956699 168826 149440 99 0 163896 0 1162614
1786262495.264969 3813882 170075 150689 99 0 163896 0 1020953
1786262495.962068 3668342 182925 163539 99 0 163896 0 882279
1786262497.462139 3733683 186979 167593 99 0 163896 0 934889
1786262498.058146 3769252 135407 116015 99 0 163896 0 967679
1786262499.247861 3750964 120679 101287 99 0 163896 0 978678
1786262500.445454 3860777 136956 117564 99 0 163896 0 1074473
1786262501.260568 3860777 141420 122026 99 0 163896 0 1077157
1786262502.053438 3860777 147117 127735 99 0 163896 0 1075571
1786262503.058318 3879080 165337 145954 99 0 163896 0 1092074
1786262504.460089 4000207 169624 150230 99 0 163896 0 1071522
1786262505.446954 3801277 133015 113621 99 0 163896 0 976814
1786262505.966632 3617236 108370 88975 99 0 163896 0 826923
1786262507.053541 3701650 113171 93769 99 0 163896 0 914546
1786262508.345909 3701650 116666 97262 99 0 163896 0 918078
1786262509.149086 3701650 120210 100806 99 0 163896 0 920165
1786262510.450211 3807032 136878 117471 99 0 163896 0 1021086
1786262511.055371 3807032 142712 123318 99 0 163896 0 1017651
1786262512.054194 3825335 159936 140541 99 0 163896 0 1032744
1786262513.058955 3921188 168212 148817 99 0 163896 0 1136940
1786262514.362876 3920408 171116 151717 99 0 163896 0 1125121
1786262515.271798 4882099 177166 157767 99 0 163896 0 994680
1786262516.252355 3714522 183657 164258 99 0 163896 0 906909
1786262517.350521 3720191 109900 90501 99 0 163896 0 935889
1786262518.364676 3806793 114694 95289 99 0 163896 0 1023507
1786262519.367541 3806793 120460 101055 99 0 163896 0 1026704
1786262520.169307 3825096 137605 118199 99 0 163896 0 1039216
1786262521.356369 3825096 144188 124780 99 0 163896 0 1043933
1786262522.368405 3825096 149990 130582 99 0 163896 0 1048256
1786262523.250873 3843384 166299 146889 99 0 163896 0 1002104
1786262524.253759 3897474 171689 152288 99 0 163896 0 1110086
1786262525.753049 4115923 177867 158514 99 0 163896 0 1303332
1786262527.554989 4087061 121566 102205 99 0 163896 0 1296345
1786262528.759721 4104979 126748 107387 99 0 163896 0 1324597
1786262530.555953 4167055 135855 116492 99 0 163896 0 1393013
1786262531.445134 4270761 141986 122621 99 0 163896 0 1491424
1786262532.361501 4289064 158511 139146 99 0 163896 0 1505979
1786262533.951313 4275166 161275 141912 99 0 163896 0 1362070
1786262535.648967 4014617 165659 146296 99 0 163896 0 1203996
1786262536.855122 4013320 180093 160729 99 0 163896 0 1184650
1786262537.962067 3698665 99237 79880 99 0 163896 0 919191
1786262539.047824 3716968 117956 98597 99 0 163896 0 925764
1786262540.058216 3734314 124228 104908 99 0 163896 0 902127
1786262541.161665 3678292 128570 109218 99 0 163896 0 899559
1786262542.263038 4728916 133864 114512 99 0 163896 0 902956
1786262543.347960 3740020 151589 132229 99 0 163896 0 950756
1786262544.267680 3740020 154623 135263 99 0 163896 0 960848
1786262545.361301 3843601 159529 140169 99 0 163896 0 1045419
1786262546.254939 5000956 123968 104661 99 0 163896 0 1043384
1786262546.959302 3690415 125621 106313 99 0 163896 0 897840
1786262548.352621 3707393 142047 122724 99 0 163896 0 912676
1786262549.354322 3707393 148552 129229 99 0 163896 0 925053
1786262550.255604 3707393 154525 135195 99 0 163896 0 928338
1786262551.263473 3810974 161413 142083 99 0 163896 0 1027539
1786262552.549312 3891313 125986 106655 99 0 163896 0 1109185
1786262553.646218 3985652 132435 113103 99 0 163896 0 1198317
1786262554.552461 3985652 137558 118226 99 0 163896 0 1209226
1786262555.252081 3985652 142759 123425 99 0 163896 0 1204085
1786262556.352161 4131714 159004 139668 99 0 163896 0 1345837
1786262557.249093 4131714 163891 144555 99 0 163896 0 1344779
1786262558.954864 4055035 166605 147264 99 0 163896 0 1156221
1786262560.247583 3737858 133911 114564 99 0 163896 0 922671
1786262561.058213 3740710 101065 81768 99 0 163896 0 954577
1786262562.055408 3740710 103964 84681 99 0 163896 0 958491
1786262562.961952 3759013 118584 99300 99 0 163896 0 970043
1786262564.055345 3759013 126367 107083 99 0 163896 0 975501
1786262565.549065 3804775 132089 112790 99 0 163896 0 1023327
1786262566.459753 3898336 149818 130519 99 0 163896 0 1083660
1786262567.365427 3815688 135291 115992 99 0 163896 0 1008908
1786262568.356413 3754830 103013 83712 99 0 163896 0 973746
1786262569.353343 3873878 121001 101692 99 0 163896 0 1087670
1786262570.459885 3873878 124493 105184 99 0 163896 0 1090513
1786262571.266328 3959255 128259 108949 99 0 163896 0 1178156
1786262572.045870 3921926 142794 123487 99 0 163896 0 1125301
1786262573.174015 3954587 148854 129539 99 0 165944 0 1161045
1786262574.458670 3954587 150623 131302 99 0 165944 0 1101859
1786262575.452204 3962661 154073 134752 99 0 165944 0 1112333
1786262576.259804 3832665 103421 84100 99 0 165944 0 1037026
1786262576.953630 3832665 106613 87292 99 0 165944 0 1037413
1786262577.788176 3880702 106611 87298 99 0 165944 0 1077947
1786262579.049855 4119178 124272 104958 99 0 165944 0 1288356
1786262579.790270 3887746 54512 35198 99 0 165944 0 1085002
1786262580.794585 3908048 54514 35200 99 0 165944 0 1105304
1786262581.801633 3908048 54514 35200 99 0 165944 0 1105305
1786262582.793161 3908048 54514 35200 99 0 165944 0 1105305
1786262583.793378 3908048 54514 35200 99 0 165944 0 1105305
1786262584.804332 3908048 54514 35200 99 0 165944 0 1105305
1786262585.861211 3918663 34029 14715 99 0 165944 0 1115923
1786262586.791987 3918663 34029 14715 99 0 165944 0 1115923
1786262587.869574 3927145 34287 15021 99 0 165944 0 1110554
1786262588.873284 3707865 32897 13686 99 0 165944 0 848994
1786262589.773006 3605926 32344 13171 99 0 165944 0 803195
1786262590.776765 3605926 32344 13171 99 0 165944 0 803195
1786262591.776567 3657717 32647 13474 99 0 165944 0 854986
1786262592.773933 3671811 32750 13575 99 0 165944 0 869081
1786262593.778388 3742794 33238 14062 99 0 165944 0 940065
1786262594.777257 3742794 33238 14062 99 0 165944 0 940065
1786262595.774738 3742794 33238 14062 99 0 165944 0 940065
1786262596.765873 3742794 33238 14062 99 0 165944 0 940065
1786262597.949646 4032474 34995 15818 99 0 165944 0 1171363
1786262598.759085 3578952 32189 13002 99 0 165944 0 776231
1786262599.756422 3578952 32189 13002 99 0 165944 0 776231
1786262600.757128 3578952 32189 13002 99 0 165944 0 776231
1786262601.762729 3578952 32189 13002 99 0 165944 0 776231
1786262602.770398 3578952 32189 13002 99 0 165944 0 776231
1786262603.759269 3578952 32189 13002 99 0 165944 0 776231
1786262604.757809 3578952 32189 13002 99 0 165944 0 776231
1786262605.755698 3578952 32189 13002 99 0 165944 0 776231
1786262606.754396 3485102 33796 14608 99 0 166584 0 681742
1786262607.760092 3485102 33796 14608 99 0 166584 0 681742
1786262608.754360 3485102 33796 14608 99 0 166584 0 681742
1786262609.751832 3485102 33796 14608 99 0 166584 0 681742
1786262610.753511 3485102 33796 14608 99 0 166584 0 681742
1786262611.754707 3485102 33796 14608 99 0 166584 0 681742
1786262612.751600 3485102 33796 14608 99 0 166584 0 681742
1786262613.852638 3405180 35459 16270 99 0 167224 0 586977
1786262614.753412 3390976 35338 16149 99 0 167224 0 586978
1786262615.746788 3390976 35338 16149 99 0 167224 0 586978
1786262616.747252 3390976 35338 16149 99 0 167224 0 586978
1786262617.769863 3390976 35338 16149 99 0 167224 0 586978
1786262618.746528 3390976 35338 16149 99 0 167224 0 586978
1786262619.761346 3390976 35338 16149 99 0 167224 0 586978
1786262620.746633 3390976 35338 16149 99 0 167224 0 586978
1786262621.742194 3297010 36861 17671 99 0 167864 0 492373
1786262622.742608 3297010 36861 17671 99 0 167864 0 492373
1786262623.745222 3297010 36861 17671 99 0 167864 0 492373
1786262624.742454 3297010 36861 17671 99 0 167864 0 492373
1786262625.749618 3297010 36861 17671 99 0 167864 0 492373
1786262626.742299 3297010 36861 17671 99 0 167864 0 492373
1786262627.751769 3297010 36861 17671 99 0 167864 0 492373
1786262628.742327 3297010 36861 17671 99 0 167864 0 492373
1786262629.737918 3204242 38384 19200 99 0 168504 0 398967
1786262630.744894 3204242 38384 19200 99 0 168504 0 398967
1786262631.737756 3204242 38384 19200 99 0 168504 0 398967
1786262632.738007 3204242 38384 19200 99 0 168504 0 398967
1786262633.737987 3204242 38384 19200 99 0 168504 0 398967
1786262634.737890 3204242 38384 19200 99 0 168504 0 398967
1786262635.737788 3204242 38384 19200 99 0 168504 0 398967
1786262636.761127 3109759 39917 20733 99 0 168504 0 304484
1786262637.736243 3109759 39917 20733 99 0 168504 0 304485
1786262638.733424 3109759 39917 20733 99 0 168504 0 304485
1786262639.733356 3109759 39917 20733 99 0 168504 0 304485
1786262640.738345 3109759 39917 20733 99 0 168504 0 304485
1786262641.733484 3109759 39917 20733 99 0 168504 0 304486
1786262642.741278 3109759 39917 20733 99 0 168504 0 304486
1786262643.733289 3109759 39917 20733 99 0 168504 0 304486
1786262644.729082 3019468 41403 22218 99 0 168504 0 214196
1786262645.731566 3019468 41389 22218 99 0 168504 0 214196
1786262646.729129 3019468 41389 22218 99 0 168504 0 214196
1786262647.729061 3019468 41389 22218 99 0 168504 0 214196
1786262648.729021 3019468 41389 22218 99 0 168504 0 214196
1786262649.733751 3019468 41389 22218 99 0 168504 0 214196
1786262650.728987 3019468 41389 22218 99 0 168504 0 214196
1786262651.753691 2929583 46189 27293 99 0 168504 0 124312
1786262652.750528 2929583 60493 41597 99 0 168504 0 124312
1786262653.750490 2929583 74637 55741 99 0 168504 0 124312
1786262654.750644 2929583 88557 69661 99 0 168504 0 124312
1786262655.750613 2929583 100621 81725 99 0 168504 0 124312
1786262656.754817 2929583 113917 95021 99 0 168504 0 124312
1786262657.750495 2929583 128237 109341 99 0 168504 0 124312
1786262658.750554 2929583 142813 123917 99 0 168504 0 124312
1786262659.750634 2929583 150701 131805 99 0 168504 0 124312
1786262660.753093 2929583 150701 131805 99 0 168504 0 124312
1786262661.749537 2929583 150701 131805 99 0 168504 0 124312
1786262662.750449 2929583 150701 131805 99 0 168504 0 124312
1786262663.749450 2931632 150620 131805 99 0 170552 0 124312
1786262664.750389 2931632 150620 131805 99 0 170552 0 124312
1786262665.749457 2931632 150620 131805 99 0 170552 0 124312
1786262666.750524 2931632 150620 131805 99 0 170552 0 124312
1786262667.749482 2931632 150620 131805 99 0 170552 0 124312
1786262668.750424 2931632 150620 131805 99 0 170552 0 124312
1786262669.749406 2931632 150620 131805 99 0 170552 0 124312
1786262670.749437 2931632 150620 131805 99 0 170552 0 124312
1786262671.750559 2931632 150620 131805 99 0 170552 0 124312
1786262672.749453 2931632 150620 131805 99 0 170552 0 124312
1786262673.750213 2931632 150620 131805 99 0 170552 0 124312
1786262674.749416 2931632 150620 131805 99 0 170552 0 124312
1786262675.750424 2933681 150625 131805 99 0 172600 0 124312
1786262676.749437 2933681 150625 131805 99 0 172600 0 124312
1786262677.750317 2933681 150625 131805 99 0 172600 0 124312
1786262678.749379 2933681 150625 131805 99 0 172600 0 124312
1786262679.749418 2933681 150625 131805 99 0 172600 0 124312
1786262680.749431 2933681 150625 131805 99 0 172600 0 124312
1786262681.750422 2933681 150625 131805 99 0 172600 0 124312
1786262682.749447 2933681 150625 131805 99 0 172600 0 124312
1786262683.750365 2933681 150625 131805 99 0 172600 0 124312
1786262684.749378 2933681 150625 131805 99 0 172600 0 124312
1786262685.750421 2933681 150625 131805 99 0 172600 0 124312
1786262686.749431 2933681 150625 131805 99 0 172600 0 124312
1786262687.750417 2935730 150647 131821 99 0 174648 0 124312
1786262688.749364 2935730 150647 131821 99 0 174648 0 124312
1786262689.749386 2935730 150647 131821 99 0 174648 0 124312
1786262690.749424 2935730 150647 131821 99 0 174648 0 124312
1786262691.750374 2935730 150647 131821 99 0 174648 0 124312
1786262692.752399 2935730 150647 131821 99 0 174648 0 124312
1786262693.750140 2935730 150647 131821 99 0 174648 0 124312
1786262694.752350 2935730 150647 131821 99 0 174648 0 124312
1786262695.750066 2935730 150991 131821 99 0 174648 0 124312
1786262696.750122 2935730 150991 131821 99 0 174648 0 124312
1786262697.752294 2935730 150991 131821 99 0 174648 0 124312
1786262698.752314 2935730 150991 131821 99 0 174648 0 124312
1786262699.750062 2935730 150991 131821 99 0 174648 0 124312
1786262700.752339 2935730 150991 131821 99 0 174648 0 124312
1786262701.750041 2935730 150991 131821 99 0 174648 0 124312
1786262702.751268 2935730 150991 131821 99 0 174648 0 124312
1786262703.750073 2935730 150991 131821 99 0 174648 0 124312
1786262704.752416 2935730 150991 131821 99 0 174648 0 124312
1786262705.750069 2935730 151595 131821 99 0 174648 0 124312
1786262706.750129 2935730 151595 131821 99 0 174648 0 124312
1786262707.750071 2935730 151595 131821 99 0 174648 0 124312
1786262708.751417 2935730 151595 131821 99 0 174648 0 124312
1786262709.749298 2935730 151595 131821 99 0 174648 0 124312
1786262710.749342 2935730 151595 131821 99 0 174648 0 124312
1786262711.749346 2935730 151595 131821 99 0 174648 0 124312
1786262712.749323 2935730 151595 131821 99 0 174648 0 124312
1786262713.749263 2935730 151595 131821 99 0 174648 0 124312
1786262714.749344 2935730 151595 131821 99 0 174648 0 124312
1786262715.749255 2935730 152052 131821 99 0 174648 0 124312
1786262716.749362 2935730 152052 131821 99 0 174648 0 124312
1786262717.749493 2935730 152052 131821 99 0 174648 0 124312
1786262718.750262 2935730 152052 131821 99 0 174648 0 124312
1786262719.749369 2935730 152052 131821 99 0 174648 0 124312
1786262720.749493 2935730 152052 131821 99 0 174648 0 124312
1786262721.750214 2935730 152052 131821 99 0 174648 0 124312
1786262722.749422 2935730 152052 131821 99 0 174648 0 124312
1786262723.750230 2935730 152052 131821 99 0 174648 0 124312
1786262724.749272 2935730 152052 131821 99 0 174648 0 124312
1786262725.749226 2935730 152052 131821 99 0 174648 0 124312
1786262726.749339 2935730 152062 131821 99 0 174648 0 124312
1786262727.749411 2935730 152062 131821 99 0 174648 0 124312
1786262728.750331 2935730 152062 131821 99 0 174648 0 124312
1786262729.749265 2935730 152062 131821 99 0 174648 0 124312
1786262730.749278 2935730 152062 131821 99 0 174648 0 124312
1786262731.749352 2935730 152062 131821 99 0 174648 0 124312
1786262732.749453 2935730 152062 131821 99 0 174648 0 124312
1786262733.750270 2935730 152062 131821 99 0 174648 0 124312
1786262734.749402 2935730 152062 131821 99 0 174648 0 124312
1786262735.750434 2935730 152062 131821 99 0 174648 0 124312
1786262736.749332 2935730 152062 131821 99 0 174648 0 124312
1786262737.749403 2935730 152062 131821 99 0 174648 0 124312
1786262738.749302 2935730 152062 131821 99 0 174648 0 124312
1786262739.749279 2935730 152062 131821 99 0 174648 0 124312
1786262740.749363 2935730 152062 131821 99 0 174648 0 124312
1786262741.750228 2935730 152062 131821 99 0 174648 0 124312
1786262742.749424 2935730 152062 131821 99 0 174648 0 124312
1786262743.750255 2935730 152062 131821 99 0 174648 0 124312
1786262744.749241 2935730 152062 131821 99 0 174648 0 124312
1786262745.749341 2935730 152062 131821 99 0 174648 0 124312
1786262746.749334 2935730 152062 131821 99 0 174648 0 124312
1786262747.749321 2935730 152062 131821 99 0 174648 0 124312
1786262748.749207 2935730 152062 131821 99 0 174648 0 124312
1786262749.749328 2935730 152062 131821 99 0 174648 0 124312
1786262750.752273 2935730 152062 131821 99 0 174648 0 124312
1786262751.750140 2935730 152062 131821 99 0 174648 0 124312
1786262752.750111 2935730 152062 131821 99 0 174648 0 124312
1786262753.750062 2935730 152062 131821 99 0 174648 0 124312
1786262754.751206 2935730 152062 131821 99 0 174648 0 124312
1786262755.750029 2935730 152062 131821 99 0 174648 0 124312
1786262756.751215 2935730 152062 131821 99 0 174648 0 124312
1786262757.750111 2935730 152062 131821 99 0 174648 0 124312
1786262758.750017 2935730 152062 131821 99 0 174648 0 124312
1786262759.751152 2935730 152062 131821 99 0 174648 0 124312
1786262760.750138 2935730 152062 131821 99 0 174648 0 124312
1786262761.750550 2935730 152062 131821 99 0 174648 0 124312
1786262762.749512 2935730 152062 131821 99 0 174648 0 124312
1786262763.750335 2935730 152062 131821 99 0 174648 0 124312
1786262764.749298 2935730 152062 131821 99 0 174648 0 124312
1786262765.749307 2935730 152062 131821 99 0 174648 0 124312
1786262766.749505 2935730 152062 131821 99 0 174648 0 124312
1786262767.750303 2935730 152062 131821 99 0 174648 0 124312
1786262768.749271 2935730 152062 131821 99 0 174648 0 124312
1786262769.749489 2935730 152062 131821 99 0 174648 0 124312
1786262770.750240 2935730 152062 131821 99 0 174648 0 124312
1786262771.749385 2935730 152062 131821 99 0 174648 0 124312
1786262772.749283 2935730 152062 131821 99 0 174648 0 124312
1786262773.749354 2935730 152062 131821 99 0 174648 0 124312
1786262774.749194 2935730 152062 131821 99 0 174648 0 124312
1786262775.749363 2935730 152062 131821 99 0 174648 0 124312
1786262776.749480 2935730 152062 131821 99 0 174648 0 124312
1786262777.750332 2935730 152062 131821 99 0 174648 0 124312
1786262778.749341 2935730 152062 131821 99 0 174648 0 124312
1786262779.749351 2935730 152062 131821 99 0 174648 0 124312
1786262780.749420 2935730 152062 131821 99 0 174648 0 124312
1786262781.750271 2935730 152062 131821 99 0 174648 0 124312
1786262782.749417 2935730 152062 131821 99 0 174648 0 124312
1786262783.750260 2935730 152062 131821 99 0 174648 0 124312
1786262784.749365 2935730 152062 131821 99 0 174648 0 124312
1786262785.749360 2935730 152062 131821 99 0 174648 0 124312
1786262786.749382 2935730 152062 131821 99 0 174648 0 124312
1786262787.749204 2935730 152062 131821 99 0 174648 0 124312
1786262788.749211 2935730 152062 131821 99 0 174648 0 124312
1786262789.749315 2935730 152062 131821 99 0 174648 0 124312
1786262790.749476 2935730 152062 131821 99 0 174648 0 124312
1786262791.750508 2935730 152062 131821 99 0 174648 0 124312
1786262792.749425 2935730 152062 131821 99 0 174648 0 124312
1786262793.750479 2935730 152062 131821 99 0 174648 0 124312
1786262794.749444 2935730 152062 131821 99 0 174648 0 124312
1786262795.750197 2935730 152062 131821 99 0 174648 0 124312
1786262796.749430 2935730 152062 131821 99 0 174648 0 124312
1786262797.750199 2935730 152062 131821 99 0 174648 0 124312
1786262798.749205 2935730 152062 131821 99 0 174648 0 124312
1786262799.749362 2935730 152062 131821 99 0 174648 0 124312
1786262800.749363 2935730 152062 131821 99 0 174648 0 124312
1786262801.749443 2935730 152062 131821 99 0 174648 0 124312
1786262802.750353 2935730 152062 131821 99 0 174648 0 124312
1786262803.749399 2935730 152062 131821 99 0 174648 0 124312
1786262804.749425 2935730 152062 131821 99 0 174648 0 124312
1786262805.750278 2935730 152062 131821 99 0 174648 0 124312
1786262806.749438 2935730 152062 131821 99 0 174648 0 124312
1786262807.750516 2935730 152062 131821 99 0 174648 0 124312
1786262808.749263 2935730 152062 131821 99 0 174648 0 124312
1786262809.749338 2935730 152062 131821 99 0 174648 0 124312
1786262810.749354 2935730 152062 131821 99 0 174648 0 124312
1786262811.749407 2935730 152062 131821 99 0 174648 0 124312
1786262812.749420 2935730 152062 131821 99 0 174648 0 124312
1786262813.750347 2935730 152062 131821 99 0 174648 0 124312
1786262814.749434 2935730 152062 131821 99 0 174648 0 124312
1786262815.750258 2935730 152062 131821 99 0 174648 0 124312
1786262816.749487 2935730 152062 131821 99 0 174648 0 124312
1786262817.750422 2935730 152062 131821 99 0 174648 0 124312
1786262818.749474 2935730 152062 131821 99 0 174648 0 124312
1786262819.750264 2935730 152062 131821 99 0 174648 0 124312
1786262820.749352 2935730 152062 131821 99 0 174648 0 124312
1786262821.749340 2935730 152062 131821 99 0 174648 0 124312
1786262822.749459 2935730 152062 131821 99 0 174648 0 124312
1786262823.750334 2935730 152062 131821 99 0 174648 0 124312
1786262824.724565 2935730 152041 131821 99 0 174648 0 124312
