# start_epoch=1786262825.478189  page_size=4096  cachestat=ok  fields=size,resident,shared,text,lib,data,dt,pagecache
1786262826.478441 174446 27687 7754 99 0 160440 0 1
1786262827.478394 174446 27687 7754 99 0 160440 0 1
1786262828.489839 2820330 52765 31854 99 0 164536 0 39584
1786262829.491239 2840619 54898 32941 99 0 176312 0 44184
1786262830.492927 2886815 93047 69857 99 0 177208 0 75586
1786262831.491574 2888479 89628 65488 99 0 178744 0 87590
1786262832.491088 2897125 89480 66469 99 0 178744 0 93094
1786262833.492937 2905712 88941 65237 99 0 178744 0 96564
1786262834.493833 2914311 88392 64688 99 0 178744 0 102085
1786262835.493562 2941269 108678 84966 99 0 178744 0 118967
1786262836.494351 2941253 106053 82297 99 0 178744 0 143666
1786262837.495890 2949942 105688 81932 99 0 178744 0 145811
1786262838.494713 2940253 94015 70252 99 0 178744 0 149772
1786262839.495005 2948874 92641 68878 99 0 178744 0 152644
1786262840.497321 2957461 91543 67773 99 0 178744 0 157270
1786262841.496626 2966089 90393 66623 99 0 178744 0 161398
1786262842.498142 2974738 89393 65623 99 0 178744 0 166140
1786262843.499802 2983392 88707 64937 99 0 178744 0 171641
1786262844.498446 3010320 115195 91425 99 0 178744 0 204759
1786262845.498187 3010322 106084 82204 99 0 178744 0 210086
1786262846.501479 3000607 94941 71059 99 0 178744 0 213555
1786262847.499122 3009235 91889 69426 99 0 178744 0 216448
1786262848.500921 3018910 91968 68059 99 0 179768 0 218632
1786262849.501353 3027529 91067 66272 99 0 179768 0 220110
1786262850.498981 3036160 89941 65146 99 0 179768 0 223546
1786262851.501111 3064168 114203 88384 99 0 180792 0 253192
1786262852.499888 3064096 108408 82596 99 0 180792 0 261217
1786262853.588271 4105011 97128 71274 99 0 180792 0 255015
1786262854.503981 3063018 96052 70197 99 0 180792 0 269843
1786262855.500997 3071617 94820 68965 99 0 180792 0 273302
1786262856.586418 3080232 91960 67572 99 0 180792 0 276664
1786262857.498064 3088819 90909 65817 99 0 180792 0 277535
1786262858.502783 3127270 120205 95097 99 0 180792 0 310855
1786262859.502781 3115783 108327 82505 99 0 180792 0 312022
1786262860.587730 4156700 97268 71436 99 0 180792 0 299125
1786262861.588355 3114700 94623 69552 99 0 180792 0 319101
1786262862.587850 3123349 91109 67968 99 0 180792 0 321425
1786262863.586993 3131995 89858 66596 99 0 180792 0 324213
1786262864.590878 3140580 89679 65318 99 0 180792 0 327568
1786262865.504917 3167520 116205 91844 99 0 180792 0 360492
1786262866.506762 3167493 107136 82757 99 0 180792 0 367315
1786262867.591694 3157778 95465 71086 99 0 180792 0 357863
1786262868.592879 3166441 93308 68918 99 0 180792 0 369494
1786262869.593617 3175077 92339 67942 99 0 180792 0 372748
1786262870.593316 3183713 90953 66555 99 0 180792 0 375454
1786262871.588568 3222197 125945 102027 99 0 180792 0 387790
1786262872.588067 3219290 113049 89131 99 0 180792 0 407215
1786262873.588951 3219323 106804 82850 99 0 180792 0 412772
1786262874.594453 3209611 95574 71617 99 0 180792 0 420510
1786262875.594278 3218242 94040 70083 99 0 180792 0 423971
1786262876.594927 3226861 93303 68652 99 0 180792 0 426831
1786262877.594835 3235445 91824 67173 99 0 180792 0 429303
1786262878.689066 3244047 90187 65536 99 0 180792 0 432352
1786262879.593265 3262372 107983 83332 99 0 180792 0 460377
1786262880.593364 3270965 107492 82831 99 0 180792 0 466009
1786262881.598017 3261261 94372 70831 99 0 180792 0 470699
1786262882.600515 3269882 92692 69151 99 0 180792 0 473282
1786262883.598711 3278513 90301 67470 99 0 180792 0 474098
1786262884.601745 3287154 88982 66151 99 0 180792 0 476619
1786262885.595870 3314088 115674 92135 99 0 180792 0 509049
1786262886.591999 3314069 106373 83036 99 0 180792 0 510684
1786262887.688415 3304375 94513 71179 99 0 180792 0 514121
1786262888.602338 3312957 92084 68743 99 0 180792 0 512878
1786262889.592233 3321593 89876 66532 99 0 180792 0 510836
1786262890.602742 3360072 118207 94859 99 0 180792 0 525210
1786262891.597033 3348555 106449 83101 99 0 180792 0 542787
1786262892.688773 3338904 94652 71301 99 0 180792 0 530506
1786262893.601421 3347520 92475 69124 99 0 180792 0 549156
1786262894.603287 3356154 90451 67100 99 0 180792 0 549355
1786262895.596376 3394679 127476 104122 99 0 180792 0 550909
1786262896.598961 3383128 106669 83326 99 0 180792 0 577511
1786262897.687537 3373419 94507 71164 99 0 180792 0 582485
1786262898.601573 3382050 92334 68987 99 0 180792 0 582544
1786262899.690074 3390669 90940 67590 99 0 180792 0 585865
1786262900.695295 3417655 102381 79029 99 0 180792 0 588342
1786262901.600730 3417637 107095 83763 99 0 180792 0 612758
1786262902.598231 3426271 106670 83338 99 0 180792 0 621489
1786262903.688926 3416562 93327 71385 99 0 180792 0 625660
1786262904.688143 3425164 90886 68676 99 0 180792 0 624286
1786262905.692661 3433792 88349 66617 99 0 180792 0 625739
1786262906.596470 3460770 114478 92747 99 0 180792 0 656231
1786262907.606958 3460799 106877 83878 99 0 180792 0 664362
1786262908.691843 3451092 95372 72372 99 0 180792 0 643837
1786262909.693881 3459694 92767 69807 99 0 180792 0 663930
1786262910.692426 3468263 91117 67460 99 0 180792 0 663041
1786262911.695853 3486606 108050 84391 99 0 180792 0 655247
1786262912.600748 3495231 107247 83587 99 0 180792 0 697078
1786262913.689049 3485542 95962 72302 99 0 180792 0 678433
1786262914.694189 3494198 93771 70106 99 0 180792 0 699947
1786262915.694624 3502785 89942 67763 99 0 180792 0 698247
1786262916.696612 3519189 89500 68753 99 0 180792 0 699124
1786262917.603367 3529756 105203 83759 99 0 180792 0 731822
1786262918.694749 3520041 93786 71727 99 0 180792 0 712093
1786262919.695113 3528680 92442 69681 99 0 180792 0 731953
1786262920.691972 3537299 90065 67271 99 0 180792 0 730620
1786262921.695024 3575824 121494 99159 99 0 180792 0 732214
1786262922.686579 3564211 105862 83779 99 0 180792 0 766523
1786262923.698735 3554499 95185 72452 99 0 180792 0 748523
1786262924.700044 3563166 93006 70646 99 0 180792 0 769776
1786262925.699806 3571820 88151 67818 99 0 180792 0 767804
1786262926.697830 3610303 121776 100298 99 0 180792 0 767456
1786262927.687080 3598739 106657 83849 99 0 180792 0 793051
1786262928.702522 3589024 94478 71649 99 0 180792 0 791222
1786262929.701865 3597667 91351 68511 99 0 180792 0 795699
1786262930.691777 3636166 124320 101460 99 0 180792 0 793500
1786262931.694754 3624632 107255 84387 99 0 180792 0 821995
1786262932.699547 3614925 95230 72360 99 0 180792 0 818806
1786262933.786180 3623509 91933 70405 99 0 180792 0 829564
1786262934.787758 3632122 89629 67192 99 0 180792 0 826401
1786262935.606199 3650416 106885 84439 99 0 180792 0 854609
1786262936.607745 3659067 106289 83840 99 0 180792 0 854553
1786262937.787520 3649363 93553 71091 99 0 180792 0 857471
1786262938.787959 3657968 90666 68158 99 0 180792 0 854271
1786262939.697820 3696522 125985 103475 99 0 180792 0 852886
1786262940.700158 3684959 106564 84039 99 0 180792 0 879854
1786262941.702707 3675244 93545 71016 99 0 180792 0 883523
1786262942.792086 3683895 89865 68477 99 0 180792 0 883206
1786262943.786975 3710843 115281 93891 99 0 180792 0 880823
1786262944.699481 3710828 105718 84194 99 0 180792 0 905971
1786262945.791279 3701121 94333 72193 99 0 180792 0 901354
1786262946.694372 3709749 91852 69006 99 0 180792 0 907017
1786262947.790311 3748276 117905 95059 99 0 180792 0 905521
1786262948.698785 3736741 107119 84267 99 0 180792 0 940048
1786262949.795180 3727034 95636 72780 99 0 180792 0 931702
1786262950.795361 3735636 92923 70044 99 0 180792 0 939933
1786262951.797167 3744249 90777 67874 99 0 180792 0 938969
1786262952.693681 3762607 107799 84896 99 0 180792 0 967353
1786262953.691125 3779046 114051 91141 99 0 180792 0 964824
1786262954.791022 3761531 93732 71624 99 0 180792 0 969990
1786262955.795046 3770150 91617 68726 99 0 180792 0 969783
1786262956.793008 3807292 127225 104334 99 0 180792 0 967275
1786262957.702914 3797062 107951 84359 99 0 180792 0 992073
1786262958.795488 3787350 95293 71735 99 0 180792 0 978728
1786262959.798038 3795999 92529 69015 99 0 180792 0 996349
1786262960.887871 3814342 109121 85605 99 0 180792 0 986223
1786262961.695680 3822952 108339 84823 99 0 180792 0 1026181
1786262962.799036 3813243 94353 71978 99 0 180792 0 1015466
1786262963.796405 3821856 91644 69189 99 0 180792 0 1021856
1786262964.788894 3848846 117543 94089 99 0 180792 0 1017641
1786262965.703056 3848845 107973 84513 99 0 180792 0 1043902
1786262966.795371 3839138 95833 72372 99 0 180792 0 1042132
1786262967.796781 3847757 93704 69542 99 0 180792 0 1048546
1786262968.892771 3856341 91327 67164 99 0 180792 0 1048917
1786262969.788285 3874655 108773 84608 99 0 180792 0 1069773
1786262970.800361 3864943 97045 72876 99 0 180792 0 1069365
1786262971.801305 3873488 94281 70104 99 0 180792 0 1077659
1786262972.802494 3882112 91940 67758 99 0 180792 0 1075843
1786262973.707057 3900411 109001 84819 99 0 180792 0 1104735
1786262974.798792 3890704 97538 73354 99 0 180792 0 1086694
1786262975.803259 3899351 95429 71235 99 0 180792 0 1106533
1786262976.788748 3908000 92069 67870 99 0 180792 0 1099374
1786262977.795425 3926328 109326 85127 99 0 180792 0 1131218
1786262978.795519 3916624 97883 73684 99 0 180792 0 1110730
1786262979.886783 3925226 94559 70345 99 0 180792 0 1129531
1786262980.798984 3933854 92207 68009 99 0 180792 0 1125640
1786262981.790773 3952212 109200 85001 99 0 180792 0 1151394
1786262982.803613 3942503 96110 72609 99 0 180792 0 1134819
1786262983.791656 3951154 92666 69162 99 0 180792 0 1145756
1786262984.792448 3969468 109089 85585 99 0 180792 0 1155945
1786262985.805144 3959756 97224 73714 99 0 180792 0 1164942
1786262986.889857 3968340 94455 70250 99 0 180792 0 1170501
1786262987.893352 3986654 109931 85725 99 0 180792 0 1158127
1786262988.705023 3995297 109102 84914 99 0 180792 0 1198082
1786262989.896889 3985590 96236 72048 99 0 180792 0 1197746
1786262990.893367 3994229 93454 69265 99 0 180792 0 1194763
1786262991.798592 4032698 121592 97403 99 0 180792 0 1190931
1786262992.795237 4021178 107204 84937 99 0 180792 0 1216523
1786262993.898357 4011463 95250 72526 99 0 180792 0 1203856
1786262994.789607 4020109 92109 68604 99 0 180792 0 1212727
1786262995.799025 4038452 109070 85568 99 0 180792 0 1243841
1786262996.795385 4028743 97559 74051 99 0 180792 0 1233328
1786262997.892643 4037362 94617 71108 99 0 180792 0 1243987
1786262998.802448 4045946 88936 68526 99 0 180792 0 1238268
1786262999.797203 4064274 107099 85432 99 0 180792 0 1260767
1786263000.803741 4054562 95416 73314 99 0 180792 0 1247511
1786263001.798629 4063211 92823 70024 99 0 180792 0 1251354
1786263002.701502 4066225 82203 58907 99 0 182840 0 1256452
1786263003.695916 4058820 66186 40601 99 0 185144 0 1246929
1786263004.539209 4043454 37317 11691 99 0 185144 0 1221282
1786263005.537632 4043454 37317 11691 99 0 185144 0 1221282
1786263006.536965 4043454 37317 11691 99 0 185144 0 1221282
1786263007.536998 4043454 37317 11691 99 0 185144 0 1221282
1786263008.537105 4043454 37317 11691 99 0 185144 0 1221282
1786263009.537118 4043454 37317 11691 99 0 185144 0 1221282
1786263010.537117 4043454 37317 11691 99 0 185144 0 1221282
1786263011.537246 4043454 37317 11691 99 0 185144 0 1221282
1786263012.537555 4043454 37317 11691 99 0 185144 0 1221282
1786263013.537147 4043454 37332 11691 99 0 185144 0 1221282
1786263014.537261 4043454 37332 11691 99 0 185144 0 1221282
1786263015.538295 4043454 37332 11691 99 0 185144 0 1221282
1786263016.586488 4043454 37332 11691 99 0 185144 0 1221282
1786263017.705194 4207252 37057 11411 99 0 185144 0 1376449
1786263018.536661 4043432 36623 10956 99 0 185144 0 1221264
1786263019.586563 4043432 36623 10956 99 0 185144 0 1221265
1786263020.586570 4043432 36623 10956 99 0 185144 0 1221265
1786263021.536683 4043432 36623 10956 99 0 185144 0 1221265
1786263022.536663 4043432 36623 10956 99 0 185144 0 1221265
1786263023.587018 4043432 36683 10956 99 0 185144 0 1221265
1786263024.587712 4043432 36683 10956 99 0 185144 0 1221265
1786263025.536913 4043432 36683 10956 99 0 185144 0 1221265
1786263026.536592 4043432 36683 10956 99 0 185144 0 1221265
1786263027.536567 4043432 36683 10956 99 0 185144 0 1221265
1786263028.536623 4043432 36683 10956 99 0 185144 0 1221265
1786263029.537411 4043432 36683 10956 99 0 185144 0 1221265
1786263030.536661 4043432 36683 10956 99 0 185144 0 1221265
1786263031.536602 4043432 36683 10956 99 0 185144 0 1221265
1786263032.536589 4043432 36683 10956 99 0 185144 0 1221265
1786263033.586559 4043410 34883 10222 99 0 185144 0 1221247
1786263034.536873 4043410 34883 10222 99 0 185144 0 1221247
1786263035.536763 4043410 34883 10222 99 0 185144 0 1221247
1786263036.536548 4043410 34883 10222 99 0 185144 0 1221247
1786263037.536387 4043410 34883 10222 99 0 185144 0 1221247
1786263038.536540 4043410 34883 10222 99 0 185144 0 1221247
1786263039.536427 4043410 34883 10222 99 0 185144 0 1221247
1786263040.536314 4043410 34883 10222 99 0 185144 0 1221247
1786263041.536447 4043410 34883 10222 99 0 185144 0 1221247
1786263042.536585 4043410 34883 10222 99 0 185144 0 1221247
1786263043.586776 4043410 35366 10222 99 0 185144 0 1221247
1786263044.536544 4043410 35366 10222 99 0 185144 0 1221247
1786263045.536464 4043410 35366 10222 99 0 185144 0 1221247
1786263046.707869 4241588 35263 10115 99 0 185144 0 1359178
1786263047.587694 4043388 34015 9542 99 0 185144 0 1221231
1786263048.590552 4043388 34015 9542 99 0 185144 0 1221231
1786263049.612296 4043388 34015 9542 99 0 185144 0 1221231
1786263050.536286 4043388 34015 9542 99 0 185144 0 1221231
1786263051.603370 4043388 34015 9542 99 0 185144 0 1221231
1786263052.536580 4043388 34015 9542 99 0 185144 0 1221231
1786263053.587028 4043388 34015 9542 99 0 185144 0 1221231
1786263054.586626 4043388 34758 9542 99 0 185144 0 1221231
1786263055.537043 4043388 34758 9542 99 0 185144 0 1221231
1786263056.610922 4043388 34758 9542 99 0 185144 0 1221231
1786263057.586680 4043388 34758 9542 99 0 185144 0 1221231
1786263058.600311 4043388 34758 9542 99 0 185144 0 1221231
1786263059.586318 4043388 34758 9542 99 0 185144 0 1221231
1786263060.538518 4043388 34758 9542 99 0 185144 0 1221231
1786263061.635435 4043388 34758 9542 99 0 185144 0 1221231
1786263062.539778 4043388 34758 9542 99 0 185144 0 1221231
1786263063.608318 4043388 34758 9542 99 0 185144 0 1221231
1786263064.536977 4043388 35543 9542 99 0 185144 0 1221231
1786263065.536323 4043388 35543 9542 99 0 185144 0 1221231
1786263066.587961 4043388 35543 9542 99 0 185144 0 1221231
1786263067.536238 4043388 35543 9542 99 0 185144 0 1221231
1786263068.679978 4043388 35543 9542 99 0 185144 0 1221231
1786263069.536197 4043388 35543 9542 99 0 185144 0 1221231
1786263070.537504 4043388 35543 9542 99 0 185144 0 1221231
1786263071.536246 4043388 35543 9542 99 0 185144 0 1221231
1786263072.586428 4043388 35543 9542 99 0 185144 0 1221231
1786263073.600876 4043388 35543 9542 99 0 185144 0 1221231
1786263074.586514 4043388 35941 9542 99 0 185144 0 1221231
1786263075.536236 4043388 35941 9542 99 0 185144 0 1221231
1786263076.521557 3727853 41105 16216 99 0 185144 0 905699
1786263077.538582 3727853 41105 16216 99 0 185144 0 905699
1786263078.521561 3727853 41105 16216 99 0 185144 0 905699
1786263079.524373 3727853 41105 16216 99 0 185144 0 905699
1786263080.522106 3727853 41105 16216 99 0 185144 0 905699
1786263081.522082 3727853 41105 16216 99 0 185144 0 905699
1786263082.537589 3727853 41105 16216 99 0 185144 0 905699
1786263083.522171 3727853 41105 16216 99 0 185144 0 905699
1786263084.537936 3727853 41166 16216 99 0 185144 0 905699
1786263085.521499 3727853 41166 16216 99 0 185144 0 905699
1786263086.521595 3727853 41166 16216 99 0 185144 0 905699
1786263087.542668 3727853 41166 16216 99 0 185144 0 905699
1786263088.522030 3727853 41166 16216 99 0 185144 0 905699
1786263089.541764 3727853 41166 16216 99 0 185144 0 905699
1786263090.521663 3727853 41166 16216 99 0 185144 0 905699
1786263091.526076 3727853 40717 16216 99 0 185144 0 905699
1786263092.525652 3727853 40717 16216 99 0 185144 0 905699
1786263093.521636 3727853 40717 16216 99 0 185144 0 905699
1786263094.588095 3727853 40717 16216 99 0 185144 0 905699
1786263095.522120 3727853 40717 16216 99 0 185144 0 905699
1786263096.522206 3727853 40717 16216 99 0 185144 0 905699
1786263097.521643 3727853 40717 16216 99 0 185144 0 905699
1786263098.521695 3727853 40717 16216 99 0 185144 0 905699
1786263099.537913 3727853 40717 16216 99 0 185144 0 905699
1786263100.522106 3727853 40717 16216 99 0 185144 0 905699
1786263101.524769 3727853 40717 16216 99 0 185144 0 905699
1786263102.521529 3727853 40717 16216 99 0 185144 0 905699
1786263103.521729 3727853 40717 16216 99 0 185144 0 905699
1786263104.538787 3727853 40717 16216 99 0 185144 0 905699
1786263105.602646 3652386 47603 23102 99 0 185144 0 830232
1786263106.507019 3412220 47378 22877 99 0 185144 0 590068
1786263107.509172 3412220 47378 22877 99 0 185144 0 590068
1786263108.524562 3412220 47378 22877 99 0 185144 0 590068
1786263109.507073 3412220 47378 22877 99 0 185144 0 590069
1786263110.521681 3412220 47378 22877 99 0 185144 0 590069
1786263111.507163 3412220 47378 22877 99 0 185144 0 590069
1786263112.506648 3412220 47378 22877 99 0 185144 0 590069
1786263113.507092 3412220 47378 22877 99 0 185144 0 590069
1786263114.507167 3412220 47378 22877 99 0 185144 0 590069
1786263115.523011 3412220 47378 22877 99 0 185144 0 590069
1786263116.506931 3412220 47378 22877 99 0 185144 0 590069
1786263117.507123 3412220 47378 22877 99 0 185144 0 590069
1786263118.506966 3412220 47378 22877 99 0 185144 0 590069
1786263119.506713 3412220 47378 22877 99 0 185144 0 590069
1786263120.514982 3412220 47378 22877 99 0 185144 0 590069
1786263121.506899 3412220 47378 22877 99 0 185144 0 590069
1786263122.518125 3412220 47378 22877 99 0 185144 0 590069
1786263123.507003 3412220 47378 22877 99 0 185144 0 590069
1786263124.510491 3412220 47378 22877 99 0 185144 0 590069
1786263125.510334 3412220 47378 22877 99 0 185144 0 590069
1786263126.510476 3412220 47378 22877 99 0 185144 0 590069
1786263127.518245 3412220 47378 22877 99 0 185144 0 590069
1786263128.510250 3412220 47378 22877 99 0 185144 0 590069
1786263129.507084 3412220 47378 22877 99 0 185144 0 590069
1786263130.507109 3412220 47378 22877 99 0 185144 0 590069
1786263131.509501 3412220 47378 22877 99 0 185144 0 590069
1786263132.534977 3412220 47378 22877 99 0 185144 0 590069
1786263133.506641 3412220 47378 22877 99 0 185144 0 590069
1786263134.506656 3412220 47378 22877 99 0 185144 0 590069
1786263135.499682 3113847 56644 32144 99 0 187192 0 289649
1786263136.499531 3113847 82353 57853 99 0 187192 0 289649
1786263137.501605 3113847 107874 83374 99 0 187192 0 289649
1786263138.499611 3113847 133012 108512 99 0 187192 0 289649
1786263139.499618 3113847 160579 136079 99 0 187192 0 289649
1786263140.498580 3113847 186168 161668 99 0 187192 0 289649
1786263141.498563 3113847 211708 187208 99 0 187192 0 289649
1786263142.499546 3113847 239574 215074 99 0 187192 0 289649
1786263143.499554 3113847 265194 240694 99 0 187192 0 289649
1786263144.499553 3113847 290849 266349 99 0 187192 0 289649
1786263145.499560 3113847 316498 291997 99 0 187192 0 289649
1786263146.499559 3115896 322003 297501 99 0 189240 0 289649
1786263147.499521 3115896 322003 297501 99 0 189240 0 289649
1786263148.498687 3115896 322003 297501 99 0 189240 0 289649
1786263149.499625 3115896 322003 297501 99 0 189240 0 289649
1786263150.499568 3115896 322003 297501 99 0 189240 0 289649
1786263151.499631 3115896 322003 297501 99 0 189240 0 289649
1786263152.498658 3115896 322003 297501 99 0 189240 0 289649
1786263153.499633 3115896 322003 297501 99 0 189240 0 289649
1786263154.499625 3115896 322003 297501 99 0 189240 0 289649
1786263155.500638 3115896 322003 297501 99 0 189240 0 289649
1786263156.498869 3117945 321898 297501 99 0 191288 0 289649
1786263157.499597 3117945 321898 297501 99 0 191288 0 289649
1786263158.499600 3117945 321898 297501 99 0 191288 0 289649
1786263159.499840 3117945 321898 297501 99 0 191288 0 289649
1786263160.498623 3117945 321898 297501 99 0 191288 0 289649
1786263161.499628 3117945 321898 297501 99 0 191288 0 289649
1786263162.499627 3117945 321898 297501 99 0 191288 0 289649
1786263163.498698 3117945 321898 297501 99 0 191288 0 289649
1786263164.499582 3117945 321898 297501 99 0 191288 0 289649
1786263165.499690 3117945 321898 297501 99 0 191288 0 289649
1786263166.499608 3119994 321920 297517 99 0 193336 0 289649
1786263167.499528 3119994 321920 297517 99 0 193336 0 289649
1786263168.499542 3119994 321920 297517 99 0 193336 0 289649
1786263169.499614 3119994 321920 297517 99 0 193336 0 289649
1786263170.499595 3119994 321920 297517 99 0 193336 0 289649
1786263171.499643 3119994 321920 297517 99 0 193336 0 289649
1786263172.498655 3119994 321920 297517 99 0 193336 0 289649
1786263173.498623 3119994 321920 297517 99 0 193336 0 289649
1786263174.499581 3119994 321920 297517 99 0 193336 0 289649
1786263175.499621 3119994 321920 297517 99 0 193336 0 289649
1786263176.499862 3119994 321920 297517 99 0 193336 0 289649
1786263177.499610 3119994 321920 297517 99 0 193336 0 289649
1786263178.499635 3119994 321920 297517 99 0 193336 0 289649
1786263179.499579 3119994 321920 297517 99 0 193336 0 289649
1786263180.499617 3119994 321920 297517 99 0 193336 0 289649
1786263181.499516 3119994 321920 297517 99 0 193336 0 289649
1786263182.499501 3119994 321920 297517 99 0 193336 0 289649
1786263183.498620 3119994 321920 297517 99 0 193336 0 289649
1786263184.499566 3119994 321920 297517 99 0 193336 0 289649
1786263185.499593 3119994 321920 297517 99 0 193336 0 289649
1786263186.499658 3119994 321920 297517 99 0 193336 0 289649
1786263187.499597 3119994 321920 297517 99 0 193336 0 289649
1786263188.499598 3119994 321920 297517 99 0 193336 0 289649
1786263189.499563 3119994 321920 297517 99 0 193336 0 289649
1786263190.499554 3119994 321920 297517 99 0 193336 0 289649
1786263191.498591 3119994 321920 297517 99 0 193336 0 289649
1786263192.499594 3119994 321920 297517 99 0 193336 0 289649
1786263193.500403 3119994 321920 297517 99 0 193336 0 289649
1786263194.499536 3119994 321920 297517 99 0 193336 0 289649
1786263195.498704 3119994 321920 297517 99 0 193336 0 289649
1786263196.499596 3119994 321920 297517 99 0 193336 0 289649
1786263197.498635 3119994 321920 297517 99 0 193336 0 289649
1786263198.503247 3119994 321920 297517 99 0 193336 0 289649
1786263199.499668 3119994 321920 297517 99 0 193336 0 289649
1786263200.499629 3119994 321920 297517 99 0 193336 0 289649
1786263201.499657 3119994 321920 297517 99 0 193336 0 289649
1786263202.498643 3119994 321920 297517 99 0 193336 0 289649
1786263203.498617 3119994 321920 297517 99 0 193336 0 289649
1786263204.499580 3119994 321920 297517 99 0 193336 0 289649
1786263205.499638 3119994 321920 297517 99 0 193336 0 289649
1786263206.499757 3119994 321920 297517 99 0 193336 0 289649
1786263207.499589 3119994 321920 297517 99 0 193336 0 289649
1786263208.499683 3119994 321920 297517 99 0 193336 0 289649
1786263209.499521 3119994 321920 297517 99 0 193336 0 289649
1786263210.499632 3119994 321920 297517 99 0 193336 0 289649
1786263211.499637 3119994 321920 297517 99 0 193336 0 289649
1786263212.499613 3119994 321920 297517 99 0 193336 0 289649
1786263213.499565 3119994 321920 297517 99 0 193336 0 289649
1786263214.499578 3119994 321920 297517 99 0 193336 0 289649
1786263215.499553 3119994 321920 297517 99 0 193336 0 289649
1786263216.499615 3119994 321920 297517 99 0 193336 0 289649
1786263217.500513 3119994 321920 297517 99 0 193336 0 289649
1786263218.499687 3119994 321920 297517 99 0 193336 0 289649
1786263219.498641 3119994 321920 297517 99 0 193336 0 289649
1786263220.498763 3119994 321920 297517 99 0 193336 0 289649
1786263221.499611 3119994 321920 297517 99 0 193336 0 289649
1786263222.499579 3119994 321920 297517 99 0 193336 0 289649
1786263223.498630 3119994 321920 297517 99 0 193336 0 289649
1786263224.499606 3119994 321920 297517 99 0 193336 0 289649
1786263225.499775 3119994 321920 297517 99 0 193336 0 289649
1786263226.499544 3119994 321920 297517 99 0 193336 0 289649
1786263227.500497 3119994 321920 297517 99 0 193336 0 289649
1786263228.498675 3119994 321920 297517 99 0 193336 0 289649
1786263229.498641 3119994 321920 297517 99 0 193336 0 289649
1786263230.503216 3119994 321920 297517 99 0 193336 0 289649
1786263231.499527 3119994 321920 297517 99 0 193336 0 289649
1786263232.499542 3119994 321920 297517 99 0 193336 0 289649
1786263233.499523 3119994 321920 297517 99 0 193336 0 289649
1786263234.500378 3119994 321920 297517 99 0 193336 0 289649
1786263235.499497 3119994 321920 297517 99 0 193336 0 289649
1786263236.501422 3119994 321920 297517 99 0 193336 0 289649
1786263237.499442 3119994 321920 297517 99 0 193336 0 289649
1786263238.499460 3119994 321920 297517 99 0 193336 0 289649
1786263239.499474 3119994 321920 297517 99 0 193336 0 289649
1786263240.499484 3119994 321920 297517 99 0 193336 0 289649
1786263241.499540 3119994 321920 297517 99 0 193336 0 289649
1786263242.499522 3119994 321920 297517 99 0 193336 0 289649
1786263243.499563 3119994 321920 297517 99 0 193336 0 289649
1786263244.499526 3119994 321920 297517 99 0 193336 0 289649
1786263245.499574 3119994 321920 297517 99 0 193336 0 289649
1786263246.500416 3119994 321920 297517 99 0 193336 0 289649
1786263247.499511 3119994 321920 297517 99 0 193336 0 289649
1786263248.498522 3119994 321920 297517 99 0 193336 0 289649
1786263249.498556 3119994 321920 297517 99 0 193336 0 289649
1786263250.499536 3119994 321920 297517 99 0 193336 0 289649
1786263251.498585 3119994 321920 297517 99 0 193336 0 289649
1786263252.498509 3119994 321920 297517 99 0 193336 0 289649
1786263253.499799 3119994 321920 297517 99 0 193336 0 289649
1786263254.499503 3119994 321920 297517 99 0 193336 0 289649
1786263255.498590 3119994 321920 297517 99 0 193336 0 289649
1786263256.499515 3119994 321920 297517 99 0 193336 0 289649
1786263257.501659 3119994 321920 297517 99 0 193336 0 289649
1786263258.500453 3119994 321920 297517 99 0 193336 0 289649
1786263259.499483 3119994 321920 297517 99 0 193336 0 289649
1786263260.499544 3119994 321920 297517 99 0 193336 0 289649
1786263261.498576 3119994 321920 297517 99 0 193336 0 289649
1786263262.499516 3119994 321920 297517 99 0 193336 0 289649
1786263263.499576 3119994 321920 297517 99 0 193336 0 289649
1786263264.499474 3119994 321920 297517 99 0 193336 0 289649
1786263265.499486 3119994 321920 297517 99 0 193336 0 289649
1786263266.502615 3119994 321920 297517 99 0 193336 0 289649
1786263267.499509 3119994 321920 297517 99 0 193336 0 289649
1786263268.499572 3119994 321920 297517 99 0 193336 0 289649
1786263269.498625 3119994 321920 297517 99 0 193336 0 289649
1786263270.499526 3119994 321920 297517 99 0 193336 0 289649
1786263271.499595 3119994 321920 297517 99 0 193336 0 289649
1786263272.499552 3119994 321920 297517 99 0 193336 0 289649
1786263273.498573 3119994 321920 297517 99 0 193336 0 289649
1786263274.498500 3119994 321920 297517 99 0 193336 0 289649
1786263275.499524 3119994 321920 297517 99 0 193336 0 289649
1786263276.498615 3119994 321920 297517 99 0 193336 0 289649
1786263277.499547 3119994 321920 297517 99 0 193336 0 289649
1786263278.499540 3119994 321920 297517 99 0 193336 0 289649
1786263279.499570 3119994 321920 297517 99 0 193336 0 289649
1786263280.499522 3119994 321920 297517 99 0 193336 0 289649
1786263281.499544 3119994 321920 297517 99 0 193336 0 289649
1786263282.499519 3119994 321920 297517 99 0 193336 0 289649
1786263283.499673 3119994 321920 297517 99 0 193336 0 289649
1786263284.499511 3119994 321920 297517 99 0 193336 0 289649
1786263285.499510 3119994 321920 297517 99 0 193336 0 289649
1786263286.499480 3119994 321920 297517 99 0 193336 0 289649
1786263287.499536 3119994 321920 297517 99 0 193336 0 289649
1786263288.499561 3119994 321920 297517 99 0 193336 0 289649
1786263289.500395 3119994 321920 297517 99 0 193336 0 289649
1786263290.499575 3119994 321920 297517 99 0 193336 0 289649
1786263291.499500 3119994 321920 297517 99 0 193336 0 289649
1786263292.499551 3119994 321920 297517 99 0 193336 0 289649
1786263293.499537 3119994 321920 297517 99 0 193336 0 289649
1786263294.499753 3119994 321920 297517 99 0 193336 0 289649
1786263295.499505 3119994 321920 297517 99 0 193336 0 289649
1786263296.499511 3119994 321920 297517 99 0 193336 0 289649
1786263297.503840 3119994 321920 297517 99 0 193336 0 289649
1786263298.499618 3119994 321920 297517 99 0 193336 0 289649
1786263299.499593 3119994 321920 297517 99 0 193336 0 289649
1786263300.499558 3119994 321920 297517 99 0 193336 0 289649
1786263301.500423 3119994 321920 297517 99 0 193336 0 289649
1786263302.500452 3119994 321920 297517 99 0 193336 0 289649
1786263303.500436 3119994 321920 297517 99 0 193336 0 289649
1786263304.499561 3119994 321920 297517 99 0 193336 0 289649
1786263305.499595 3119994 321920 297517 99 0 193336 0 289649
1786263306.499566 3119994 321920 297517 99 0 193336 0 289649
1786263307.498507 3119994 321920 297517 99 0 193336 0 289649
1786263308.499547 3119994 321920 297517 99 0 193336 0 289649
1786263309.499549 3119994 321920 297517 99 0 193336 0 289649
1786263310.500432 3119994 321920 297517 99 0 193336 0 289649
1786263311.499511 3119994 321920 297517 99 0 193336 0 289649
1786263312.499548 3119994 321920 297517 99 0 193336 0 289649
1786263313.499509 3119994 321920 297517 99 0 193336 0 289649
1786263314.498601 3119994 321920 297517 99 0 193336 0 289649
1786263315.500479 3119994 321920 297517 99 0 193336 0 289649
1786263316.503286 3119994 321920 297517 99 0 193336 0 289649
1786263317.499536 3119994 321920 297517 99 0 193336 0 289649
1786263318.499611 3119994 321920 297517 99 0 193336 0 289649
1786263319.498549 3119994 321920 297517 99 0 193336 0 289649
1786263320.499627 3119994 321920 297517 99 0 193336 0 289649
1786263321.499555 3119994 321920 297517 99 0 193336 0 289649
1786263322.498638 3119994 321920 297517 99 0 193336 0 289649
1786263323.499570 3119994 321920 297517 99 0 193336 0 289649
1786263324.499605 3119994 321920 297517 99 0 193336 0 289649
1786263325.498602 3119994 321920 297517 99 0 193336 0 289649
1786263326.499479 3119994 321920 297517 99 0 193336 0 289649
1786263327.499504 3119994 321920 297517 99 0 193336 0 289649
1786263328.499597 3119994 321920 297517 99 0 193336 0 289649
1786263329.500372 3119994 321920 297517 99 0 193336 0 289649
1786263330.503191 3119994 321920 297517 99 0 193336 0 289649
1786263331.498784 3119994 321920 297517 99 0 193336 0 289649
1786263332.498585 3119994 321920 297517 99 0 193336 0 289649
1786263333.499598 3119994 321920 297517 99 0 193336 0 289649
1786263334.500433 3119994 321920 297517 99 0 193336 0 289649
1786263335.499589 3119994 321920 297517 99 0 193336 0 289649
1786263336.499530 3119994 321920 297517 99 0 193336 0 289649
1786263337.499598 3119994 321920 297517 99 0 193336 0 289649
1786263338.492571 3119994 321915 297517 99 0 193336 0 289649
