# start_epoch=1786698869.002028  page_size=4096  cachestat=ok  fields=size,resident,shared,text,lib,data,dt,pagecache
1786698870.002345 262499 27621 7634 99 0 248506 0 1
1786698871.002269 262499 27621 7634 99 0 248506 0 1
1786698872.005004 2932332 67059 46935 99 0 258106 0 48198
1786698873.006545 2955817 71308 51204 99 0 258106 0 74574
1786698874.010620 2978695 72327 52245 99 0 258106 0 103019
1786698875.010109 3001782 86835 66750 99 0 258106 0 129123
1786698876.013316 3037544 110624 90538 99 0 258106 0 170287
1786698877.013338 3074248 154896 134932 99 0 258106 0 202846
1786698878.022387 3081573 112273 92380 99 0 258106 0 218730
1786698879.015481 3118292 163046 143148 99 0 258106 0 237433
1786698880.019019 3151384 148977 129138 99 0 258106 0 270247
1786698881.017206 3160492 156081 136242 99 0 258106 0 273221
1786698882.025198 3131495 89138 69319 99 0 258106 0 282868
1786698883.022872 3195841 159780 139961 99 0 258106 0 343297
1786698884.021246 3196584 150080 130253 99 0 258106 0 334311
1786698885.021714 3233303 184588 164752 99 0 258106 0 346525
1786698886.021777 3190428 108554 88774 99 0 258106 0 327168
1786698887.027517 3256292 172743 152963 99 0 258106 0 391155
1786698888.028330 3250054 142020 122233 99 0 258106 0 370926
1786698889.024663 3286758 181029 161236 99 0 258106 0 401420
1786698890.024796 3243622 98713 78933 99 0 258106 0 367331
1786698891.027170 3296151 158807 139027 99 0 258106 0 414032
1786698892.025560 3304316 145081 125298 99 0 258106 0 416078
1786698893.023685 3341035 202566 182799 99 0 258106 0 454845
1786698894.029446 3342539 179601 159874 99 0 258106 0 488453
1786698895.028755 4440801 186565 166823 99 0 258106 0 488130
1786698896.030065 3375496 205579 185830 99 0 258106 0 494878
1786698897.033548 3369846 119071 99347 99 0 258106 0 475208
1786698898.030583 3389283 161904 142180 99 0 258106 0 512854
1786698899.031477 3420219 234903 215179 99 0 258106 0 531496
1786698900.042850 3438859 189153 168096 99 0 280122 0 542265
1786698901.045912 3466993 249104 228082 99 0 280122 0 583517
1786698902.041459 3530209 223791 202765 99 0 280122 0 584123
1786698903.034157 3434346 154659 133643 99 0 280122 0 534294
1786698904.035862 3436984 205121 184105 99 0 280122 0 564502
1786698905.066032 3441723 189425 168401 99 0 280122 0 566223
1786698906.050462 3497165 254687 233655 99 0 280122 0 607096
1786698907.036262 3508070 295496 272920 99 0 281658 0 618208
1786698908.036611 3472837 154770 132899 99 0 281658 0 577081
1786698909.037924 3469378 204828 182957 99 0 281658 0 595045
1786698910.066484 3487580 181177 157858 99 0 283194 0 590524
1786698911.039889 3509427 238028 213937 99 0 284730 0 620296
1786698912.038414 3545328 289611 265516 99 0 284730 0 665131
1786698913.046631 3562961 241777 217692 99 0 284730 0 637451
1786698914.038987 3494035 180676 157022 99 0 284730 0 613517
1786698915.087959 3528433 223839 197938 99 0 284730 0 634708
1786698916.041577 3560813 251487 226699 99 0 284730 0 658977
1786698917.043668 3584949 302487 276612 99 0 284730 0 691923
1786698918.037070 4555055 149562 124249 99 0 284730 0 559976
1786698919.040656 3523676 158054 134525 99 0 288826 0 632462
1786698920.039143 3521081 171787 148249 99 0 288826 0 609701
1786698921.035071 3444093 63758 40235 99 0 288826 0 524533
1786698922.036392 3473328 198520 174997 99 0 288826 0 583816
1786698923.039038 3519484 320749 297226 99 0 288826 0 613337
1786698924.048602 3670685 343096 318876 99 0 288826 0 775135
1786698925.047821 3688578 415721 392169 99 0 288826 0 775453
1786698926.033235 3403715 74234 50575 99 0 288826 0 518546
1786698927.034431 3465279 166177 142518 99 0 288826 0 537596
1786698928.032852 3450697 140429 116233 99 0 288826 0 508579
1786698929.029872 3362766 64937 41384 99 0 288826 0 455657
1786698930.028495 3357503 66882 43329 99 0 288826 0 441044
1786698931.022896 3385571 133186 110144 99 0 288826 0 465305
1786698932.022875 3385571 165955 142912 99 0 288826 0 468680
1786698933.022248 3314072 42671 19589 99 0 288826 0 400918
1786698934.023617 3326872 82389 57669 99 0 301626 0 481265
1786698935.021324 3326872 115269 87477 99 0 301626 0 429325
1786698936.024387 3326872 129878 105157 99 0 301626 0 389393
1786698937.021135 3326865 67091 39294 99 0 301626 0 427690
1786698938.019293 3326865 82833 58734 99 0 301626 0 390214
1786698939.022317 3328657 131101 104586 99 0 303418 0 456282
1786698940.020227 3343283 155982 129460 99 0 303418 0 402959
1786698941.021943 3328648 85644 54513 99 0 303418 0 448531
1786698942.020075 3328648 98668 72145 99 0 303418 0 408598
1786698943.022032 3375776 178133 151609 99 0 303418 0 444269
1786698944.020122 3328641 51594 25066 99 0 303418 0 409097
1786698945.022353 3375769 114704 88093 99 0 303418 0 444266
1786698946.019373 3328641 104232 77594 99 0 303418 0 388178
1786698947.019142 3328638 36858 10231 99 0 303418 0 388177
1786698948.019062 3328638 36858 10231 99 0 303418 0 388177
1786698949.021554 3332735 36902 10231 99 0 307514 0 388177
1786698950.019183 3332735 36902 10231 99 0 307514 0 388177
1786698951.019400 3336832 36899 10231 99 0 311610 0 388177
1786698952.019056 3336832 36899 10231 99 0 311610 0 388177
1786698953.019078 3340929 36884 10231 99 0 315706 0 388177
1786698954.019195 3340929 36884 10231 99 0 315706 0 388177
1786698955.021961 3340929 36884 10231 99 0 315706 0 388177
1786698956.019787 3340929 36884 10231 99 0 315706 0 388177
1786698957.019743 3340929 36884 10231 99 0 315706 0 388177
1786698958.019218 3340929 36884 10231 99 0 315706 0 388177
1786698959.019255 3340929 36884 10231 99 0 315706 0 388177
1786698960.019134 3340929 37161 10231 99 0 315706 0 388177
1786698961.018986 3340929 37161 10231 99 0 315706 0 388177
1786698962.019239 3340929 37161 10231 99 0 315706 0 388177
1786698963.019190 3340929 37161 10231 99 0 315706 0 388177
1786698964.019276 3340929 37161 10231 99 0 315706 0 388177
1786698965.019329 3340929 37161 10231 99 0 315706 0 388177
1786698966.019198 3340929 37129 10231 99 0 315706 0 388177
1786698967.019097 3340929 37129 10231 99 0 315706 0 388177
