# start_epoch=1786118063.562984  page_size=4096  cachestat=ok  fields=size,resident,shared,text,lib,data,dt,pagecache
1786118064.567339 466882 45892 3254 2101 0 462282 0 63687
1786118065.569317 467785 41645 3261 2101 0 463178 0 96174
1786118066.571299 467785 43216 3261 2101 0 463178 0 128405
1786118067.571064 467785 49689 3261 2101 0 463178 0 161154
1786118068.575375 467785 44363 3330 2101 0 463178 0 193926
1786118069.577451 468809 42063 3330 2101 0 464202 0 226735
1786118070.579440 468809 36628 3330 2101 0 464202 0 259279
1786118071.581564 468809 49373 3330 2101 0 464202 0 292592
1786118072.583588 470089 46476 3330 2101 0 465482 0 325402
1786118073.585646 470089 41378 3330 2101 0 465482 0 357955
1786118074.587495 470089 43460 3330 2101 0 465482 0 390764
1786118075.589733 470089 50283 3330 2101 0 465482 0 423821
1786118076.591808 471625 44947 3330 2101 0 467018 0 456630
1786118077.585147 477130 37205 3346 2101 0 472522 0 454579
1786118078.585292 477130 37471 3346 2101 0 472522 0 454580
1786118079.585386 477130 37527 3346 2101 0 472522 0 454580
1786118080.585342 477130 36996 3346 2101 0 472522 0 454581
1786118081.585353 478026 37487 3346 2101 0 473418 0 454582
1786118082.585436 478026 38043 3346 2101 0 473418 0 454582
1786118083.585356 478026 38043 3346 2101 0 473418 0 454583
1786118084.585351 478026 38043 3346 2101 0 473418 0 454583
1786118085.584971 479050 37766 3346 2101 0 474442 0 448540
1786118086.584955 479050 38278 3346 2101 0 474442 0 448540
1786118087.584967 479050 37994 3346 2101 0 474442 0 448541
1786118088.585477 480330 38146 3346 2101 0 475722 0 448541
1786118089.584960 480330 38683 3346 2101 0 475722 0 448542
1786118090.585154 480330 38683 3346 2101 0 475722 0 448543
1786118091.584852 480330 38683 3346 2101 0 475722 0 448544
1786118092.584869 480330 38683 3346 2101 0 475722 0 448544
1786118093.584617 481866 37622 3346 2101 0 477258 0 442528
1786118094.584808 481866 37629 3346 2101 0 477258 0 442529
1786118095.583794 533586 93925 3385 2101 0 528970 0 423475
1786118096.583466 625746 183880 3385 2101 0 621130 0 423475
1786118097.583595 702034 272683 3385 2101 0 697418 0 423475
1786118098.583405 811602 359285 3385 2101 0 806986 0 423475
1786118099.583606 882770 445772 3385 2101 0 878154 0 423475
1786118100.584661 968786 530578 3385 2101 0 964170 0 423475
1786118101.583630 1067090 616776 3385 2101 0 1062474 0 423475
1786118102.583414 1186898 701831 3385 2101 0 1182282 0 423475
1786118103.583545 1317970 789833 3385 2101 0 1313354 0 423475
1786118104.584161 1328211 866828 3385 2101 0 1323594 0 423475
1786118105.582680 1328211 866828 3385 2101 0 1323594 0 423475
1786118106.583252 1328211 866828 3385 2101 0 1323594 0 423475
1786118107.582847 1328211 866828 3385 2101 0 1323594 0 423475
1786118108.582752 1328211 866828 3385 2101 0 1323594 0 423475
1786118109.583343 1328211 867261 3385 2101 0 1323594 0 423475
1786118110.583468 1332308 867258 3385 2101 0 1327690 0 423475
1786118111.583014 1332308 867258 3385 2101 0 1327690 0 423475
1786118112.583585 1332308 867258 3385 2101 0 1327690 0 423475
1786118113.583505 1332308 867258 3385 2101 0 1327690 0 423475
1786118114.582864 1332308 867258 3385 2101 0 1327690 0 423475
1786118115.583567 1332308 867258 3385 2101 0 1327690 0 423475
1786118116.582772 1336398 867251 3378 2101 0 1331786 0 423475
1786118117.583422 1336398 867251 3378 2101 0 1331786 0 423475
1786118118.583536 1336398 867251 3378 2101 0 1331786 0 423475
1786118119.583412 1336398 867251 3378 2101 0 1331786 0 423475
1786118120.583610 1336398 867251 3378 2101 0 1331786 0 423475
1786118121.582753 1336398 867251 3378 2101 0 1331786 0 423475
1786118122.583497 1336398 867251 3378 2101 0 1331786 0 423475
1786118123.582810 1336398 867251 3378 2101 0 1331786 0 423475
1786118124.582994 1336398 867251 3378 2101 0 1331786 0 423475
1786118125.583349 1336398 867251 3378 2101 0 1331786 0 423475
1786118126.583633 1336398 867251 3378 2101 0 1331786 0 423475
1786118127.583660 1336398 867251 3378 2101 0 1331786 0 423475
1786118128.583506 1336398 867251 3378 2101 0 1331786 0 423475
1786118129.583439 1336398 867251 3378 2101 0 1331786 0 423475
1786118130.582486 1336398 867251 3378 2101 0 1331786 0 423475
1786118131.583050 1336398 867251 3378 2101 0 1331786 0 423475
1786118132.583407 1336398 867251 3378 2101 0 1331786 0 423475
1786118133.583437 1336398 867251 3378 2101 0 1331786 0 423475
1786118134.583252 1336398 867251 3378 2101 0 1331786 0 423475
1786118135.582977 1336398 867251 3378 2101 0 1331786 0 423475
1786118136.583478 1336398 867251 3378 2101 0 1331786 0 423475
1786118137.583184 1336398 867251 3378 2101 0 1331786 0 423475
1786118138.583070 1336398 867251 3378 2101 0 1331786 0 423475
1786118139.583442 1336398 867251 3378 2101 0 1331786 0 423475
1786118140.583219 1336398 867251 3378 2101 0 1331786 0 423475
1786118141.583459 1336398 867251 3378 2101 0 1331786 0 423475
1786118142.583216 1336398 867251 3378 2101 0 1331786 0 423475
1786118143.583352 1336398 867251 3378 2101 0 1331786 0 423475
1786118144.583438 1336398 867251 3378 2101 0 1331786 0 423475
1786118145.583567 1336398 867251 3378 2101 0 1331786 0 423475
1786118146.583102 1336398 867251 3378 2101 0 1331786 0 423475
1786118147.583619 1336398 867251 3378 2101 0 1331786 0 423475
1786118148.583664 1336398 867251 3378 2101 0 1331786 0 423475
1786118149.583052 1336398 867251 3378 2101 0 1331786 0 423475
1786118150.583201 1336398 867251 3378 2101 0 1331786 0 423475
1786118151.583605 1336398 867251 3378 2101 0 1331786 0 423475
1786118152.584409 1336398 867251 3378 2101 0 1331786 0 423475
1786118153.583342 1336398 867251 3378 2101 0 1331786 0 423475
1786118154.583428 1336398 867251 3378 2101 0 1331786 0 423475
1786118155.584351 1336398 867251 3378 2101 0 1331786 0 423475
1786118156.582824 1336398 867251 3378 2101 0 1331786 0 423475
1786118157.583652 1336398 867251 3378 2101 0 1331786 0 423475
1786118158.583297 1336398 867251 3378 2101 0 1331786 0 423475
1786118159.583226 1336398 867251 3378 2101 0 1331786 0 423475
1786118160.582875 1336398 867251 3378 2101 0 1331786 0 423475
1786118161.583585 1336398 867251 3378 2101 0 1331786 0 423475
1786118162.583525 1336398 867251 3378 2101 0 1331786 0 423475
1786118163.583464 1336398 867251 3378 2101 0 1331786 0 423475
1786118164.583671 1336398 867251 3378 2101 0 1331786 0 423475
1786118165.583359 1336398 867251 3378 2101 0 1331786 0 423475
1786118166.583582 1336398 867251 3378 2101 0 1331786 0 423475
1786118167.582907 1336398 867251 3378 2101 0 1331786 0 423475
1786118168.583342 1336398 867251 3378 2101 0 1331786 0 423475
1786118169.583583 1336398 867251 3378 2101 0 1331786 0 423475
1786118170.582766 1336398 867297 3378 2101 0 1331786 0 423475
1786118171.582920 1336398 867297 3378 2101 0 1331786 0 423475
1786118172.583572 1336398 867297 3378 2101 0 1331786 0 423475
1786118173.583377 1336398 867297 3378 2101 0 1331786 0 423475
1786118174.585125 1336398 867297 3378 2101 0 1331786 0 423475
1786118175.583534 1336398 867297 3378 2101 0 1331786 0 423475
1786118176.583597 1336398 867297 3378 2101 0 1331786 0 423475
1786118177.583192 1336398 867297 3378 2101 0 1331786 0 423475
1786118178.583466 1336398 867297 3378 2101 0 1331786 0 423475
1786118179.583500 1336398 867297 3378 2101 0 1331786 0 423475
1786118180.583418 1336398 867758 3378 2101 0 1331786 0 423475
1786118181.583445 1336398 867758 3378 2101 0 1331786 0 423475
1786118182.583462 1336398 867758 3378 2101 0 1331786 0 423475
1786118183.583424 1336398 867758 3378 2101 0 1331786 0 423475
1786118184.583728 1336398 867758 3378 2101 0 1331786 0 423475
1786118185.583386 1336398 867758 3378 2101 0 1331786 0 423475
1786118186.583411 1336398 867758 3378 2101 0 1331786 0 423475
1786118187.583210 1336398 867758 3378 2101 0 1331786 0 423475
1786118188.583391 1336398 867758 3378 2101 0 1331786 0 423475
1786118189.583701 1336398 867758 3378 2101 0 1331786 0 423475
1786118190.583429 1336398 867758 3378 2101 0 1331786 0 423475
1786118191.583480 1336398 867758 3378 2101 0 1331786 0 423475
1786118192.583165 1336398 867758 3378 2101 0 1331786 0 423475
1786118193.583223 1336398 867758 3378 2101 0 1331786 0 423475
1786118194.583391 1336398 867758 3378 2101 0 1331786 0 423475
1786118195.583541 1336398 867758 3378 2101 0 1331786 0 423475
1786118196.583281 1336398 867758 3378 2101 0 1331786 0 423475
1786118197.583393 1336398 867758 3378 2101 0 1331786 0 423475
1786118198.584600 1336398 867758 3378 2101 0 1331786 0 423475
1786118199.583484 1336398 867758 3378 2101 0 1331786 0 423475
1786118200.583353 1336398 867758 3378 2101 0 1331786 0 423475
1786118201.583239 1336398 868254 3378 2101 0 1331786 0 423475
1786118202.583435 1336398 868254 3378 2101 0 1331786 0 423475
1786118203.583174 1336398 868254 3378 2101 0 1331786 0 423475
1786118204.583454 1336398 868254 3378 2101 0 1331786 0 423475
1786118205.583488 1336398 868254 3378 2101 0 1331786 0 423475
1786118206.583395 1336398 868254 3378 2101 0 1331786 0 423475
1786118207.583470 1336398 868254 3378 2101 0 1331786 0 423475
1786118208.583479 1336398 868254 3378 2101 0 1331786 0 423475
1786118209.583458 1336398 868254 3378 2101 0 1331786 0 423475
1786118210.583469 1336398 868254 3378 2101 0 1331786 0 423475
1786118211.583330 1336398 868254 3378 2101 0 1331786 0 423475
1786118212.583612 1336398 868254 3378 2101 0 1331786 0 423475
1786118213.583437 1336398 868254 3378 2101 0 1331786 0 423475
1786118214.583626 1336398 868254 3378 2101 0 1331786 0 423475
1786118215.583628 1336398 868254 3378 2101 0 1331786 0 423475
1786118216.583667 1336398 868254 3378 2101 0 1331786 0 423475
1786118217.583638 1336398 868254 3378 2101 0 1331786 0 423475
1786118218.583531 1336398 868254 3378 2101 0 1331786 0 423475
1786118219.583661 1336398 868254 3378 2101 0 1331786 0 423475
1786118220.583441 1336398 868254 3378 2101 0 1331786 0 423475
1786118221.583561 1336398 868734 3378 2101 0 1331786 0 423475
1786118222.583514 1336398 868734 3378 2101 0 1331786 0 423475
1786118223.583631 1336398 868734 3378 2101 0 1331786 0 423475
1786118224.583424 1336398 868734 3378 2101 0 1331786 0 423475
1786118225.583487 1336398 868734 3378 2101 0 1331786 0 423475
1786118226.583573 1336398 868734 3378 2101 0 1331786 0 423475
1786118227.583657 1336398 868734 3378 2101 0 1331786 0 423475
1786118228.583457 1336398 868734 3378 2101 0 1331786 0 423475
1786118229.583650 1336398 868734 3378 2101 0 1331786 0 423475
1786118230.583467 1336398 868734 3378 2101 0 1331786 0 423475
1786118231.583885 1336398 869198 3378 2101 0 1331786 0 423475
1786118232.583515 1336398 869198 3378 2101 0 1331786 0 423475
1786118233.583669 1336398 869198 3378 2101 0 1331786 0 423475
1786118234.583468 1336398 869198 3378 2101 0 1331786 0 423475
1786118235.584741 1336398 869198 3378 2101 0 1331786 0 423475
1786118236.583664 1336398 869198 3378 2101 0 1331786 0 423475
1786118237.583570 1336398 869198 3378 2101 0 1331786 0 423475
1786118238.583613 1336398 869198 3378 2101 0 1331786 0 423475
1786118239.583551 1336398 869198 3378 2101 0 1331786 0 423475
1786118240.583456 1336398 869198 3378 2101 0 1331786 0 423475
1786118241.583686 1336398 869198 3378 2101 0 1331786 0 423475
1786118242.583535 1336398 869198 3378 2101 0 1331786 0 423475
1786118243.583566 1336398 869198 3378 2101 0 1331786 0 423475
1786118244.583476 1336398 869198 3378 2101 0 1331786 0 423475
1786118245.583499 1336398 869198 3378 2101 0 1331786 0 423475
1786118246.583608 1336398 869198 3378 2101 0 1331786 0 423475
1786118247.583747 1336398 869198 3378 2101 0 1331786 0 423475
1786118248.584488 1336398 869198 3378 2101 0 1331786 0 423475
1786118249.583565 1336398 869198 3378 2101 0 1331786 0 423475
1786118250.583602 1336398 869198 3378 2101 0 1331786 0 423475
1786118251.583758 1336398 869198 3378 2101 0 1331786 0 423475
1786118252.583724 1336398 869646 3378 2101 0 1331786 0 423475
1786118253.583584 1336398 869646 3378 2101 0 1331786 0 423475
1786118254.583542 1336398 869646 3378 2101 0 1331786 0 423475
1786118255.583676 1336398 869646 3378 2101 0 1331786 0 423475
1786118256.583558 1336398 869646 3378 2101 0 1331786 0 423475
1786118257.583414 1336398 869646 3378 2101 0 1331786 0 423475
1786118258.583632 1336398 869646 3378 2101 0 1331786 0 423475
1786118259.583277 1336398 869646 3378 2101 0 1331786 0 423475
1786118260.583425 1336398 869646 3378 2101 0 1331786 0 423475
1786118261.583555 1336398 869646 3378 2101 0 1331786 0 423475
1786118262.583470 1336398 870078 3378 2101 0 1331786 0 423475
1786118263.583274 1336398 870078 3378 2101 0 1331786 0 423475
1786118264.583450 1336398 870078 3378 2101 0 1331786 0 423475
1786118265.583431 1336398 870078 3378 2101 0 1331786 0 423475
1786118266.583608 1336398 870078 3378 2101 0 1331786 0 423475
1786118267.583760 1336398 870078 3378 2101 0 1331786 0 423475
1786118268.583613 1336398 870078 3378 2101 0 1331786 0 423475
1786118269.583560 1336398 870078 3378 2101 0 1331786 0 423475
1786118270.584302 1336398 870078 3378 2101 0 1331786 0 423475
1786118271.583631 1336398 870078 3378 2101 0 1331786 0 423475
1786118272.583714 1336398 870078 3378 2101 0 1331786 0 423475
1786118273.583685 1336398 870078 3378 2101 0 1331786 0 423475
1786118274.583481 1336398 870078 3378 2101 0 1331786 0 423475
