# start_epoch=1786117807.986182  page_size=4096  cachestat=ok  fields=size,resident,shared,text,lib,data,dt,pagecache
1786117808.987473 442939 27773 3065 2101 0 438346 0 19056
1786117809.988246 452802 31160 3265 2101 0 448202 0 31221
1786117810.988907 453570 33875 3265 2101 0 448970 0 43388
1786117811.989641 453570 33884 3265 2101 0 448970 0 55555
1786117812.991403 454217 32346 3357 2101 0 449610 0 85763
1786117813.992982 454217 38612 3357 2101 0 449610 0 111979
1786117814.992658 454217 36302 3357 2101 0 449610 0 103672
1786117815.991543 454217 32126 3357 2101 0 449610 0 90904
1786117816.992234 454217 36214 3357 2101 0 449610 0 103069
1786117817.994831 454985 33664 3357 2101 0 450378 0 133261
1786117819.003837 454985 37401 3357 2101 0 450378 0 145431
1786117820.003084 454985 37401 3357 2101 0 450378 0 145432
1786117820.999127 454985 32484 3357 2101 0 450378 0 157600
1786117821.995883 454985 39654 3357 2101 0 450378 0 163983
1786117822.996710 454985 37347 3357 2101 0 450378 0 171799
1786117823.997733 454985 33747 3357 2101 0 450378 0 195844
1786117824.998312 454985 36973 3357 2101 0 450378 0 208012
1786117825.998944 455881 35183 3357 2101 0 451274 0 220181
1786117826.998349 455881 40315 3357 2101 0 451274 0 205523
1786117828.010549 456777 37690 3357 2101 0 452170 0 223688
1786117828.999817 456777 32546 3357 2101 0 452170 0 241712
1786117830.000682 456777 38219 3357 2101 0 452170 0 253879
1786117831.000305 462921 38025 3357 2101 0 458314 0 244771
1786117832.000094 462921 37579 3357 2101 0 458314 0 236941
1786117833.001219 462921 39633 3357 2101 0 458314 0 258454
1786117834.004401 463945 40659 3357 2101 0 459338 0 307274
1786117835.003039 463945 39405 3357 2101 0 459338 0 297324
1786117836.004060 463945 37736 3357 2101 0 459338 0 309490
1786117837.003555 463945 41957 3357 2101 0 459338 0 298576
1786117838.003636 463945 42439 3357 2101 0 459338 0 307886
1786117839.006453 463945 42309 3357 2101 0 459338 0 349015
1786117840.008188 463945 42177 3357 2101 0 459338 0 354527
1786117841.005939 463945 42521 3357 2101 0 459338 0 347393
1786117842.004779 463945 42195 3357 2101 0 459338 0 329088
1786117843.006152 463945 42483 3357 2101 0 459338 0 348910
1786117844.008378 463945 42606 3357 2101 0 459338 0 371170
1786117845.009263 463945 42103 3357 2101 0 459338 0 378730
1786117846.007492 463945 42115 3357 2101 0 459338 0 381760
1786117847.008647 463945 42116 3357 2101 0 459338 0 393927
1786117848.009413 463945 41867 3357 2101 0 459338 0 406096
1786117849.019314 463945 42285 3357 2101 0 459338 0 519355
1786117850.011393 463945 41822 3357 2101 0 459338 0 413391
1786117851.007498 463945 41355 3357 2101 0 459338 0 380464
1786117852.009360 463945 42125 3357 2101 0 459338 0 410656
1786117853.011157 463945 41870 3357 2101 0 459338 0 435355
1786117854.011852 463945 42235 3357 2101 0 459338 0 447522
1786117855.013837 463945 42251 3357 2101 0 459338 0 474250
1786117856.015413 465225 42783 3357 2101 0 460618 0 481553
1786117857.011627 465225 38821 3357 2101 0 460618 0 446404
1786117858.011915 465225 42651 3357 2101 0 460618 0 454893
1786117859.012980 465225 42922 3357 2101 0 460618 0 467060
1786117860.013268 465225 42542 3357 2101 0 460618 0 473590
1786117861.015447 465225 42884 3357 2101 0 460618 0 499046
1786117862.016445 465225 42922 3357 2101 0 460618 0 524751
1786117863.018869 465225 43095 3357 2101 0 460618 0 530774
1786117864.015829 465225 42237 3357 2101 0 460618 0 523383
1786117865.014560 465225 42796 3357 2101 0 460618 0 490415
1786117866.015555 465225 43137 3357 2101 0 460618 0 520607
1786117867.016659 465225 40415 3357 2101 0 460618 0 527429
1786117868.019205 465225 42505 3357 2101 0 460618 0 565870
1786117869.019609 465225 41250 3357 2101 0 460618 0 577957
1786117870.020505 465225 40422 3357 2101 0 460618 0 586284
1786117871.018468 465225 36023 3357 2101 0 460618 0 573775
1786117872.019409 465225 42414 3357 2101 0 460618 0 585943
1786117873.017814 465225 41108 3357 2101 0 460618 0 551205
1786117874.019380 465225 44275 3357 2101 0 460618 0 577301
1786117875.020302 465225 44277 3357 2101 0 460618 0 589472
1786117876.024017 465225 41280 3357 2101 0 460618 0 649663
1786117877.024984 465225 43850 3357 2101 0 460618 0 629588
1786117878.021335 465225 38453 3357 2101 0 460618 0 620841
1786117879.021888 465225 43321 3357 2101 0 460618 0 633012
1786117880.022866 465225 42055 3357 2101 0 460618 0 645180
1786117881.023859 465225 41879 3357 2101 0 460618 0 657346
1786117882.025216 466249 42538 3357 2101 0 461642 0 669517
1786117883.024677 467785 44208 3357 2101 0 463178 0 666130
1786117884.025769 467785 36413 3357 2101 0 463178 0 677962
1786117885.015723 471882 36416 3357 2101 0 467274 0 614768
1786117886.016088 471882 36416 3357 2101 0 467274 0 619789
1786117887.016936 471882 35768 3357 2101 0 467274 0 641205
1786117888.016967 471882 35841 3357 2101 0 467274 0 641206
1786117889.016933 471882 35928 3357 2101 0 467274 0 641207
1786117890.016808 471882 35829 3357 2101 0 467274 0 641208
1786117891.016963 471882 35843 3357 2101 0 467274 0 641209
1786117892.015059 471882 36626 3357 2101 0 467274 0 602711
1786117893.015736 471882 36612 3357 2101 0 467274 0 618473
1786117894.015942 471882 37277 3357 2101 0 467274 0 618474
1786117895.015699 471882 37277 3357 2101 0 467274 0 618475
1786117896.015763 471882 37277 3357 2101 0 467274 0 618476
1786117897.015863 471882 37277 3357 2101 0 467274 0 618477
1786117898.015847 471882 36844 3357 2101 0 467274 0 618478
1786117899.015962 471882 37020 3357 2101 0 467274 0 618479
1786117900.015851 471882 37020 3357 2101 0 467274 0 618480
1786117901.015911 471882 36782 3357 2101 0 467274 0 618481
1786117902.015875 471882 37022 3357 2101 0 467274 0 618482
1786117903.011474 471882 37712 3357 2101 0 467274 0 527292
1786117904.011391 471882 37347 3357 2101 0 467274 0 527293
1786117905.011396 471882 37347 3357 2101 0 467274 0 527294
1786117906.011411 471882 37173 3357 2101 0 467274 0 527295
1786117907.009594 484178 54002 3396 2101 0 479562 0 488742
1786117908.009901 594258 151869 3396 2101 0 589642 0 488742
1786117909.009711 699218 248541 3396 2101 0 694602 0 488742
1786117910.009639 808786 343001 3396 2101 0 804170 0 488742
1786117911.009827 879954 436793 3396 2101 0 875338 0 488742
1786117912.009908 965970 530948 3396 2101 0 961354 0 488742
1786117913.012917 970067 555388 3396 2101 0 965450 0 488742
1786117914.009984 970067 555388 3396 2101 0 965450 0 488742
1786117915.009614 970067 555884 3396 2101 0 965450 0 488742
1786117916.009312 970067 555884 3396 2101 0 965450 0 488742
1786117917.009386 974164 555889 3396 2101 0 969546 0 488742
1786117918.009219 974164 555889 3396 2101 0 969546 0 488742
1786117919.009102 974164 555889 3396 2101 0 969546 0 488742
1786117920.009037 978254 555882 3389 2101 0 973642 0 488742
1786117921.009779 978254 555882 3389 2101 0 973642 0 488742
1786117922.009743 978254 555882 3389 2101 0 973642 0 488742
1786117923.010035 978254 555882 3389 2101 0 973642 0 488742
1786117924.009698 978254 555882 3389 2101 0 973642 0 488742
1786117925.009665 978254 556362 3389 2101 0 973642 0 488742
1786117926.009662 978254 556362 3389 2101 0 973642 0 488742
1786117927.009595 978254 556362 3389 2101 0 973642 0 488742
1786117928.009659 978254 556362 3389 2101 0 973642 0 488742
1786117929.009622 978254 556362 3389 2101 0 973642 0 488742
1786117930.009685 978254 556362 3389 2101 0 973642 0 488742
1786117931.009604 978254 556362 3389 2101 0 973642 0 488742
1786117932.009536 978254 556362 3389 2101 0 973642 0 488742
1786117933.009902 978254 556362 3389 2101 0 973642 0 488742
1786117934.009987 978254 556362 3389 2101 0 973642 0 488742
1786117935.009497 978254 556362 3389 2101 0 973642 0 488742
1786117936.009201 978254 556362 3389 2101 0 973642 0 488742
1786117937.009364 978254 556362 3389 2101 0 973642 0 488742
1786117938.009251 978254 556362 3389 2101 0 973642 0 488742
1786117939.009899 978254 556362 3389 2101 0 973642 0 488742
1786117940.009625 978254 556362 3389 2101 0 973642 0 488742
1786117941.009569 978254 556362 3389 2101 0 973642 0 488742
1786117942.009600 978254 556362 3389 2101 0 973642 0 488742
1786117943.009328 978254 556362 3389 2101 0 973642 0 488742
1786117944.009886 978254 556362 3389 2101 0 973642 0 488742
1786117945.009748 978254 556826 3389 2101 0 973642 0 488742
1786117946.009675 978254 556826 3389 2101 0 973642 0 488742
1786117947.009689 978254 556826 3389 2101 0 973642 0 488742
1786117948.009171 978254 556826 3389 2101 0 973642 0 488742
1786117949.009061 978254 556826 3389 2101 0 973642 0 488742
1786117950.009418 978254 556826 3389 2101 0 973642 0 488742
1786117951.009838 978254 556826 3389 2101 0 973642 0 488742
1786117952.009986 978254 556826 3389 2101 0 973642 0 488742
1786117953.010356 978254 556826 3389 2101 0 973642 0 488742
1786117954.009482 978254 556826 3389 2101 0 973642 0 488742
1786117955.009550 978254 556826 3389 2101 0 973642 0 488742
1786117956.009213 978254 557274 3389 2101 0 973642 0 488742
1786117957.009442 978254 557274 3389 2101 0 973642 0 488742
1786117958.009341 978254 557274 3389 2101 0 973642 0 488742
1786117959.009697 978254 557274 3389 2101 0 973642 0 488742
1786117960.009699 978254 557274 3389 2101 0 973642 0 488742
1786117961.009682 978254 557274 3389 2101 0 973642 0 488742
1786117962.009963 978254 557274 3389 2101 0 973642 0 488742
1786117963.009071 978254 557274 3389 2101 0 973642 0 488742
1786117964.009541 978254 557274 3389 2101 0 973642 0 488742
1786117965.009453 978254 557274 3389 2101 0 973642 0 488742
1786117966.009757 978254 557274 3389 2101 0 973642 0 488742
1786117967.009743 978254 557274 3389 2101 0 973642 0 488742
1786117968.009696 978254 557274 3389 2101 0 973642 0 488742
1786117969.009933 978254 557274 3389 2101 0 973642 0 488742
1786117970.009373 978254 557274 3389 2101 0 973642 0 488742
1786117971.009721 978254 557274 3389 2101 0 973642 0 488742
1786117972.009051 978254 557274 3389 2101 0 973642 0 488742
1786117973.009598 978254 557274 3389 2101 0 973642 0 488742
1786117974.009516 978254 557274 3389 2101 0 973642 0 488742
1786117975.009443 978254 557274 3389 2101 0 973642 0 488742
1786117976.009009 978254 557706 3389 2101 0 973642 0 488742
1786117977.009101 978254 557706 3389 2101 0 973642 0 488742
1786117978.008993 978254 557706 3389 2101 0 973642 0 488742
1786117979.009507 978254 557706 3389 2101 0 973642 0 488742
1786117980.009561 978254 557706 3389 2101 0 973642 0 488742
1786117981.009469 978254 557706 3389 2101 0 973642 0 488742
1786117982.009377 978254 557706 3389 2101 0 973642 0 488742
1786117983.008874 978254 557706 3389 2101 0 973642 0 488742
1786117984.009249 978254 557706 3389 2101 0 973642 0 488742
1786117985.009300 978254 557706 3389 2101 0 973642 0 488742
1786117986.009560 978254 558122 3389 2101 0 973642 0 488742
1786117987.009692 978254 558122 3389 2101 0 973642 0 488742
1786117988.009909 978254 558122 3389 2101 0 973642 0 488742
1786117989.009707 978254 558122 3389 2101 0 973642 0 488742
1786117990.009618 978254 558122 3389 2101 0 973642 0 488742
1786117991.009391 978254 558122 3389 2101 0 973642 0 488742
1786117992.010105 978254 558122 3389 2101 0 973642 0 488742
1786117993.009508 978254 558122 3389 2101 0 973642 0 488742
1786117994.009613 978254 558122 3389 2101 0 973642 0 488742
1786117995.009434 978254 558122 3389 2101 0 973642 0 488742
1786117996.009419 978254 558122 3389 2101 0 973642 0 488742
1786117997.009183 978254 558122 3389 2101 0 973642 0 488742
1786117998.009264 978254 558122 3389 2101 0 973642 0 488742
1786117999.009078 978254 558122 3389 2101 0 973642 0 488742
1786118000.009235 978254 558122 3389 2101 0 973642 0 488742
1786118001.009640 978254 558122 3389 2101 0 973642 0 488742
1786118002.009299 978254 558122 3389 2101 0 973642 0 488742
1786118003.009322 978254 558122 3389 2101 0 973642 0 488742
1786118004.008847 978254 558122 3389 2101 0 973642 0 488742
1786118005.009587 978254 558122 3389 2101 0 973642 0 488742
1786118006.009751 978254 558122 3389 2101 0 973642 0 488742
1786118007.009448 978254 558522 3389 2101 0 973642 0 488742
1786118008.009625 978254 558522 3389 2101 0 973642 0 488742
1786118009.009720 978254 558522 3389 2101 0 973642 0 488742
1786118010.009443 978254 558522 3389 2101 0 973642 0 488742
1786118011.009492 978254 558522 3389 2101 0 973642 0 488742
1786118012.009076 978254 558522 3389 2101 0 973642 0 488742
1786118013.009595 978254 558522 3389 2101 0 973642 0 488742
1786118014.009864 978254 558522 3389 2101 0 973642 0 488742
1786118015.009440 978254 558522 3389 2101 0 973642 0 488742
1786118016.009451 978254 558522 3389 2101 0 973642 0 488742
1786118017.009696 978254 558906 3389 2101 0 973642 0 488742
1786118018.009734 978254 558906 3389 2101 0 973642 0 488742
1786118019.009750 978254 558906 3389 2101 0 973642 0 488742
1786118020.009678 978254 558906 3389 2101 0 973642 0 488742
1786118021.009939 978254 558906 3389 2101 0 973642 0 488742
1786118022.009618 978254 558906 3389 2101 0 973642 0 488742
1786118023.009781 978254 558906 3389 2101 0 973642 0 488742
1786118024.009430 978254 558906 3389 2101 0 973642 0 488742
1786118025.009553 978254 558906 3389 2101 0 973642 0 488742
1786118026.009496 978254 558906 3389 2101 0 973642 0 488742
1786118027.009466 978254 558906 3389 2101 0 973642 0 488742
1786118028.009915 978254 558906 3389 2101 0 973642 0 488742
1786118029.009287 978254 558906 3389 2101 0 973642 0 488742
1786118030.009409 978254 558906 3389 2101 0 973642 0 488742
1786118031.009216 978254 558906 3389 2101 0 973642 0 488742
1786118032.009484 978254 558906 3389 2101 0 973642 0 488742
1786118033.009480 978254 558906 3389 2101 0 973642 0 488742
1786118034.009365 978254 558906 3389 2101 0 973642 0 488742
1786118035.009385 978254 558906 3389 2101 0 973642 0 488742
1786118036.009142 978254 558906 3389 2101 0 973642 0 488742
1786118037.009445 978254 559274 3389 2101 0 973642 0 488742
1786118038.009364 978254 559274 3389 2101 0 973642 0 488742
1786118039.009263 978254 559274 3389 2101 0 973642 0 488742
1786118040.009293 978254 559274 3389 2101 0 973642 0 488742
1786118041.009438 978254 559274 3389 2101 0 973642 0 488742
1786118042.009485 978254 559274 3389 2101 0 973642 0 488742
1786118043.008912 978254 559274 3389 2101 0 973642 0 488742
1786118044.009439 978254 559274 3389 2101 0 973642 0 488742
1786118045.009285 978254 559274 3389 2101 0 973642 0 488742
1786118046.009361 978254 559274 3389 2101 0 973642 0 488742
1786118047.009900 978254 559274 3389 2101 0 973642 0 488742
1786118048.009499 978254 559626 3389 2101 0 973642 0 488742
1786118049.009196 978254 559626 3389 2101 0 973642 0 488742
1786118050.009521 978254 559626 3389 2101 0 973642 0 488742
1786118051.009277 978254 559626 3389 2101 0 973642 0 488742
1786118052.009534 978254 559626 3389 2101 0 973642 0 488742
1786118053.009336 978254 559626 3389 2101 0 973642 0 488742
1786118054.009300 978254 559626 3389 2101 0 973642 0 488742
1786118055.009375 978254 559626 3389 2101 0 973642 0 488742
1786118056.009175 978254 559626 3389 2101 0 973642 0 488742
1786118057.009640 978254 559626 3389 2101 0 973642 0 488742
1786118058.009356 978254 559626 3389 2101 0 973642 0 488742
1786118059.009399 978254 559626 3389 2101 0 973642 0 488742
1786118060.009830 978254 559626 3389 2101 0 973642 0 488742
1786118061.009324 978254 559626 3389 2101 0 973642 0 488742
1786118062.009451 978254 559626 3389 2101 0 973642 0 488742
1786118063.009080 978254 559626 3389 2101 0 973642 0 488742
