# start_epoch=1789237443.652704  page_size=4096  cachestat=ok  fields=size,resident,shared,text,lib,data,dt,pagecache
1789237444.658795 64396 33707 2759 1589 0 60415 0 91753
1789237445.661725 72332 41138 2760 1589 0 68351 0 139690
1789237446.660169 72332 38589 2760 1589 0 68351 0 120358
1789237447.664563 73228 42901 2808 1589 0 69247 0 185840
1789237448.666112 73228 46598 2808 1589 0 69247 0 208621
1789237449.666744 73228 41945 2808 1589 0 69247 0 217656
1789237450.669075 73228 46415 2808 1589 0 69247 0 257448
1789237451.670201 73228 48266 2808 1589 0 69247 0 275843
1789237452.671049 74252 46530 2808 1589 0 70271 0 289349
1789237453.672429 75148 46537 2808 1589 0 71167 0 311512
1789237454.675130 75148 48926 2808 1589 0 71167 0 348357
1789237455.674385 76428 47188 2808 1589 0 72447 0 336474
1789237456.677781 76428 49837 2808 1589 0 72447 0 394842
1789237457.677802 76428 48292 2808 1589 0 72447 0 389028
1789237458.680124 76428 49923 2808 1589 0 72447 0 427009
1789237459.681619 76428 50661 2808 1589 0 72447 0 454048
1789237460.683675 76428 50798 2808 1589 0 72447 0 485765
1789237461.684342 76428 50690 2808 1589 0 72447 0 498848
1789237462.685778 77964 50572 2808 1589 0 73983 0 517936
1789237463.690933 77964 51669 2808 1589 0 73983 0 543963
1789237464.688019 77964 51334 2808 1589 0 73983 0 563291
1789237465.690533 77964 50584 2808 1589 0 73983 0 589680
1789237466.690845 77964 51798 2808 1589 0 73983 0 597159
1789237467.694145 77964 50795 2808 1589 0 73983 0 647990
1789237468.703676 77964 51367 2808 1589 0 73983 0 644157
1789237469.696661 79756 53253 2808 1589 0 75775 0 695432
1789237470.699001 79756 50930 2808 1589 0 75775 0 715657
1789237471.698669 79756 38906 2808 1589 0 75775 0 728368
1789237472.692268 79756 54118 2808 1589 0 75775 0 753372
1789237473.702875 79756 53694 2808 1589 0 75775 0 786761
1789237474.703160 79756 53731 2808 1589 0 75775 0 800720
1789237475.704811 79756 54160 2808 1589 0 75775 0 820237
1789237476.707165 81804 54515 2808 1589 0 77823 0 860406
1789237477.706391 81804 54036 2808 1589 0 77823 0 846733
1789237478.709509 81804 54632 2808 1589 0 77823 0 893088
1789237479.710133 81804 54097 2808 1589 0 77823 0 905175
1789237480.698374 85901 35315 2808 1589 0 81919 0 875491
1789237481.695085 85901 35659 2808 1589 0 81919 0 864353
1789237482.695096 85901 35754 2808 1589 0 81919 0 864354
1789237483.695089 85901 35824 2808 1589 0 81919 0 864354
1789237484.695331 85901 35824 2808 1589 0 81919 0 864355
1789237485.695094 85901 35824 2808 1589 0 81919 0 864355
1789237486.695019 85901 35824 2808 1589 0 81919 0 864356
1789237487.695125 85901 35200 2808 1589 0 81919 0 864357
1789237488.695425 88461 35897 2808 1589 0 84479 0 864357
1789237489.695155 88461 35916 2808 1589 0 84479 0 864358
1789237490.694977 88461 36565 2808 1589 0 84479 0 864346
1789237491.694948 88461 36565 2808 1589 0 84479 0 864346
1789237492.694894 88461 36565 2808 1589 0 84479 0 858060
1789237493.694960 88461 36565 2808 1589 0 84479 0 864348
1789237494.695113 88461 36565 2808 1589 0 84479 0 864348
1789237495.694908 88461 36050 2808 1589 0 84479 0 864349
1789237496.694875 88461 36153 2808 1589 0 84479 0 864349
1789237497.694866 88461 35663 2808 1589 0 84479 0 864350
1789237498.695961 88461 36089 2808 1589 0 84479 0 879872
1789237499.694706 88461 36031 2808 1589 0 84479 0 864339
1789237500.695131 88461 35919 2808 1589 0 84479 0 864339
1789237501.694705 88461 36158 2808 1589 0 84479 0 864340
1789237502.694779 88461 36158 2808 1589 0 84479 0 864340
1789237503.694743 88461 36158 2808 1589 0 84479 0 864341
1789237504.695033 88461 35623 2808 1589 0 84479 0 864341
1789237505.694724 88461 36451 2808 1589 0 84479 0 864342
1789237506.694830 88461 36243 2808 1589 0 84479 0 864343
1789237507.695111 88461 36721 2808 1589 0 84479 0 864333
1789237508.694703 88461 36727 2808 1589 0 84479 0 864333
1789237509.694628 88461 36065 2808 1589 0 84479 0 864334
1789237510.694520 88461 36066 2808 1589 0 84479 0 864334
1789237511.694527 88461 35880 2808 1589 0 84479 0 864335
1789237512.694577 88461 36028 2808 1589 0 84479 0 864336
1789237513.694609 88461 36038 2808 1589 0 84479 0 864336
1789237514.694575 88461 36038 2808 1589 0 84479 0 864337
1789237515.694501 88461 36820 2808 1589 0 84479 0 846297
1789237516.693823 156558 115153 2824 1589 0 152575 0 846299
1789237517.693630 269198 217041 2824 1589 0 265215 0 846299
1789237518.693696 362382 318417 2824 1589 0 358399 0 846299
1789237519.693607 488846 419281 2824 1589 0 484863 0 846299
1789237520.693608 574862 520145 2824 1589 0 570879 0 846299
1789237521.693829 673166 619985 2824 1589 0 669183 0 846299
1789237522.693664 795022 720849 2824 1589 0 791039 0 846299
1789237523.693555 926094 821201 2824 1589 0 922111 0 846299
1789237524.694001 1096078 921553 2824 1589 0 1092095 0 846299
1789237525.693562 1096078 1021393 2824 1589 0 1092095 0 846299
1789237526.693536 1299854 1122257 2824 1589 0 1295871 0 846299
1789237527.693972 1299854 1222609 2824 1589 0 1295871 0 846299
1789237528.693596 1539982 1325005 2820 1589 0 1535999 0 846299
1789237529.693656 1539982 1425869 2820 1589 0 1535999 0 846299
1789237530.693665 1802126 1526912 2999 1589 0 1798143 0 846299
1789237531.693746 1812366 1616070 2999 1589 0 1808383 0 846299
1789237532.693535 1816463 1687632 2999 1589 0 1812479 0 846299
1789237533.696645 1816463 1687632 2999 1589 0 1812479 0 846299
1789237534.693657 1816463 1687632 2999 1589 0 1812479 0 846299
1789237535.693600 1816463 1687632 2999 1589 0 1812479 0 846299
1789237536.693536 1816463 1687632 2999 1589 0 1812479 0 846299
1789237537.693531 1816463 1687632 2999 1589 0 1812479 0 846299
1789237538.693642 1816463 1687632 2999 1589 0 1812479 0 846299
1789237539.693563 1816463 1687632 2999 1589 0 1812479 0 846299
1789237540.693616 1816463 1687632 2999 1589 0 1812479 0 846299
1789237541.693913 1816463 1687632 2999 1589 0 1812479 0 846299
1789237542.693546 1816463 1687632 2999 1589 0 1812479 0 846299
1789237543.693527 1820560 1687637 2999 1589 0 1816575 0 846299
1789237544.693527 1820560 1687637 2999 1589 0 1816575 0 846299
1789237545.693557 1820560 1687637 2999 1589 0 1816575 0 846299
1789237546.693578 1820560 1687637 2999 1589 0 1816575 0 846299
1789237547.696355 1820560 1687637 2999 1589 0 1816575 0 846299
1789237548.693694 1820560 1687637 2999 1589 0 1816575 0 846299
1789237549.693549 1820560 1687637 2999 1589 0 1816575 0 846299
1789237550.693537 1820560 1687637 2999 1589 0 1816575 0 846299
1789237551.693552 1820560 1687637 2999 1589 0 1816575 0 846299
1789237552.693527 1820560 1687637 2999 1589 0 1816575 0 846299
1789237553.695808 1824657 1687638 2999 1589 0 1820671 0 846299
1789237554.693662 1824657 1687638 2999 1589 0 1820671 0 846299
1789237555.693519 1824657 1687638 2999 1589 0 1820671 0 846299
1789237556.696353 1824657 1687638 2999 1589 0 1820671 0 846299
1789237557.693532 1824657 1687638 2999 1589 0 1820671 0 846299
1789237558.693551 1824657 1687638 2999 1589 0 1820671 0 846299
1789237559.693588 1824657 1687638 2999 1589 0 1820671 0 846299
1789237560.694116 1824657 1687638 2999 1589 0 1820671 0 846299
1789237561.693591 1824657 1687655 2999 1589 0 1820671 0 846299
1789237562.693532 1824657 1687655 2999 1589 0 1820671 0 846299
1789237563.693513 1824657 1687655 2999 1589 0 1820671 0 846299
1789237564.693539 1824657 1687655 2999 1589 0 1820671 0 846299
1789237565.693563 1824657 1687655 2999 1589 0 1820671 0 846299
1789237566.693545 1824657 1687655 2999 1589 0 1820671 0 846299
1789237567.693567 1824657 1687655 2999 1589 0 1820671 0 846299
1789237568.693570 1824657 1687655 2999 1589 0 1820671 0 846299
1789237569.693587 1824657 1687655 2999 1589 0 1820671 0 846299
1789237570.693566 1824657 1687655 2999 1589 0 1820671 0 846299
1789237571.693533 1824657 1688225 2999 1589 0 1820671 0 846299
1789237572.693591 1824657 1688225 2999 1589 0 1820671 0 846299
1789237573.693478 1824657 1688225 2999 1589 0 1820671 0 846299
1789237574.693616 1824657 1688225 2999 1589 0 1820671 0 846299
1789237575.693900 1824657 1688225 2999 1589 0 1820671 0 846299
1789237576.693657 1824657 1688225 2999 1589 0 1820671 0 846299
1789237577.693703 1824657 1688225 2999 1589 0 1820671 0 846299
1789237578.693668 1824657 1688225 2999 1589 0 1820671 0 846299
1789237579.693970 1824657 1688225 2999 1589 0 1820671 0 846299
1789237580.693771 1824657 1688225 2999 1589 0 1820671 0 846299
1789237581.693694 1824657 1688276 2999 1589 0 1820671 0 846299
1789237582.693785 1824657 1688276 2999 1589 0 1820671 0 846299
1789237583.693800 1824657 1688276 2999 1589 0 1820671 0 846299
1789237584.693722 1824657 1688276 2999 1589 0 1820671 0 846299
1789237585.693700 1824657 1688276 2999 1589 0 1820671 0 846299
1789237586.693703 1824657 1688276 2999 1589 0 1820671 0 846299
1789237587.693721 1824657 1688276 2999 1589 0 1820671 0 846299
1789237588.693913 1824657 1688276 2999 1589 0 1820671 0 846299
1789237589.693740 1824657 1688276 2999 1589 0 1820671 0 846299
1789237590.693757 1824657 1688276 2999 1589 0 1820671 0 846299
1789237591.693759 1824657 1688276 2999 1589 0 1820671 0 846299
1789237592.693785 1824657 1688276 2999 1589 0 1820671 0 846299
1789237593.693918 1824657 1688276 2999 1589 0 1820671 0 846299
1789237594.694107 1824657 1688276 2999 1589 0 1820671 0 846299
1789237595.693771 1824657 1688276 2999 1589 0 1820671 0 846299
1789237596.693838 1824657 1688276 2999 1589 0 1820671 0 846299
1789237597.693784 1824657 1688276 2999 1589 0 1820671 0 846299
1789237598.693754 1824657 1688276 2999 1589 0 1820671 0 846299
1789237599.694086 1824657 1688276 2999 1589 0 1820671 0 846299
1789237600.693882 1824657 1688276 2999 1589 0 1820671 0 846299
1789237601.693784 1824657 1688276 2999 1589 0 1820671 0 846299
1789237602.693826 1824657 1688276 2999 1589 0 1820671 0 846299
1789237603.693877 1824657 1688276 2999 1589 0 1820671 0 846299
1789237604.694075 1824657 1688276 2999 1589 0 1820671 0 846299
1789237605.693823 1824657 1688276 2999 1589 0 1820671 0 846299
1789237606.693707 1824657 1688276 2999 1589 0 1820671 0 846299
1789237607.693720 1824657 1688276 2999 1589 0 1820671 0 846299
1789237608.693739 1824657 1688276 2999 1589 0 1820671 0 846299
1789237609.693770 1824657 1688276 2999 1589 0 1820671 0 846299
1789237610.693940 1824657 1688276 2999 1589 0 1820671 0 846299
1789237611.693930 1824657 1688276 2999 1589 0 1820671 0 846299
1789237612.700679 1824657 1688276 2999 1589 0 1820671 0 846299
1789237613.693863 1824657 1688276 2999 1589 0 1820671 0 846299
1789237614.694083 1824657 1688276 2999 1589 0 1820671 0 846299
1789237615.693800 1824657 1688276 2999 1589 0 1820671 0 846299
1789237616.693725 1824657 1688276 2999 1589 0 1820671 0 846299
1789237617.693589 1824657 1688276 2999 1589 0 1820671 0 846299
1789237618.693859 1824657 1688276 2999 1589 0 1820671 0 846299
1789237619.693679 1824657 1688276 2999 1589 0 1820671 0 846299
1789237620.693689 1824657 1688276 2999 1589 0 1820671 0 846299
1789237621.693633 1824657 1688276 2999 1589 0 1820671 0 846299
1789237622.693949 1824657 1688276 2999 1589 0 1820671 0 846299
1789237623.693642 1824657 1688276 2999 1589 0 1820671 0 846299
1789237624.693577 1824657 1688276 2999 1589 0 1820671 0 846299
1789237625.695581 1824657 1688276 2999 1589 0 1820671 0 846299
1789237626.693631 1824657 1688276 2999 1589 0 1820671 0 846299
1789237627.693612 1824657 1688276 2999 1589 0 1820671 0 846299
1789237628.693722 1824657 1688276 2999 1589 0 1820671 0 846299
1789237629.693666 1824657 1688276 2999 1589 0 1820671 0 846299
1789237630.693873 1824657 1688276 2999 1589 0 1820671 0 846299
1789237631.693622 1824657 1688276 2999 1589 0 1820671 0 846299
1789237632.693870 1824657 1688276 2999 1589 0 1820671 0 846299
1789237633.693557 1824657 1688276 2999 1589 0 1820671 0 846299
1789237634.693907 1824657 1688276 2999 1589 0 1820671 0 846299
1789237635.693589 1824657 1688276 2999 1589 0 1820671 0 846299
1789237636.693566 1824657 1688276 2999 1589 0 1820671 0 846299
1789237637.693601 1824657 1688276 2999 1589 0 1820671 0 846299
1789237638.693618 1824657 1688276 2999 1589 0 1820671 0 846299
1789237639.693918 1824657 1688276 2999 1589 0 1820671 0 846299
1789237640.693589 1824657 1688276 2999 1589 0 1820671 0 846299
1789237641.693666 1824657 1688276 2999 1589 0 1820671 0 846299
1789237642.693758 1824657 1688276 2999 1589 0 1820671 0 846299
1789237643.693624 1824657 1688276 2999 1589 0 1820671 0 846299
1789237644.693952 1824657 1688276 2999 1589 0 1820671 0 846299
1789237645.694128 1824657 1688276 2999 1589 0 1820671 0 846299
1789237646.693880 1824657 1688276 2999 1589 0 1820671 0 846299
1789237647.693587 1824657 1688276 2999 1589 0 1820671 0 846299
1789237648.693599 1824657 1688276 2999 1589 0 1820671 0 846299
1789237649.693575 1824657 1688276 2999 1589 0 1820671 0 846299
1789237650.693571 1824657 1688276 2999 1589 0 1820671 0 846299
1789237651.693565 1824657 1688276 2999 1589 0 1820671 0 846299
1789237652.693692 1824657 1688276 2999 1589 0 1820671 0 846299
1789237653.693606 1824657 1688276 2999 1589 0 1820671 0 846299
1789237654.693602 1824657 1688276 2999 1589 0 1820671 0 846299
1789237655.693726 1824657 1688276 2999 1589 0 1820671 0 846299
1789237656.693611 1824657 1688276 2999 1589 0 1820671 0 846299
1789237657.694020 1824657 1688276 2999 1589 0 1820671 0 846299
1789237658.693594 1824657 1688276 2999 1589 0 1820671 0 846299
1789237659.693812 1824657 1688276 2999 1589 0 1820671 0 846299
1789237660.693715 1824657 1688276 2999 1589 0 1820671 0 846299
1789237661.693600 1824657 1688276 2999 1589 0 1820671 0 846299
1789237662.693572 1824657 1688276 2999 1589 0 1820671 0 846299
1789237663.693599 1824657 1688276 2999 1589 0 1820671 0 846299
1789237664.693904 1824657 1688276 2999 1589 0 1820671 0 846299
1789237665.693942 1824657 1688276 2999 1589 0 1820671 0 846299
1789237666.693586 1824657 1688276 2999 1589 0 1820671 0 846299
1789237667.693591 1824657 1688276 2999 1589 0 1820671 0 846299
1789237668.693650 1824657 1688276 2999 1589 0 1820671 0 846299
1789237669.693580 1824657 1688276 2999 1589 0 1820671 0 846299
1789237670.693575 1824657 1688276 2999 1589 0 1820671 0 846299
1789237671.693594 1824657 1688276 2999 1589 0 1820671 0 846299
1789237672.693567 1824657 1688276 2999 1589 0 1820671 0 846299
1789237673.693597 1824657 1688276 2999 1589 0 1820671 0 846299
1789237674.693629 1824657 1688276 2999 1589 0 1820671 0 846299
1789237675.693874 1824657 1688276 2999 1589 0 1820671 0 846299
1789237676.693881 1824657 1688276 2999 1589 0 1820671 0 846299
1789237677.695572 1824657 1688276 2999 1589 0 1820671 0 846299
1789237678.693762 1824657 1688276 2999 1589 0 1820671 0 846299
1789237679.693789 1824657 1688276 2999 1589 0 1820671 0 846299
1789237680.693780 1824657 1688276 2999 1589 0 1820671 0 846299
1789237681.693799 1824657 1688276 2999 1589 0 1820671 0 846299
1789237682.693830 1824657 1688276 2999 1589 0 1820671 0 846299
1789237683.693652 1824657 1688276 2999 1589 0 1820671 0 846299
1789237684.695572 1824657 1688276 2999 1589 0 1820671 0 846299
1789237685.693774 1824657 1688276 2999 1589 0 1820671 0 846299
1789237686.693766 1824657 1688276 2999 1589 0 1820671 0 846299
1789237687.693590 1824657 1688276 2999 1589 0 1820671 0 846299
1789237688.693585 1824657 1688276 2999 1589 0 1820671 0 846299
1789237689.693632 1824657 1688276 2999 1589 0 1820671 0 846299
1789237690.693612 1824657 1688276 2999 1589 0 1820671 0 846299
1789237691.693841 1824657 1688276 2999 1589 0 1820671 0 846299
1789237692.694018 1824657 1688276 2999 1589 0 1820671 0 846299
1789237693.693593 1824657 1688276 2999 1589 0 1820671 0 846299
1789237694.693690 1824657 1688276 2999 1589 0 1820671 0 846299
1789237695.693699 1824657 1688276 2999 1589 0 1820671 0 846299
1789237696.693645 1824657 1688276 2999 1589 0 1820671 0 846299
1789237697.693650 1824657 1688276 2999 1589 0 1820671 0 846299
1789237698.693613 1824657 1688276 2999 1589 0 1820671 0 846299
1789237699.693600 1824657 1688276 2999 1589 0 1820671 0 846299
1789237700.693664 1824657 1688276 2999 1589 0 1820671 0 846299
1789237701.693591 1824657 1688276 2999 1589 0 1820671 0 846299
1789237702.693670 1824657 1688276 2999 1589 0 1820671 0 846299
1789237703.693721 1824657 1688276 2999 1589 0 1820671 0 846299
1789237704.693798 1824657 1688276 2999 1589 0 1820671 0 846299
1789237705.693624 1824657 1688276 2999 1589 0 1820671 0 846299
1789237706.693939 1824657 1688276 2999 1589 0 1820671 0 846299
1789237707.693616 1824657 1688276 2999 1589 0 1820671 0 846299
1789237708.693745 1824657 1688276 2999 1589 0 1820671 0 846299
1789237709.693643 1824657 1688276 2999 1589 0 1820671 0 846299
1789237710.693612 1824657 1688276 2999 1589 0 1820671 0 846299
1789237711.693595 1824657 1688276 2999 1589 0 1820671 0 846299
1789237712.693927 1824657 1688276 2999 1589 0 1820671 0 846299
1789237713.693826 1824657 1688276 2999 1589 0 1820671 0 846299
1789237714.693611 1824657 1688276 2999 1589 0 1820671 0 846299
1789237715.693739 1824657 1688276 2999 1589 0 1820671 0 846299
1789237716.693726 1824657 1688276 2999 1589 0 1820671 0 846299
1789237717.693609 1824657 1688276 2999 1589 0 1820671 0 846299
1789237718.693619 1824657 1688276 2999 1589 0 1820671 0 846299
1789237719.693838 1824657 1688276 2999 1589 0 1820671 0 846299
1789237720.693662 1824657 1688276 2999 1589 0 1820671 0 846299
1789237721.693593 1824657 1688276 2999 1589 0 1820671 0 846299
1789237722.693657 1824657 1688276 2999 1589 0 1820671 0 846299
1789237723.693660 1824657 1688276 2999 1589 0 1820671 0 846299
1789237724.693997 1824657 1688276 2999 1589 0 1820671 0 846299
1789237725.693681 1824657 1688276 2999 1589 0 1820671 0 846299
1789237726.693712 1824657 1688276 2999 1589 0 1820671 0 846299
1789237727.693596 1824657 1688276 2999 1589 0 1820671 0 846299
1789237728.693590 1824657 1688276 2999 1589 0 1820671 0 846299
1789237729.693577 1824657 1688276 2999 1589 0 1820671 0 846299
1789237730.693625 1824657 1688276 2999 1589 0 1820671 0 846299
1789237731.693572 1824657 1688276 2999 1589 0 1820671 0 846299
1789237732.693677 1824657 1688276 2999 1589 0 1820671 0 846299
1789237733.693609 1824657 1688276 2999 1589 0 1820671 0 846299
1789237734.693639 1824657 1688276 2999 1589 0 1820671 0 846299
1789237735.693629 1824657 1688276 2999 1589 0 1820671 0 846299
1789237736.693617 1824657 1688276 2999 1589 0 1820671 0 846299
1789237737.693644 1824657 1688276 2999 1589 0 1820671 0 846299
1789237738.693670 1824657 1688276 2999 1589 0 1820671 0 846299
1789237739.693580 1824657 1688276 2999 1589 0 1820671 0 846299
1789237740.693698 1824657 1688276 2999 1589 0 1820671 0 846299
1789237741.693623 1824657 1688276 2999 1589 0 1820671 0 846299
1789237742.693573 1824657 1688276 2999 1589 0 1820671 0 846299
1789237743.694052 1824657 1688276 2999 1589 0 1820671 0 846299
1789237744.693597 1824657 1688276 2999 1589 0 1820671 0 846299
1789237745.693660 1824657 1688276 2999 1589 0 1820671 0 846299
1789237746.693525 1824657 1688276 2999 1589 0 1820671 0 846299
1789237747.693635 1824657 1688276 2999 1589 0 1820671 0 846299
1789237748.693752 1824657 1688276 2999 1589 0 1820671 0 846299
1789237749.693603 1824657 1688276 2999 1589 0 1820671 0 846299
1789237750.693558 1824657 1688276 2999 1589 0 1820671 0 846299
1789237751.693909 1824657 1688276 2999 1589 0 1820671 0 846299
1789237752.693527 1824657 1688276 2999 1589 0 1820671 0 846299
1789237753.693597 1824657 1688276 2999 1589 0 1820671 0 846299
1789237754.693649 1824657 1688276 2999 1589 0 1820671 0 846299
1789237755.693607 1824657 1688276 2999 1589 0 1820671 0 846299
1789237756.693602 1824657 1688276 2999 1589 0 1820671 0 846299
1789237757.693588 1824657 1688276 2999 1589 0 1820671 0 846299
1789237758.693623 1824657 1688276 2999 1589 0 1820671 0 846299
1789237759.693673 1824657 1688276 2999 1589 0 1820671 0 846299
1789237760.693586 1824657 1688276 2999 1589 0 1820671 0 846299
1789237761.693887 1824657 1688276 2999 1589 0 1820671 0 846299
1789237762.694059 1824657 1688276 2999 1589 0 1820671 0 846299
1789237763.693624 1824657 1688276 2999 1589 0 1820671 0 846299
1789237764.693589 1824657 1688276 2999 1589 0 1820671 0 846299
1789237765.693598 1824657 1688276 2999 1589 0 1820671 0 846299
1789237766.693656 1824657 1688276 2999 1589 0 1820671 0 846299
1789237767.693716 1824657 1688276 2999 1589 0 1820671 0 846299
1789237768.693670 1824657 1688276 2999 1589 0 1820671 0 846299
1789237769.693603 1824657 1688276 2999 1589 0 1820671 0 846299
1789237770.693623 1824657 1688276 2999 1589 0 1820671 0 846299
1789237771.693648 1824657 1688276 2999 1589 0 1820671 0 846299
1789237772.693629 1824657 1688276 2999 1589 0 1820671 0 846299
1789237773.693588 1824657 1688276 2999 1589 0 1820671 0 846299
1789237774.693597 1824657 1688276 2999 1589 0 1820671 0 846299
1789237775.693640 1824657 1688276 2999 1589 0 1820671 0 846299
1789237776.693597 1824657 1688276 2999 1589 0 1820671 0 846299
1789237777.693642 1824657 1688276 2999 1589 0 1820671 0 846299
1789237778.693671 1824657 1688276 2999 1589 0 1820671 0 846299
1789237779.693592 1824657 1688276 2999 1589 0 1820671 0 846299
1789237780.693617 1824657 1688276 2999 1589 0 1820671 0 846299
1789237781.693609 1824657 1688276 2999 1589 0 1820671 0 846299
1789237782.693595 1824657 1688276 2999 1589 0 1820671 0 846299
1789237783.693683 1824657 1688276 2999 1589 0 1820671 0 846299
1789237784.693587 1824657 1688276 2999 1589 0 1820671 0 846299
1789237785.693589 1824657 1688276 2999 1589 0 1820671 0 846299
1789237786.693610 1824657 1688573 2999 1589 0 1820671 0 846299
1789237787.693629 1824657 1688573 2999 1589 0 1820671 0 846299
1789237788.694407 1824657 1688573 2999 1589 0 1820671 0 846299
1789237789.693640 1824657 1688573 2999 1589 0 1820671 0 846299
1789237790.693606 1824657 1688573 2999 1589 0 1820671 0 846299
1789237791.694028 1824657 1688573 2999 1589 0 1820671 0 846299
1789237792.693645 1824657 1688573 2999 1589 0 1820671 0 846299
1789237793.693731 1824657 1688573 2999 1589 0 1820671 0 846299
1789237794.693603 1824657 1688573 2999 1589 0 1820671 0 846299
1789237795.693579 1824657 1688573 2999 1589 0 1820671 0 846299
1789237796.693664 1824657 1688573 2999 1589 0 1820671 0 846299
1789237797.693630 1824657 1688573 2999 1589 0 1820671 0 846299
1789237798.693605 1824657 1688573 2999 1589 0 1820671 0 846299
1789237799.693685 1824657 1688573 2999 1589 0 1820671 0 846299
1789237800.693449 1824657 1688573 2999 1589 0 1820671 0 846299
1789237801.693603 1824657 1688573 2999 1589 0 1820671 0 846299
1789237802.693617 1824657 1688573 2999 1589 0 1820671 0 846299
1789237803.693591 1824657 1688573 2999 1589 0 1820671 0 846299
1789237804.693541 1824657 1688573 2999 1589 0 1820671 0 846299
1789237805.693615 1824657 1688573 2999 1589 0 1820671 0 846299
1789237806.693575 1824657 1688573 2999 1589 0 1820671 0 846299
1789237807.693641 1824657 1688573 2999 1589 0 1820671 0 846299
1789237808.693614 1824657 1688573 2999 1589 0 1820671 0 846299
1789237809.693645 1824657 1688573 2999 1589 0 1820671 0 846299
1789237810.693581 1824657 1688573 2999 1589 0 1820671 0 846299
1789237811.693583 1824657 1688573 2999 1589 0 1820671 0 846299
1789237812.693558 1824657 1688573 2999 1589 0 1820671 0 846299
1789237813.693615 1824657 1688573 2999 1589 0 1820671 0 846299
1789237814.693593 1824657 1688573 2999 1589 0 1820671 0 846299
1789237815.693437 1824657 1688573 2999 1589 0 1820671 0 846299
1789237816.693609 1824657 1688573 2999 1589 0 1820671 0 846299
1789237817.693579 1824657 1688573 2999 1589 0 1820671 0 846299
1789237818.693612 1824657 1688573 2999 1589 0 1820671 0 846299
1789237819.693680 1824657 1688573 2999 1589 0 1820671 0 846299
1789237820.693619 1824657 1688573 2999 1589 0 1820671 0 846299
1789237821.693671 1824657 1688573 2999 1589 0 1820671 0 846299
1789237822.693621 1824657 1688573 2999 1589 0 1820671 0 846299
1789237823.693990 1824657 1688573 2999 1589 0 1820671 0 846299
1789237824.693587 1824657 1688573 2999 1589 0 1820671 0 846299
1789237825.693588 1824657 1688573 2999 1589 0 1820671 0 846299
1789237826.693920 1824657 1688573 2999 1589 0 1820671 0 846299
1789237827.693636 1824657 1688573 2999 1589 0 1820671 0 846299
1789237828.693633 1824657 1688573 2999 1589 0 1820671 0 846299
1789237829.693616 1824657 1688573 2999 1589 0 1820671 0 846299
1789237830.693603 1824657 1688573 2999 1589 0 1820671 0 846299
1789237831.693726 1824657 1688573 2999 1589 0 1820671 0 846299
1789237832.693696 1824657 1688573 2999 1589 0 1820671 0 846299
1789237833.693607 1824657 1688573 2999 1589 0 1820671 0 846299
1789237834.693753 1824657 1688573 2999 1589 0 1820671 0 846299
1789237835.693676 1824657 1688573 2999 1589 0 1820671 0 846299
1789237836.693670 1824657 1688573 2999 1589 0 1820671 0 846299
1789237837.693580 1824657 1688573 2999 1589 0 1820671 0 846299
1789237838.693618 1824657 1688573 2999 1589 0 1820671 0 846299
1789237839.693652 1824657 1688573 2999 1589 0 1820671 0 846299
1789237840.693597 1824657 1688573 2999 1589 0 1820671 0 846299
1789237841.693695 1824657 1688573 2999 1589 0 1820671 0 846299
1789237842.693629 1824657 1688573 2999 1589 0 1820671 0 846299
1789237843.693704 1824657 1688573 2999 1589 0 1820671 0 846299
1789237844.693730 1824657 1688573 2999 1589 0 1820671 0 846299
1789237845.693998 1824657 1688573 2999 1589 0 1820671 0 846299
1789237846.693643 1824657 1688573 2999 1589 0 1820671 0 846299
1789237847.693605 1824657 1688573 2999 1589 0 1820671 0 846299
1789237848.693733 1824657 1688573 2999 1589 0 1820671 0 846299
1789237849.693689 1824657 1688573 2999 1589 0 1820671 0 846299
1789237850.693755 1824657 1688573 2999 1589 0 1820671 0 846299
1789237851.693980 1824657 1688573 2999 1589 0 1820671 0 846299
1789237852.693650 1824657 1688573 2999 1589 0 1820671 0 846299
1789237853.693787 1824657 1688573 2999 1589 0 1820671 0 846299
1789237854.693653 1824657 1688573 2999 1589 0 1820671 0 846299
1789237855.693745 1824657 1688573 2999 1589 0 1820671 0 846299
1789237856.693708 1824657 1688573 2999 1589 0 1820671 0 846299
1789237857.693650 1824657 1688573 2999 1589 0 1820671 0 846299
1789237858.694073 1824657 1688573 2999 1589 0 1820671 0 846299
1789237859.693758 1824657 1688573 2999 1589 0 1820671 0 846299
1789237860.693673 1824657 1688573 2999 1589 0 1820671 0 846299
1789237861.693758 1824657 1688573 2999 1589 0 1820671 0 846299
1789237862.693658 1824657 1688573 2999 1589 0 1820671 0 846299
1789237863.694091 1824657 1688573 2999 1589 0 1820671 0 846299
1789237864.693655 1824657 1688573 2999 1589 0 1820671 0 846299
1789237865.693676 1824657 1688573 2999 1589 0 1820671 0 846299
1789237866.693621 1824657 1688573 2999 1589 0 1820671 0 846299
1789237867.693604 1824657 1688573 2999 1589 0 1820671 0 846299
1789237868.693737 1824657 1688573 2999 1589 0 1820671 0 846299
1789237869.693734 1824657 1688573 2999 1589 0 1820671 0 846299
1789237870.693687 1824657 1688573 2999 1589 0 1820671 0 846299
1789237871.693748 1824657 1688573 2999 1589 0 1820671 0 846299
1789237872.693705 1824657 1688573 2999 1589 0 1820671 0 846299
