# start_epoch=1789252153.079278  page_size=4096  cachestat=ok  fields=size,resident,shared,text,lib,data,dt,pagecache
1789252154.079542 262569 27757 7770 99 0 248506 0 1
1789252155.079494 262569 27757 7770 99 0 248506 0 1
1789252156.085088 2105130 73144 53140 99 0 254010 0 112837
1789252157.097549 3072204 163277 137062 99 0 287802 0 270020
1789252158.096781 3081891 240895 215535 99 0 287802 0 279110
1789252159.103176 3171470 198298 168877 99 0 290874 0 337735
1789252160.106762 3293750 253428 226054 99 0 290874 0 434211
1789252161.107247 3243142 207632 181387 99 0 290874 0 442348
1789252162.115729 3423514 296629 270384 99 0 290874 0 586047
1789252163.115287 3439741 199294 170221 99 0 293946 0 576404
1789252164.123581 3586847 284359 255452 99 0 293946 0 701287
1789252165.131284 3602344 376501 347635 99 0 293946 0 831787
1789252166.130547 3659870 300096 269978 99 0 295738 0 824792
1789252167.127669 3806990 365768 338262 99 0 295738 0 915184
1789252168.138542 3731113 293464 266446 99 0 295738 0 937750
1789252169.139509 3881204 361853 335410 99 0 298810 0 983810
1789252170.141139 3805329 294924 265274 99 0 298810 0 986281
1789252171.131102 3952233 362257 333273 99 0 298810 0 1043730
1789252172.146842 3876358 289248 259544 99 0 298810 0 1068578
1789252173.136022 4023262 352975 326836 99 0 298810 0 1106570
1789252174.149436 3947385 278802 247170 99 0 298810 0 1106103
1789252175.151523 3947385 349050 320109 99 0 298810 0 1151705
1789252176.150473 4043367 294277 262591 99 0 298810 0 1195010
1789252177.156073 4018542 360302 332474 99 0 298810 0 1245157
1789252178.162348 4089533 289427 261630 99 0 298810 0 1284551
1789252179.144654 4236629 358041 331278 99 0 298810 0 1319647
1789252180.161757 4160956 289376 260359 99 0 298810 0 1353159
1789252181.149395 5418123 389117 359405 99 0 298810 0 1404178
1789252182.165806 4231907 286541 258812 99 0 298810 0 1420527
1789252183.269648 4280903 385286 360481 99 0 298810 0 1414833
1789252184.168704 4361071 331470 305549 99 0 298810 0 1457113
1789252185.154970 4449640 345947 320023 99 0 298810 0 1524466
1789252186.172771 4399874 261061 233876 99 0 302906 0 1506112
1789252187.157508 4399874 305898 280493 99 0 302906 0 1485410
1789252188.150881 4324306 196925 169426 99 0 302906 0 1428759
1789252189.150614 4324306 225334 199714 99 0 302906 0 1413508
1789252190.145883 4382397 282839 255671 99 0 302906 0 1384216
1789252191.146101 4324306 289886 262718 99 0 302906 0 1390243
1789252192.146571 4324306 325275 298094 99 0 302906 0 1395861
1789252193.142483 4161219 40943 16683 99 0 302906 0 1234871
1789252194.139701 4161219 84020 56649 99 0 302906 0 1250437
1789252195.140986 4186045 134287 108964 99 0 302906 0 1275264
1789252196.139101 4161219 142968 117645 99 0 302906 0 1237620
1789252197.139954 4161219 185790 158419 99 0 302906 0 1250442
1789252198.138392 4219310 235570 210247 99 0 302906 0 1221152
1789252199.139182 4161219 244540 219217 99 0 302906 0 1240813
1789252200.140567 4161219 283163 257675 99 0 302906 0 1264069
1789252201.138480 4215338 341963 316475 99 0 302906 0 1222532
1789252202.142803 4161219 345968 320480 99 0 302906 0 1243740
1789252203.140618 4161219 382389 356901 99 0 302906 0 1268836
1789252204.138466 4161219 407191 381696 99 0 302906 0 1220909
1789252205.139628 4161219 447738 422543 99 0 302906 0 1247555
1789252206.152963 4161214 56044 29067 99 0 302906 0 1247228
1789252207.141120 4161214 82049 59220 99 0 302906 0 1264356
1789252208.140864 4219305 160620 135759 99 0 302906 0 1275283
1789252209.138946 4161214 145111 120243 99 0 302906 0 1236433
1789252210.139808 4161214 182892 158390 99 0 302906 0 1251761
1789252211.140008 4186040 232264 207757 99 0 302906 0 1250463
1789252212.138635 4161214 239212 214705 99 0 302906 0 1230036
1789252213.139616 4163006 281211 253376 99 0 304698 0 1248883
1789252214.140794 4163006 308118 282331 99 0 304698 0 1271453
1789252215.138411 4163006 333874 308086 99 0 304698 0 1222243
1789252216.139330 4163006 369230 344723 99 0 304698 0 1238312
1789252217.140112 4163006 405983 381476 99 0 304698 0 1253913
1789252218.140392 4187832 455622 431115 99 0 304698 0 1262763
1789252219.138720 4163006 462950 438615 99 0 304698 0 1231141
1789252220.139996 4163002 61496 34281 99 0 304698 0 1258523
1789252221.139430 4221093 137388 110168 99 0 304698 0 1246011
1789252222.139504 4163002 123481 96261 99 0 304698 0 1239528
1789252223.140747 4163002 160650 133427 99 0 304698 0 1257314
1789252224.140940 4221093 224695 197471 99 0 304698 0 1275309
1789252225.139098 4163002 222396 195443 99 0 304698 0 1239535
1789252226.140213 4180560 269898 242883 99 0 304698 0 1259394
1789252227.138478 4162999 36113 9443 99 0 304698 0 1220943
1789252228.138067 4162999 36113 9443 99 0 304698 0 1220943
1789252229.137917 4162999 36113 9443 99 0 304698 0 1220943
1789252230.140677 4167096 36313 9443 99 0 308794 0 1220943
1789252231.137547 4167096 36313 9443 99 0 308794 0 1220943
1789252232.137797 4167096 36313 9443 99 0 308794 0 1220943
1789252233.138015 4171193 36320 9443 99 0 312890 0 1220943
1789252234.138630 4171193 36320 9443 99 0 312890 0 1220943
1789252235.138169 4171193 36320 9443 99 0 312890 0 1220943
1789252236.138194 4175290 36324 9443 99 0 316986 0 1220943
1789252237.138285 4175290 36324 9443 99 0 316986 0 1220943
1789252238.138189 4175290 36324 9443 99 0 316986 0 1220943
1789252239.138614 4175290 36324 9443 99 0 316986 0 1220943
1789252240.138196 4175290 36324 9443 99 0 316986 0 1220943
1789252241.137759 4175290 37072 9443 99 0 316986 0 1220943
1789252242.138054 4175290 37072 9443 99 0 316986 0 1220943
1789252243.137748 4175290 37072 9443 99 0 316986 0 1220943
1789252244.138167 4175290 37072 9443 99 0 316986 0 1220943
1789252245.137642 4175290 37072 9443 99 0 316986 0 1220943
1789252246.137632 4175290 37072 9443 99 0 316986 0 1220943
1789252247.138134 4175290 37072 9443 99 0 316986 0 1220943
1789252248.137922 4175290 37072 9443 99 0 316986 0 1220943
1789252249.137987 4175290 37072 9443 99 0 316986 0 1220943
1789252250.138036 4175290 37072 9443 99 0 316986 0 1220943
1789252251.137879 4175290 37553 9443 99 0 316986 0 1220943
1789252252.136897 4175290 37545 9443 99 0 316986 0 1220943
1789252253.137735 4175290 37545 9443 99 0 316986 0 1220943
