# start_epoch=1789321112.622477  page_size=4096  cachestat=ok  fields=size,resident,shared,text,lib,data,dt,pagecache
1789321113.624593 51724 31621 2744 1589 0 47743 0 41427
1789321114.624339 57612 32818 2776 1589 0 53631 0 43593
1789321115.625468 57612 29408 2776 1589 0 53631 0 55863
1789321116.628356 58252 33162 2856 1589 0 54271 0 86172
1789321117.627646 58252 30514 2856 1589 0 54271 0 98442
1789321118.627234 59020 37157 2857 1589 0 55039 0 91809
1789321119.627851 59020 32013 2857 1589 0 55039 0 104079
1789321120.634951 59020 33348 2857 1589 0 55039 0 134373
1789321121.629133 59020 33171 2857 1589 0 55039 0 146643
1789321122.629617 59020 37275 2857 1589 0 55039 0 158915
1789321123.630950 59020 34934 2857 1589 0 55039 0 175288
1789321124.632882 59020 34480 2857 1589 0 55039 0 222834
1789321125.633519 59916 38905 2857 1589 0 55935 0 240733
1789321126.631536 59916 32046 2857 1589 0 55935 0 197161
1789321127.633473 59916 32541 2857 1589 0 55935 0 245477
1789321128.634207 59916 35097 2857 1589 0 55935 0 257748
1789321129.634676 59916 35018 2857 1589 0 55935 0 254687
1789321130.635416 59916 33302 2857 1589 0 55935 0 292385
1789321131.637017 60940 38973 2857 1589 0 56959 0 321668
1789321132.636442 61836 30973 2857 1589 0 57855 0 316924
1789321133.636305 61836 37712 2857 1589 0 57855 0 308598
1789321134.636606 67980 36170 2857 1589 0 63999 0 319364
1789321135.637843 67980 38028 2857 1589 0 63999 0 348154
1789321136.641055 67980 35523 2857 1589 0 63999 0 380752
1789321137.639285 67980 39991 2857 1589 0 63999 0 377320
1789321138.639863 67980 37516 2857 1589 0 63999 0 390870
1789321139.641381 67980 38412 2857 1589 0 63999 0 419622
1789321140.641601 67980 39541 2857 1589 0 63999 0 433939
1789321141.641588 69260 38409 2857 1589 0 65279 0 428429
1789321142.641091 69260 35908 2857 1589 0 65279 0 418806
1789321143.641882 69260 40551 2857 1589 0 65279 0 431076
1789321144.643074 69260 36751 2857 1589 0 65279 0 457193
1789321145.643259 69260 41124 2857 1589 0 65279 0 469463
1789321146.643803 69260 37580 2857 1589 0 65279 0 481733
1789321147.643808 69260 41987 2857 1589 0 65279 0 471645
1789321148.645063 69260 37777 2857 1589 0 65279 0 506546
1789321149.672678 69260 41363 2857 1589 0 65279 0 515036
1789321150.647610 69260 39401 2857 1589 0 65279 0 542542
1789321151.648000 69260 41451 2857 1589 0 65279 0 555581
1789321152.650339 69260 40907 2857 1589 0 65279 0 571689
1789321153.647938 69260 41782 2857 1589 0 65279 0 569759
1789321154.648072 69260 40302 2857 1589 0 65279 0 562398
1789321155.648259 69260 39642 2857 1589 0 65279 0 578581
1789321156.648715 69260 38875 2857 1589 0 65279 0 586306
1789321157.649798 69260 38636 2857 1589 0 65279 0 588798
1789321158.650209 69260 41187 2857 1589 0 65279 0 601068
1789321159.649306 70796 41796 2857 1589 0 66815 0 613338
1789321160.649300 70796 39354 2857 1589 0 66815 0 625607
1789321161.650213 70796 39359 2857 1589 0 66815 0 637878
1789321162.651381 70796 39807 2857 1589 0 66815 0 637530
1789321163.653507 70796 40788 2857 1589 0 66815 0 639698
1789321164.649246 70796 39032 2857 1589 0 66815 0 628934
1789321165.650962 70796 39455 2857 1589 0 66815 0 654604
1789321166.651131 70796 39382 2857 1589 0 66815 0 666877
1789321167.651938 70796 39376 2857 1589 0 66815 0 673427
1789321168.652278 70796 38227 2857 1589 0 66815 0 691419
1789321169.653369 70796 39521 2857 1589 0 66815 0 686259
1789321170.655811 70796 42025 2857 1589 0 66815 0 697581
1789321171.651618 70796 33385 2857 1589 0 66815 0 684879
1789321172.652536 70796 41361 2857 1589 0 66815 0 692016
1789321173.652733 70796 39020 2857 1589 0 66815 0 701733
1789321174.654138 70796 37201 2857 1589 0 66815 0 726965
1789321175.655777 70796 39372 2857 1589 0 66815 0 753179
1789321176.656620 70796 37712 2857 1589 0 66815 0 761356
1789321177.654978 70796 38929 2857 1589 0 66815 0 751510
1789321178.655524 70796 31475 2857 1589 0 66815 0 763780
1789321179.654935 72588 39784 2857 1589 0 68607 0 749902
1789321180.656112 72588 38438 2857 1589 0 68607 0 755646
1789321181.657281 72588 40297 2857 1589 0 68607 0 779291
1789321182.657907 72588 40086 2857 1589 0 68607 0 782388
1789321183.655582 72588 35183 2857 1589 0 68607 0 769499
1789321184.656120 72588 42397 2857 1589 0 68607 0 779420
1789321185.657245 72588 40855 2857 1589 0 68607 0 806117
1789321186.658239 72588 40112 2857 1589 0 68607 0 818388
1789321187.658850 72588 39866 2857 1589 0 68607 0 830659
1789321188.658896 72588 42535 2857 1589 0 68607 0 833926
1789321189.661002 72588 40962 2857 1589 0 68607 0 837907
1789321190.661551 72588 40664 2857 1589 0 68607 0 844603
1789321191.659671 72588 37141 2857 1589 0 68607 0 827279
1789321192.662732 72588 43219 2857 1589 0 68607 0 863203
1789321193.662057 72588 41027 2857 1589 0 68607 0 872531
1789321194.662504 72588 41992 2857 1589 0 68607 0 898883
1789321195.661851 72588 42113 2857 1589 0 68607 0 895678
1789321196.663225 72588 40963 2857 1589 0 68607 0 922148
1789321197.665519 72588 40207 2857 1589 0 68607 0 930837
1789321198.668376 72588 41176 2857 1589 0 68607 0 940549
1789321199.667488 72588 42029 2857 1589 0 68607 0 921699
1789321200.666974 72588 41590 2857 1589 0 68607 0 928824
1789321201.668214 72588 44400 2857 1589 0 68607 0 938433
1789321202.664869 72588 42216 2857 1589 0 68607 0 924573
1789321203.663345 72588 41162 2857 1589 0 68607 0 946615
1789321204.664375 72588 37417 2857 1589 0 68607 0 958884
1789321205.665069 72588 41765 2857 1589 0 68607 0 971154
1789321206.665153 72588 44622 2857 1589 0 68607 0 983424
1789321207.667899 72588 40513 2857 1589 0 68607 0 995695
1789321208.671288 72588 42342 2857 1589 0 68607 0 1030595
1789321209.672798 72588 43003 2857 1589 0 68607 0 1009632
1789321210.673276 72588 41195 2857 1589 0 68607 0 1041800
1789321211.672519 72588 37593 2857 1589 0 68607 0 1022008
1789321212.673010 72588 39696 2857 1589 0 68607 0 1024368
1789321213.671409 72588 39737 2857 1589 0 68607 0 1034827
1789321214.671288 72588 41979 2857 1589 0 68607 0 1026766
1789321215.668131 72588 39692 2857 1589 0 68607 0 1051278
1789321216.668940 74636 42357 2857 1589 0 70655 0 1063550
1789321217.669430 74636 40592 2857 1589 0 70655 0 1075820
1789321218.670367 74636 39870 2857 1589 0 70655 0 1088093
1789321219.670973 74636 39810 2857 1589 0 70655 0 1100363
1789321220.669119 74636 41067 2857 1589 0 70655 0 1073174
1789321221.669609 74636 37180 2857 1589 0 70655 0 1081266
1789321222.670697 74636 45434 2857 1589 0 70655 0 1081705
1789321223.676312 74636 37844 2857 1589 0 70655 0 1106365
1789321224.673961 74636 42024 2857 1589 0 70655 0 1114360
1789321225.675080 74636 42955 2857 1589 0 70655 0 1145173
1789321226.673158 74636 40810 2857 1589 0 70655 0 1141968
1789321227.672238 74636 44578 2857 1589 0 70655 0 1125105
1789321228.673910 74636 40978 2857 1589 0 70655 0 1166511
1789321229.673622 74636 43228 2857 1589 0 70655 0 1178782
1789321230.680541 74636 42636 2857 1589 0 70655 0 1213170
1789321231.678033 74636 44193 2857 1589 0 70655 0 1233118
1789321232.669381 74636 43251 2857 1589 0 70655 0 1181840
1789321233.676231 74636 45373 2857 1589 0 70655 0 1187593
1789321234.675754 74636 43338 2857 1589 0 70655 0 1189262
1789321235.674918 74636 43398 2857 1589 0 70655 0 1192590
1789321236.677844 74636 43190 2857 1589 0 70655 0 1200389
1789321237.680260 75660 43755 2857 1589 0 71679 0 1229397
1789321238.671860 79757 35724 2857 1589 0 75775 0 1224367
1789321239.668993 79757 35724 2857 1589 0 75775 0 1224368
1789321240.668850 79757 35829 2857 1589 0 75775 0 1224369
1789321241.668882 79757 35690 2857 1589 0 75775 0 1224370
1789321242.668800 79757 35690 2857 1589 0 75775 0 1224371
1789321243.669046 79757 35477 2857 1589 0 75775 0 1224373
1789321244.670388 79757 35479 2857 1589 0 75775 0 1224374
1789321245.668868 79757 35204 2857 1589 0 75775 0 1224375
1789321246.667091 79757 36489 2857 1589 0 75775 0 1175277
1789321247.666783 79757 36292 2857 1589 0 75775 0 1164227
1789321248.668120 79757 36301 2857 1589 0 75775 0 1154363
1789321249.666223 79757 36213 2857 1589 0 75775 0 1146118
1789321250.665523 79757 35967 2857 1589 0 75775 0 1133529
1789321251.665433 79757 35663 2857 1589 0 75775 0 1126834
1789321252.664920 79757 35369 2857 1589 0 75775 0 1119376
1789321253.664730 79757 35519 2857 1589 0 75775 0 1108127
1789321254.664218 79757 35797 2857 1589 0 75775 0 1099415
1789321255.663896 79757 35100 2857 1589 0 75775 0 1091797
1789321256.664027 79757 35653 2857 1589 0 75775 0 1084654
1789321257.663714 79757 35482 2857 1589 0 75775 0 1077369
1789321258.662986 79757 35427 2857 1589 0 75775 0 1067973
1789321259.662833 79757 35427 2857 1589 0 75775 0 1061701
1789321260.662781 79757 35435 2857 1589 0 75775 0 1052440
1789321261.662863 79757 35253 2857 1589 0 75775 0 1062624
1789321262.662873 79757 35287 2857 1589 0 75775 0 1062625
1789321263.662853 79757 35698 2857 1589 0 75775 0 1062009
1789321264.662795 79757 36118 2857 1589 0 75775 0 1062009
1789321265.662911 79757 35875 2857 1589 0 75775 0 1062010
1789321266.662840 79757 35875 2857 1589 0 75775 0 1062011
1789321267.663200 79757 35875 2857 1589 0 75775 0 1062012
1789321268.663296 79757 35875 2857 1589 0 75775 0 1057701
1789321269.662768 79757 35875 2857 1589 0 75775 0 1062013
1789321270.663052 79757 35733 2857 1589 0 75775 0 1062014
1789321271.661262 82317 37268 2857 1589 0 78335 0 1024621
1789321272.661599 82317 37269 2857 1589 0 78335 0 1024623
1789321273.661253 82317 37269 2857 1589 0 78335 0 1024624
1789321274.661265 82317 36769 2857 1589 0 78335 0 1024625
1789321275.661386 82317 36092 2857 1589 0 78335 0 1024626
1789321276.660824 82317 36202 2857 1589 0 78335 0 1013184
1789321277.660802 82317 36009 2857 1589 0 78335 0 1013185
1789321278.660794 82317 35652 2857 1589 0 78335 0 1013187
1789321279.660773 82317 35412 2857 1589 0 78335 0 1013188
1789321280.660792 82317 35412 2857 1589 0 78335 0 1013189
1789321281.660847 82317 35241 2857 1589 0 78335 0 1013190
1789321282.660837 82317 35325 2857 1589 0 78335 0 1013192
1789321283.660826 82317 34884 2857 1589 0 78335 0 1013193
1789321284.687884 82317 35876 2857 1589 0 78335 0 1009326
1789321285.659403 204686 159434 2873 1589 0 200703 0 976465
1789321286.659551 363406 305866 2873 1589 0 359423 0 976465
1789321287.659698 489870 450250 2873 1589 0 485887 0 976465
1789321288.659524 674190 593098 2873 1589 0 670207 0 976465
1789321289.659440 796046 739018 2873 1589 0 792063 0 976465
1789321290.659447 933262 880842 2873 1589 0 929279 0 976465
1789321291.662143 1097102 1024714 2873 1589 0 1093119 0 976465
1789321292.659443 1304975 1070769 2873 1589 0 1300991 0 976465
1789321293.659391 1304975 1070769 2873 1589 0 1300991 0 976465
1789321294.659434 1304975 1070769 2873 1589 0 1300991 0 976465
1789321295.659410 1304975 1070769 2873 1589 0 1300991 0 976465
1789321296.659450 1304975 1070769 2873 1589 0 1300991 0 976465
1789321297.659372 1309072 1070767 2873 1589 0 1305087 0 976465
1789321298.659390 1309072 1070767 2873 1589 0 1305087 0 976465
1789321299.659437 1309072 1070767 2873 1589 0 1305087 0 976465
1789321300.659419 1309072 1070767 2873 1589 0 1305087 0 976465
1789321301.659433 1309072 1070767 2873 1589 0 1305087 0 976465
1789321302.659477 1313169 1070767 2873 1589 0 1309183 0 976465
1789321303.659424 1313169 1070767 2873 1589 0 1309183 0 976465
1789321304.659490 1313169 1070767 2873 1589 0 1309183 0 976465
1789321305.659403 1313169 1070767 2873 1589 0 1309183 0 976465
1789321306.659448 1313169 1070767 2873 1589 0 1309183 0 976465
1789321307.659508 1313169 1070767 2873 1589 0 1309183 0 976465
1789321308.659440 1313169 1070767 2873 1589 0 1309183 0 976465
1789321309.659415 1313169 1070767 2873 1589 0 1309183 0 976465
1789321310.659479 1313169 1070767 2873 1589 0 1309183 0 976465
1789321311.659390 1313169 1070767 2873 1589 0 1309183 0 976465
1789321312.659481 1313169 1070767 2873 1589 0 1309183 0 976465
1789321313.659439 1313169 1070767 2873 1589 0 1309183 0 976465
1789321314.659413 1313169 1070767 2873 1589 0 1309183 0 976465
1789321315.659426 1313169 1070767 2873 1589 0 1309183 0 976465
1789321316.659384 1313169 1070767 2873 1589 0 1309183 0 976465
1789321317.659447 1313169 1070767 2873 1589 0 1309183 0 976465
1789321318.659427 1313169 1070767 2873 1589 0 1309183 0 976465
1789321319.659369 1313169 1070767 2873 1589 0 1309183 0 976465
1789321320.659467 1313169 1070767 2873 1589 0 1309183 0 976465
1789321321.659441 1313169 1070767 2873 1589 0 1309183 0 976465
1789321322.659433 1313169 1070767 2873 1589 0 1309183 0 976465
1789321323.659567 1313169 1070767 2873 1589 0 1309183 0 976465
1789321324.659464 1313169 1070767 2873 1589 0 1309183 0 976465
1789321325.659513 1313169 1070767 2873 1589 0 1309183 0 976465
1789321326.659435 1313169 1070767 2873 1589 0 1309183 0 976465
1789321327.659422 1313169 1070767 2873 1589 0 1309183 0 976465
1789321328.659534 1313169 1070767 2873 1589 0 1309183 0 976465
1789321329.659385 1313169 1070767 2873 1589 0 1309183 0 976465
1789321330.659362 1313169 1070767 2873 1589 0 1309183 0 976465
1789321331.659482 1313169 1070767 2873 1589 0 1309183 0 976465
1789321332.659396 1313169 1070767 2873 1589 0 1309183 0 976465
1789321333.659403 1313169 1070767 2873 1589 0 1309183 0 976465
1789321334.659518 1313169 1070767 2873 1589 0 1309183 0 976465
1789321335.659483 1313169 1070767 2873 1589 0 1309183 0 976465
1789321336.659462 1313169 1070767 2873 1589 0 1309183 0 976465
1789321337.659539 1313169 1070767 2873 1589 0 1309183 0 976465
1789321338.659459 1313169 1070767 2873 1589 0 1309183 0 976465
1789321339.659485 1313169 1070767 2873 1589 0 1309183 0 976465
1789321340.659584 1313169 1070767 2873 1589 0 1309183 0 976465
1789321341.659432 1313169 1070767 2873 1589 0 1309183 0 976465
1789321342.659431 1313169 1070767 2873 1589 0 1309183 0 976465
1789321343.659411 1313169 1070767 2873 1589 0 1309183 0 976465
1789321344.659434 1313169 1070767 2873 1589 0 1309183 0 976465
1789321345.659417 1313169 1070767 2873 1589 0 1309183 0 976465
1789321346.659397 1313169 1070767 2873 1589 0 1309183 0 976465
1789321347.659591 1313169 1070767 2873 1589 0 1309183 0 976465
1789321348.659406 1313169 1070767 2873 1589 0 1309183 0 976465
1789321349.659397 1313169 1070767 2873 1589 0 1309183 0 976465
1789321350.659471 1313169 1070767 2873 1589 0 1309183 0 976465
1789321351.659399 1313169 1070767 2873 1589 0 1309183 0 976465
1789321352.659480 1313169 1070767 2873 1589 0 1309183 0 976465
1789321353.659430 1313169 1070767 2873 1589 0 1309183 0 976465
1789321354.659482 1313169 1070767 2873 1589 0 1309183 0 976465
1789321355.659606 1313169 1070767 2873 1589 0 1309183 0 976465
1789321356.659452 1313169 1070767 2873 1589 0 1309183 0 976465
1789321357.659454 1313169 1070767 2873 1589 0 1309183 0 976465
1789321358.659424 1313169 1070767 2873 1589 0 1309183 0 976465
1789321359.659514 1313169 1070767 2873 1589 0 1309183 0 976465
1789321360.659519 1313169 1070767 2873 1589 0 1309183 0 976465
1789321361.659410 1313169 1070767 2873 1589 0 1309183 0 976465
1789321362.659316 1313169 1070767 2873 1589 0 1309183 0 976465
1789321363.659662 1313169 1070767 2873 1589 0 1309183 0 976465
1789321364.659424 1313169 1070767 2873 1589 0 1309183 0 976465
1789321365.659497 1313169 1070767 2873 1589 0 1309183 0 976465
1789321366.659696 1313169 1070767 2873 1589 0 1309183 0 976465
1789321367.659658 1313169 1070767 2873 1589 0 1309183 0 976465
1789321368.659792 1313169 1070767 2873 1589 0 1309183 0 976465
1789321369.659391 1313169 1070767 2873 1589 0 1309183 0 976465
1789321370.659547 1313169 1070767 2873 1589 0 1309183 0 976465
1789321371.659512 1313169 1070767 2873 1589 0 1309183 0 976465
1789321372.659520 1313169 1070767 2873 1589 0 1309183 0 976465
1789321373.659499 1313169 1070767 2873 1589 0 1309183 0 976465
1789321374.659458 1313169 1070767 2873 1589 0 1309183 0 976465
1789321375.659457 1313169 1070767 2873 1589 0 1309183 0 976465
1789321376.659467 1313169 1070767 2873 1589 0 1309183 0 976465
1789321377.659504 1313169 1070767 2873 1589 0 1309183 0 976465
1789321378.659472 1313169 1070767 2873 1589 0 1309183 0 976465
1789321379.659585 1313169 1070767 2873 1589 0 1309183 0 976465
1789321380.659498 1313169 1070767 2873 1589 0 1309183 0 976465
1789321381.659431 1313169 1070767 2873 1589 0 1309183 0 976465
1789321382.659474 1313169 1070767 2873 1589 0 1309183 0 976465
1789321383.659490 1313169 1070767 2873 1589 0 1309183 0 976465
1789321384.659527 1313169 1070767 2873 1589 0 1309183 0 976465
1789321385.659521 1313169 1070767 2873 1589 0 1309183 0 976465
1789321386.660714 1313169 1070767 2873 1589 0 1309183 0 976465
1789321387.659470 1313169 1070767 2873 1589 0 1309183 0 976465
1789321388.659390 1313169 1070767 2873 1589 0 1309183 0 976465
1789321389.659400 1313169 1070767 2873 1589 0 1309183 0 976465
1789321390.659427 1313169 1070767 2873 1589 0 1309183 0 976465
1789321391.659451 1313169 1070767 2873 1589 0 1309183 0 976465
1789321392.659445 1313169 1070767 2873 1589 0 1309183 0 976465
1789321393.659832 1313169 1070767 2873 1589 0 1309183 0 976465
1789321394.659500 1313169 1070767 2873 1589 0 1309183 0 976465
1789321395.659565 1313169 1070767 2873 1589 0 1309183 0 976465
1789321396.659561 1313169 1070767 2873 1589 0 1309183 0 976465
1789321397.659448 1313169 1070767 2873 1589 0 1309183 0 976465
1789321398.659510 1313169 1070767 2873 1589 0 1309183 0 976465
1789321399.659428 1313169 1070767 2873 1589 0 1309183 0 976465
1789321400.659417 1313169 1070767 2873 1589 0 1309183 0 976465
1789321401.659489 1313169 1070767 2873 1589 0 1309183 0 976465
1789321402.659644 1313169 1070767 2873 1589 0 1309183 0 976465
1789321403.659562 1313169 1070767 2873 1589 0 1309183 0 976465
1789321404.659461 1313169 1070767 2873 1589 0 1309183 0 976465
1789321405.659428 1313169 1070767 2873 1589 0 1309183 0 976465
1789321406.659454 1313169 1070767 2873 1589 0 1309183 0 976465
1789321407.659505 1313169 1070767 2873 1589 0 1309183 0 976465
1789321408.659427 1313169 1070767 2873 1589 0 1309183 0 976465
1789321409.659460 1313169 1070767 2873 1589 0 1309183 0 976465
1789321410.659396 1313169 1070767 2873 1589 0 1309183 0 976465
1789321411.659579 1313169 1070767 2873 1589 0 1309183 0 976465
1789321412.659398 1313169 1070767 2873 1589 0 1309183 0 976465
1789321413.659393 1313169 1070767 2873 1589 0 1309183 0 976465
1789321414.659530 1313169 1070767 2873 1589 0 1309183 0 976465
1789321415.659484 1313169 1070767 2873 1589 0 1309183 0 976465
1789321416.659393 1313169 1070767 2873 1589 0 1309183 0 976465
1789321417.659541 1313169 1070767 2873 1589 0 1309183 0 976465
1789321418.659359 1313169 1070767 2873 1589 0 1309183 0 976465
1789321419.659497 1313169 1070767 2873 1589 0 1309183 0 976465
1789321420.659407 1313169 1070767 2873 1589 0 1309183 0 976465
1789321421.659391 1313169 1070767 2873 1589 0 1309183 0 976465
1789321422.659428 1313169 1070767 2873 1589 0 1309183 0 976465
1789321423.659276 1313169 1070767 2873 1589 0 1309183 0 976465
1789321424.659469 1313169 1070767 2873 1589 0 1309183 0 976465
1789321425.659456 1313169 1070786 2873 1589 0 1309183 0 976465
1789321426.659456 1313169 1070786 2873 1589 0 1309183 0 976465
1789321427.659544 1313169 1070786 2873 1589 0 1309183 0 976465
1789321428.659410 1313169 1070786 2873 1589 0 1309183 0 976465
1789321429.659710 1313169 1070786 2873 1589 0 1309183 0 976465
1789321430.659702 1313169 1070786 2873 1589 0 1309183 0 976465
1789321431.659413 1313169 1070786 2873 1589 0 1309183 0 976465
1789321432.659472 1313169 1070786 2873 1589 0 1309183 0 976465
1789321433.659412 1313169 1070786 2873 1589 0 1309183 0 976465
1789321434.659427 1313169 1070786 2873 1589 0 1309183 0 976465
1789321435.659423 1313169 1070786 2873 1589 0 1309183 0 976465
1789321436.659393 1313169 1070786 2873 1589 0 1309183 0 976465
1789321437.659440 1313169 1070786 2873 1589 0 1309183 0 976465
1789321438.659504 1313169 1070786 2873 1589 0 1309183 0 976465
1789321439.659435 1313169 1070786 2873 1589 0 1309183 0 976465
1789321440.659479 1313169 1070786 2873 1589 0 1309183 0 976465
1789321441.659493 1313169 1070786 2873 1589 0 1309183 0 976465
1789321442.659454 1313169 1070786 2873 1589 0 1309183 0 976465
1789321443.659480 1313169 1070786 2873 1589 0 1309183 0 976465
1789321444.659463 1313169 1070786 2873 1589 0 1309183 0 976465
1789321445.659458 1313169 1070786 2873 1589 0 1309183 0 976465
1789321446.659500 1313169 1070786 2873 1589 0 1309183 0 976465
1789321447.659461 1313169 1070786 2873 1589 0 1309183 0 976465
1789321448.659472 1313169 1070786 2873 1589 0 1309183 0 976465
1789321449.659414 1313169 1070786 2873 1589 0 1309183 0 976465
1789321450.659439 1313169 1070786 2873 1589 0 1309183 0 976465
1789321451.659460 1313169 1070786 2873 1589 0 1309183 0 976465
1789321452.659483 1313169 1070786 2873 1589 0 1309183 0 976465
1789321453.659444 1313169 1070786 2873 1589 0 1309183 0 976465
1789321454.659542 1313169 1070786 2873 1589 0 1309183 0 976465
1789321455.659436 1313169 1070786 2873 1589 0 1309183 0 976465
1789321456.659445 1313169 1070786 2873 1589 0 1309183 0 976465
1789321457.659427 1313169 1070786 2873 1589 0 1309183 0 976465
1789321458.659333 1313169 1070786 2873 1589 0 1309183 0 976465
1789321459.659429 1313169 1070786 2873 1589 0 1309183 0 976465
1789321460.659790 1313169 1070786 2873 1589 0 1309183 0 976465
1789321461.659432 1313169 1070786 2873 1589 0 1309183 0 976465
1789321462.659361 1313169 1070786 2873 1589 0 1309183 0 976465
1789321463.659419 1313169 1070786 2873 1589 0 1309183 0 976465
1789321464.659451 1313169 1070786 2873 1589 0 1309183 0 976465
1789321465.659394 1313169 1070786 2873 1589 0 1309183 0 976465
1789321466.659389 1313169 1070786 2873 1589 0 1309183 0 976465
1789321467.659553 1313169 1070786 2873 1589 0 1309183 0 976465
1789321468.659401 1313169 1070786 2873 1589 0 1309183 0 976465
1789321469.659439 1313169 1070786 2873 1589 0 1309183 0 976465
1789321470.659441 1313169 1070786 2873 1589 0 1309183 0 976465
1789321471.659395 1313169 1070786 2873 1589 0 1309183 0 976465
1789321472.659392 1313169 1070786 2873 1589 0 1309183 0 976465
1789321473.659379 1313169 1070786 2873 1589 0 1309183 0 976465
1789321474.659497 1313169 1070786 2873 1589 0 1309183 0 976465
1789321475.659504 1313169 1070786 2873 1589 0 1309183 0 976465
1789321476.659422 1313169 1070786 2873 1589 0 1309183 0 976465
1789321477.659438 1313169 1070786 2873 1589 0 1309183 0 976465
1789321478.659484 1313169 1070786 2873 1589 0 1309183 0 976465
1789321479.659438 1313169 1070786 2873 1589 0 1309183 0 976465
1789321480.659433 1313169 1070786 2873 1589 0 1309183 0 976465
1789321481.659462 1313169 1070786 2873 1589 0 1309183 0 976465
1789321482.659410 1313169 1070786 2873 1589 0 1309183 0 976465
1789321483.659545 1313169 1070786 2873 1589 0 1309183 0 976465
1789321484.659453 1313169 1070786 2873 1589 0 1309183 0 976465
1789321485.659413 1313169 1070786 2873 1589 0 1309183 0 976465
1789321486.659480 1313169 1070786 2873 1589 0 1309183 0 976465
1789321487.659420 1313169 1070786 2873 1589 0 1309183 0 976465
1789321488.659577 1313169 1070786 2873 1589 0 1309183 0 976465
1789321489.659491 1313169 1070786 2873 1589 0 1309183 0 976465
1789321490.659472 1313169 1070786 2873 1589 0 1309183 0 976465
1789321491.659370 1313169 1070786 2873 1589 0 1309183 0 976465
1789321492.659430 1313169 1070786 2873 1589 0 1309183 0 976465
1789321493.659439 1313169 1070786 2873 1589 0 1309183 0 976465
1789321494.659412 1313169 1070786 2873 1589 0 1309183 0 976465
1789321495.659430 1313169 1070786 2873 1589 0 1309183 0 976465
1789321496.659401 1313169 1070786 2873 1589 0 1309183 0 976465
1789321497.659382 1313169 1070786 2873 1589 0 1309183 0 976465
1789321498.659446 1313169 1070786 2873 1589 0 1309183 0 976465
1789321499.659581 1313169 1070786 2873 1589 0 1309183 0 976465
1789321500.659445 1313169 1070786 2873 1589 0 1309183 0 976465
1789321501.659477 1313169 1070786 2873 1589 0 1309183 0 976465
1789321502.659477 1313169 1070786 2873 1589 0 1309183 0 976465
1789321503.659409 1313169 1070786 2873 1589 0 1309183 0 976465
1789321504.659459 1313169 1070786 2873 1589 0 1309183 0 976465
1789321505.659475 1313169 1070786 2873 1589 0 1309183 0 976465
1789321506.659458 1313169 1070786 2873 1589 0 1309183 0 976465
1789321507.659616 1313169 1070786 2873 1589 0 1309183 0 976465
1789321508.659429 1313169 1070786 2873 1589 0 1309183 0 976465
1789321509.659422 1313169 1070786 2873 1589 0 1309183 0 976465
1789321510.659518 1313169 1070786 2873 1589 0 1309183 0 976465
1789321511.659420 1313169 1070786 2873 1589 0 1309183 0 976465
1789321512.659407 1313169 1070786 2873 1589 0 1309183 0 976465
1789321513.659415 1313169 1070786 2873 1589 0 1309183 0 976465
1789321514.659405 1313169 1070786 2873 1589 0 1309183 0 976465
1789321515.659495 1313169 1070786 2873 1589 0 1309183 0 976465
1789321516.659397 1313169 1070786 2873 1589 0 1309183 0 976465
1789321517.659415 1313169 1070786 2873 1589 0 1309183 0 976465
1789321518.659376 1313169 1070786 2873 1589 0 1309183 0 976465
1789321519.659392 1313169 1070786 2873 1589 0 1309183 0 976465
1789321520.659473 1313169 1070786 2873 1589 0 1309183 0 976465
1789321521.659389 1313169 1070786 2873 1589 0 1309183 0 976465
1789321522.659401 1313169 1070786 2873 1589 0 1309183 0 976465
1789321523.659644 1313169 1070786 2873 1589 0 1309183 0 976465
1789321524.659407 1313169 1070786 2873 1589 0 1309183 0 976465
1789321525.659402 1313169 1070786 2873 1589 0 1309183 0 976465
1789321526.659406 1313169 1070786 2873 1589 0 1309183 0 976465
1789321527.659430 1313169 1070786 2873 1589 0 1309183 0 976465
1789321528.659395 1313169 1070786 2873 1589 0 1309183 0 976465
1789321529.659425 1313169 1070786 2873 1589 0 1309183 0 976465
1789321530.659399 1313169 1070786 2873 1589 0 1309183 0 976465
1789321531.659585 1313169 1070786 2873 1589 0 1309183 0 976465
1789321532.659511 1313169 1070786 2873 1589 0 1309183 0 976465
1789321533.659411 1313169 1070786 2873 1589 0 1309183 0 976465
1789321534.659435 1313169 1070786 2873 1589 0 1309183 0 976465
1789321535.659432 1313169 1070786 2873 1589 0 1309183 0 976465
1789321536.659456 1313169 1070786 2873 1589 0 1309183 0 976465
1789321537.659448 1313169 1070786 2873 1589 0 1309183 0 976465
1789321538.659430 1313169 1070786 2873 1589 0 1309183 0 976465
1789321539.659528 1313169 1070786 2873 1589 0 1309183 0 976465
1789321540.659332 1313169 1070786 2873 1589 0 1309183 0 976465
1789321541.660751 1313169 1070786 2873 1589 0 1309183 0 976465
1789321542.659431 1313169 1070786 2873 1589 0 1309183 0 976465
1789321543.659402 1313169 1070786 2873 1589 0 1309183 0 976465
1789321544.659423 1313169 1070786 2873 1589 0 1309183 0 976465
1789321545.659398 1313169 1070786 2873 1589 0 1309183 0 976465
1789321546.659389 1313169 1070786 2873 1589 0 1309183 0 976465
1789321547.659465 1313169 1070786 2873 1589 0 1309183 0 976465
1789321548.659454 1313169 1070786 2873 1589 0 1309183 0 976465
1789321549.659467 1313169 1070786 2873 1589 0 1309183 0 976465
1789321550.659502 1313169 1070786 2873 1589 0 1309183 0 976465
1789321551.659466 1313169 1070786 2873 1589 0 1309183 0 976465
1789321552.659484 1313169 1070786 2873 1589 0 1309183 0 976465
1789321553.659468 1313169 1070786 2873 1589 0 1309183 0 976465
1789321554.659540 1313169 1070786 2873 1589 0 1309183 0 976465
1789321555.660165 1313169 1070786 2873 1589 0 1309183 0 976465
1789321556.659417 1313169 1070786 2873 1589 0 1309183 0 976465
1789321557.659482 1313169 1070786 2873 1589 0 1309183 0 976465
1789321558.659450 1313169 1070786 2873 1589 0 1309183 0 976465
1789321559.659419 1313169 1070786 2873 1589 0 1309183 0 976465
