# start_epoch=1786897744.016596  page_size=4096  cachestat=ok  fields=size,resident,shared,text,lib,data,dt,pagecache
1786897745.016880 260451 27146 7671 99 0 246458 0 1
1786897746.016798 260451 27146 7671 99 0 246458 0 1
1786897747.024180 2932277 74301 54183 99 0 258106 0 75587
1786897748.022005 2955846 98621 78494 99 0 258106 0 90828
1786897749.023714 4046111 64400 44310 99 0 258106 0 116121
1786897750.025426 3038845 110526 90434 99 0 258106 0 152944
1786897751.027751 3061698 116898 96783 99 0 258106 0 197617
1786897752.029705 3098386 165474 145371 99 0 258106 0 230460
1786897753.033010 3106946 123951 103896 99 0 258106 0 242356
1786897754.033263 3180322 204603 184546 99 0 258106 0 293938
1786897755.036518 3195782 176350 156363 99 0 258106 0 333577
1786897756.034531 3186113 155263 135269 99 0 258106 0 322494
1786897757.036310 3222801 203385 183383 99 0 258106 0 344323
1786897758.034997 3180837 103003 83111 99 0 258106 0 310715
1786897759.038949 3241998 156749 136871 99 0 258106 0 373543
1786897760.041739 3282279 223054 203176 99 0 258106 0 423044
1786897761.038483 3283958 182931 162987 99 0 258106 0 400335
1786897762.038613 3243059 77672 57741 99 0 258106 0 369855
1786897763.045350 3354401 220963 201032 99 0 258106 0 483742
1786897764.046179 3385454 257694 237763 99 0 258106 0 502034
1786897765.046879 3438767 270243 250332 99 0 258106 0 521717
1786897766.042701 3343400 182651 162727 99 0 258106 0 467224
1786897767.037941 3343400 189440 169526 99 0 258106 0 464834
1786897768.045388 3369933 140182 120289 99 0 258106 0 511096
1786897769.049197 3432460 209435 189542 99 0 258106 0 569317
1786897770.051928 3470667 295688 275795 99 0 258106 0 592073
1786897771.059456 3443729 203603 182254 99 0 280122 0 563982
1786897772.062494 3472034 252990 231633 99 0 280122 0 592674
1786897773.065932 3504884 299473 278116 99 0 280122 0 630436
1786897774.046796 3400034 119171 97846 99 0 280122 0 500610
1786897775.049523 3464927 179582 159045 99 0 280122 0 558877
1786897776.082097 3501789 196959 175916 99 0 280762 0 598530
1786897777.083250 3474192 211871 188591 99 0 283194 0 617142
1786897778.059223 3603729 284379 261127 99 0 283194 0 710743
1786897779.056924 3546686 243216 219964 99 0 283194 0 669577
1786897780.065413 3530103 204732 180787 99 0 283194 0 641030
1786897781.068148 3560569 246210 223298 99 0 284730 0 666647
1786897782.070705 3589324 290443 267498 99 0 284730 0 701324
1786897783.051731 3457428 62575 39658 99 0 284730 0 585053
1786897784.054719 3512609 120067 97150 99 0 284730 0 637959
1786897785.057363 3557502 205509 182592 99 0 284730 0 681044
1786897786.095880 3604341 223599 199907 99 0 284730 0 733938
1786897787.057305 3641059 284793 260971 99 0 284730 0 739412
1786897788.059571 3633150 274826 251032 99 0 284730 0 753543
1786897789.058499 3609803 162678 138932 99 0 284730 0 702647
1786897790.059655 3637470 217758 194012 99 0 284730 0 725668
1786897791.102861 3599686 178317 154610 99 0 284730 0 728993
1786897792.074355 3653293 252883 226185 99 0 286522 0 748966
1786897793.058462 3667257 310417 284476 99 0 286522 0 762492
1786897794.064592 3651947 198184 173559 99 0 286522 0 752070
1786897795.064320 3682782 200794 176168 99 0 286522 0 802122
1786897796.064178 3765975 271448 250180 99 0 286522 0 829803
1786897797.079813 3705389 241763 219745 99 0 286522 0 813635
1786897798.065923 3728206 294289 271152 99 0 286522 0 845250
1786897799.068144 3745866 328754 305616 99 0 286522 0 856495
1786897800.060486 3637765 99573 77621 99 0 286522 0 743574
1786897801.062528 3696008 175626 153864 99 0 286522 0 786187
1786897802.113021 3735023 203635 181141 99 0 286522 0 846016
1786897803.081281 3771744 267912 244299 99 0 286522 0 878242
1786897804.068073 3774081 275014 251438 99 0 286522 0 869927
1786897805.065791 3725847 134450 110939 99 0 286522 0 825154
1786897806.068262 3746683 205006 181495 99 0 286522 0 870583
1786897807.080116 3796427 269820 244643 99 0 286522 0 926962
1786897808.084524 3813267 241376 216177 99 0 286522 0 909238
1786897809.089595 3835483 292104 266901 99 0 286522 0 944392
1786897810.096770 3835483 336008 310706 99 0 286522 0 948568
1786897811.084727 3950822 323555 298248 99 0 286522 0 1057040
1786897812.084590 4041516 439024 413405 99 0 286522 0 1141601
1786897813.107514 4128339 559602 533983 99 0 286522 0 1243492
1786897814.079780 4045468 410333 387205 99 0 286522 0 1058020
1786897815.089687 3883784 287867 264713 99 0 286522 0 976553
1786897816.090388 3857851 293120 269963 99 0 286522 0 961045
1786897817.097053 3895258 334932 311780 99 0 286522 0 1021103
1786897818.092276 3979705 325669 302562 99 0 286522 0 1073086
1786897819.072013 3808188 150345 127238 99 0 286522 0 927131
1786897820.075119 3847755 191171 168061 99 0 286522 0 977878
1786897821.136705 3886696 254215 231088 99 0 286522 0 1002678
1786897822.089241 3923212 266228 243097 99 0 286522 0 1018978
1786897823.092440 3942792 309849 286716 99 0 286522 0 1054824
1786897824.081114 4012191 327074 303956 99 0 286522 0 1147851
1786897825.081521 3957743 226681 203626 99 0 286522 0 1052150
1786897826.098941 3963407 255183 233236 99 0 286522 0 1069221
1786897827.099349 3942408 254003 232113 99 0 286522 0 1058314
1786897828.099719 3993479 309582 286446 99 0 286522 0 1069907
1786897829.079228 3994703 342200 319124 99 0 286522 0 1116759
1786897830.075885 3872335 104309 81282 99 0 286522 0 991922
1786897831.079105 3936140 180888 157861 99 0 286522 0 1044297
1786897832.083207 3999585 246744 223754 99 0 286522 0 1113517
1786897833.099009 4002602 256680 233654 99 0 286522 0 1099553
1786897834.101695 4008520 270359 247329 99 0 286522 0 1107955
1786897835.089403 4064247 279240 256275 99 0 286522 0 1204655
1786897836.080810 3991757 176293 153326 99 0 286522 0 1073415
1786897837.091071 4003133 202860 179916 99 0 286522 0 1105015
1786897838.092496 4021854 229757 208549 99 0 286522 0 1115226
1786897839.098674 4021854 271929 248858 99 0 286522 0 1133355
1786897840.086558 4097154 261412 238324 99 0 286522 0 1209123
1786897841.083068 4044990 208720 185631 99 0 286522 0 1145058
1786897842.085105 4065492 221375 198286 99 0 286522 0 1150707
1786897843.080021 4053138 224217 198608 99 0 286522 0 1149406
1786897844.109336 4072648 276443 250831 99 0 286522 0 1194894
1786897845.089129 4092649 312105 286492 99 0 286522 0 1213513
1786897846.086612 4043079 130463 107226 99 0 286522 0 1122965
1786897847.084588 4067278 159926 136728 99 0 286522 0 1145855
1786897848.084094 4057725 183335 160324 99 0 286522 0 1135772
1786897849.084578 4033528 170896 145258 99 0 290618 0 1138347
1786897850.084761 4051582 220862 196351 99 0 290618 0 1137924
1786897851.081210 3995453 95550 71200 99 0 290618 0 1086229
1786897852.081363 3999623 143001 119100 99 0 290618 0 1088947
1786897853.079883 3970324 115285 90260 99 0 290618 0 1065038
1786897854.081782 4004549 229390 205056 99 0 290618 0 1096596
1786897855.083285 4030829 351293 328659 99 0 290618 0 1125274
1786897856.091568 4205382 345942 322187 99 0 290618 0 1262183
1786897857.076581 3946816 108650 84104 99 0 292410 0 1038246
1786897858.076769 3931968 105905 82643 99 0 292410 0 1023684
1786897859.078531 3951512 181494 158222 99 0 292410 0 1068526
1786897860.081394 3982112 256447 232111 99 0 292410 0 1088765
1786897861.085479 4021919 324254 301028 99 0 292410 0 1137760
1786897862.085682 4055499 388394 365349 99 0 292410 0 1155619
1786897863.084855 4055499 452872 429793 99 0 292410 0 1167344
1786897864.087139 4095749 523920 498811 99 0 292410 0 1213520
1786897865.074450 3857753 121158 97167 99 0 292410 0 965855
1786897866.075022 3891646 182238 158241 99 0 292410 0 986481
1786897867.074301 3925864 203590 178975 99 0 292410 0 1009527
1786897868.076365 3936604 268338 243717 99 0 292410 0 1020298
1786897869.078194 3962092 318892 295398 99 0 292410 0 1050258
1786897870.080158 3990954 383979 359344 99 0 292410 0 1076700
1786897871.079553 3990954 453345 429418 99 0 292410 0 1074737
1786897872.082600 4025024 521884 497302 99 0 292410 0 1125728
1786897873.086685 4077418 591924 567322 99 0 292410 0 1176959
1786897874.087471 4097680 650370 625757 99 0 292410 0 1190304
1786897875.066907 3995950 348314 326724 99 0 292410 0 1080995
1786897876.064192 3719971 97924 73423 99 0 292410 0 822515
1786897877.054764 3705372 48769 24195 99 0 292410 0 792119
1786897878.055409 3742368 95231 60083 99 0 329402 0 832064
1786897879.053977 3759264 97211 60131 99 0 346298 0 838082
1786897880.052857 3759264 123375 91171 99 0 346298 0 819022
1786897881.066458 3814875 165844 128504 99 0 346298 0 834353
1786897882.054423 3759264 142093 111299 99 0 346298 0 782459
1786897883.068943 3779861 170668 137262 99 0 346298 0 800799
1786897884.053110 3664786 61948 32933 99 0 346298 0 707272
1786897885.049184 3667474 104675 61685 99 0 348986 0 737591
1786897886.049559 3670034 99330 61685 99 0 351546 0 743599
1786897887.049561 3670034 133086 100309 99 0 351546 0 734909
1786897888.066477 3725645 185440 148138 99 0 351546 0 741784
1786897889.050937 3670034 151083 121445 99 0 351546 0 699657
1786897890.073778 3690370 178199 144795 99 0 351546 0 707939
1786897891.047749 3575632 76591 43939 99 0 351546 0 625651
1786897892.058741 3631243 116950 75272 99 0 351546 0 644574
1786897893.042975 3578704 98381 64995 99 0 354618 0 590477
1786897894.050613 3586245 153700 117896 99 0 354618 0 643196
1786897895.047507 3578704 152006 110355 99 0 354618 0 649052
1786897896.043555 3578704 165757 127763 99 0 354618 0 608183
1786897897.043924 3578704 164841 127763 99 0 354618 0 614309
1786897898.041127 3484090 91261 55165 99 0 354618 0 544290
1786897899.072232 3539701 136987 99506 99 0 354618 0 552509
1786897900.039305 3484090 105751 75437 99 0 354618 0 507978
1786897901.040891 3484730 151967 111869 99 0 355258 0 548587
1786897902.041188 3484730 148487 111869 99 0 355258 0 554512
1786897903.077186 3496360 159077 127425 99 0 355258 0 507189
1786897904.036262 3397058 72979 40677 99 0 355258 0 435212
1786897905.037078 3397058 113814 66229 99 0 355258 0 460919
1786897906.037563 3465503 131385 99182 99 0 355258 0 466211
1786897907.037325 3397058 145186 108365 99 0 355258 0 463145
1786897908.072232 3452669 202752 161902 99 0 355258 0 466254
1786897909.047008 3406138 155561 121944 99 0 355258 0 414870
1786897910.035040 3310924 68929 35335 99 0 355258 0 339479
1786897911.033387 3310924 109595 67558 99 0 355258 0 374790
1786897912.034670 3310924 108438 67558 99 0 355258 0 380826
1786897913.033202 3310924 138718 101814 99 0 355258 0 365832
1786897914.041759 3366535 181834 143129 99 0 355258 0 377825
1786897915.034578 3310924 153407 122534 99 0 355258 0 330076
1786897916.054702 3327124 175857 143694 99 0 355258 0 340798
1786897917.031992 3220031 85885 52601 99 0 355258 0 270019
1786897918.040998 3275642 129744 88365 99 0 355258 0 286062
1786897919.027491 3220031 107477 73273 99 0 355258 0 234316
1786897920.029723 3220031 152788 116121 99 0 355258 0 283904
1786897921.029802 3220031 157165 116121 99 0 355258 0 289784
1786897922.028096 3220031 175169 137481 99 0 355258 0 253530
1786897923.028406 3220031 175678 137481 99 0 355258 0 259470
1786897924.035181 3129693 70868 38751 99 0 355258 0 142186
1786897925.022741 3123090 76108 45819 99 0 359354 0 127260
1786897926.022557 3123090 105116 74827 99 0 359354 0 127260
1786897927.022571 3123090 134364 104075 99 0 359354 0 127260
1786897928.022690 3123090 164780 134491 99 0 359354 0 127260
1786897929.022594 3123090 164780 134491 99 0 359354 0 127260
1786897930.022694 3123090 164780 134491 99 0 359354 0 127260
1786897931.022566 3127187 164769 134491 99 0 363450 0 127260
1786897932.022624 3127187 164769 134491 99 0 363450 0 127260
1786897933.022701 3127187 164769 134491 99 0 363450 0 127260
1786897934.022529 3127187 164769 134491 99 0 363450 0 127260
1786897935.022709 3127187 164769 134491 99 0 363450 0 127260
1786897936.022527 3131284 164740 134491 99 0 367546 0 127260
1786897937.022621 3131284 164740 134491 99 0 367546 0 127260
1786897938.022484 3131284 164740 134491 99 0 367546 0 127260
1786897939.022606 3131284 164740 134491 99 0 367546 0 127260
1786897940.022852 3131284 164740 134491 99 0 367546 0 127260
1786897941.022730 3131284 164740 134491 99 0 367546 0 127260
1786897942.022706 3135381 164741 134491 99 0 371642 0 127260
1786897943.022661 3135381 164741 134491 99 0 371642 0 127260
1786897944.022983 3135381 164741 134491 99 0 371642 0 127260
1786897945.022581 3135381 164741 134491 99 0 371642 0 127260
1786897946.022610 3135381 164741 134491 99 0 371642 0 127260
1786897947.022495 3135381 164741 134491 99 0 371642 0 127260
1786897948.022761 3135381 164741 134491 99 0 371642 0 127260
1786897949.022674 3135381 164741 134491 99 0 371642 0 127260
1786897950.022749 3135381 164741 134491 99 0 371642 0 127260
1786897951.022704 3135381 164741 134491 99 0 371642 0 127260
1786897952.022521 3135381 164741 134491 99 0 371642 0 127260
1786897953.022682 3135381 164741 134491 99 0 371642 0 127260
1786897954.022642 3135381 164741 134491 99 0 371642 0 127260
1786897955.022719 3135381 164741 134491 99 0 371642 0 127260
1786897956.022750 3135381 164741 134491 99 0 371642 0 127260
1786897957.022549 3135381 164741 134491 99 0 371642 0 127260
1786897958.022767 3135381 164741 134491 99 0 371642 0 127260
1786897959.022685 3135381 164741 134491 99 0 371642 0 127260
1786897960.022545 3135381 164741 134491 99 0 371642 0 127260
1786897961.022624 3135381 164741 134491 99 0 371642 0 127260
1786897962.022620 3135381 164741 134491 99 0 371642 0 127260
1786897963.022764 3135381 164741 134491 99 0 371642 0 127260
1786897964.022749 3135381 164741 134491 99 0 371642 0 127260
1786897965.022712 3135381 164741 134491 99 0 371642 0 127260
1786897966.022562 3135381 164741 134491 99 0 371642 0 127260
1786897967.022581 3135381 164741 134491 99 0 371642 0 127260
1786897968.022657 3135381 164741 134491 99 0 371642 0 127260
1786897969.022595 3135381 164741 134491 99 0 371642 0 127260
1786897970.022806 3135381 164741 134491 99 0 371642 0 127260
1786897971.022723 3135381 164741 134491 99 0 371642 0 127260
1786897972.022701 3135381 164741 134491 99 0 371642 0 127260
1786897973.022670 3135381 164741 134491 99 0 371642 0 127260
1786897974.022666 3135381 164741 134491 99 0 371642 0 127260
1786897975.022621 3135381 164741 134491 99 0 371642 0 127260
1786897976.022638 3135381 164741 134491 99 0 371642 0 127260
1786897977.022576 3135381 164741 134491 99 0 371642 0 127260
1786897978.022763 3135381 164741 134491 99 0 371642 0 127260
1786897979.022739 3135381 164741 134491 99 0 371642 0 127260
1786897980.022718 3135381 164741 134491 99 0 371642 0 127260
1786897981.022719 3135381 164741 134491 99 0 371642 0 127260
1786897982.022664 3135381 164741 134491 99 0 371642 0 127260
1786897983.022633 3135381 164741 134491 99 0 371642 0 127260
1786897984.022512 3135381 164741 134491 99 0 371642 0 127260
1786897985.022627 3135381 164741 134491 99 0 371642 0 127260
1786897986.022750 3135381 164741 134491 99 0 371642 0 127260
1786897987.022729 3135381 164741 134491 99 0 371642 0 127260
1786897988.022532 3135381 164741 134491 99 0 371642 0 127260
1786897989.022684 3135381 164741 134491 99 0 371642 0 127260
1786897990.022607 3135381 164741 134491 99 0 371642 0 127260
1786897991.022629 3135381 164741 134491 99 0 371642 0 127260
1786897992.022504 3135381 164741 134491 99 0 371642 0 127260
1786897993.022774 3135381 164741 134491 99 0 371642 0 127260
1786897994.022770 3135381 164741 134491 99 0 371642 0 127260
1786897995.022685 3135381 164735 134491 99 0 371642 0 127260
1786897996.022692 3135381 164735 134491 99 0 371642 0 127260
