# start_epoch=1786837252.447530  page_size=4096  cachestat=ok  fields=size,resident,shared,text,lib,data,dt,pagecache
1786837253.447816 262499 27648 7661 99 0 248506 0 1
1786837254.447739 262499 27648 7661 99 0 248506 0 1
1786837255.455762 3005346 130863 107359 99 0 277562 0 131277
1786837256.459689 3062669 146643 120256 99 0 280634 0 167200
1786837257.459113 3097329 145364 119667 99 0 280634 0 183891
1786837258.462696 4196161 174201 148504 99 0 280634 0 256578
1786837259.463143 3149325 148305 122572 99 0 280634 0 247481
1786837260.463846 3203318 180742 155464 99 0 280634 0 321249
1786837261.467893 3201354 154169 128891 99 0 280634 0 324319
1786837262.464766 3293017 209307 184029 99 0 280634 0 340253
1786837263.472395 4356095 195961 170674 99 0 280634 0 395563
1786837264.471703 3288093 146729 122904 99 0 280634 0 387327
1786837265.469730 3342095 181358 155723 99 0 280634 0 455172
1786837266.476349 3340170 152843 127200 99 0 280634 0 456852
1786837267.471758 3434779 219119 195807 99 0 280634 0 478980
1786837268.481427 4494802 189746 164191 99 0 280634 0 534569
1786837269.480881 3426835 148569 122992 99 0 280634 0 528168
1786837270.477778 3480839 181413 155972 99 0 280634 0 601473
1786837271.485515 3478969 153915 129590 99 0 280634 0 605083
1786837272.485551 3529057 155305 129912 99 0 280634 0 602518
1786837273.481392 3567512 181201 155794 99 0 280634 0 677496
1786837274.490260 3565588 148958 125729 99 0 280634 0 678138
1786837275.482873 3619506 181372 156165 99 0 280634 0 724326
1786837276.493921 3617633 152529 130190 99 0 280634 0 746813
1786837277.489461 3688864 191497 166560 99 0 280634 0 738179
1786837278.492915 3706209 180890 155949 99 0 280634 0 810236
1786837279.498319 3704280 150155 125213 99 0 280634 0 815467
1786837280.497507 3775600 193525 168581 99 0 280634 0 867777
1786837281.503008 3756382 156503 131031 99 0 280634 0 889100
1786837282.502977 3791043 147107 121631 99 0 280634 0 886505
1786837283.495620 3844942 181760 156284 99 0 280634 0 961365
1786837284.508024 3843069 152525 128312 99 0 280634 0 965421
1786837285.496610 3937616 212185 188920 99 0 280634 0 978041
1786837286.505208 4976637 170722 146801 99 0 280634 0 1015505
1786837287.512614 3929884 150057 124999 99 0 280634 0 1038721
1786837288.503627 3983828 181845 156778 99 0 280634 0 1091577
1786837289.516973 3981874 155261 130191 99 0 280634 0 1112880
1786837290.517313 4016543 144933 121656 99 0 280634 0 1113121
1786837291.506417 4070536 181807 156641 99 0 280634 0 1188660
1786837292.521376 4068592 154163 128728 99 0 280634 0 1192953
1786837293.512173 4163129 215350 189907 99 0 280634 0 1189472
1786837294.517572 4120618 159456 134010 99 0 280634 0 1223700
1786837295.526293 4155303 150585 125138 99 0 280634 0 1267472
1786837296.515552 4209241 180084 157060 99 0 280634 0 1314497
1786837297.509518 4189005 122155 97205 99 0 284730 0 1285535
1786837298.512384 4172793 86068 60594 99 0 287802 0 1298551
1786837299.509401 4146047 60431 34931 99 0 287802 0 1226028
1786837300.507483 4146047 99920 74420 99 0 287802 0 1246073
1786837301.508829 4146047 134477 108977 99 0 287802 0 1271768
1786837302.506482 4146047 159250 133750 99 0 287802 0 1225683
1786837303.507564 4146047 199380 173575 99 0 287802 0 1246112
1786837304.508737 4146047 233928 208123 99 0 287802 0 1268974
1786837305.506320 4146047 256796 232927 99 0 287802 0 1221029
1786837306.507541 4146047 296762 271227 99 0 287802 0 1244101
1786837307.508630 4146047 332843 307274 99 0 287802 0 1267719
1786837308.506383 4146047 357664 332080 99 0 287802 0 1221026
1786837309.507457 4146047 394788 369977 99 0 287802 0 1243590
1786837310.508784 4146047 431453 406450 99 0 287802 0 1268658
1786837311.515735 4336894 223819 200464 99 0 287802 0 1411861
1786837312.509512 4146042 63139 39774 99 0 287802 0 1228261
1786837313.507592 4146042 104645 79172 99 0 287802 0 1248160
1786837314.508189 4170867 130325 108903 99 0 287802 0 1250560
1786837315.506591 4146042 159276 137785 99 0 287802 0 1226764
1786837316.507301 4146042 199848 176546 99 0 287802 0 1245687
1786837317.508645 4146042 231228 207926 99 0 287802 0 1269725
1786837318.506289 4146042 255711 234462 99 0 287802 0 1223367
1786837319.507186 4146042 295991 272915 99 0 287802 0 1241922
1786837320.508353 4146042 330221 307100 99 0 287802 0 1264030
1786837321.506216 4146042 355047 331903 99 0 287802 0 1221027
1786837322.507630 4146042 394378 371234 99 0 287802 0 1240755
1786837323.508832 4146042 429470 406281 99 0 287802 0 1262210
1786837324.513030 4319445 206066 182877 99 0 287802 0 1359755
1786837325.507442 4146036 64157 40535 99 0 287802 0 1231128
1786837326.507560 4146036 106509 79689 99 0 287802 0 1250679
1786837327.508377 4170861 140020 116697 99 0 287802 0 1250579
1786837328.506639 4146036 162608 137731 99 0 287802 0 1228539
1786837329.507561 4146036 204175 177250 99 0 287802 0 1248486
1786837330.507866 4146036 232657 207780 99 0 287802 0 1250584
1786837331.506585 4146036 261076 236187 99 0 287802 0 1227594
1786837332.507700 4146036 302950 276008 99 0 287802 0 1247979
1786837333.509169 4146036 329998 306949 99 0 287802 0 1275042
1786837334.506512 4146036 359877 334966 99 0 287802 0 1227013
1786837335.507273 4146031 36608 13389 99 0 287802 0 1229418
1786837336.566486 4220129 79677 48094 99 0 332602 0 1253905
1786837337.507900 4190836 85647 56304 99 0 332602 0 1253914
1786837338.517878 4223201 119673 87297 99 0 335674 0 1256209
1786837339.507705 4193908 116781 83852 99 0 335674 0 1250342
1786837340.508309 4193908 117150 83852 99 0 335674 0 1254718
1786837341.603575 4223201 145047 111650 99 0 335674 0 1251718
1786837342.506124 4193908 144711 116655 99 0 335674 0 1234814
1786837343.602984 4223201 182348 150048 99 0 335674 0 1254453
1786837344.507714 4193908 185511 156262 99 0 335674 0 1250346
1786837345.508755 4193908 191544 158262 99 0 335674 0 1256234
1786837346.507582 4193908 216857 183062 99 0 335674 0 1250348
1786837347.508427 4232695 246943 219051 99 0 335674 0 1221180
1786837348.532613 4223201 246870 215056 99 0 335674 0 1252163
1786837349.511141 4193908 248273 220275 99 0 335674 0 1240783
1786837350.606255 4223201 286460 253668 99 0 335674 0 1255406
1786837351.507672 4193908 285735 257456 99 0 335674 0 1250352
1786837352.510366 4193908 290347 257456 99 0 335674 0 1256282
1786837353.506707 4193908 315688 282262 99 0 335674 0 1250353
1786837354.506283 4193908 311805 284229 99 0 335674 0 1226589
1786837355.528323 4223201 349682 317718 99 0 335674 0 1252770
1786837356.507626 4193908 352586 323917 99 0 335674 0 1246755
1786837357.528084 4223201 390174 357134 99 0 335674 0 1255752
1786837358.510600 4193908 390215 356670 99 0 335674 0 1250357
1786837359.507969 4193908 388639 356670 99 0 335674 0 1256323
1786837360.519205 4193908 417148 381464 99 0 335674 0 1250358
1786837361.506705 4193908 416275 387467 99 0 335674 0 1232195
1786837362.536705 4223201 454287 421132 99 0 335674 0 1253712
1786837363.507381 4193908 454065 425296 99 0 335674 0 1243545
1786837364.507709 4193908 458294 425296 99 0 335674 0 1247385
1786837365.493484 3879810 79089 40941 99 0 339514 0 932427
1786837366.493163 3882370 80083 40941 99 0 342074 0 937948
1786837367.564742 3914735 109708 68978 99 0 345146 0 934131
1786837368.492192 3885442 112230 77444 99 0 345146 0 922315
1786837369.513371 3914735 151809 112594 99 0 345146 0 937308
1786837370.492540 3885442 148951 115341 99 0 345146 0 932431
1786837371.492886 3885442 154139 115341 99 0 345146 0 938407
1786837372.506156 3914735 178984 140159 99 0 345146 0 932890
1786837373.491973 3885442 184604 149082 99 0 345146 0 918623
1786837374.508337 3914735 224163 184264 99 0 345146 0 936730
1786837375.492874 3885442 223776 189732 99 0 345146 0 932435
1786837376.495563 3885442 229202 189732 99 0 345146 0 938387
1786837377.492661 3885442 256255 214535 99 0 345146 0 932436
1786837378.492344 3885442 256161 221795 99 0 345146 0 916357
1786837379.538519 3914735 296188 256913 99 0 345146 0 936724
1786837380.492616 3885442 299043 264133 99 0 345146 0 932439
1786837381.492871 3885442 302553 264133 99 0 345146 0 938379
1786837382.492852 3885442 328144 288928 99 0 345146 0 932440
1786837383.491949 3885442 328199 294804 99 0 345146 0 914473
1786837384.516104 3914735 369442 329842 99 0 345146 0 936168
1786837385.496062 3885442 375348 338289 99 0 345146 0 932443
1786837386.495471 3885442 376563 338529 99 0 345146 0 938369
1786837387.492957 3885442 402730 363335 99 0 345146 0 932444
1786837388.491588 3885442 401313 367750 99 0 345146 0 912451
1786837389.562508 3914735 441068 402996 99 0 345146 0 936484
1786837390.492590 3885442 448316 411654 99 0 345146 0 932447
1786837391.493036 3885442 451171 412934 99 0 345146 0 938367
1786837392.539745 3907818 472745 434621 99 0 345146 0 927008
1786837393.480588 3661021 150236 116230 99 0 345146 0 678736
1786837394.526434 3596876 91859 53052 99 0 345146 0 615591
1786837395.476945 3567583 95070 60230 99 0 345146 0 602465
1786837396.486717 3596876 133599 93937 99 0 345146 0 618820
1786837397.477536 3567583 131928 97188 99 0 345146 0 614595
1786837398.477814 3567583 134231 97188 99 0 345146 0 620527
1786837399.478075 3567583 162646 121996 99 0 345146 0 614597
1786837400.476390 3567583 156053 126701 99 0 345146 0 591681
1786837401.499735 3596876 193504 160680 99 0 345146 0 617298
1786837402.477441 3567583 197200 168055 99 0 345146 0 614110
1786837403.484644 3596876 223904 192058 99 0 345146 0 620397
1786837404.477537 3567583 230329 196394 99 0 345146 0 614601
1786837405.482230 3573105 230008 201812 99 0 345146 0 620122
1786837406.520276 3596876 259467 226659 99 0 345146 0 615602
1786837407.477036 3567583 262413 235407 99 0 345146 0 604582
1786837408.528185 3596876 302702 270762 99 0 345146 0 619499
1786837409.477532 3567583 304066 270794 99 0 345146 0 614604
1786837410.477900 3567583 303324 270794 99 0 345146 0 620588
1786837411.492816 3596876 333151 299081 99 0 345146 0 615234
1786837412.476993 3567583 335061 307960 99 0 345146 0 602074
1786837413.493580 3596876 375176 343187 99 0 345146 0 619091
1786837414.477533 3567583 378199 345195 99 0 345146 0 614608
1786837415.477843 3567583 377701 345195 99 0 345146 0 620574
1786837416.524376 3596876 405779 371745 99 0 345146 0 614870
1786837417.476788 3567583 408487 380390 99 0 345146 0 599412
1786837418.495687 3596876 447729 415583 99 0 345146 0 618685
1786837419.476997 3567583 443176 410708 99 0 345146 0 604145
1786837420.470412 3444927 229506 202137 99 0 345146 0 462665
1786837421.462062 3275889 102946 75627 99 0 349242 0 289531
1786837422.462141 3275889 158142 130823 99 0 349242 0 289531
1786837423.462064 3275889 211687 184368 99 0 349242 0 289531
1786837424.462143 3275889 266653 239334 99 0 349242 0 289531
1786837425.462004 3275889 320791 293472 99 0 349242 0 289531
1786837426.462090 3279986 325625 297392 99 0 353338 0 289531
1786837427.462069 3279986 325625 297392 99 0 353338 0 289531
1786837428.462035 3279986 325625 297392 99 0 353338 0 289531
1786837429.462050 3279986 325625 297392 99 0 353338 0 289531
1786837430.462063 3284083 325550 297392 99 0 357434 0 289531
1786837431.462079 3284083 325550 297392 99 0 357434 0 289531
1786837432.462175 3284083 325550 297392 99 0 357434 0 289531
1786837433.462069 3284083 325550 297392 99 0 357434 0 289531
1786837434.462062 3284083 325550 297392 99 0 357434 0 289531
1786837435.462072 3288180 325486 297392 99 0 361530 0 289531
1786837436.462110 3288180 326118 297392 99 0 361530 0 289531
1786837437.462246 3288180 326118 297392 99 0 361530 0 289531
1786837438.462085 3288180 326118 297392 99 0 361530 0 289531
1786837439.462073 3288180 326118 297392 99 0 361530 0 289531
1786837440.462028 3288180 326118 297392 99 0 361530 0 289531
1786837441.462075 3288180 326118 297392 99 0 361530 0 289531
1786837442.462089 3288180 326118 297392 99 0 361530 0 289531
1786837443.462083 3288180 326118 297392 99 0 361530 0 289531
1786837444.462066 3288180 326118 297392 99 0 361530 0 289531
1786837445.462075 3288180 326118 297392 99 0 361530 0 289531
1786837446.462116 3288180 326177 297392 99 0 361530 0 289531
1786837447.462044 3288180 326177 297392 99 0 361530 0 289531
1786837448.462087 3288180 326177 297392 99 0 361530 0 289531
1786837449.462035 3288180 326177 297392 99 0 361530 0 289531
1786837450.462041 3288180 326177 297392 99 0 361530 0 289531
1786837451.462044 3288180 326177 297392 99 0 361530 0 289531
1786837452.462034 3288180 326177 297392 99 0 361530 0 289531
1786837453.462077 3288180 326177 297392 99 0 361530 0 289531
1786837454.462040 3288180 326177 297392 99 0 361530 0 289531
1786837455.462026 3288180 326177 297392 99 0 361530 0 289531
1786837456.462072 3288180 326177 297392 99 0 361530 0 289531
1786837457.462078 3288180 326177 297392 99 0 361530 0 289531
1786837458.462146 3288180 326177 297392 99 0 361530 0 289531
1786837459.462028 3288180 326177 297392 99 0 361530 0 289531
1786837460.462016 3288180 326177 297392 99 0 361530 0 289531
1786837461.462080 3288180 326177 297392 99 0 361530 0 289531
1786837462.462061 3288180 326177 297392 99 0 361530 0 289531
1786837463.462105 3288180 326177 297392 99 0 361530 0 289531
1786837464.462058 3288180 326177 297392 99 0 361530 0 289531
1786837465.462073 3288180 326177 297392 99 0 361530 0 289531
1786837466.462041 3288180 326177 297392 99 0 361530 0 289531
1786837467.462098 3288180 326177 297392 99 0 361530 0 289531
1786837468.462082 3288180 326177 297392 99 0 361530 0 289531
1786837469.462054 3288180 326177 297392 99 0 361530 0 289531
1786837470.462064 3288180 326177 297392 99 0 361530 0 289531
1786837471.462053 3288180 326177 297392 99 0 361530 0 289531
1786837472.462072 3288180 326177 297392 99 0 361530 0 289531
1786837473.462045 3288180 326177 297392 99 0 361530 0 289531
1786837474.462071 3288180 326177 297392 99 0 361530 0 289531
1786837475.462059 3288180 326177 297392 99 0 361530 0 289531
1786837476.462058 3288180 326177 297392 99 0 361530 0 289531
1786837477.462064 3288180 326177 297392 99 0 361530 0 289531
1786837478.462048 3288180 326177 297392 99 0 361530 0 289531
1786837479.462103 3288180 326177 297392 99 0 361530 0 289531
1786837480.462061 3288180 326177 297392 99 0 361530 0 289531
1786837481.462036 3288180 326177 297392 99 0 361530 0 289531
1786837482.462072 3288180 326177 297392 99 0 361530 0 289531
1786837483.462040 3288180 326177 297392 99 0 361530 0 289531
1786837484.462073 3288180 326177 297392 99 0 361530 0 289531
1786837485.462073 3288180 326177 297392 99 0 361530 0 289531
1786837486.462061 3288180 326177 297392 99 0 361530 0 289531
1786837487.462013 3288180 326177 297392 99 0 361530 0 289531
1786837488.462066 3288180 326177 297392 99 0 361530 0 289531
1786837489.462068 3288180 326177 297392 99 0 361530 0 289531
1786837490.462071 3288180 326177 297392 99 0 361530 0 289531
1786837491.462083 3288180 326177 297392 99 0 361530 0 289531
1786837492.462064 3288180 326177 297392 99 0 361530 0 289531
1786837493.462028 3288180 326177 297392 99 0 361530 0 289531
1786837494.462043 3288180 326177 297392 99 0 361530 0 289531
1786837495.462057 3288180 326177 297392 99 0 361530 0 289531
1786837496.462064 3288180 326177 297392 99 0 361530 0 289531
1786837497.462086 3288180 326177 297392 99 0 361530 0 289531
1786837498.462106 3288180 326177 297392 99 0 361530 0 289531
1786837499.462101 3288180 326177 297392 99 0 361530 0 289531
1786837500.462035 3288180 326177 297392 99 0 361530 0 289531
1786837501.461982 3288180 326177 297392 99 0 361530 0 289531
1786837502.462106 3288180 326177 297392 99 0 361530 0 289531
1786837503.462094 3288180 326177 297392 99 0 361530 0 289531
1786837504.462109 3288180 326177 297392 99 0 361530 0 289531
1786837505.462043 3288180 326177 297392 99 0 361530 0 289531
1786837506.462086 3288180 326177 297392 99 0 361530 0 289531
1786837507.462076 3288180 326169 297392 99 0 361530 0 289531
1786837508.462051 3288180 326169 297392 99 0 361530 0 289531
