# start_epoch=1786848185.048122  page_size=4096  cachestat=ok  fields=size,resident,shared,text,lib,data,dt,pagecache
1786848186.053366 71564 34598 2801 1589 0 67583 0 82544
1786848187.056387 72332 39219 2802 1589 0 68351 0 134316
1786848188.057496 72332 35522 2802 1589 0 68351 0 156207
1786848189.059115 73228 42161 2850 1589 0 69247 0 163030
1786848190.059432 73228 36557 2850 1589 0 69247 0 184666
1786848191.061483 73228 39990 2850 1589 0 69247 0 218751
1786848192.061877 73228 45382 2850 1589 0 69247 0 225890
1786848193.063275 73228 42156 2850 1589 0 69247 0 248038
1786848194.065224 73228 42848 2850 1589 0 69247 0 281472
1786848195.066511 74252 45773 2850 1589 0 70271 0 303405
1786848196.066030 74252 32476 2850 1589 0 70271 0 295033
1786848197.064127 74252 47325 2850 1589 0 70271 0 325658
1786848198.070068 74252 41776 2850 1589 0 70271 0 356154
1786848199.070496 75532 39566 2850 1589 0 71551 0 369255
1786848200.072662 75532 43242 2850 1589 0 71551 0 403918
1786848201.076671 75532 40306 2850 1589 0 71551 0 411021
1786848202.076324 75532 42475 2850 1589 0 71551 0 432187
1786848203.076300 75532 39698 2850 1589 0 71551 0 454377
1786848204.078300 75532 43790 2850 1589 0 71551 0 488324
1786848205.081712 75532 49708 2850 1589 0 71551 0 496452
1786848206.080014 77068 44855 2850 1589 0 73087 0 518130
1786848207.082648 77068 47363 2850 1589 0 73087 0 552333
1786848208.081109 77068 51470 2850 1589 0 73087 0 547854
1786848209.078860 77068 48609 2850 1589 0 73087 0 574327
1786848210.084446 77068 39190 2850 1589 0 73087 0 600085
1786848211.085739 77068 44711 2850 1589 0 73087 0 624200
1786848212.088626 77068 40107 2850 1589 0 73087 0 637864
1786848213.087966 79756 46518 2850 1589 0 75775 0 659951
1786848214.090106 79756 41936 2850 1589 0 75775 0 693641
1786848215.091258 79756 45913 2850 1589 0 75775 0 714294
1786848216.091584 79756 47343 2850 1589 0 75775 0 722422
1786848217.093777 79756 47043 2850 1589 0 75775 0 744129
1786848218.095201 79756 45636 2850 1589 0 75775 0 778302
1786848219.096585 79756 48477 2850 1589 0 75775 0 799978
1786848220.096702 79756 53921 2850 1589 0 75775 0 808363
1786848221.098882 79756 49206 2850 1589 0 75775 0 841031
1786848222.098663 81804 52030 2850 1589 0 77823 0 832146
1786848223.086544 81804 51269 2850 1589 0 77823 0 862262
1786848224.100774 81804 53585 2850 1589 0 77823 0 874320
1786848225.103201 81804 44208 2850 1589 0 77823 0 912390
1786848226.090050 85901 37895 2850 1589 0 81919 0 886269
1786848227.086725 85901 38093 2850 1589 0 81919 0 864353
1786848228.086761 88461 38795 2850 1589 0 84479 0 864353
1786848229.086802 88461 38855 2850 1589 0 84479 0 864353
1786848230.086865 88461 38888 2850 1589 0 84479 0 864354
1786848231.086669 88461 38888 2850 1589 0 84479 0 864355
1786848232.095704 88461 38888 2850 1589 0 84479 0 864355
1786848233.086608 88461 38888 2850 1589 0 84479 0 864356
1786848234.086637 88461 38456 2850 1589 0 84479 0 864356
1786848235.086462 88461 38537 2850 1589 0 84479 0 864357
1786848236.086496 88461 37828 2850 1589 0 84479 0 864358
1786848237.086822 88461 39545 2850 1589 0 84479 0 864346
1786848238.086495 88461 39545 2850 1589 0 84479 0 864346
1786848239.086496 88461 39545 2850 1589 0 84479 0 864346
1786848240.086334 88461 39545 2850 1589 0 84479 0 864347
1786848241.086592 88461 39545 2850 1589 0 84479 0 864348
1786848242.086305 88461 39545 2850 1589 0 84479 0 857749
1786848243.086791 88461 39545 2850 1589 0 84479 0 864349
1786848244.086737 88461 39545 2850 1589 0 84479 0 864349
1786848245.086438 88461 39545 2850 1589 0 84479 0 864350
1786848246.086336 88461 38006 2850 1589 0 84479 0 864338
1786848247.086463 88461 38543 2850 1589 0 84479 0 864339
1786848248.086530 88461 38543 2850 1589 0 84479 0 864339
1786848249.086367 88461 38379 2850 1589 0 84479 0 864339
1786848250.086806 88461 38149 2850 1589 0 84479 0 864340
1786848251.086824 88461 38711 2850 1589 0 84479 0 864341
1786848252.086247 88461 38712 2850 1589 0 84479 0 853116
1786848253.086647 88461 38712 2850 1589 0 84479 0 864342
1786848254.086862 88461 38712 2850 1589 0 84479 0 864342
1786848255.086742 88461 38481 2850 1589 0 84479 0 864332
1786848256.086753 88461 38691 2850 1589 0 84479 0 864333
1786848257.086820 88461 38850 2850 1589 0 84479 0 864334
1786848258.086681 88461 38850 2850 1589 0 84479 0 864334
1786848259.086474 88461 38850 2850 1589 0 84479 0 864334
1786848260.086484 88461 38423 2850 1589 0 84479 0 864335
1786848261.086603 88461 38526 2850 1589 0 84479 0 864336
1786848262.086598 88461 38526 2850 1589 0 84479 0 864337
1786848263.086434 88461 38528 2850 1589 0 84479 0 864337
1786848264.085837 125838 90402 2866 1589 0 121855 0 846299
1786848265.085707 233870 199458 2866 1589 0 229887 0 846299
1786848266.085618 362382 308514 2866 1589 0 358399 0 846299
1786848267.085763 488846 416556 2866 1589 0 484863 0 846299
1786848268.086437 574862 522541 2866 1589 0 570879 0 846299
1786848269.085657 673166 625965 2866 1589 0 669183 0 846299
1786848270.085786 795022 731437 2866 1589 0 791039 0 846299
1786848271.085860 932238 839469 2866 1589 0 928255 0 846299
1786848272.085583 1096078 946989 2866 1589 0 1092095 0 846299
1786848273.085767 1103246 1055021 2866 1589 0 1099263 0 846299
1786848274.088377 1299854 1161005 2866 1589 0 1295871 0 846299
1786848275.089659 1531790 1269037 2866 1589 0 1527807 0 846299
1786848276.085471 1539982 1376045 2866 1589 0 1535999 0 846299
1786848277.085660 1539982 1469179 2866 1589 0 1535999 0 846299
1786848278.087594 1812366 1558029 3018 1589 0 1808383 0 846299
1786848279.085633 1812366 1654141 3018 1589 0 1808383 0 846299
1786848280.085553 1816463 1685896 3018 1589 0 1812479 0 846299
1786848281.085483 1816463 1685896 3018 1589 0 1812479 0 846299
1786848282.085394 1816463 1685896 3018 1589 0 1812479 0 846299
1786848283.085597 1816463 1685896 3018 1589 0 1812479 0 846299
1786848284.085425 1816463 1685896 3018 1589 0 1812479 0 846299
1786848285.085397 1816463 1685896 3018 1589 0 1812479 0 846299
1786848286.085477 1816463 1685896 3018 1589 0 1812479 0 846299
1786848287.085501 1816463 1685896 3018 1589 0 1812479 0 846299
1786848288.085481 1816463 1685896 3018 1589 0 1812479 0 846299
1786848289.085557 1820560 1685900 3018 1589 0 1816575 0 846299
1786848290.085501 1820560 1685900 3018 1589 0 1816575 0 846299
1786848291.085556 1820560 1685900 3018 1589 0 1816575 0 846299
1786848292.093255 1820560 1685900 3018 1589 0 1816575 0 846299
1786848293.085083 1820560 1685900 3018 1589 0 1816575 0 846299
1786848294.085094 1820560 1685900 3018 1589 0 1816575 0 846299
1786848295.085124 1820560 1685900 3018 1589 0 1816575 0 846299
1786848296.085371 1820560 1685900 3018 1589 0 1816575 0 846299
1786848297.085430 1820560 1685900 3018 1589 0 1816575 0 846299
1786848298.087396 1824657 1685901 3018 1589 0 1820671 0 846299
1786848299.085286 1824657 1685901 3018 1589 0 1820671 0 846299
1786848300.085352 1824657 1685901 3018 1589 0 1820671 0 846299
1786848301.085082 1824657 1685901 3018 1589 0 1820671 0 846299
1786848302.085163 1824657 1685901 3018 1589 0 1820671 0 846299
1786848303.085150 1824657 1685901 3018 1589 0 1820671 0 846299
1786848304.085079 1824657 1685901 3018 1589 0 1820671 0 846299
1786848305.085117 1824657 1685901 3018 1589 0 1820671 0 846299
1786848306.085093 1824657 1685901 3018 1589 0 1820671 0 846299
1786848307.085198 1824657 1685901 3018 1589 0 1820671 0 846299
1786848308.085071 1824657 1685901 3018 1589 0 1820671 0 846299
1786848309.085064 1824657 1685901 3018 1589 0 1820671 0 846299
1786848310.085241 1824657 1685901 3018 1589 0 1820671 0 846299
1786848311.085450 1824657 1685901 3018 1589 0 1820671 0 846299
1786848312.085597 1824657 1685901 3018 1589 0 1820671 0 846299
1786848313.085207 1824657 1685901 3018 1589 0 1820671 0 846299
1786848314.085571 1824657 1685901 3018 1589 0 1820671 0 846299
1786848315.085510 1824657 1685901 3018 1589 0 1820671 0 846299
1786848316.085598 1824657 1685901 3018 1589 0 1820671 0 846299
1786848317.085865 1824657 1685901 3018 1589 0 1820671 0 846299
1786848318.085637 1824657 1685901 3018 1589 0 1820671 0 846299
1786848319.085533 1824657 1685901 3018 1589 0 1820671 0 846299
1786848320.085664 1824657 1685901 3018 1589 0 1820671 0 846299
1786848321.085449 1824657 1685901 3018 1589 0 1820671 0 846299
1786848322.085858 1824657 1685901 3018 1589 0 1820671 0 846299
1786848323.085731 1824657 1685901 3018 1589 0 1820671 0 846299
1786848324.085632 1824657 1685901 3018 1589 0 1820671 0 846299
1786848325.087623 1824657 1685901 3018 1589 0 1820671 0 846299
1786848326.085636 1824657 1685901 3018 1589 0 1820671 0 846299
1786848327.085475 1824657 1685901 3018 1589 0 1820671 0 846299
1786848328.085642 1824657 1685901 3018 1589 0 1820671 0 846299
1786848329.085623 1824657 1685901 3018 1589 0 1820671 0 846299
1786848330.085505 1824657 1685901 3018 1589 0 1820671 0 846299
1786848331.085593 1824657 1685901 3018 1589 0 1820671 0 846299
1786848332.085594 1824657 1685901 3018 1589 0 1820671 0 846299
1786848333.085422 1824657 1685901 3018 1589 0 1820671 0 846299
1786848334.085465 1824657 1685901 3018 1589 0 1820671 0 846299
1786848335.085420 1824657 1685901 3018 1589 0 1820671 0 846299
1786848336.085396 1824657 1685901 3018 1589 0 1820671 0 846299
1786848337.085455 1824657 1685901 3018 1589 0 1820671 0 846299
1786848338.085458 1824657 1685901 3018 1589 0 1820671 0 846299
1786848339.085481 1824657 1685901 3018 1589 0 1820671 0 846299
1786848340.085541 1824657 1685901 3018 1589 0 1820671 0 846299
1786848341.085535 1824657 1685901 3018 1589 0 1820671 0 846299
1786848342.085472 1824657 1685901 3018 1589 0 1820671 0 846299
1786848343.085486 1824657 1685901 3018 1589 0 1820671 0 846299
1786848344.085382 1824657 1685901 3018 1589 0 1820671 0 846299
1786848345.085456 1824657 1685901 3018 1589 0 1820671 0 846299
1786848346.085366 1824657 1685901 3018 1589 0 1820671 0 846299
1786848347.085457 1824657 1685901 3018 1589 0 1820671 0 846299
1786848348.085594 1824657 1685901 3018 1589 0 1820671 0 846299
1786848349.085287 1824657 1685901 3018 1589 0 1820671 0 846299
1786848350.085525 1824657 1685901 3018 1589 0 1820671 0 846299
1786848351.085783 1824657 1685901 3018 1589 0 1820671 0 846299
1786848352.085644 1824657 1685901 3018 1589 0 1820671 0 846299
1786848353.087588 1824657 1685901 3018 1589 0 1820671 0 846299
1786848354.085576 1824657 1685901 3018 1589 0 1820671 0 846299
1786848355.085836 1824657 1685901 3018 1589 0 1820671 0 846299
1786848356.085662 1824657 1685901 3018 1589 0 1820671 0 846299
1786848357.085568 1824657 1685901 3018 1589 0 1820671 0 846299
1786848358.085460 1824657 1685901 3018 1589 0 1820671 0 846299
1786848359.085255 1824657 1685901 3018 1589 0 1820671 0 846299
1786848360.085748 1824657 1685901 3018 1589 0 1820671 0 846299
1786848361.085545 1824657 1685901 3018 1589 0 1820671 0 846299
1786848362.085319 1824657 1685901 3018 1589 0 1820671 0 846299
1786848363.085469 1824657 1685901 3018 1589 0 1820671 0 846299
1786848364.085321 1824657 1685901 3018 1589 0 1820671 0 846299
1786848365.085639 1824657 1685901 3018 1589 0 1820671 0 846299
1786848366.085506 1824657 1685901 3018 1589 0 1820671 0 846299
1786848367.085692 1824657 1685901 3018 1589 0 1820671 0 846299
1786848368.085340 1824657 1685901 3018 1589 0 1820671 0 846299
1786848369.085547 1824657 1685901 3018 1589 0 1820671 0 846299
1786848370.085466 1824657 1685901 3018 1589 0 1820671 0 846299
1786848371.085288 1824657 1685901 3018 1589 0 1820671 0 846299
1786848372.085222 1824657 1685901 3018 1589 0 1820671 0 846299
1786848373.085477 1824657 1685901 3018 1589 0 1820671 0 846299
1786848374.085472 1824657 1685901 3018 1589 0 1820671 0 846299
1786848375.085553 1824657 1685901 3018 1589 0 1820671 0 846299
1786848376.085504 1824657 1685901 3018 1589 0 1820671 0 846299
1786848377.087068 1824657 1685901 3018 1589 0 1820671 0 846299
1786848378.085656 1824657 1685901 3018 1589 0 1820671 0 846299
1786848379.085644 1824657 1685901 3018 1589 0 1820671 0 846299
1786848380.085616 1824657 1685901 3018 1589 0 1820671 0 846299
1786848381.085638 1824657 1685901 3018 1589 0 1820671 0 846299
1786848382.085887 1824657 1685901 3018 1589 0 1820671 0 846299
1786848383.085596 1824657 1685901 3018 1589 0 1820671 0 846299
1786848384.085796 1824657 1685901 3018 1589 0 1820671 0 846299
1786848385.085662 1824657 1685901 3018 1589 0 1820671 0 846299
1786848386.085745 1824657 1685901 3018 1589 0 1820671 0 846299
1786848387.085687 1824657 1685901 3018 1589 0 1820671 0 846299
1786848388.085636 1824657 1685901 3018 1589 0 1820671 0 846299
1786848389.085720 1824657 1685901 3018 1589 0 1820671 0 846299
1786848390.085807 1824657 1685901 3018 1589 0 1820671 0 846299
1786848391.085811 1824657 1685901 3018 1589 0 1820671 0 846299
1786848392.085837 1824657 1685901 3018 1589 0 1820671 0 846299
1786848393.085706 1824657 1685901 3018 1589 0 1820671 0 846299
1786848394.085702 1824657 1685901 3018 1589 0 1820671 0 846299
1786848395.085660 1824657 1685901 3018 1589 0 1820671 0 846299
1786848396.085838 1824657 1685901 3018 1589 0 1820671 0 846299
1786848397.085668 1824657 1685901 3018 1589 0 1820671 0 846299
1786848398.085677 1824657 1685901 3018 1589 0 1820671 0 846299
1786848399.085837 1824657 1685901 3018 1589 0 1820671 0 846299
1786848400.085786 1824657 1685901 3018 1589 0 1820671 0 846299
1786848401.085730 1824657 1685901 3018 1589 0 1820671 0 846299
1786848402.085557 1824657 1685901 3018 1589 0 1820671 0 846299
1786848403.085482 1824657 1685901 3018 1589 0 1820671 0 846299
1786848404.085429 1824657 1685901 3018 1589 0 1820671 0 846299
1786848405.085435 1824657 1685901 3018 1589 0 1820671 0 846299
1786848406.085261 1824657 1685901 3018 1589 0 1820671 0 846299
1786848407.085533 1824657 1685901 3018 1589 0 1820671 0 846299
1786848408.085535 1824657 1685901 3018 1589 0 1820671 0 846299
1786848409.085495 1824657 1685901 3018 1589 0 1820671 0 846299
1786848410.085456 1824657 1685901 3018 1589 0 1820671 0 846299
1786848411.085413 1824657 1685901 3018 1589 0 1820671 0 846299
1786848412.085744 1824657 1685901 3018 1589 0 1820671 0 846299
1786848413.085243 1824657 1685901 3018 1589 0 1820671 0 846299
1786848414.085451 1824657 1685901 3018 1589 0 1820671 0 846299
1786848415.085254 1824657 1685901 3018 1589 0 1820671 0 846299
1786848416.085400 1824657 1685901 3018 1589 0 1820671 0 846299
1786848417.085490 1824657 1685901 3018 1589 0 1820671 0 846299
1786848418.085443 1824657 1685901 3018 1589 0 1820671 0 846299
1786848419.085450 1824657 1685901 3018 1589 0 1820671 0 846299
1786848420.085288 1824657 1685901 3018 1589 0 1820671 0 846299
1786848421.085346 1824657 1685901 3018 1589 0 1820671 0 846299
1786848422.085330 1824657 1685901 3018 1589 0 1820671 0 846299
1786848423.085352 1824657 1685901 3018 1589 0 1820671 0 846299
1786848424.085230 1824657 1685901 3018 1589 0 1820671 0 846299
1786848425.085449 1824657 1685901 3018 1589 0 1820671 0 846299
1786848426.085424 1824657 1685901 3018 1589 0 1820671 0 846299
1786848427.085382 1824657 1685901 3018 1589 0 1820671 0 846299
1786848428.085196 1824657 1685901 3018 1589 0 1820671 0 846299
1786848429.085412 1824657 1685901 3018 1589 0 1820671 0 846299
1786848430.085438 1824657 1685901 3018 1589 0 1820671 0 846299
1786848431.085353 1824657 1685901 3018 1589 0 1820671 0 846299
1786848432.085371 1824657 1685901 3018 1589 0 1820671 0 846299
1786848433.085485 1824657 1685901 3018 1589 0 1820671 0 846299
1786848434.085409 1824657 1685901 3018 1589 0 1820671 0 846299
1786848435.085430 1824657 1685901 3018 1589 0 1820671 0 846299
1786848436.085480 1824657 1685901 3018 1589 0 1820671 0 846299
1786848437.085384 1824657 1685901 3018 1589 0 1820671 0 846299
1786848438.085382 1824657 1685901 3018 1589 0 1820671 0 846299
1786848439.085380 1824657 1685901 3018 1589 0 1820671 0 846299
1786848440.085362 1824657 1685901 3018 1589 0 1820671 0 846299
1786848441.085432 1824657 1685901 3018 1589 0 1820671 0 846299
1786848442.085498 1824657 1685901 3018 1589 0 1820671 0 846299
1786848443.085466 1824657 1685901 3018 1589 0 1820671 0 846299
1786848444.085435 1824657 1685901 3018 1589 0 1820671 0 846299
1786848445.085218 1824657 1685901 3018 1589 0 1820671 0 846299
1786848446.085381 1824657 1685901 3018 1589 0 1820671 0 846299
1786848447.085244 1824657 1685901 3018 1589 0 1820671 0 846299
1786848448.085358 1824657 1685901 3018 1589 0 1820671 0 846299
1786848449.085232 1824657 1685901 3018 1589 0 1820671 0 846299
1786848450.085291 1824657 1685901 3018 1589 0 1820671 0 846299
1786848451.085447 1824657 1685901 3018 1589 0 1820671 0 846299
1786848452.085442 1824657 1685901 3018 1589 0 1820671 0 846299
1786848453.085352 1824657 1685901 3018 1589 0 1820671 0 846299
1786848454.085382 1824657 1685901 3018 1589 0 1820671 0 846299
1786848455.085353 1824657 1685901 3018 1589 0 1820671 0 846299
1786848456.085319 1824657 1685901 3018 1589 0 1820671 0 846299
1786848457.085528 1824657 1685901 3018 1589 0 1820671 0 846299
1786848458.085208 1824657 1685901 3018 1589 0 1820671 0 846299
1786848459.085500 1824657 1685901 3018 1589 0 1820671 0 846299
1786848460.085464 1824657 1685901 3018 1589 0 1820671 0 846299
1786848461.085237 1824657 1685901 3018 1589 0 1820671 0 846299
1786848462.085195 1824657 1685901 3018 1589 0 1820671 0 846299
1786848463.085587 1824657 1685901 3018 1589 0 1820671 0 846299
1786848464.085321 1824657 1685901 3018 1589 0 1820671 0 846299
1786848465.085363 1824657 1685901 3018 1589 0 1820671 0 846299
1786848466.085142 1824657 1685901 3018 1589 0 1820671 0 846299
1786848467.085440 1824657 1685901 3018 1589 0 1820671 0 846299
1786848468.085453 1824657 1685901 3018 1589 0 1820671 0 846299
1786848469.085575 1824657 1685901 3018 1589 0 1820671 0 846299
1786848470.085272 1824657 1685901 3018 1589 0 1820671 0 846299
1786848471.085376 1824657 1685901 3018 1589 0 1820671 0 846299
1786848472.085742 1824657 1685901 3018 1589 0 1820671 0 846299
1786848473.085427 1824657 1685901 3018 1589 0 1820671 0 846299
1786848474.085424 1824657 1685901 3018 1589 0 1820671 0 846299
1786848475.085230 1824657 1685901 3018 1589 0 1820671 0 846299
1786848476.085340 1824657 1685901 3018 1589 0 1820671 0 846299
1786848477.085504 1824657 1685901 3018 1589 0 1820671 0 846299
1786848478.085428 1824657 1685901 3018 1589 0 1820671 0 846299
1786848479.085383 1824657 1685901 3018 1589 0 1820671 0 846299
1786848480.085360 1824657 1685901 3018 1589 0 1820671 0 846299
1786848481.085451 1824657 1685901 3018 1589 0 1820671 0 846299
1786848482.085234 1824657 1685901 3018 1589 0 1820671 0 846299
1786848483.085348 1824657 1685901 3018 1589 0 1820671 0 846299
1786848484.085702 1824657 1685901 3018 1589 0 1820671 0 846299
1786848485.085734 1824657 1685901 3018 1589 0 1820671 0 846299
1786848486.085551 1824657 1685901 3018 1589 0 1820671 0 846299
1786848487.085573 1824657 1685901 3018 1589 0 1820671 0 846299
1786848488.085505 1824657 1685901 3018 1589 0 1820671 0 846299
1786848489.085466 1824657 1685901 3018 1589 0 1820671 0 846299
1786848490.085383 1824657 1685901 3018 1589 0 1820671 0 846299
1786848491.085387 1824657 1685901 3018 1589 0 1820671 0 846299
1786848492.085452 1824657 1685901 3018 1589 0 1820671 0 846299
1786848493.085483 1824657 1685901 3018 1589 0 1820671 0 846299
1786848494.085792 1824657 1685901 3018 1589 0 1820671 0 846299
1786848495.085824 1824657 1685901 3018 1589 0 1820671 0 846299
1786848496.085753 1824657 1685901 3018 1589 0 1820671 0 846299
1786848497.085612 1824657 1685901 3018 1589 0 1820671 0 846299
1786848498.085618 1824657 1685901 3018 1589 0 1820671 0 846299
1786848499.085602 1824657 1685901 3018 1589 0 1820671 0 846299
1786848500.085687 1824657 1685901 3018 1589 0 1820671 0 846299
1786848501.085734 1824657 1685901 3018 1589 0 1820671 0 846299
1786848502.085699 1824657 1685901 3018 1589 0 1820671 0 846299
1786848503.085848 1824657 1685901 3018 1589 0 1820671 0 846299
1786848504.085716 1824657 1685901 3018 1589 0 1820671 0 846299
1786848505.085750 1824657 1685901 3018 1589 0 1820671 0 846299
1786848506.085603 1824657 1685901 3018 1589 0 1820671 0 846299
1786848507.085606 1824657 1685901 3018 1589 0 1820671 0 846299
1786848508.085664 1824657 1685901 3018 1589 0 1820671 0 846299
1786848509.085533 1824657 1685901 3018 1589 0 1820671 0 846299
1786848510.085731 1824657 1685901 3018 1589 0 1820671 0 846299
1786848511.085723 1824657 1685901 3018 1589 0 1820671 0 846299
1786848512.085644 1824657 1685901 3018 1589 0 1820671 0 846299
1786848513.085539 1824657 1685901 3018 1589 0 1820671 0 846299
1786848514.085626 1824657 1685901 3018 1589 0 1820671 0 846299
1786848515.085531 1824657 1685901 3018 1589 0 1820671 0 846299
1786848516.085512 1824657 1685901 3018 1589 0 1820671 0 846299
1786848517.085568 1824657 1685901 3018 1589 0 1820671 0 846299
1786848518.085536 1824657 1685901 3018 1589 0 1820671 0 846299
1786848519.085694 1824657 1685901 3018 1589 0 1820671 0 846299
1786848520.085534 1824657 1685901 3018 1589 0 1820671 0 846299
1786848521.085538 1824657 1685901 3018 1589 0 1820671 0 846299
1786848522.085488 1824657 1685901 3018 1589 0 1820671 0 846299
1786848523.085409 1824657 1685901 3018 1589 0 1820671 0 846299
1786848524.085458 1824657 1685901 3018 1589 0 1820671 0 846299
1786848525.085423 1824657 1685901 3018 1589 0 1820671 0 846299
1786848526.085217 1824657 1685901 3018 1589 0 1820671 0 846299
1786848527.085380 1824657 1685901 3018 1589 0 1820671 0 846299
1786848528.085595 1824657 1685901 3018 1589 0 1820671 0 846299
1786848529.085369 1824657 1685901 3018 1589 0 1820671 0 846299
1786848530.085502 1824657 1685901 3018 1589 0 1820671 0 846299
1786848531.085452 1824657 1685901 3018 1589 0 1820671 0 846299
1786848532.086532 1824657 1685901 3018 1589 0 1820671 0 846299
1786848533.085282 1824657 1685901 3018 1589 0 1820671 0 846299
1786848534.085362 1824657 1685901 3018 1589 0 1820671 0 846299
1786848535.085575 1824657 1685901 3018 1589 0 1820671 0 846299
1786848536.085504 1824657 1685901 3018 1589 0 1820671 0 846299
1786848537.085370 1824657 1685901 3018 1589 0 1820671 0 846299
1786848538.085531 1824657 1685901 3018 1589 0 1820671 0 846299
1786848539.085515 1824657 1685901 3018 1589 0 1820671 0 846299
1786848540.085377 1824657 1685901 3018 1589 0 1820671 0 846299
1786848541.085223 1824657 1685901 3018 1589 0 1820671 0 846299
1786848542.085421 1824657 1685901 3018 1589 0 1820671 0 846299
1786848543.085339 1824657 1685901 3018 1589 0 1820671 0 846299
1786848544.085526 1824657 1685901 3018 1589 0 1820671 0 846299
1786848545.085400 1824657 1685901 3018 1589 0 1820671 0 846299
1786848546.085414 1824657 1685901 3018 1589 0 1820671 0 846299
1786848547.085445 1824657 1685901 3018 1589 0 1820671 0 846299
1786848548.085456 1824657 1685901 3018 1589 0 1820671 0 846299
1786848549.085392 1824657 1685901 3018 1589 0 1820671 0 846299
1786848550.085261 1824657 1685901 3018 1589 0 1820671 0 846299
1786848551.085358 1824657 1685901 3018 1589 0 1820671 0 846299
1786848552.085283 1824657 1685901 3018 1589 0 1820671 0 846299
1786848553.085569 1824657 1685901 3018 1589 0 1820671 0 846299
1786848554.085437 1824657 1685901 3018 1589 0 1820671 0 846299
1786848555.085244 1824657 1685901 3018 1589 0 1820671 0 846299
1786848556.085255 1824657 1685901 3018 1589 0 1820671 0 846299
1786848557.085170 1824657 1685901 3018 1589 0 1820671 0 846299
1786848558.085268 1824657 1685901 3018 1589 0 1820671 0 846299
1786848559.085253 1824657 1685901 3018 1589 0 1820671 0 846299
1786848560.085253 1824657 1685901 3018 1589 0 1820671 0 846299
1786848561.085526 1824657 1685901 3018 1589 0 1820671 0 846299
1786848562.085559 1824657 1685901 3018 1589 0 1820671 0 846299
1786848563.085464 1824657 1685901 3018 1589 0 1820671 0 846299
1786848564.085269 1824657 1685901 3018 1589 0 1820671 0 846299
1786848565.085221 1824657 1685901 3018 1589 0 1820671 0 846299
1786848566.085501 1824657 1685901 3018 1589 0 1820671 0 846299
1786848567.085198 1824657 1685901 3018 1589 0 1820671 0 846299
1786848568.085479 1824657 1685901 3018 1589 0 1820671 0 846299
1786848569.085584 1824657 1685901 3018 1589 0 1820671 0 846299
1786848570.085441 1824657 1685901 3018 1589 0 1820671 0 846299
1786848571.085435 1824657 1685901 3018 1589 0 1820671 0 846299
1786848572.085417 1824657 1685901 3018 1589 0 1820671 0 846299
1786848573.085124 1824657 1685901 3018 1589 0 1820671 0 846299
1786848574.085415 1824657 1685901 3018 1589 0 1820671 0 846299
1786848575.085368 1824657 1685901 3018 1589 0 1820671 0 846299
1786848576.085255 1824657 1685901 3018 1589 0 1820671 0 846299
1786848577.085333 1824657 1685901 3018 1589 0 1820671 0 846299
1786848578.085511 1824657 1685901 3018 1589 0 1820671 0 846299
1786848579.085472 1824657 1685901 3018 1589 0 1820671 0 846299
1786848580.085508 1824657 1685901 3018 1589 0 1820671 0 846299
1786848581.085549 1824657 1685901 3018 1589 0 1820671 0 846299
1786848582.085392 1824657 1685901 3018 1589 0 1820671 0 846299
1786848583.085358 1824657 1685901 3018 1589 0 1820671 0 846299
1786848584.085265 1824657 1685901 3018 1589 0 1820671 0 846299
1786848585.085338 1824657 1685901 3018 1589 0 1820671 0 846299
1786848586.085479 1824657 1685901 3018 1589 0 1820671 0 846299
1786848587.085519 1824657 1685901 3018 1589 0 1820671 0 846299
1786848588.085243 1824657 1685901 3018 1589 0 1820671 0 846299
1786848589.085444 1824657 1685901 3018 1589 0 1820671 0 846299
1786848590.085229 1824657 1685901 3018 1589 0 1820671 0 846299
1786848591.085399 1824657 1685901 3018 1589 0 1820671 0 846299
1786848592.085457 1824657 1685901 3018 1589 0 1820671 0 846299
1786848593.087585 1824657 1685901 3018 1589 0 1820671 0 846299
1786848594.085362 1824657 1685901 3018 1589 0 1820671 0 846299
1786848595.085497 1824657 1685901 3018 1589 0 1820671 0 846299
1786848596.085420 1824657 1685901 3018 1589 0 1820671 0 846299
1786848597.085461 1824657 1685901 3018 1589 0 1820671 0 846299
1786848598.085387 1824657 1685901 3018 1589 0 1820671 0 846299
1786848599.085350 1824657 1685901 3018 1589 0 1820671 0 846299
1786848600.085221 1824657 1685901 3018 1589 0 1820671 0 846299
1786848601.085225 1824657 1685901 3018 1589 0 1820671 0 846299
1786848602.085253 1824657 1685901 3018 1589 0 1820671 0 846299
1786848603.085448 1824657 1685901 3018 1589 0 1820671 0 846299
1786848604.085395 1824657 1685901 3018 1589 0 1820671 0 846299
1786848605.085413 1824657 1685901 3018 1589 0 1820671 0 846299
1786848606.085657 1824657 1685901 3018 1589 0 1820671 0 846299
1786848607.085637 1824657 1685901 3018 1589 0 1820671 0 846299
1786848608.085689 1824657 1685901 3018 1589 0 1820671 0 846299
1786848609.085454 1824657 1685901 3018 1589 0 1820671 0 846299
1786848610.085388 1824657 1685901 3018 1589 0 1820671 0 846299
1786848611.085557 1824657 1685901 3018 1589 0 1820671 0 846299
1786848612.085779 1824657 1685901 3018 1589 0 1820671 0 846299
1786848613.085887 1824657 1685901 3018 1589 0 1820671 0 846299
1786848614.085485 1824657 1685901 3018 1589 0 1820671 0 846299
