# start_epoch=1786847654.458177  page_size=4096  cachestat=ok  fields=size,resident,shared,text,lib,data,dt,pagecache
1786847655.459373 46988 25239 2639 1589 0 43007 0 19053
1786847656.460068 58380 28534 2751 1589 0 54399 0 31322
1786847657.460570 59148 33413 2751 1589 0 55167 0 43591
1786847658.461066 59148 29786 2815 1589 0 55167 0 55877
1786847659.463070 59148 34922 2815 1589 0 55167 0 83113
1786847660.463057 59788 34330 2815 1589 0 55807 0 86172
1786847661.462730 60556 32425 2816 1589 0 56575 0 79533
1786847662.463399 60556 32693 2816 1589 0 56575 0 91802
1786847663.464285 60556 32693 2816 1589 0 56575 0 104072
1786847664.465706 60556 28389 2816 1589 0 56575 0 134364
1786847665.467074 60556 36575 2816 1589 0 56575 0 159553
1786847666.467383 60556 35408 2816 1589 0 56575 0 146635
1786847667.467849 60556 31520 2816 1589 0 56575 0 158906
1786847668.467376 60556 33649 2816 1589 0 56575 0 150866
1786847669.468197 60556 34161 2816 1589 0 56575 0 175078
1786847670.470252 61452 31981 2816 1589 0 57471 0 199180
1786847671.470989 61452 35239 2816 1589 0 57471 0 211449
1786847672.474532 61452 35259 2816 1589 0 57471 0 211450
1786847673.481980 61452 28007 2816 1589 0 57471 0 225858
1786847674.470018 61452 32386 2816 1589 0 57471 0 197159
1786847675.472977 61452 35182 2816 1589 0 57471 0 245475
1786847676.478742 61452 36770 2816 1589 0 57471 0 270409
1786847677.474547 61452 35314 2816 1589 0 57471 0 277560
1786847678.470790 61452 35752 2816 1589 0 57471 0 231790
1786847679.471398 61452 32918 2816 1589 0 57471 0 244060
1786847680.473881 61452 35702 2816 1589 0 57471 0 292375
1786847681.473939 61452 33284 2816 1589 0 57471 0 291437
1786847682.475473 61452 35842 2816 1589 0 57471 0 316915
1786847683.475021 61452 35540 2816 1589 0 57471 0 308572
1786847684.475963 61452 38207 2816 1589 0 57471 0 320843
1786847685.476288 61452 35895 2816 1589 0 57471 0 331610
1786847686.477910 67596 37435 2816 1589 0 63615 0 360399
1786847687.478198 69516 36200 2816 1589 0 65535 0 372668
1786847688.482010 69516 34348 2816 1589 0 65535 0 404243
1786847689.482596 69516 37832 2816 1589 0 65535 0 419072
1786847690.483009 69516 39028 2816 1589 0 65535 0 433389
1786847691.482442 69516 39425 2816 1589 0 65535 0 425562
1786847692.482440 69516 40654 2816 1589 0 65535 0 439470
1786847693.491916 69516 42447 2816 1589 0 65535 0 463014
1786847694.483678 69516 37850 2816 1589 0 65535 0 463455
1786847695.484547 69516 38621 2816 1589 0 65535 0 475724
1786847696.485116 70796 38461 2816 1589 0 66815 0 487993
1786847697.485652 70796 37193 2816 1589 0 66815 0 500264
1786847698.484858 70796 37659 2816 1589 0 66815 0 498360
1786847699.488998 70796 38010 2816 1589 0 66815 0 508296
1786847700.489788 70796 38530 2816 1589 0 66815 0 531859
1786847701.489612 70796 40463 2816 1589 0 66815 0 541915
1786847702.495706 70796 38185 2816 1589 0 66815 0 672230
1786847703.491164 70796 41288 2816 1589 0 66815 0 586104
1786847704.492050 70796 40384 2816 1589 0 66815 0 599654
1786847705.496180 70796 43048 2816 1589 0 66815 0 614738
1786847706.492629 70796 43170 2816 1589 0 66815 0 623227
1786847707.492990 70796 39209 2816 1589 0 66815 0 622265
1786847708.493215 70796 40111 2816 1589 0 66815 0 634535
1786847709.493600 70796 38878 2816 1589 0 66815 0 646803
1786847710.493694 70796 43044 2816 1589 0 66815 0 659072
1786847711.492962 70796 39597 2816 1589 0 66815 0 640176
1786847712.493713 70796 43903 2816 1589 0 66815 0 650340
1786847713.494819 70796 39554 2816 1589 0 66815 0 677880
1786847714.495148 72332 38473 2816 1589 0 68351 0 690149
1786847715.496552 72332 41295 2816 1589 0 68351 0 702419
1786847716.495689 72332 41550 2816 1589 0 68351 0 714688
1786847717.496807 72332 41675 2816 1589 0 68351 0 726959
1786847718.497928 72332 42705 2816 1589 0 68351 0 739231
1786847719.500942 72332 43150 2816 1589 0 68351 0 767491
1786847720.500563 73356 44050 2816 1589 0 69375 0 763770
1786847721.494068 73356 41476 2816 1589 0 69375 0 776042
1786847722.494283 73356 41478 2816 1589 0 69375 0 776043
1786847723.494936 73356 41478 2816 1589 0 69375 0 776043
1786847724.502698 73356 42020 2816 1589 0 69375 0 746680
1786847725.506181 73356 41535 2816 1589 0 69375 0 771815
1786847726.498978 73356 37732 2816 1589 0 69375 0 754957
1786847727.503788 73356 40092 2816 1589 0 69375 0 763238
1786847728.504542 73356 38352 2816 1589 0 69375 0 772130
1786847729.508138 73356 41017 2816 1589 0 69375 0 796354
1786847730.505017 73356 40497 2816 1589 0 69375 0 780621
1786847731.500589 73356 39229 2816 1589 0 69375 0 725569
1786847732.507060 73356 37166 2816 1589 0 69375 0 817276
1786847733.508871 73356 39394 2816 1589 0 69375 0 844512
1786847734.507950 73356 38087 2816 1589 0 69375 0 829547
1786847735.508590 73356 36770 2816 1589 0 69375 0 841817
1786847736.510109 73356 38938 2816 1589 0 69375 0 867261
1786847737.509362 73356 38958 2816 1589 0 69375 0 854087
1786847738.506422 73356 39139 2816 1589 0 69375 0 831159
1786847739.510634 73356 38888 2816 1589 0 69375 0 884840
1786847740.499466 73356 37204 2816 1589 0 69375 0 878627
1786847741.504936 73356 37071 2816 1589 0 69375 0 889520
1786847742.504145 73356 40792 2816 1589 0 69375 0 862194
1786847743.502395 73356 39348 2816 1589 0 69375 0 841377
1786847744.503419 73356 37709 2816 1589 0 69375 0 848884
1786847745.504340 73356 38149 2816 1589 0 69375 0 861152
1786847746.506421 73356 37982 2816 1589 0 69375 0 878079
1786847747.503934 73356 38241 2816 1589 0 69375 0 864156
1786847748.504507 73356 38979 2816 1589 0 69375 0 872341
1786847749.505235 73356 39034 2816 1589 0 69375 0 848860
1786847750.512490 73356 40951 2816 1589 0 69375 0 888955
1786847751.512609 75148 37258 2816 1589 0 71167 0 910811
1786847752.513253 75148 38878 2816 1589 0 71167 0 923081
1786847753.513670 75148 40387 2816 1589 0 71167 0 935348
1786847754.514406 75148 39502 2816 1589 0 71167 0 947618
1786847755.515154 75148 40887 2816 1589 0 71167 0 959887
1786847756.515816 75148 41743 2816 1589 0 71167 0 972158
1786847757.518607 75148 42412 2816 1589 0 71167 0 1003988
1786847758.504184 75148 39529 2816 1589 0 71167 0 996700
1786847759.503006 75148 39767 2816 1589 0 71167 0 996701
1786847760.511985 75148 39507 2816 1589 0 71167 0 968990
1786847761.510340 75148 38271 2816 1589 0 71167 0 976058
1786847762.517764 75148 41526 2816 1589 0 71167 0 1025056
1786847763.516586 75148 42121 2816 1589 0 71167 0 989896
1786847764.513077 75148 42888 2816 1589 0 71167 0 1008772
1786847765.511388 75148 37722 2816 1589 0 71167 0 1010958
1786847766.513583 75148 44687 2816 1589 0 71167 0 1023227
1786847767.515017 75148 40114 2816 1589 0 71167 0 1035496
1786847768.515933 75148 46548 2816 1589 0 71167 0 1047767
1786847769.516743 75148 39817 2816 1589 0 71167 0 1060038
1786847770.516412 75148 46428 2816 1589 0 71167 0 1072309
1786847771.516160 75148 47229 2816 1589 0 71167 0 1084578
1786847772.520627 75148 40942 2816 1589 0 71167 0 1107977
1786847773.509784 75148 43192 2816 1589 0 71167 0 1096850
1786847774.509624 75148 43253 2816 1589 0 71167 0 1096852
1786847775.509698 75148 43253 2816 1589 0 71167 0 1096853
1786847776.507255 75148 34182 2816 1589 0 71167 0 1109121
1786847777.514349 75148 34589 2816 1589 0 71167 0 1063196
1786847778.514641 75148 41490 2816 1589 0 71167 0 1050410
1786847779.525824 75148 41429 2816 1589 0 71167 0 1093623
1786847780.522458 75148 39489 2816 1589 0 71167 0 1072019
1786847781.523002 75148 40415 2816 1589 0 71167 0 1079907
1786847782.523329 75148 40296 2816 1589 0 71167 0 1086002
1786847783.524522 75148 41008 2816 1589 0 71167 0 1106043
1786847784.524599 75148 41946 2816 1589 0 71167 0 1103158
1786847785.525332 75148 40052 2816 1589 0 71167 0 1115428
1786847786.526272 75148 43993 2816 1589 0 71167 0 1127697
1786847787.527945 75148 44222 2816 1589 0 71167 0 1152376
1786847788.525563 75148 40112 2816 1589 0 71167 0 1139971
1786847789.526955 75148 44060 2816 1589 0 71167 0 1152243
1786847790.527352 75148 39381 2816 1589 0 71167 0 1164512
1786847791.529942 75148 40575 2816 1589 0 71167 0 1188678
1786847792.528993 75148 42143 2816 1589 0 71167 0 1176783
1786847793.516289 75148 39957 2816 1589 0 71167 0 1189055
1786847794.513880 75148 39958 2816 1589 0 71167 0 1189055
1786847795.518354 77196 41195 2816 1589 0 73215 0 1143692
1786847796.518370 77196 43685 2816 1589 0 73215 0 1123722
1786847797.519972 77196 41445 2816 1589 0 73215 0 1144165
1786847798.528911 77196 42506 2816 1589 0 73215 0 1178266
1786847799.527281 77196 45070 2816 1589 0 73215 0 1154093
1786847800.527675 77196 38064 2816 1589 0 73215 0 1162080
1786847801.526998 77196 44767 2816 1589 0 73215 0 1170069
1786847802.529736 77196 44768 2816 1589 0 73215 0 1195594
1786847803.530277 77196 40784 2816 1589 0 73215 0 1209690
1786847804.529653 77196 44741 2816 1589 0 73215 0 1200355
1786847805.527612 77196 40492 2816 1589 0 73215 0 1203997
1786847806.530915 77196 45472 2816 1589 0 73215 0 1224895
1786847807.531685 77196 39957 2816 1589 0 73215 0 1237165
1786847808.532410 77196 44900 2816 1589 0 73215 0 1249436
1786847809.516093 81293 33670 2816 1589 0 77311 0 1243010
1786847810.512924 81293 33803 2816 1589 0 77311 0 1243011
1786847811.512784 81293 33840 2816 1589 0 77311 0 1243012
1786847812.511891 81293 33777 2816 1589 0 77311 0 1218729
1786847813.510848 81293 34431 2816 1589 0 77311 0 1197116
1786847814.510700 81293 34278 2816 1589 0 77311 0 1191630
1786847815.510303 81293 34469 2816 1589 0 77311 0 1187079
1786847816.510277 81293 34174 2816 1589 0 77311 0 1181623
1786847817.509484 81293 33859 2816 1589 0 77311 0 1170413
1786847818.508986 81293 34053 2816 1589 0 77311 0 1144317
1786847819.509306 81293 34066 2816 1589 0 77311 0 1162341
1786847820.508953 81293 33658 2816 1589 0 77311 0 1153596
1786847821.509016 81293 34087 2816 1589 0 77311 0 1146406
1786847822.508129 81293 33505 2816 1589 0 77311 0 1139442
1786847823.508004 81293 33952 2816 1589 0 77311 0 1129908
1786847824.507952 81293 33749 2816 1589 0 77311 0 1129909
1786847825.507418 81293 33781 2816 1589 0 77311 0 1119729
1786847826.507450 81293 33641 2816 1589 0 77311 0 1112170
1786847827.507278 81293 33666 2816 1589 0 77311 0 1112170
1786847828.506769 81293 33612 2816 1589 0 77311 0 1102378
1786847829.506326 81293 33579 2816 1589 0 77311 0 1088479
1786847830.507160 81293 33705 2816 1589 0 77311 0 1108550
1786847831.506832 81293 33198 2816 1589 0 77311 0 1108550
1786847832.506998 81293 33590 2816 1589 0 77311 0 1108551
1786847833.506961 81293 33233 2816 1589 0 77311 0 1108552
1786847834.507080 81293 33555 2816 1589 0 77311 0 1108553
1786847835.506001 81293 32091 2816 1589 0 77311 0 1084234
1786847836.505850 81293 32281 2816 1589 0 77311 0 1084235
1786847837.505466 81293 32218 2816 1589 0 77311 0 1074700
1786847838.506852 81293 32406 2816 1589 0 77311 0 1107470
1786847839.507045 81293 32647 2816 1589 0 77311 0 1107471
1786847840.507841 81293 32448 2816 1589 0 77311 0 1107472
1786847841.506914 81293 32448 2816 1589 0 77311 0 1107473
1786847842.507163 81293 32448 2816 1589 0 77311 0 1107473
1786847843.507098 81293 32293 2816 1589 0 77311 0 1107474
1786847844.506878 81293 32294 2816 1589 0 77311 0 1107476
1786847845.507099 81293 32293 2816 1589 0 77311 0 1107476
1786847846.507003 81293 32293 2816 1589 0 77311 0 1107477
1786847847.506913 81293 32273 2816 1589 0 77311 0 1107478
1786847848.506989 81293 32266 2816 1589 0 77311 0 1107479
1786847849.507157 81293 32299 2816 1589 0 77311 0 1107480
1786847850.507193 81293 32299 2816 1589 0 77311 0 1107481
1786847851.503448 81293 32852 2816 1589 0 77311 0 1029675
1786847852.503606 81293 32852 2816 1589 0 77311 0 1029676
1786847853.504595 81293 32438 2816 1589 0 77311 0 1029677
1786847854.503637 81293 32438 2816 1589 0 77311 0 1029677
1786847855.503591 81293 32438 2816 1589 0 77311 0 1029679
1786847856.506541 81293 32438 2816 1589 0 77311 0 1029680
1786847857.503480 81293 32438 2816 1589 0 77311 0 1029680
1786847858.503532 81293 31961 2816 1589 0 77311 0 1029681
1786847859.503485 81293 31867 2816 1589 0 77311 0 1029682
1786847860.503147 81293 31867 2816 1589 0 77311 0 1016035
1786847861.503608 81293 31836 2816 1589 0 77311 0 1029684
1786847862.503408 81293 31836 2816 1589 0 77311 0 1029685
1786847863.503528 81293 31836 2816 1589 0 77311 0 1029686
1786847864.503540 81293 31836 2816 1589 0 77311 0 1029687
1786847865.504069 86414 46338 2832 1589 0 82431 0 976349
1786847866.501237 232334 169698 2832 1589 0 228351 0 976349
1786847867.501087 360846 296162 2832 1589 0 356863 0 976349
1786847868.501060 487310 420578 2832 1589 0 483327 0 976349
1786847869.501320 673678 546018 2832 1589 0 669695 0 976349
1786847870.501058 793486 667362 2832 1589 0 789503 0 976349
1786847871.501194 924558 790754 2832 1589 0 920575 0 976349
1786847872.501204 1094542 915170 2832 1589 0 1090559 0 976349
1786847873.501135 1101710 1038562 2832 1589 0 1097727 0 976349
1786847874.501105 1302415 1070291 2832 1589 0 1298431 0 976349
1786847875.501112 1302415 1070291 2832 1589 0 1298431 0 976349
1786847876.501099 1302415 1070291 2832 1589 0 1298431 0 976349
1786847877.501341 1302415 1070291 2832 1589 0 1298431 0 976349
1786847878.501326 1302415 1070291 2832 1589 0 1298431 0 976349
1786847879.501322 1302415 1070291 2832 1589 0 1298431 0 976349
1786847880.501217 1306512 1070288 2832 1589 0 1302527 0 976349
1786847881.501277 1306512 1070288 2832 1589 0 1302527 0 976349
1786847882.501464 1306512 1070288 2832 1589 0 1302527 0 976349
1786847883.501470 1306512 1070288 2832 1589 0 1302527 0 976349
1786847884.501160 1306512 1070288 2832 1589 0 1302527 0 976349
1786847885.501051 1306512 1070288 2832 1589 0 1302527 0 976349
1786847886.501226 1310609 1070289 2832 1589 0 1306623 0 976349
1786847887.501252 1310609 1070289 2832 1589 0 1306623 0 976349
1786847888.501065 1310609 1070289 2832 1589 0 1306623 0 976349
1786847889.501401 1310609 1070289 2832 1589 0 1306623 0 976349
1786847890.501663 1310609 1070289 2832 1589 0 1306623 0 976349
1786847891.501442 1310609 1070289 2832 1589 0 1306623 0 976349
1786847892.501334 1310609 1070289 2832 1589 0 1306623 0 976349
1786847893.501488 1310609 1070289 2832 1589 0 1306623 0 976349
1786847894.501537 1310609 1070289 2832 1589 0 1306623 0 976349
1786847895.501502 1310609 1070289 2832 1589 0 1306623 0 976349
1786847896.501515 1310609 1070289 2832 1589 0 1306623 0 976349
1786847897.501446 1310609 1070289 2832 1589 0 1306623 0 976349
1786847898.501725 1310609 1070289 2832 1589 0 1306623 0 976349
1786847899.501487 1310609 1070289 2832 1589 0 1306623 0 976349
1786847900.501471 1310609 1070289 2832 1589 0 1306623 0 976349
1786847901.501276 1310609 1070289 2832 1589 0 1306623 0 976349
1786847902.501303 1310609 1070289 2832 1589 0 1306623 0 976349
1786847903.501684 1310609 1070289 2832 1589 0 1306623 0 976349
1786847904.501598 1310609 1070289 2832 1589 0 1306623 0 976349
1786847905.501520 1310609 1070289 2832 1589 0 1306623 0 976349
1786847906.501663 1310609 1070289 2832 1589 0 1306623 0 976349
1786847907.501466 1310609 1070289 2832 1589 0 1306623 0 976349
1786847908.501386 1310609 1070289 2832 1589 0 1306623 0 976349
1786847909.501452 1310609 1070289 2832 1589 0 1306623 0 976349
1786847910.501392 1310609 1070289 2832 1589 0 1306623 0 976349
1786847911.501507 1310609 1070289 2832 1589 0 1306623 0 976349
1786847912.501595 1310609 1070289 2832 1589 0 1306623 0 976349
1786847913.501382 1310609 1070289 2832 1589 0 1306623 0 976349
1786847914.501684 1310609 1070289 2832 1589 0 1306623 0 976349
1786847915.501425 1310609 1070289 2832 1589 0 1306623 0 976349
1786847916.501372 1310609 1070289 2832 1589 0 1306623 0 976349
1786847917.501362 1310609 1070289 2832 1589 0 1306623 0 976349
1786847918.501145 1310609 1070289 2832 1589 0 1306623 0 976349
1786847919.501259 1310609 1070289 2832 1589 0 1306623 0 976349
1786847920.501273 1310609 1070289 2832 1589 0 1306623 0 976349
1786847921.501322 1310609 1070289 2832 1589 0 1306623 0 976349
1786847922.501427 1310609 1070289 2832 1589 0 1306623 0 976349
1786847923.501388 1310609 1070289 2832 1589 0 1306623 0 976349
1786847924.501232 1310609 1070289 2832 1589 0 1306623 0 976349
1786847925.501150 1310609 1070289 2832 1589 0 1306623 0 976349
1786847926.501163 1310609 1070289 2832 1589 0 1306623 0 976349
1786847927.501118 1310609 1070289 2832 1589 0 1306623 0 976349
1786847928.501293 1310609 1070289 2832 1589 0 1306623 0 976349
1786847929.501383 1310609 1070289 2832 1589 0 1306623 0 976349
1786847930.501407 1310609 1070289 2832 1589 0 1306623 0 976349
1786847931.501323 1310609 1070289 2832 1589 0 1306623 0 976349
1786847932.501208 1310609 1070289 2832 1589 0 1306623 0 976349
1786847933.501045 1310609 1070289 2832 1589 0 1306623 0 976349
1786847934.501122 1310609 1070289 2832 1589 0 1306623 0 976349
1786847935.501149 1310609 1070289 2832 1589 0 1306623 0 976349
1786847936.501179 1310609 1070289 2832 1589 0 1306623 0 976349
1786847937.501244 1310609 1070289 2832 1589 0 1306623 0 976349
1786847938.501378 1310609 1070289 2832 1589 0 1306623 0 976349
1786847939.501284 1310609 1070289 2832 1589 0 1306623 0 976349
1786847940.501126 1310609 1070289 2832 1589 0 1306623 0 976349
1786847941.501223 1310609 1070289 2832 1589 0 1306623 0 976349
1786847942.501169 1310609 1070289 2832 1589 0 1306623 0 976349
1786847943.503042 1310609 1070289 2832 1589 0 1306623 0 976349
1786847944.501156 1310609 1070289 2832 1589 0 1306623 0 976349
1786847945.501140 1310609 1070289 2832 1589 0 1306623 0 976349
1786847946.501422 1310609 1070289 2832 1589 0 1306623 0 976349
1786847947.501331 1310609 1070289 2832 1589 0 1306623 0 976349
1786847948.501302 1310609 1070289 2832 1589 0 1306623 0 976349
1786847949.501338 1310609 1070289 2832 1589 0 1306623 0 976349
1786847950.501266 1310609 1070289 2832 1589 0 1306623 0 976349
1786847951.501291 1310609 1070289 2832 1589 0 1306623 0 976349
1786847952.501153 1310609 1070289 2832 1589 0 1306623 0 976349
1786847953.501199 1310609 1070289 2832 1589 0 1306623 0 976349
1786847954.501359 1310609 1070289 2832 1589 0 1306623 0 976349
1786847955.501274 1310609 1070289 2832 1589 0 1306623 0 976349
1786847956.501228 1310609 1070289 2832 1589 0 1306623 0 976349
1786847957.501201 1310609 1070289 2832 1589 0 1306623 0 976349
1786847958.501165 1310609 1070289 2832 1589 0 1306623 0 976349
1786847959.501155 1310609 1070309 2832 1589 0 1306623 0 976349
1786847960.501171 1310609 1070309 2832 1589 0 1306623 0 976349
1786847961.501117 1310609 1070309 2832 1589 0 1306623 0 976349
1786847962.501282 1310609 1070309 2832 1589 0 1306623 0 976349
1786847963.501267 1310609 1070309 2832 1589 0 1306623 0 976349
1786847964.501227 1310609 1070309 2832 1589 0 1306623 0 976349
1786847965.501221 1310609 1070309 2832 1589 0 1306623 0 976349
1786847966.501177 1310609 1070309 2832 1589 0 1306623 0 976349
1786847967.501190 1310609 1070309 2832 1589 0 1306623 0 976349
1786847968.500919 1310609 1070309 2832 1589 0 1306623 0 976349
1786847969.501061 1310609 1070309 2832 1589 0 1306623 0 976349
1786847970.501069 1310609 1070309 2832 1589 0 1306623 0 976349
1786847971.501278 1310609 1070309 2832 1589 0 1306623 0 976349
1786847972.501238 1310609 1070309 2832 1589 0 1306623 0 976349
1786847973.504333 1310609 1070309 2832 1589 0 1306623 0 976349
1786847974.500992 1310609 1070309 2832 1589 0 1306623 0 976349
1786847975.501166 1310609 1070309 2832 1589 0 1306623 0 976349
1786847976.501232 1310609 1070309 2832 1589 0 1306623 0 976349
1786847977.501115 1310609 1070309 2832 1589 0 1306623 0 976349
1786847978.501080 1310609 1070309 2832 1589 0 1306623 0 976349
1786847979.501378 1310609 1070309 2832 1589 0 1306623 0 976349
1786847980.501215 1310609 1070309 2832 1589 0 1306623 0 976349
1786847981.501229 1310609 1070309 2832 1589 0 1306623 0 976349
1786847982.501236 1310609 1070309 2832 1589 0 1306623 0 976349
1786847983.501344 1310609 1070309 2832 1589 0 1306623 0 976349
1786847984.501156 1310609 1070309 2832 1589 0 1306623 0 976349
1786847985.501135 1310609 1070309 2832 1589 0 1306623 0 976349
1786847986.501121 1310609 1070309 2832 1589 0 1306623 0 976349
1786847987.501142 1310609 1070309 2832 1589 0 1306623 0 976349
1786847988.501060 1310609 1070309 2832 1589 0 1306623 0 976349
1786847989.501185 1310609 1070309 2832 1589 0 1306623 0 976349
1786847990.501228 1310609 1070309 2832 1589 0 1306623 0 976349
1786847991.501029 1310609 1070309 2832 1589 0 1306623 0 976349
1786847992.504989 1310609 1070309 2832 1589 0 1306623 0 976349
1786847993.501116 1310609 1070309 2832 1589 0 1306623 0 976349
1786847994.501123 1310609 1070309 2832 1589 0 1306623 0 976349
1786847995.501066 1310609 1070309 2832 1589 0 1306623 0 976349
1786847996.501205 1310609 1070309 2832 1589 0 1306623 0 976349
1786847997.501202 1310609 1070309 2832 1589 0 1306623 0 976349
1786847998.501179 1310609 1070309 2832 1589 0 1306623 0 976349
1786847999.501105 1310609 1070309 2832 1589 0 1306623 0 976349
1786848000.501141 1310609 1070309 2832 1589 0 1306623 0 976349
1786848001.501105 1310609 1070309 2832 1589 0 1306623 0 976349
1786848002.501198 1310609 1070309 2832 1589 0 1306623 0 976349
1786848003.501444 1310609 1070309 2832 1589 0 1306623 0 976349
1786848004.501222 1310609 1070309 2832 1589 0 1306623 0 976349
1786848005.501058 1310609 1070309 2832 1589 0 1306623 0 976349
1786848006.500924 1310609 1070309 2832 1589 0 1306623 0 976349
1786848007.501042 1310609 1070309 2832 1589 0 1306623 0 976349
1786848008.501334 1310609 1070309 2832 1589 0 1306623 0 976349
1786848009.501265 1310609 1070309 2832 1589 0 1306623 0 976349
1786848010.501392 1310609 1070309 2832 1589 0 1306623 0 976349
1786848011.501565 1310609 1070309 2832 1589 0 1306623 0 976349
1786848012.502273 1310609 1070309 2832 1589 0 1306623 0 976349
1786848013.502112 1310609 1070309 2832 1589 0 1306623 0 976349
1786848014.501900 1310609 1070309 2832 1589 0 1306623 0 976349
1786848015.501828 1310609 1070309 2832 1589 0 1306623 0 976349
1786848016.501463 1310609 1070309 2832 1589 0 1306623 0 976349
1786848017.501760 1310609 1070309 2832 1589 0 1306623 0 976349
1786848018.501810 1310609 1070309 2832 1589 0 1306623 0 976349
1786848019.501736 1310609 1070309 2832 1589 0 1306623 0 976349
1786848020.501645 1310609 1070309 2832 1589 0 1306623 0 976349
1786848021.501552 1310609 1070309 2832 1589 0 1306623 0 976349
1786848022.501584 1310609 1070309 2832 1589 0 1306623 0 976349
1786848023.501645 1310609 1070309 2832 1589 0 1306623 0 976349
1786848024.501790 1310609 1070309 2832 1589 0 1306623 0 976349
1786848025.501740 1310609 1070309 2832 1589 0 1306623 0 976349
1786848026.501730 1310609 1070309 2832 1589 0 1306623 0 976349
1786848027.501746 1310609 1070309 2832 1589 0 1306623 0 976349
1786848028.501636 1310609 1070309 2832 1589 0 1306623 0 976349
1786848029.501705 1310609 1070309 2832 1589 0 1306623 0 976349
1786848030.501811 1310609 1070309 2832 1589 0 1306623 0 976349
1786848031.501846 1310609 1070309 2832 1589 0 1306623 0 976349
1786848032.501944 1310609 1070309 2832 1589 0 1306623 0 976349
1786848033.502618 1310609 1070309 2832 1589 0 1306623 0 976349
1786848034.501975 1310609 1070309 2832 1589 0 1306623 0 976349
1786848035.501649 1310609 1070309 2832 1589 0 1306623 0 976349
1786848036.501601 1310609 1070309 2832 1589 0 1306623 0 976349
1786848037.501652 1310609 1070309 2832 1589 0 1306623 0 976349
1786848038.501551 1310609 1070309 2832 1589 0 1306623 0 976349
1786848039.501806 1310609 1070309 2832 1589 0 1306623 0 976349
1786848040.501693 1310609 1070309 2832 1589 0 1306623 0 976349
1786848041.501657 1310609 1070309 2832 1589 0 1306623 0 976349
1786848042.501444 1310609 1070309 2832 1589 0 1306623 0 976349
1786848043.501607 1310609 1070309 2832 1589 0 1306623 0 976349
1786848044.501555 1310609 1070309 2832 1589 0 1306623 0 976349
1786848045.501417 1310609 1070309 2832 1589 0 1306623 0 976349
1786848046.501421 1310609 1070309 2832 1589 0 1306623 0 976349
1786848047.501495 1310609 1070309 2832 1589 0 1306623 0 976349
1786848048.501493 1310609 1070309 2832 1589 0 1306623 0 976349
1786848049.501216 1310609 1070309 2832 1589 0 1306623 0 976349
1786848050.501139 1310609 1070309 2832 1589 0 1306623 0 976349
1786848051.500994 1310609 1070309 2832 1589 0 1306623 0 976349
1786848052.503228 1310609 1070309 2832 1589 0 1306623 0 976349
1786848053.501043 1310609 1070309 2832 1589 0 1306623 0 976349
1786848054.501084 1310609 1070309 2832 1589 0 1306623 0 976349
1786848055.501030 1310609 1070309 2832 1589 0 1306623 0 976349
1786848056.501299 1310609 1070309 2832 1589 0 1306623 0 976349
1786848057.501289 1310609 1070309 2832 1589 0 1306623 0 976349
1786848058.501334 1310609 1070309 2832 1589 0 1306623 0 976349
1786848059.501416 1310609 1070309 2832 1589 0 1306623 0 976349
1786848060.501186 1310609 1070309 2832 1589 0 1306623 0 976349
1786848061.501123 1310609 1070309 2832 1589 0 1306623 0 976349
1786848062.501070 1310609 1070309 2832 1589 0 1306623 0 976349
1786848063.501078 1310609 1070309 2832 1589 0 1306623 0 976349
1786848064.501035 1310609 1070309 2832 1589 0 1306623 0 976349
1786848065.501361 1310609 1070309 2832 1589 0 1306623 0 976349
1786848066.501372 1310609 1070309 2832 1589 0 1306623 0 976349
1786848067.501189 1310609 1070309 2832 1589 0 1306623 0 976349
1786848068.501182 1310609 1070309 2832 1589 0 1306623 0 976349
1786848069.501027 1310609 1070309 2832 1589 0 1306623 0 976349
1786848070.501153 1310609 1070309 2832 1589 0 1306623 0 976349
1786848071.501052 1310609 1070309 2832 1589 0 1306623 0 976349
1786848072.501130 1310609 1070309 2832 1589 0 1306623 0 976349
1786848073.501483 1310609 1070309 2832 1589 0 1306623 0 976349
1786848074.501513 1310609 1070309 2832 1589 0 1306623 0 976349
1786848075.501235 1310609 1070309 2832 1589 0 1306623 0 976349
1786848076.501216 1310609 1070309 2832 1589 0 1306623 0 976349
1786848077.501192 1310609 1070309 2832 1589 0 1306623 0 976349
1786848078.501185 1310609 1070309 2832 1589 0 1306623 0 976349
1786848079.501025 1310609 1070309 2832 1589 0 1306623 0 976349
1786848080.501070 1310609 1070309 2832 1589 0 1306623 0 976349
1786848081.501105 1310609 1070309 2832 1589 0 1306623 0 976349
1786848082.501380 1310609 1070309 2832 1589 0 1306623 0 976349
1786848083.501298 1310609 1070309 2832 1589 0 1306623 0 976349
1786848084.501198 1310609 1070309 2832 1589 0 1306623 0 976349
1786848085.501215 1310609 1070309 2832 1589 0 1306623 0 976349
1786848086.501082 1310609 1070309 2832 1589 0 1306623 0 976349
1786848087.501106 1310609 1070309 2832 1589 0 1306623 0 976349
1786848088.501047 1310609 1070309 2832 1589 0 1306623 0 976349
1786848089.501178 1310609 1070309 2832 1589 0 1306623 0 976349
1786848090.501110 1310609 1070309 2832 1589 0 1306623 0 976349
1786848091.501263 1310609 1070309 2832 1589 0 1306623 0 976349
1786848092.501181 1310609 1070309 2832 1589 0 1306623 0 976349
1786848093.501180 1310609 1070309 2832 1589 0 1306623 0 976349
1786848094.501100 1310609 1070309 2832 1589 0 1306623 0 976349
1786848095.501076 1310609 1070309 2832 1589 0 1306623 0 976349
1786848096.501248 1310609 1070309 2832 1589 0 1306623 0 976349
1786848097.501096 1310609 1070309 2832 1589 0 1306623 0 976349
1786848098.501106 1310609 1070309 2832 1589 0 1306623 0 976349
1786848099.501502 1310609 1070309 2832 1589 0 1306623 0 976349
1786848100.501188 1310609 1070309 2832 1589 0 1306623 0 976349
1786848101.501407 1310609 1070309 2832 1589 0 1306623 0 976349
1786848102.501201 1310609 1070309 2832 1589 0 1306623 0 976349
1786848103.501154 1310609 1070309 2832 1589 0 1306623 0 976349
1786848104.501246 1310609 1070309 2832 1589 0 1306623 0 976349
1786848105.500946 1310609 1070309 2832 1589 0 1306623 0 976349
1786848106.501263 1310609 1070309 2832 1589 0 1306623 0 976349
1786848107.501263 1310609 1070309 2832 1589 0 1306623 0 976349
1786848108.501217 1310609 1070309 2832 1589 0 1306623 0 976349
1786848109.501199 1310609 1070309 2832 1589 0 1306623 0 976349
1786848110.501181 1310609 1070309 2832 1589 0 1306623 0 976349
1786848111.501089 1310609 1070309 2832 1589 0 1306623 0 976349
1786848112.501240 1310609 1070309 2832 1589 0 1306623 0 976349
1786848113.502146 1310609 1070309 2832 1589 0 1306623 0 976349
1786848114.501326 1310609 1070309 2832 1589 0 1306623 0 976349
1786848115.504291 1310609 1070309 2832 1589 0 1306623 0 976349
1786848116.501192 1310609 1070309 2832 1589 0 1306623 0 976349
1786848117.501298 1310609 1070309 2832 1589 0 1306623 0 976349
1786848118.501167 1310609 1070309 2832 1589 0 1306623 0 976349
1786848119.500971 1310609 1070309 2832 1589 0 1306623 0 976349
1786848120.501063 1310609 1070309 2832 1589 0 1306623 0 976349
1786848121.500988 1310609 1070309 2832 1589 0 1306623 0 976349
1786848122.501172 1310609 1070309 2832 1589 0 1306623 0 976349
1786848123.501979 1310609 1070309 2832 1589 0 1306623 0 976349
1786848124.501281 1310609 1070309 2832 1589 0 1306623 0 976349
1786848125.502626 1310609 1070309 2832 1589 0 1306623 0 976349
1786848126.501282 1310609 1070309 2832 1589 0 1306623 0 976349
1786848127.501006 1310609 1070309 2832 1589 0 1306623 0 976349
1786848128.501374 1310609 1070309 2832 1589 0 1306623 0 976349
1786848129.501214 1310609 1070309 2832 1589 0 1306623 0 976349
1786848130.501422 1310609 1070309 2832 1589 0 1306623 0 976349
1786848131.501182 1310609 1070309 2832 1589 0 1306623 0 976349
1786848132.501118 1310609 1070309 2832 1589 0 1306623 0 976349
1786848133.501236 1310609 1070309 2832 1589 0 1306623 0 976349
1786848134.501172 1310609 1070309 2832 1589 0 1306623 0 976349
1786848135.503516 1310609 1070309 2832 1589 0 1306623 0 976349
1786848136.501485 1310609 1070309 2832 1589 0 1306623 0 976349
1786848137.501534 1310609 1070309 2832 1589 0 1306623 0 976349
1786848138.501483 1310609 1070309 2832 1589 0 1306623 0 976349
1786848139.501345 1310609 1070309 2832 1589 0 1306623 0 976349
1786848140.501524 1310609 1070309 2832 1589 0 1306623 0 976349
1786848141.501582 1310609 1070309 2832 1589 0 1306623 0 976349
1786848142.501499 1310609 1070309 2832 1589 0 1306623 0 976349
1786848143.501500 1310609 1070309 2832 1589 0 1306623 0 976349
1786848144.501492 1310609 1070309 2832 1589 0 1306623 0 976349
1786848145.503612 1310609 1070309 2832 1589 0 1306623 0 976349
1786848146.501434 1310609 1070309 2832 1589 0 1306623 0 976349
1786848147.501348 1310609 1070309 2832 1589 0 1306623 0 976349
1786848148.501420 1310609 1070309 2832 1589 0 1306623 0 976349
1786848149.501518 1310609 1070309 2832 1589 0 1306623 0 976349
1786848150.501201 1310609 1070309 2832 1589 0 1306623 0 976349
1786848151.501533 1310609 1070309 2832 1589 0 1306623 0 976349
1786848152.501519 1310609 1070309 2832 1589 0 1306623 0 976349
1786848153.501418 1310609 1070309 2832 1589 0 1306623 0 976349
1786848154.501393 1310609 1070309 2832 1589 0 1306623 0 976349
1786848155.502256 1310609 1070309 2832 1589 0 1306623 0 976349
1786848156.501384 1310609 1070309 2832 1589 0 1306623 0 976349
1786848157.501387 1310609 1070309 2832 1589 0 1306623 0 976349
1786848158.501711 1310609 1070309 2832 1589 0 1306623 0 976349
1786848159.501568 1310609 1070309 2832 1589 0 1306623 0 976349
1786848160.501505 1310609 1070309 2832 1589 0 1306623 0 976349
1786848161.501486 1310609 1070309 2832 1589 0 1306623 0 976349
1786848162.501471 1310609 1070309 2832 1589 0 1306623 0 976349
1786848163.501416 1310609 1070309 2832 1589 0 1306623 0 976349
1786848164.501063 1310609 1070309 2832 1589 0 1306623 0 976349
1786848165.501153 1310609 1070309 2832 1589 0 1306623 0 976349
1786848166.501141 1310609 1070309 2832 1589 0 1306623 0 976349
1786848167.501402 1310609 1070309 2832 1589 0 1306623 0 976349
1786848168.501228 1310609 1070309 2832 1589 0 1306623 0 976349
1786848169.501384 1310609 1070309 2832 1589 0 1306623 0 976349
1786848170.501234 1310609 1070309 2832 1589 0 1306623 0 976349
1786848171.501143 1310609 1070309 2832 1589 0 1306623 0 976349
1786848172.501141 1310609 1070309 2832 1589 0 1306623 0 976349
1786848173.501075 1310609 1070309 2832 1589 0 1306623 0 976349
1786848174.501086 1310609 1070309 2832 1589 0 1306623 0 976349
1786848175.501231 1310609 1070309 2832 1589 0 1306623 0 976349
1786848176.501190 1310609 1070309 2832 1589 0 1306623 0 976349
1786848177.501188 1310609 1070309 2832 1589 0 1306623 0 976349
1786848178.501125 1310609 1070309 2832 1589 0 1306623 0 976349
1786848179.501277 1310609 1070309 2832 1589 0 1306623 0 976349
1786848180.501066 1310609 1070309 2832 1589 0 1306623 0 976349
1786848181.501118 1310609 1070309 2832 1589 0 1306623 0 976349
1786848182.500973 1310609 1070309 2832 1589 0 1306623 0 976349
1786848183.501081 1310609 1070309 2832 1589 0 1306623 0 976349
1786848184.459841 1310609 1070309 2832 1589 0 1306623 0 18916
