# start_epoch=1786294704.082643  page_size=4096  cachestat=ok  fields=size,resident,shared,text,lib,data,dt,pagecache
1786294705.083346 42897 27218 2612 1589 0 38910 0 19053
1786294706.083422 52753 28514 2773 1589 0 48766 0 31303
1786294707.083844 53521 34397 2773 1589 0 49534 0 43555
1786294708.084216 53521 29580 2837 1589 0 49534 0 55821
1786294709.085047 53521 33172 2837 1589 0 49534 0 80007
1786294710.084387 53521 33239 2900 1589 0 49534 0 68071
1786294711.085396 53521 31861 2900 1589 0 49534 0 80324
1786294712.085384 53521 31861 2900 1589 0 49534 0 80324
1786294713.085969 54161 31789 2900 1589 0 50174 0 91772
1786294714.084972 55057 32259 2900 1589 0 51070 0 104024
1786294715.086402 55057 30170 2900 1589 0 51070 0 116274
1786294716.086490 55057 35282 2900 1589 0 51070 0 140951
1786294717.086782 55057 33504 2900 1589 0 51070 0 148085
1786294718.086151 55057 36584 2900 1589 0 51070 0 140777
1786294719.086607 55057 34528 2900 1589 0 51070 0 153026
1786294720.086790 55057 32303 2900 1589 0 51070 0 163071
1786294721.087761 55057 36927 2900 1589 0 51070 0 190819
1786294722.088053 55057 34319 2900 1589 0 51070 0 198207
1786294723.087246 55057 34369 2900 1589 0 51070 0 187572
1786294724.087724 55825 35018 2900 1589 0 51838 0 198121
1786294725.087951 55825 34156 2900 1589 0 51838 0 210371
1786294726.088198 55825 36988 2900 1589 0 51838 0 222621
1786294727.089164 55825 37525 2900 1589 0 51838 0 248065
1786294728.089538 55825 37021 2900 1589 0 51838 0 255965
1786294729.088564 55825 34957 2900 1589 0 51838 0 244850
1786294730.089034 55825 37496 2900 1589 0 51838 0 257101
1786294731.089260 55825 36468 2900 1589 0 51838 0 268334
1786294732.090352 55825 36980 2900 1589 0 51838 0 295314
1786294733.090648 55825 39037 2900 1589 0 51838 0 302445
1786294734.093258 55825 36981 2900 1589 0 51838 0 292834
1786294735.092608 55825 38261 2900 1589 0 51838 0 305084
1786294736.103333 56721 38406 2900 1589 0 52734 0 324723
1786294737.097827 56721 36350 2900 1589 0 52734 0 314599
1786294738.091009 56721 35077 2900 1589 0 52734 0 326851
1786294739.097819 56721 35091 2900 1589 0 52734 0 351535
1786294740.098140 56721 34908 2900 1589 0 52734 0 338085
1786294741.093379 56721 37026 2900 1589 0 52734 0 350335
1786294742.093836 56721 37283 2900 1589 0 52734 0 376803
1786294743.093513 56721 35228 2900 1589 0 52734 0 383269
1786294744.091801 56721 37291 2900 1589 0 52734 0 374837
1786294745.092093 56721 35507 2900 1589 0 52734 0 381054
1786294746.092482 56721 35820 2900 1589 0 52734 0 393304
1786294747.093891 56721 38124 2900 1589 0 52734 0 451654
1786294748.094368 56721 38124 2900 1589 0 52734 0 425151
1786294749.092755 56721 38052 2900 1589 0 52734 0 416306
1786294750.093133 62865 39094 2900 1589 0 58878 0 428558
1786294751.093238 62865 37709 2900 1589 0 58878 0 439793
1786294752.094314 62865 39245 2900 1589 0 58878 0 467029
1786294753.094571 62865 40823 2900 1589 0 58878 0 474417
1786294754.093903 62865 38868 2900 1589 0 58878 0 464293
1786294755.094391 62865 40955 2900 1589 0 58878 0 476543
1786294756.095050 62865 38971 2900 1589 0 58878 0 488793
1786294757.095912 62865 39536 2900 1589 0 58878 0 516796
1786294758.096210 62865 41076 2900 1589 0 58878 0 524697
1786294759.094708 63889 35121 2900 1589 0 59902 0 500648
1786294760.094976 63889 40659 2900 1589 0 59902 0 512899
1786294761.095605 63889 38603 2900 1589 0 59902 0 524095
1786294762.096827 63889 39634 2900 1589 0 59902 0 551842
1786294763.097916 63889 36364 2900 1589 0 59902 0 558975
1786294764.096969 63889 39352 2900 1589 0 59902 0 546635
1786294765.099916 63889 35681 2900 1589 0 59902 0 558886
1786294766.101445 63889 39288 2900 1589 0 59902 0 588681
1786294767.097967 63889 36923 2900 1589 0 59902 0 591742
1786294768.100450 63889 34984 2900 1589 0 59902 0 581362
1786294769.100777 63889 36766 2900 1589 0 59902 0 593612
1786294770.102017 63889 38273 2900 1589 0 59902 0 622127
1786294771.101925 63889 35192 2900 1589 0 59902 0 624653
1786294772.101617 63889 33907 2900 1589 0 59902 0 618111
1786294773.101720 64913 35732 2900 1589 0 60926 0 630360
1786294774.100002 64913 36756 2900 1589 0 60926 0 654013
1786294775.109099 66193 37255 2900 1589 0 62206 0 917635
1786294776.097917 66193 36116 2900 1589 0 62206 0 630809
1786294777.103135 66193 39197 2900 1589 0 62206 0 657789
1786294778.101934 66193 35985 2900 1589 0 62206 0 659631
1786294779.103146 66193 36244 2900 1589 0 62206 0 653346
1786294780.098895 66193 36253 2900 1589 0 62206 0 663563
1786294781.101770 66193 39210 2900 1589 0 62206 0 722631
1786294782.101744 66193 36504 2900 1589 0 62206 0 695098
1786294783.098779 66193 39162 2900 1589 0 62206 0 686253
1786294784.099812 66193 34888 2900 1589 0 62206 0 697494
1786294785.100096 66193 37738 2900 1589 0 62206 0 709745
1786294786.101479 66193 41207 2900 1589 0 62206 0 738004
1786294787.105265 66193 38340 2900 1589 0 62206 0 745465
1786294788.103055 66193 39371 2900 1589 0 62206 0 752343
1786294789.100643 66193 37326 2900 1589 0 62206 0 744522
1786294790.101356 66193 39491 2900 1589 0 62206 0 756772
1786294791.101957 66193 39002 2900 1589 0 62206 0 769023
1786294792.103229 66193 41600 2900 1589 0 62206 0 796003
1786294793.103633 66193 41174 2900 1589 0 62206 0 781274
1786294794.101978 66193 41174 2900 1589 0 62206 0 781274
1786294795.104988 66193 41174 2900 1589 0 62206 0 803392
1786294796.095222 66193 29635 2900 1589 0 62206 0 793523
1786294797.095259 66193 29635 2900 1589 0 62206 0 793523
1786294798.096014 66193 29635 2900 1589 0 62206 0 793523
1786294799.095253 66193 29635 2900 1589 0 62206 0 793523
1786294800.103047 67729 39027 2900 1589 0 63742 0 781226
1786294801.101501 67729 37737 2900 1589 0 63742 0 770846
1786294802.101481 67729 37221 2900 1589 0 63742 0 781135
1786294803.102927 67729 39269 2900 1589 0 63742 0 793385
1786294804.103757 67729 41509 2900 1589 0 63742 0 820365
1786294805.142860 67729 38456 2900 1589 0 63742 0 828562
1786294806.101884 67729 35642 2900 1589 0 63742 0 816650
1786294807.102473 67729 38751 2900 1589 0 63742 0 828901
1786294808.142663 67729 40287 2900 1589 0 63742 0 888118
1786294809.106382 67729 36957 2900 1589 0 63742 0 859060
1786294810.103150 67729 37554 2900 1589 0 63742 0 850984
1786294811.095152 67729 35834 2900 1589 0 63742 0 863234
1786294812.104325 67729 39617 2900 1589 0 63742 0 885947
1786294813.109691 67729 39656 2900 1589 0 63742 0 872244
1786294814.104133 67729 35352 2900 1589 0 63742 0 880714
1786294815.105238 67729 38909 2900 1589 0 63742 0 892965
1786294816.107790 67729 40067 2900 1589 0 63742 0 916800
1786294817.110671 67729 37008 2900 1589 0 63742 0 922653
1786294818.104622 67729 41723 2900 1589 0 63742 0 914576
1786294819.110343 67729 41723 2900 1589 0 63742 0 914576
1786294820.110636 67729 41723 2900 1589 0 63742 0 914576
1786294821.097262 67729 41723 2900 1589 0 63742 0 914576
1786294822.096885 67729 32045 2900 1589 0 63742 0 926826
1786294823.097604 67729 32045 2900 1589 0 63742 0 926826
1786294824.097300 67729 32045 2900 1589 0 63742 0 926826
1786294825.097084 67729 32045 2900 1589 0 63742 0 926826
1786294826.109019 67729 32045 2900 1589 0 63742 0 926826
1786294827.097525 67729 32045 2900 1589 0 63742 0 926826
1786294828.103331 67729 34097 2900 1589 0 63742 0 878299
1786294829.104381 67729 40128 2900 1589 0 63742 0 890549
1786294830.104811 67729 36484 2900 1589 0 63742 0 899603
1786294831.142958 67729 39564 2900 1589 0 63742 0 920441
1786294832.104436 67729 42390 2900 1589 0 63742 0 911853
1786294833.104892 67729 36757 2900 1589 0 63742 0 924103
1786294834.106529 67729 44664 2900 1589 0 63742 0 950655
1786294835.142311 67729 42783 2900 1589 0 63742 0 959074
1786294836.109925 67729 37243 2900 1589 0 63742 0 958912
1786294837.105619 67729 42464 2900 1589 0 63742 0 956149
1786294838.106693 67729 38204 2900 1589 0 63742 0 965328
1786294839.106542 67729 44188 2900 1589 0 63742 0 993843
1786294840.145951 67729 44742 2900 1589 0 63742 0 1000720
1786294841.108377 67729 37858 2900 1589 0 63742 0 986768
1786294842.113709 67729 42541 2900 1589 0 63742 0 999019
1786294843.107248 67729 38956 2900 1589 0 63742 0 1008505
1786294844.146598 67729 40236 2900 1589 0 63742 0 1032158
1786294845.107998 67729 41004 2900 1589 0 63742 0 1020755
1786294846.113385 67729 40875 2900 1589 0 63742 0 1029020
1786294847.144966 67729 42704 2900 1589 0 63742 0 1058303
1786294848.147418 67729 40261 2900 1589 0 63742 0 1059663
1786294849.107554 67729 39493 2900 1589 0 63742 0 1049539
1786294850.098022 67729 42631 2900 1589 0 63742 0 1061788
1786294851.100170 67729 42631 2900 1589 0 63742 0 1061788
1786294852.099903 67729 42631 2900 1589 0 63742 0 1061788
1786294853.100196 67729 42631 2900 1589 0 63742 0 1061788
1786294854.104184 67729 42800 2900 1589 0 63742 0 1092060
1786294855.099408 67729 32738 2900 1589 0 63742 0 1074038
1786294856.098269 67729 32738 2900 1589 0 63742 0 1074038
1786294857.099320 67729 32738 2900 1589 0 63742 0 1074038
1786294858.099400 67729 32738 2900 1589 0 63742 0 1074038
1786294859.100074 67729 32738 2900 1589 0 63742 0 1074038
1786294860.099665 67729 31731 2900 1589 0 63742 0 1074038
1786294861.099468 67729 31343 2900 1589 0 63742 0 1074038
1786294862.115242 67729 31582 2900 1589 0 63742 0 1111090
1786294863.107434 69521 41310 2900 1589 0 65534 0 1032448
1786294864.111822 69521 45158 2900 1589 0 65534 0 1058404
1786294865.144879 69521 40786 2900 1589 0 65534 0 1064973
1786294866.108226 69521 41810 2900 1589 0 65534 0 1055872
1786294867.107904 69521 41214 2900 1589 0 65534 0 1065439
1786294868.108974 69521 36417 2900 1589 0 65534 0 1077689
1786294869.143937 69521 44518 2900 1589 0 65534 0 1105628
1786294870.147725 69521 41125 2900 1589 0 65534 0 1109137
1786294871.109651 69521 40691 2900 1589 0 65534 0 1098246
1786294872.104002 69521 40732 2900 1589 0 65534 0 1110496
1786294873.109422 69521 40054 2900 1589 0 65534 0 1118885
1786294874.149214 69521 44444 2900 1589 0 65534 0 1147400
1786294875.146556 69521 41505 2900 1589 0 65534 0 1150205
1786294876.117413 69521 36873 2900 1589 0 65534 0 1138546
1786294877.110294 69521 39579 2900 1589 0 65534 0 1146446
1786294878.110701 69521 40847 2900 1589 0 65534 0 1158697
1786294879.146749 69521 43415 2900 1589 0 65534 0 1186189
1786294880.150470 69521 41303 2900 1589 0 65534 0 1234652
1786294881.114597 69521 37816 2900 1589 0 65534 0 1181085
1786294882.111672 69521 42734 2900 1589 0 65534 0 1191568
1786294883.101991 69521 40641 2900 1589 0 65534 0 1203818
1786294884.112672 69521 40641 2900 1589 0 65534 0 1200624
1786294885.109314 69521 40641 2900 1589 0 65534 0 1200624
1786294886.103239 69521 40721 2900 1589 0 65534 0 1197425
1786294887.100378 69521 33333 2900 1589 0 65534 0 1209675
1786294888.100301 69521 33333 2900 1589 0 65534 0 1209675
1786294889.100171 69521 33333 2900 1589 0 65534 0 1209675
1786294890.100325 69521 33333 2900 1589 0 65534 0 1209675
1786294891.100284 69521 33333 2900 1589 0 65534 0 1209675
1786294892.102449 69521 33333 2900 1589 0 65534 0 1209675
1786294893.102458 69521 33845 2900 1589 0 65534 0 1209675
1786294894.100457 69521 35381 2900 1589 0 65534 0 1209675
1786294895.100220 69521 37437 2900 1589 0 65534 0 1209675
1786294896.108961 69521 35127 2900 1589 0 65534 0 1221927
1786294897.101475 69521 35127 2900 1589 0 65534 0 1221927
1786294898.119444 69521 35127 2900 1589 0 65534 0 1221927
1786294899.100383 69521 35127 2900 1589 0 65534 0 1221927
1786294900.112935 69521 36276 2900 1589 0 65534 0 1157612
1786294901.118861 69521 43735 2900 1589 0 65534 0 1169863
1786294902.148693 69521 45272 2900 1589 0 65534 0 1210239
1786294903.148904 69521 41408 2900 1589 0 65534 0 1204414
1786294904.119533 69521 41665 2900 1589 0 65534 0 1192244
1786294905.115116 69521 39360 2900 1589 0 65534 0 1202462
1786294906.102070 69521 34502 2900 1589 0 65534 0 1196016
1786294907.107994 69521 34502 2900 1589 0 65534 0 1192030
1786294908.102869 69521 34502 2900 1589 0 65534 0 1186631
1786294909.101863 69521 34502 2900 1589 0 65534 0 1183068
1786294910.102040 69521 34502 2900 1589 0 65534 0 1178849
1786294911.101153 69521 34502 2900 1589 0 65534 0 1176013
1786294912.100936 69521 34502 2900 1589 0 65534 0 1168782
1786294913.107842 69521 34502 2900 1589 0 65534 0 1168782
1786294914.119142 69521 33254 2900 1589 0 65534 0 1163381
1786294915.101347 69521 33454 2900 1589 0 65534 0 1156915
1786294916.107250 69521 33454 2900 1589 0 65534 0 1150455
1786294917.109215 69521 33454 2900 1589 0 65534 0 1145169
1786294918.101453 69521 33454 2900 1589 0 65534 0 1145169
1786294919.106891 69521 33530 2900 1589 0 65534 0 1138915
1786294920.107215 69521 33530 2900 1589 0 65534 0 1134444
1786294921.099355 69521 33530 2900 1589 0 65534 0 1127976
1786294922.100280 69521 33530 2900 1589 0 65534 0 1127976
1786294923.100365 69521 33530 2900 1589 0 65534 0 1121512
1786294924.100279 69521 33531 2900 1589 0 65534 0 1115006
1786294925.100935 69521 33531 2900 1589 0 65534 0 1115006
1786294926.104410 69521 33531 2900 1589 0 65534 0 1110014
1786294927.100300 69521 33531 2900 1589 0 65534 0 1104099
1786294928.100641 69521 33531 2900 1589 0 65534 0 1104099
1786294929.107963 69521 33532 2900 1589 0 65534 0 1096673
1786294930.100706 69521 32797 2900 1589 0 65534 0 1092018
1786294931.100660 69521 32797 2900 1589 0 65534 0 1092018
1786294932.105381 69521 33087 2900 1589 0 65534 0 1085542
1786294933.100365 69521 33094 2900 1589 0 65534 0 1078909
1786294934.099533 69521 33094 2900 1589 0 65534 0 1078909
1786294935.102588 69521 32906 2900 1589 0 65534 0 1072358
1786294936.099493 69521 32906 2900 1589 0 65534 0 1072358
1786294937.099656 69521 32906 2900 1589 0 65534 0 1072358
1786294938.099580 69521 32906 2900 1589 0 65534 0 1072358
1786294939.104247 69521 33538 2900 1589 0 65534 0 1064748
1786294940.099946 69521 33538 2900 1589 0 65534 0 1064749
1786294941.099139 69521 33538 2900 1589 0 65534 0 1056319
1786294942.099640 69521 33541 2900 1589 0 65534 0 1049926
1786294943.099234 69521 33541 2900 1589 0 65534 0 1049926
1786294944.101195 69521 33542 2900 1589 0 65534 0 1117638
1786294945.100392 69521 33542 2900 1589 0 65534 0 1117638
1786294946.100995 69521 33542 2900 1589 0 65534 0 1117638
1786294947.100431 69521 33542 2900 1589 0 65534 0 1117638
1786294948.100548 69521 33542 2900 1589 0 65534 0 1117638
1786294949.100989 69521 33542 2900 1589 0 65534 0 1117638
1786294950.100973 69521 33542 2900 1589 0 65534 0 1117639
1786294951.100584 69521 33542 2900 1589 0 65534 0 1117639
1786294952.101005 69521 33542 2900 1589 0 65534 0 1117639
1786294953.100192 69521 33542 2900 1589 0 65534 0 1117639
1786294954.103952 71569 34797 2900 1589 0 67582 0 1010328
1786294955.099209 71569 34797 2900 1589 0 67582 0 1010328
1786294956.098621 71569 34797 2900 1589 0 67582 0 1010328
1786294957.098538 71569 34797 2900 1589 0 67582 0 1010328
1786294958.098889 71569 34797 2900 1589 0 67582 0 1010328
1786294959.098765 71569 34797 2900 1589 0 67582 0 1010328
1786294960.098934 71569 34797 2900 1589 0 67582 0 1010329
1786294961.098814 71569 34797 2900 1589 0 67582 0 1010329
1786294962.098652 71569 34797 2900 1589 0 67582 0 1010329
1786294963.098441 71569 34797 2900 1589 0 67582 0 1010329
1786294964.098436 71569 34797 2900 1589 0 67582 0 1010329
1786294965.099223 71569 34797 2900 1589 0 67582 0 1010329
1786294966.098755 71569 34797 2900 1589 0 67582 0 1010329
1786294967.103124 87953 64728 2916 1589 0 83966 0 976331
1786294968.103189 222609 193240 2916 1589 0 218622 0 976331
1786294969.098444 348561 319704 2916 1589 0 344574 0 976331
1786294970.097742 475025 448216 2916 1589 0 471038 0 976331
1786294971.098801 661393 574680 2916 1589 0 657406 0 976331
1786294972.098102 781201 702680 2916 1589 0 777214 0 976331
1786294973.096750 918417 830680 2916 1589 0 914430 0 976331
1786294974.111480 1082257 958680 2916 1589 0 1078270 0 976331
1786294975.101760 1288082 1071318 2916 1589 0 1284094 0 976331
1786294976.097981 1288082 1071318 2916 1589 0 1284094 0 976331
1786294977.097899 1288082 1071318 2916 1589 0 1284094 0 976331
1786294978.098088 1288082 1071318 2916 1589 0 1284094 0 976331
1786294979.098105 1288082 1071318 2916 1589 0 1284094 0 976331
1786294980.097722 1288082 1071318 2916 1589 0 1284094 0 976331
1786294981.100981 1290131 1071310 2916 1589 0 1286142 0 976331
1786294982.098608 1290131 1071310 2916 1589 0 1286142 0 976331
1786294983.098127 1290131 1071310 2916 1589 0 1286142 0 976331
1786294984.103273 1290131 1071310 2916 1589 0 1286142 0 976331
1786294985.098367 1290131 1071310 2916 1589 0 1286142 0 976331
1786294986.097946 1290131 1071310 2916 1589 0 1286142 0 976331
1786294987.098298 1292180 1071311 2916 1589 0 1288190 0 976331
1786294988.098259 1292180 1071311 2916 1589 0 1288190 0 976331
1786294989.097972 1292180 1071311 2916 1589 0 1288190 0 976331
1786294990.098097 1292180 1071311 2916 1589 0 1288190 0 976331
1786294991.098067 1292180 1071311 2916 1589 0 1288190 0 976331
1786294992.098237 1292180 1071311 2916 1589 0 1288190 0 976331
1786294993.098238 1292180 1071311 2916 1589 0 1288190 0 976331
1786294994.097778 1292180 1071311 2916 1589 0 1288190 0 976331
1786294995.097979 1292180 1071311 2916 1589 0 1288190 0 976331
1786294996.098359 1292180 1071311 2916 1589 0 1288190 0 976331
1786294997.098021 1292180 1071311 2916 1589 0 1288190 0 976331
1786294998.098228 1292180 1071311 2916 1589 0 1288190 0 976331
1786294999.098339 1292180 1071311 2916 1589 0 1288190 0 976331
1786295000.098227 1292180 1071311 2916 1589 0 1288190 0 976331
1786295001.098461 1292180 1071311 2916 1589 0 1288190 0 976331
1786295002.097906 1292180 1071311 2916 1589 0 1288190 0 976331
1786295003.098331 1292180 1071311 2916 1589 0 1288190 0 976331
1786295004.098155 1292180 1071311 2916 1589 0 1288190 0 976331
1786295005.097914 1292180 1071311 2916 1589 0 1288190 0 976331
1786295006.098160 1292180 1071311 2916 1589 0 1288190 0 976331
1786295007.097969 1292180 1071311 2916 1589 0 1288190 0 976331
1786295008.098049 1292180 1071311 2916 1589 0 1288190 0 976331
1786295009.098025 1292180 1071311 2916 1589 0 1288190 0 976331
1786295010.098320 1292180 1071311 2916 1589 0 1288190 0 976331
1786295011.097806 1292180 1071311 2916 1589 0 1288190 0 976331
1786295012.098452 1292180 1071311 2916 1589 0 1288190 0 976331
1786295013.098262 1292180 1071311 2916 1589 0 1288190 0 976331
1786295014.098035 1292180 1071311 2916 1589 0 1288190 0 976331
1786295015.097957 1292180 1071311 2916 1589 0 1288190 0 976331
1786295016.098165 1292180 1071311 2916 1589 0 1288190 0 976331
1786295017.097980 1292180 1071311 2916 1589 0 1288190 0 976331
1786295018.098706 1292180 1071311 2916 1589 0 1288190 0 976331
1786295019.098130 1292180 1071311 2916 1589 0 1288190 0 976331
1786295020.098224 1292180 1071311 2916 1589 0 1288190 0 976331
1786295021.098201 1292180 1071311 2916 1589 0 1288190 0 976331
1786295022.097926 1292180 1071311 2916 1589 0 1288190 0 976331
1786295023.098501 1292180 1071311 2916 1589 0 1288190 0 976331
1786295024.097857 1292180 1071311 2916 1589 0 1288190 0 976331
1786295025.098098 1292180 1071311 2916 1589 0 1288190 0 976331
1786295026.097894 1292180 1071311 2916 1589 0 1288190 0 976331
1786295027.097996 1292180 1071311 2916 1589 0 1288190 0 976331
1786295028.098142 1292180 1071311 2916 1589 0 1288190 0 976331
1786295029.097865 1292180 1071311 2916 1589 0 1288190 0 976331
1786295030.097793 1292180 1071311 2916 1589 0 1288190 0 976331
1786295031.098136 1292180 1071311 2916 1589 0 1288190 0 976331
1786295032.097904 1292180 1071311 2916 1589 0 1288190 0 976331
1786295033.098010 1292180 1071311 2916 1589 0 1288190 0 976331
1786295034.097730 1292180 1071311 2916 1589 0 1288190 0 976331
1786295035.097792 1292180 1071311 2916 1589 0 1288190 0 976331
1786295036.098229 1292180 1071311 2916 1589 0 1288190 0 976331
1786295037.098660 1292180 1071311 2916 1589 0 1288190 0 976331
1786295038.098427 1292180 1071311 2916 1589 0 1288190 0 976331
1786295039.098120 1292180 1071311 2916 1589 0 1288190 0 976331
1786295040.097836 1292180 1071311 2916 1589 0 1288190 0 976331
1786295041.097831 1292180 1071311 2916 1589 0 1288190 0 976331
1786295042.098261 1292180 1071311 2916 1589 0 1288190 0 976331
1786295043.097871 1292180 1071311 2916 1589 0 1288190 0 976331
1786295044.097857 1292180 1071311 2916 1589 0 1288190 0 976331
1786295045.098085 1292180 1071311 2916 1589 0 1288190 0 976331
1786295046.098197 1292180 1071311 2916 1589 0 1288190 0 976331
1786295047.098503 1292180 1071311 2916 1589 0 1288190 0 976331
1786295048.098300 1292180 1071311 2916 1589 0 1288190 0 976331
1786295049.097986 1292180 1071311 2916 1589 0 1288190 0 976331
1786295050.098050 1292180 1071311 2916 1589 0 1288190 0 976331
1786295051.098012 1292180 1071311 2916 1589 0 1288190 0 976331
1786295052.097851 1292180 1071311 2916 1589 0 1288190 0 976331
1786295053.097907 1292180 1071311 2916 1589 0 1288190 0 976331
1786295054.098450 1292180 1071311 2916 1589 0 1288190 0 976331
1786295055.098434 1292180 1071311 2916 1589 0 1288190 0 976331
1786295056.098557 1292180 1071311 2916 1589 0 1288190 0 976331
1786295057.098015 1292180 1071311 2916 1589 0 1288190 0 976331
1786295058.098434 1292180 1071311 2916 1589 0 1288190 0 976331
1786295059.098243 1292180 1071311 2916 1589 0 1288190 0 976331
1786295060.098174 1292180 1071311 2916 1589 0 1288190 0 976331
1786295061.098039 1292180 1071311 2916 1589 0 1288190 0 976331
1786295062.098275 1292180 1071311 2916 1589 0 1288190 0 976331
1786295063.098295 1292180 1071311 2916 1589 0 1288190 0 976331
1786295064.098309 1292180 1071311 2916 1589 0 1288190 0 976331
1786295065.098249 1292180 1071311 2916 1589 0 1288190 0 976331
1786295066.098018 1292180 1071311 2916 1589 0 1288190 0 976331
1786295067.098024 1292180 1071311 2916 1589 0 1288190 0 976331
1786295068.098240 1292180 1071311 2916 1589 0 1288190 0 976331
1786295069.097812 1292180 1071311 2916 1589 0 1288190 0 976331
1786295070.097948 1292180 1071311 2916 1589 0 1288190 0 976331
1786295071.098122 1292180 1071311 2916 1589 0 1288190 0 976331
1786295072.097930 1292180 1071311 2916 1589 0 1288190 0 976331
1786295073.098585 1292180 1071311 2916 1589 0 1288190 0 976331
1786295074.098180 1292180 1071311 2916 1589 0 1288190 0 976331
1786295075.097931 1292180 1071311 2916 1589 0 1288190 0 976331
1786295076.098106 1292180 1071311 2916 1589 0 1288190 0 976331
1786295077.098671 1292180 1071311 2916 1589 0 1288190 0 976331
1786295078.098181 1292180 1071311 2916 1589 0 1288190 0 976331
1786295079.098397 1292180 1071311 2916 1589 0 1288190 0 976331
1786295080.097997 1292180 1071311 2916 1589 0 1288190 0 976331
1786295081.097982 1292180 1071311 2916 1589 0 1288190 0 976331
1786295082.097876 1292180 1071311 2916 1589 0 1288190 0 976331
1786295083.098391 1292180 1071311 2916 1589 0 1288190 0 976331
1786295084.098244 1292180 1071311 2916 1589 0 1288190 0 976331
1786295085.097889 1292180 1071311 2916 1589 0 1288190 0 976331
1786295086.098169 1292180 1071311 2916 1589 0 1288190 0 976331
1786295087.098178 1292180 1071311 2916 1589 0 1288190 0 976331
1786295088.098214 1292180 1071311 2916 1589 0 1288190 0 976331
1786295089.097723 1292180 1071311 2916 1589 0 1288190 0 976331
1786295090.098191 1292180 1071311 2916 1589 0 1288190 0 976331
1786295091.098027 1292180 1071311 2916 1589 0 1288190 0 976331
1786295092.098908 1292180 1071311 2916 1589 0 1288190 0 976331
1786295093.098122 1292180 1071311 2916 1589 0 1288190 0 976331
1786295094.098010 1292180 1071311 2916 1589 0 1288190 0 976331
1786295095.098050 1292180 1071311 2916 1589 0 1288190 0 976331
1786295096.097827 1292180 1071311 2916 1589 0 1288190 0 976331
1786295097.098094 1292180 1071311 2916 1589 0 1288190 0 976331
1786295098.098317 1292180 1071311 2916 1589 0 1288190 0 976331
1786295099.098301 1292180 1071311 2916 1589 0 1288190 0 976331
1786295100.097966 1292180 1071311 2916 1589 0 1288190 0 976331
1786295101.097949 1292180 1071311 2916 1589 0 1288190 0 976331
1786295102.098281 1292180 1071311 2916 1589 0 1288190 0 976331
1786295103.098183 1292180 1071311 2916 1589 0 1288190 0 976331
1786295104.097855 1292180 1071311 2916 1589 0 1288190 0 976331
1786295105.097840 1292180 1071311 2916 1589 0 1288190 0 976331
1786295106.098072 1292180 1071311 2916 1589 0 1288190 0 976331
1786295107.097998 1292180 1071311 2916 1589 0 1288190 0 976331
1786295108.097875 1292180 1071311 2916 1589 0 1288190 0 976331
1786295109.097859 1292180 1071311 2916 1589 0 1288190 0 976331
1786295110.098560 1292180 1071311 2916 1589 0 1288190 0 976331
1786295111.098510 1292180 1071311 2916 1589 0 1288190 0 976331
1786295112.098171 1292180 1071311 2916 1589 0 1288190 0 976331
1786295113.097865 1292180 1071311 2916 1589 0 1288190 0 976331
1786295114.097995 1292180 1071311 2916 1589 0 1288190 0 976331
1786295115.097906 1292180 1071311 2916 1589 0 1288190 0 976331
1786295116.097868 1292180 1071311 2916 1589 0 1288190 0 976331
1786295117.098043 1292180 1071311 2916 1589 0 1288190 0 976331
1786295118.097976 1292180 1071311 2916 1589 0 1288190 0 976331
1786295119.097933 1292180 1071311 2916 1589 0 1288190 0 976331
1786295120.098395 1292180 1071311 2916 1589 0 1288190 0 976331
1786295121.098003 1292180 1071311 2916 1589 0 1288190 0 976331
1786295122.097960 1292180 1071311 2916 1589 0 1288190 0 976331
1786295123.098022 1292180 1071311 2916 1589 0 1288190 0 976331
1786295124.098184 1292180 1071311 2916 1589 0 1288190 0 976331
1786295125.098155 1292180 1071311 2916 1589 0 1288190 0 976331
1786295126.098602 1292180 1071311 2916 1589 0 1288190 0 976331
1786295127.098120 1292180 1071311 2916 1589 0 1288190 0 976331
1786295128.098733 1292180 1071311 2916 1589 0 1288190 0 976331
1786295129.098197 1292180 1071311 2916 1589 0 1288190 0 976331
1786295130.098157 1292180 1071311 2916 1589 0 1288190 0 976331
1786295131.098328 1292180 1071311 2916 1589 0 1288190 0 976331
1786295132.098687 1292180 1071311 2916 1589 0 1288190 0 976331
1786295133.098286 1292180 1071311 2916 1589 0 1288190 0 976331
1786295134.098199 1292180 1071311 2916 1589 0 1288190 0 976331
1786295135.097820 1292180 1071311 2916 1589 0 1288190 0 976331
1786295136.097870 1292180 1071311 2916 1589 0 1288190 0 976331
1786295137.097856 1292180 1071311 2916 1589 0 1288190 0 976331
1786295138.097844 1292180 1071311 2916 1589 0 1288190 0 976331
1786295139.097860 1292180 1071311 2916 1589 0 1288190 0 976331
1786295140.098083 1292180 1071311 2916 1589 0 1288190 0 976331
1786295141.097945 1292180 1071311 2916 1589 0 1288190 0 976331
1786295142.097871 1292180 1071311 2916 1589 0 1288190 0 976331
1786295143.098146 1292180 1071311 2916 1589 0 1288190 0 976331
1786295144.098462 1292180 1071311 2916 1589 0 1288190 0 976331
1786295145.097933 1292180 1071311 2916 1589 0 1288190 0 976331
1786295146.098227 1292180 1071311 2916 1589 0 1288190 0 976331
1786295147.098108 1292180 1071311 2916 1589 0 1288190 0 976331
1786295148.098600 1292180 1071311 2916 1589 0 1288190 0 976331
1786295149.098349 1292180 1071311 2916 1589 0 1288190 0 976331
1786295150.097922 1292180 1071311 2916 1589 0 1288190 0 976331
1786295151.097791 1292180 1071311 2916 1589 0 1288190 0 976331
1786295152.098034 1292180 1071311 2916 1589 0 1288190 0 976331
1786295153.097732 1292180 1071311 2916 1589 0 1288190 0 976331
1786295154.097859 1292180 1071311 2916 1589 0 1288190 0 976331
1786295155.098099 1292180 1071311 2916 1589 0 1288190 0 976331
1786295156.098318 1292180 1071311 2916 1589 0 1288190 0 976331
1786295157.097916 1292180 1071311 2916 1589 0 1288190 0 976331
1786295158.098160 1292180 1071311 2916 1589 0 1288190 0 976331
1786295159.097836 1292180 1071311 2916 1589 0 1288190 0 976331
1786295160.098044 1292180 1071311 2916 1589 0 1288190 0 976331
1786295161.097976 1292180 1071311 2916 1589 0 1288190 0 976331
1786295162.098231 1292180 1071311 2916 1589 0 1288190 0 976331
1786295163.098531 1292180 1071311 2916 1589 0 1288190 0 976331
1786295164.098016 1292180 1071311 2916 1589 0 1288190 0 976331
1786295165.098106 1292180 1071311 2916 1589 0 1288190 0 976331
1786295166.098108 1292180 1071311 2916 1589 0 1288190 0 976331
1786295167.098226 1292180 1071311 2916 1589 0 1288190 0 976331
1786295168.098330 1292180 1071311 2916 1589 0 1288190 0 976331
1786295169.098117 1292180 1071311 2916 1589 0 1288190 0 976331
1786295170.098119 1292180 1071311 2916 1589 0 1288190 0 976331
1786295171.098023 1292180 1071311 2916 1589 0 1288190 0 976331
1786295172.098360 1292180 1071311 2916 1589 0 1288190 0 976331
1786295173.098255 1292180 1071311 2916 1589 0 1288190 0 976331
1786295174.098045 1292180 1071311 2916 1589 0 1288190 0 976331
1786295175.098812 1292180 1071331 2916 1589 0 1288190 0 976331
1786295176.098236 1292180 1071331 2916 1589 0 1288190 0 976331
1786295177.098031 1292180 1071331 2916 1589 0 1288190 0 976331
1786295178.098011 1292180 1071331 2916 1589 0 1288190 0 976331
1786295179.098072 1292180 1071331 2916 1589 0 1288190 0 976331
1786295180.098312 1292180 1071331 2916 1589 0 1288190 0 976331
1786295181.098009 1292180 1071331 2916 1589 0 1288190 0 976331
1786295182.097903 1292180 1071331 2916 1589 0 1288190 0 976331
1786295183.098942 1292180 1071331 2916 1589 0 1288190 0 976331
1786295184.098470 1292180 1071331 2916 1589 0 1288190 0 976331
1786295185.098374 1292180 1071331 2916 1589 0 1288190 0 976331
1786295186.098018 1292180 1071331 2916 1589 0 1288190 0 976331
1786295187.098680 1292180 1071331 2916 1589 0 1288190 0 976331
1786295188.098721 1292180 1071331 2916 1589 0 1288190 0 976331
1786295189.098204 1292180 1071331 2916 1589 0 1288190 0 976331
1786295190.098282 1292180 1071331 2916 1589 0 1288190 0 976331
1786295191.098260 1292180 1071331 2916 1589 0 1288190 0 976331
1786295192.098501 1292180 1071331 2916 1589 0 1288190 0 976331
1786295193.098011 1292180 1071331 2916 1589 0 1288190 0 976331
1786295194.097949 1292180 1071331 2916 1589 0 1288190 0 976331
1786295195.098279 1292180 1071331 2916 1589 0 1288190 0 976331
1786295196.098050 1292180 1071331 2916 1589 0 1288190 0 976331
1786295197.098094 1292180 1071331 2916 1589 0 1288190 0 976331
1786295198.098224 1292180 1071331 2916 1589 0 1288190 0 976331
1786295199.097986 1292180 1071331 2916 1589 0 1288190 0 976331
1786295200.097945 1292180 1071331 2916 1589 0 1288190 0 976331
1786295201.097683 1292180 1071331 2916 1589 0 1288190 0 976331
1786295202.098226 1292180 1071331 2916 1589 0 1288190 0 976331
1786295203.098434 1292180 1071331 2916 1589 0 1288190 0 976331
1786295204.098035 1292180 1071331 2916 1589 0 1288190 0 976331
1786295205.098038 1292180 1071331 2916 1589 0 1288190 0 976331
1786295206.097762 1292180 1071331 2916 1589 0 1288190 0 976331
1786295207.098228 1292180 1071331 2916 1589 0 1288190 0 976331
1786295208.097803 1292180 1071331 2916 1589 0 1288190 0 976331
1786295209.097790 1292180 1071331 2916 1589 0 1288190 0 976331
1786295210.097997 1292180 1071331 2916 1589 0 1288190 0 976331
1786295211.098169 1292180 1071331 2916 1589 0 1288190 0 976331
1786295212.098400 1292180 1071331 2916 1589 0 1288190 0 976331
1786295213.098137 1292180 1071331 2916 1589 0 1288190 0 976331
1786295214.097995 1292180 1071331 2916 1589 0 1288190 0 976331
1786295215.098036 1292180 1071331 2916 1589 0 1288190 0 976331
1786295216.098037 1292180 1071331 2916 1589 0 1288190 0 976331
1786295217.098275 1292180 1071331 2916 1589 0 1288190 0 976331
1786295218.097936 1292180 1071331 2916 1589 0 1288190 0 976331
1786295219.097984 1292180 1071331 2916 1589 0 1288190 0 976331
1786295220.098022 1292180 1071331 2916 1589 0 1288190 0 976331
1786295221.098609 1292180 1071331 2916 1589 0 1288190 0 976331
1786295222.098281 1292180 1071331 2916 1589 0 1288190 0 976331
1786295223.098696 1292180 1071331 2916 1589 0 1288190 0 976331
1786295224.098087 1292180 1071331 2916 1589 0 1288190 0 976331
1786295225.098369 1292180 1071331 2916 1589 0 1288190 0 976331
1786295226.098034 1292180 1071331 2916 1589 0 1288190 0 976331
1786295227.098419 1292180 1071331 2916 1589 0 1288190 0 976331
1786295228.098098 1292180 1071331 2916 1589 0 1288190 0 976331
1786295229.098002 1292180 1071331 2916 1589 0 1288190 0 976331
1786295230.097938 1292180 1071331 2916 1589 0 1288190 0 976331
1786295231.098400 1292180 1071331 2916 1589 0 1288190 0 976331
1786295232.098349 1292180 1071331 2916 1589 0 1288190 0 976331
1786295233.097920 1292180 1071331 2916 1589 0 1288190 0 976331
1786295234.097702 1292180 1071331 2916 1589 0 1288190 0 976331
1786295235.097903 1292180 1071331 2916 1589 0 1288190 0 976331
1786295236.097894 1292180 1071331 2916 1589 0 1288190 0 976331
1786295237.098535 1292180 1071331 2916 1589 0 1288190 0 976331
1786295238.098427 1292180 1071331 2916 1589 0 1288190 0 976331
1786295239.098146 1292180 1071331 2916 1589 0 1288190 0 976331
1786295240.097959 1292180 1071331 2916 1589 0 1288190 0 976331
1786295241.098233 1292180 1071331 2916 1589 0 1288190 0 976331
1786295242.098027 1292180 1071331 2916 1589 0 1288190 0 976331
1786295243.098421 1292180 1071331 2916 1589 0 1288190 0 976331
1786295244.098167 1292180 1071331 2916 1589 0 1288190 0 976331
1786295245.098304 1292180 1071331 2916 1589 0 1288190 0 976331
1786295246.098074 1292180 1071331 2916 1589 0 1288190 0 976331
1786295247.098054 1292180 1071331 2916 1589 0 1288190 0 976331
1786295248.098178 1292180 1071331 2916 1589 0 1288190 0 976331
1786295249.098216 1292180 1071331 2916 1589 0 1288190 0 976331
1786295250.098493 1292180 1071331 2916 1589 0 1288190 0 976331
1786295251.098161 1292180 1071331 2916 1589 0 1288190 0 976331
