# start_epoch=1789254807.099786  page_size=4096  cachestat=ok  fields=size,resident,shared,text,lib,data,dt,pagecache
1789254808.107443 71564 34923 2769 1589 0 67583 0 101449
1789254809.108144 72332 41756 2770 1589 0 68351 0 127659
1789254810.108295 72332 46327 2770 1589 0 68351 0 123498
1789254811.110722 73228 41571 2818 1589 0 69247 0 170498
1789254812.112256 73228 45319 2818 1589 0 69247 0 195204
1789254813.112114 73228 45299 2818 1589 0 69247 0 195537
1789254814.114825 73228 30122 2818 1589 0 69247 0 233479
1789254815.116631 73228 28084 2818 1589 0 69247 0 261645
1789254816.123887 73228 31941 2818 1589 0 69247 0 303832
1789254817.122701 75148 49095 2818 1589 0 71167 0 358814
1789254818.124398 75148 48991 2818 1589 0 71167 0 388668
1789254819.126143 75148 44842 2818 1589 0 71167 0 412528
1789254820.127878 75148 40735 2818 1589 0 71167 0 445120
1789254821.127868 76428 47395 2818 1589 0 72447 0 451582
1789254822.130296 76428 47348 2818 1589 0 72447 0 476777
1789254823.132212 76428 43969 2818 1589 0 72447 0 509006
1789254824.131768 76428 49018 2818 1589 0 72447 0 502299
1789254825.133883 76428 49767 2818 1589 0 72447 0 540664
1789254826.136252 76428 45189 2818 1589 0 72447 0 572638
1789254827.137091 77964 48471 2818 1589 0 73983 0 584337
1789254828.138692 77964 50279 2818 1589 0 73983 0 617590
1789254829.136638 77964 48651 2818 1589 0 73983 0 592464
1789254830.140732 77964 50962 2818 1589 0 73983 0 648990
1789254831.142728 77964 51906 2818 1589 0 73983 0 681732
1789254832.144009 77964 52094 2818 1589 0 73983 0 693943
1789254833.145673 79756 52348 2818 1589 0 75775 0 725660
1789254834.144682 79756 52348 2818 1589 0 75775 0 714545
1789254835.148039 79756 42921 2818 1589 0 75775 0 758340
1789254836.150121 79756 47896 2818 1589 0 75775 0 789801
1789254837.150738 79756 53144 2818 1589 0 75775 0 799836
1789254838.152160 79756 53369 2818 1589 0 75775 0 821202
1789254839.150197 81804 54058 2818 1589 0 77823 0 809626
1789254840.154410 81804 53903 2818 1589 0 77823 0 866665
1789254841.156409 81804 54159 2818 1589 0 77823 0 899662
1789254842.157657 81804 54592 2818 1589 0 77823 0 911360
1789254843.149549 85901 37618 2818 1589 0 81919 0 898419
1789254844.143767 85901 38172 2818 1589 0 81919 0 897389
1789254845.142102 85901 37894 2818 1589 0 81919 0 864358
1789254846.142166 88461 38722 2818 1589 0 84479 0 864359
1789254847.142203 88461 38730 2818 1589 0 84479 0 864360
1789254848.142581 88461 38730 2818 1589 0 84479 0 864360
1789254849.142174 88461 38730 2818 1589 0 84479 0 862915
1789254850.142163 88461 38730 2818 1589 0 84479 0 864361
1789254851.142171 88461 38730 2818 1589 0 84479 0 864362
1789254852.142235 88461 39528 2818 1589 0 84479 0 864363
1789254853.142150 88461 39055 2818 1589 0 84479 0 864363
1789254854.142051 88461 40213 2818 1589 0 84479 0 864351
1789254855.141996 88461 40213 2818 1589 0 84479 0 864351
1789254856.141994 88461 39720 2818 1589 0 84479 0 864352
1789254857.142118 88461 39720 2818 1589 0 84479 0 864353
1789254858.145238 88461 39721 2818 1589 0 84479 0 864354
1789254859.141959 88461 39721 2818 1589 0 84479 0 864354
1789254860.141928 88461 39721 2818 1589 0 84479 0 864355
1789254861.141779 88461 38813 2818 1589 0 84479 0 864355
1789254862.142239 88461 41452 2818 1589 0 84479 0 864356
1789254863.141833 88461 41258 2818 1589 0 84479 0 864344
1789254864.142118 88461 40546 2818 1589 0 84479 0 864344
1789254865.141813 88461 40546 2818 1589 0 84479 0 864345
1789254866.141779 88461 40415 2818 1589 0 84479 0 864346
1789254867.141874 88461 40176 2818 1589 0 84479 0 864346
1789254868.141817 88461 40319 2818 1589 0 84479 0 864347
1789254869.141772 88461 40385 2818 1589 0 84479 0 864347
1789254870.141814 88461 40407 2818 1589 0 84479 0 864348
1789254871.141829 88461 40428 2818 1589 0 84479 0 864349
1789254872.141674 88461 42052 2818 1589 0 84479 0 864338
1789254873.141693 88461 42052 2818 1589 0 84479 0 864339
1789254874.141693 88461 42052 2818 1589 0 84479 0 864339
1789254875.141741 88461 42052 2818 1589 0 84479 0 864340
1789254876.141648 88461 42052 2818 1589 0 84479 0 864341
1789254877.141635 88461 42052 2818 1589 0 84479 0 864342
1789254878.142035 88461 42052 2818 1589 0 84479 0 864342
1789254879.147267 93582 53234 2834 1589 0 89599 0 846306
1789254880.141018 203662 150923 2834 1589 0 199679 0 846306
1789254881.140653 310158 252299 2834 1589 0 306175 0 846306
1789254882.141019 419726 352139 2834 1589 0 415743 0 846306
1789254883.140697 488846 450443 2834 1589 0 484863 0 846306
1789254884.143723 673166 549771 2834 1589 0 669183 0 846306
1789254885.140789 789902 645515 2834 1589 0 785919 0 846306
1789254886.140800 795022 745867 2834 1589 0 791039 0 846306
1789254887.140836 932238 844171 2834 1589 0 928255 0 846306
1789254888.140795 1096078 945035 2834 1589 0 1092095 0 846306
1789254889.140767 1103246 1043851 2834 1589 0 1099263 0 846306
1789254890.141109 1299854 1145227 2834 1589 0 1295871 0 846306
1789254891.140717 1299854 1246091 2834 1589 0 1295871 0 846306
1789254892.140957 1537422 1345931 2834 1589 0 1533439 0 846306
1789254893.141740 1537422 1444747 2834 1589 0 1533439 0 846306
1789254894.140661 1802126 1545791 3014 1589 0 1798143 0 846306
1789254895.140800 1812366 1634581 3014 1589 0 1808383 0 846306
1789254896.140672 1816463 1686011 3014 1589 0 1812479 0 846306
1789254897.140747 1816463 1686011 3014 1589 0 1812479 0 846306
1789254898.140727 1816463 1686011 3014 1589 0 1812479 0 846306
1789254899.140702 1816463 1686011 3014 1589 0 1812479 0 846306
1789254900.140892 1816463 1686011 3014 1589 0 1812479 0 846306
1789254901.140658 1816463 1686011 3014 1589 0 1812479 0 846306
1789254902.140783 1816463 1686011 3014 1589 0 1812479 0 846306
1789254903.140737 1816463 1686011 3014 1589 0 1812479 0 846306
1789254904.140645 1816463 1686011 3014 1589 0 1812479 0 846306
1789254905.140703 1816463 1686011 3014 1589 0 1812479 0 846306
1789254906.142215 1820560 1686015 3014 1589 0 1816575 0 846306
1789254907.140780 1820560 1686015 3014 1589 0 1816575 0 846306
1789254908.140738 1820560 1686015 3014 1589 0 1816575 0 846306
1789254909.140655 1820560 1686015 3014 1589 0 1816575 0 846306
1789254910.140778 1820560 1686015 3014 1589 0 1816575 0 846306
1789254911.140916 1820560 1686015 3014 1589 0 1816575 0 846306
1789254912.140903 1820560 1686015 3014 1589 0 1816575 0 846306
1789254913.140776 1820560 1686015 3014 1589 0 1816575 0 846306
1789254914.140841 1820560 1686015 3014 1589 0 1816575 0 846306
1789254915.140825 1820560 1686015 3014 1589 0 1816575 0 846306
1789254916.141004 1824657 1686016 3014 1589 0 1820671 0 846306
1789254917.140901 1824657 1686016 3014 1589 0 1820671 0 846306
1789254918.140964 1824657 1686016 3014 1589 0 1820671 0 846306
1789254919.140896 1824657 1686016 3014 1589 0 1820671 0 846306
1789254920.140892 1824657 1686016 3014 1589 0 1820671 0 846306
1789254921.140819 1824657 1686016 3014 1589 0 1820671 0 846306
1789254922.141083 1824657 1686016 3014 1589 0 1820671 0 846306
1789254923.141779 1824657 1686016 3014 1589 0 1820671 0 846306
1789254924.141160 1824657 1686023 3014 1589 0 1820671 0 846306
1789254925.140938 1824657 1686023 3014 1589 0 1820671 0 846306
1789254926.140842 1824657 1686023 3014 1589 0 1820671 0 846306
1789254927.140872 1824657 1686023 3014 1589 0 1820671 0 846306
1789254928.140864 1824657 1686023 3014 1589 0 1820671 0 846306
1789254929.140873 1824657 1686023 3014 1589 0 1820671 0 846306
1789254930.140820 1824657 1686023 3014 1589 0 1820671 0 846306
1789254931.140801 1824657 1686023 3014 1589 0 1820671 0 846306
1789254932.141094 1824657 1686023 3014 1589 0 1820671 0 846306
1789254933.140840 1824657 1686023 3014 1589 0 1820671 0 846306
1789254934.141156 1824657 1686687 3014 1589 0 1820671 0 846306
1789254935.140959 1824657 1686687 3014 1589 0 1820671 0 846306
1789254936.141168 1824657 1686687 3014 1589 0 1820671 0 846306
1789254937.140918 1824657 1686687 3014 1589 0 1820671 0 846306
1789254938.140997 1824657 1686687 3014 1589 0 1820671 0 846306
1789254939.140940 1824657 1686687 3014 1589 0 1820671 0 846306
1789254940.140935 1824657 1686687 3014 1589 0 1820671 0 846306
1789254941.140909 1824657 1686687 3014 1589 0 1820671 0 846306
1789254942.140948 1824657 1686687 3014 1589 0 1820671 0 846306
1789254943.140905 1824657 1686687 3014 1589 0 1820671 0 846306
1789254944.140942 1824657 1686725 3014 1589 0 1820671 0 846306
1789254945.140925 1824657 1686725 3014 1589 0 1820671 0 846306
1789254946.140922 1824657 1686725 3014 1589 0 1820671 0 846306
1789254947.141056 1824657 1686725 3014 1589 0 1820671 0 846306
1789254948.140920 1824657 1686725 3014 1589 0 1820671 0 846306
1789254949.140946 1824657 1686725 3014 1589 0 1820671 0 846306
1789254950.140929 1824657 1686725 3014 1589 0 1820671 0 846306
1789254951.140893 1824657 1686725 3014 1589 0 1820671 0 846306
1789254952.140793 1824657 1686725 3014 1589 0 1820671 0 846306
1789254953.140844 1824657 1686725 3014 1589 0 1820671 0 846306
1789254954.140924 1824657 1686725 3014 1589 0 1820671 0 846306
1789254955.140901 1824657 1686725 3014 1589 0 1820671 0 846306
1789254956.140981 1824657 1686725 3014 1589 0 1820671 0 846306
1789254957.142149 1824657 1686725 3014 1589 0 1820671 0 846306
1789254958.140861 1824657 1686725 3014 1589 0 1820671 0 846306
1789254959.140831 1824657 1686725 3014 1589 0 1820671 0 846306
1789254960.140861 1824657 1686725 3014 1589 0 1820671 0 846306
1789254961.140862 1824657 1686725 3014 1589 0 1820671 0 846306
1789254962.140884 1824657 1686725 3014 1589 0 1820671 0 846306
1789254963.140797 1824657 1686725 3014 1589 0 1820671 0 846306
1789254964.140765 1824657 1686725 3014 1589 0 1820671 0 846306
1789254965.140792 1824657 1686725 3014 1589 0 1820671 0 846306
1789254966.140879 1824657 1686725 3014 1589 0 1820671 0 846306
1789254967.140867 1824657 1686725 3014 1589 0 1820671 0 846306
1789254968.140836 1824657 1686725 3014 1589 0 1820671 0 846306
1789254969.140836 1824657 1686725 3014 1589 0 1820671 0 846306
1789254970.140909 1824657 1686725 3014 1589 0 1820671 0 846306
1789254971.140828 1824657 1686725 3014 1589 0 1820671 0 846306
1789254972.140812 1824657 1686725 3014 1589 0 1820671 0 846306
1789254973.140837 1824657 1686725 3014 1589 0 1820671 0 846306
1789254974.140829 1824657 1686725 3014 1589 0 1820671 0 846306
1789254975.140820 1824657 1686725 3014 1589 0 1820671 0 846306
1789254976.140837 1824657 1686725 3014 1589 0 1820671 0 846306
1789254977.141188 1824657 1686725 3014 1589 0 1820671 0 846306
1789254978.140880 1824657 1686725 3014 1589 0 1820671 0 846306
1789254979.140844 1824657 1686725 3014 1589 0 1820671 0 846306
1789254980.140879 1824657 1686725 3014 1589 0 1820671 0 846306
1789254981.140805 1824657 1686725 3014 1589 0 1820671 0 846306
1789254982.140810 1824657 1686725 3014 1589 0 1820671 0 846306
1789254983.140887 1824657 1686725 3014 1589 0 1820671 0 846306
1789254984.140834 1824657 1686725 3014 1589 0 1820671 0 846306
1789254985.140841 1824657 1686725 3014 1589 0 1820671 0 846306
1789254986.140825 1824657 1686725 3014 1589 0 1820671 0 846306
1789254987.140881 1824657 1686725 3014 1589 0 1820671 0 846306
1789254988.140880 1824657 1686725 3014 1589 0 1820671 0 846306
1789254989.140930 1824657 1686725 3014 1589 0 1820671 0 846306
1789254990.140825 1824657 1686725 3014 1589 0 1820671 0 846306
1789254991.140807 1824657 1686725 3014 1589 0 1820671 0 846306
1789254992.140833 1824657 1686725 3014 1589 0 1820671 0 846306
1789254993.140839 1824657 1686725 3014 1589 0 1820671 0 846306
1789254994.140860 1824657 1686725 3014 1589 0 1820671 0 846306
1789254995.140876 1824657 1686725 3014 1589 0 1820671 0 846306
1789254996.140878 1824657 1686725 3014 1589 0 1820671 0 846306
1789254997.140859 1824657 1686725 3014 1589 0 1820671 0 846306
1789254998.140883 1824657 1686725 3014 1589 0 1820671 0 846306
1789254999.140841 1824657 1686725 3014 1589 0 1820671 0 846306
1789255000.140814 1824657 1686725 3014 1589 0 1820671 0 846306
1789255001.140821 1824657 1686725 3014 1589 0 1820671 0 846306
1789255002.140891 1824657 1686725 3014 1589 0 1820671 0 846306
1789255003.140792 1824657 1686725 3014 1589 0 1820671 0 846306
1789255004.140928 1824657 1686725 3014 1589 0 1820671 0 846306
1789255005.140805 1824657 1686725 3014 1589 0 1820671 0 846306
1789255006.141142 1824657 1686725 3014 1589 0 1820671 0 846306
1789255007.140941 1824657 1686725 3014 1589 0 1820671 0 846306
1789255008.141152 1824657 1686725 3014 1589 0 1820671 0 846306
1789255009.140877 1824657 1686725 3014 1589 0 1820671 0 846306
1789255010.140902 1824657 1686725 3014 1589 0 1820671 0 846306
1789255011.141235 1824657 1686725 3014 1589 0 1820671 0 846306
1789255012.140732 1824657 1686725 3014 1589 0 1820671 0 846306
1789255013.140820 1824657 1686725 3014 1589 0 1820671 0 846306
1789255014.140800 1824657 1686725 3014 1589 0 1820671 0 846306
1789255015.140776 1824657 1686725 3014 1589 0 1820671 0 846306
1789255016.140920 1824657 1686725 3014 1589 0 1820671 0 846306
1789255017.140888 1824657 1686725 3014 1589 0 1820671 0 846306
1789255018.140810 1824657 1686725 3014 1589 0 1820671 0 846306
1789255019.140844 1824657 1686725 3014 1589 0 1820671 0 846306
1789255020.140840 1824657 1686725 3014 1589 0 1820671 0 846306
1789255021.140878 1824657 1686725 3014 1589 0 1820671 0 846306
1789255022.140891 1824657 1686725 3014 1589 0 1820671 0 846306
1789255023.140816 1824657 1686725 3014 1589 0 1820671 0 846306
1789255024.140878 1824657 1686725 3014 1589 0 1820671 0 846306
1789255025.140836 1824657 1686725 3014 1589 0 1820671 0 846306
1789255026.140756 1824657 1686725 3014 1589 0 1820671 0 846306
1789255027.140833 1824657 1686725 3014 1589 0 1820671 0 846306
1789255028.140766 1824657 1686725 3014 1589 0 1820671 0 846306
1789255029.140784 1824657 1686725 3014 1589 0 1820671 0 846306
1789255030.140793 1824657 1686725 3014 1589 0 1820671 0 846306
1789255031.140794 1824657 1686725 3014 1589 0 1820671 0 846306
1789255032.140789 1824657 1686725 3014 1589 0 1820671 0 846306
1789255033.140829 1824657 1686725 3014 1589 0 1820671 0 846306
1789255034.140807 1824657 1686725 3014 1589 0 1820671 0 846306
1789255035.140842 1824657 1686725 3014 1589 0 1820671 0 846306
1789255036.142745 1824657 1686725 3014 1589 0 1820671 0 846306
1789255037.140878 1824657 1686725 3014 1589 0 1820671 0 846306
1789255038.140939 1824657 1686725 3014 1589 0 1820671 0 846306
1789255039.140761 1824657 1686725 3014 1589 0 1820671 0 846306
1789255040.140894 1824657 1686725 3014 1589 0 1820671 0 846306
1789255041.140770 1824657 1686725 3014 1589 0 1820671 0 846306
1789255042.140738 1824657 1686725 3014 1589 0 1820671 0 846306
1789255043.140711 1824657 1686725 3014 1589 0 1820671 0 846306
1789255044.140759 1824657 1686725 3014 1589 0 1820671 0 846306
1789255045.140724 1824657 1686725 3014 1589 0 1820671 0 846306
1789255046.140726 1824657 1686725 3014 1589 0 1820671 0 846306
1789255047.140815 1824657 1686725 3014 1589 0 1820671 0 846306
1789255048.140740 1824657 1686725 3014 1589 0 1820671 0 846306
1789255049.140753 1824657 1686725 3014 1589 0 1820671 0 846306
1789255050.142309 1824657 1686725 3014 1589 0 1820671 0 846306
1789255051.140877 1824657 1686725 3014 1589 0 1820671 0 846306
1789255052.140879 1824657 1686725 3014 1589 0 1820671 0 846306
1789255053.140784 1824657 1686725 3014 1589 0 1820671 0 846306
1789255054.140823 1824657 1686725 3014 1589 0 1820671 0 846306
1789255055.140813 1824657 1686725 3014 1589 0 1820671 0 846306
1789255056.140782 1824657 1686725 3014 1589 0 1820671 0 846306
1789255057.140818 1824657 1686725 3014 1589 0 1820671 0 846306
1789255058.141136 1824657 1686725 3014 1589 0 1820671 0 846306
1789255059.140807 1824657 1686725 3014 1589 0 1820671 0 846306
1789255060.140909 1824657 1686725 3014 1589 0 1820671 0 846306
1789255061.140939 1824657 1686725 3014 1589 0 1820671 0 846306
1789255062.140821 1824657 1686725 3014 1589 0 1820671 0 846306
1789255063.140642 1824657 1686725 3014 1589 0 1820671 0 846306
1789255064.140902 1824657 1686725 3014 1589 0 1820671 0 846306
1789255065.140820 1824657 1686725 3014 1589 0 1820671 0 846306
1789255066.140767 1824657 1686725 3014 1589 0 1820671 0 846306
1789255067.140861 1824657 1686725 3014 1589 0 1820671 0 846306
1789255068.140830 1824657 1686725 3014 1589 0 1820671 0 846306
1789255069.140822 1824657 1686725 3014 1589 0 1820671 0 846306
1789255070.140887 1824657 1686725 3014 1589 0 1820671 0 846306
1789255071.140787 1824657 1686725 3014 1589 0 1820671 0 846306
1789255072.141010 1824657 1686725 3014 1589 0 1820671 0 846306
1789255073.140740 1824657 1686725 3014 1589 0 1820671 0 846306
1789255074.140779 1824657 1686725 3014 1589 0 1820671 0 846306
1789255075.140682 1824657 1686725 3014 1589 0 1820671 0 846306
1789255076.140840 1824657 1686725 3014 1589 0 1820671 0 846306
1789255077.140842 1824657 1686725 3014 1589 0 1820671 0 846306
1789255078.140920 1824657 1686725 3014 1589 0 1820671 0 846306
1789255079.140932 1824657 1686725 3014 1589 0 1820671 0 846306
1789255080.140861 1824657 1686725 3014 1589 0 1820671 0 846306
1789255081.140878 1824657 1686725 3014 1589 0 1820671 0 846306
1789255082.140896 1824657 1686725 3014 1589 0 1820671 0 846306
1789255083.140795 1824657 1686725 3014 1589 0 1820671 0 846306
1789255084.140843 1824657 1686725 3014 1589 0 1820671 0 846306
1789255085.140873 1824657 1686725 3014 1589 0 1820671 0 846306
1789255086.140806 1824657 1686725 3014 1589 0 1820671 0 846306
1789255087.140871 1824657 1686725 3014 1589 0 1820671 0 846306
1789255088.140872 1824657 1686725 3014 1589 0 1820671 0 846306
1789255089.140828 1824657 1686725 3014 1589 0 1820671 0 846306
1789255090.140837 1824657 1686725 3014 1589 0 1820671 0 846306
1789255091.140917 1824657 1686725 3014 1589 0 1820671 0 846306
1789255092.142770 1824657 1686725 3014 1589 0 1820671 0 846306
1789255093.140835 1824657 1686725 3014 1589 0 1820671 0 846306
1789255094.141109 1824657 1686725 3014 1589 0 1820671 0 846306
1789255095.140776 1824657 1686725 3014 1589 0 1820671 0 846306
1789255096.140839 1824657 1686725 3014 1589 0 1820671 0 846306
1789255097.140836 1824657 1686725 3014 1589 0 1820671 0 846306
1789255098.140893 1824657 1686725 3014 1589 0 1820671 0 846306
1789255099.140834 1824657 1686725 3014 1589 0 1820671 0 846306
1789255100.140742 1824657 1686725 3014 1589 0 1820671 0 846306
1789255101.140904 1824657 1686725 3014 1589 0 1820671 0 846306
1789255102.140889 1824657 1686725 3014 1589 0 1820671 0 846306
1789255103.140785 1824657 1686725 3014 1589 0 1820671 0 846306
1789255104.140779 1824657 1686725 3014 1589 0 1820671 0 846306
1789255105.140756 1824657 1686725 3014 1589 0 1820671 0 846306
1789255106.140734 1824657 1686725 3014 1589 0 1820671 0 846306
1789255107.140724 1824657 1686725 3014 1589 0 1820671 0 846306
1789255108.140769 1824657 1686725 3014 1589 0 1820671 0 846306
1789255109.140779 1824657 1686725 3014 1589 0 1820671 0 846306
1789255110.140791 1824657 1686725 3014 1589 0 1820671 0 846306
1789255111.140787 1824657 1686725 3014 1589 0 1820671 0 846306
1789255112.140827 1824657 1686725 3014 1589 0 1820671 0 846306
1789255113.140796 1824657 1686725 3014 1589 0 1820671 0 846306
1789255114.141066 1824657 1686725 3014 1589 0 1820671 0 846306
1789255115.140827 1824657 1686725 3014 1589 0 1820671 0 846306
1789255116.140793 1824657 1686725 3014 1589 0 1820671 0 846306
1789255117.140906 1824657 1686725 3014 1589 0 1820671 0 846306
1789255118.140831 1824657 1686725 3014 1589 0 1820671 0 846306
1789255119.140780 1824657 1686725 3014 1589 0 1820671 0 846306
1789255120.140801 1824657 1686725 3014 1589 0 1820671 0 846306
1789255121.140829 1824657 1686725 3014 1589 0 1820671 0 846306
1789255122.140817 1824657 1686725 3014 1589 0 1820671 0 846306
1789255123.140793 1824657 1686725 3014 1589 0 1820671 0 846306
1789255124.140765 1824657 1686725 3014 1589 0 1820671 0 846306
1789255125.140754 1824657 1686725 3014 1589 0 1820671 0 846306
1789255126.140761 1824657 1686725 3014 1589 0 1820671 0 846306
1789255127.140700 1824657 1686725 3014 1589 0 1820671 0 846306
1789255128.140762 1824657 1686725 3014 1589 0 1820671 0 846306
1789255129.140826 1824657 1686725 3014 1589 0 1820671 0 846306
1789255130.140778 1824657 1686725 3014 1589 0 1820671 0 846306
1789255131.140805 1824657 1686725 3014 1589 0 1820671 0 846306
1789255132.140813 1824657 1686725 3014 1589 0 1820671 0 846306
1789255133.140758 1824657 1686725 3014 1589 0 1820671 0 846306
1789255134.140657 1824657 1686725 3014 1589 0 1820671 0 846306
1789255135.140785 1824657 1686725 3014 1589 0 1820671 0 846306
1789255136.140802 1824657 1686725 3014 1589 0 1820671 0 846306
1789255137.140727 1824657 1686725 3014 1589 0 1820671 0 846306
1789255138.140638 1824657 1686725 3014 1589 0 1820671 0 846306
1789255139.140515 1824657 1687022 3014 1589 0 1820671 0 846306
1789255140.140763 1824657 1687022 3014 1589 0 1820671 0 846306
1789255141.141251 1824657 1687022 3014 1589 0 1820671 0 846306
1789255142.140859 1824657 1687022 3014 1589 0 1820671 0 846306
1789255143.140899 1824657 1687022 3014 1589 0 1820671 0 846306
1789255144.140827 1824657 1687022 3014 1589 0 1820671 0 846306
1789255145.140826 1824657 1687022 3014 1589 0 1820671 0 846306
1789255146.140661 1824657 1687022 3014 1589 0 1820671 0 846306
1789255147.140573 1824657 1687022 3014 1589 0 1820671 0 846306
1789255148.140547 1824657 1687022 3014 1589 0 1820671 0 846306
1789255149.140736 1824657 1687022 3014 1589 0 1820671 0 846306
1789255150.140794 1824657 1687022 3014 1589 0 1820671 0 846306
1789255151.140740 1824657 1687022 3014 1589 0 1820671 0 846306
1789255152.140800 1824657 1687022 3014 1589 0 1820671 0 846306
1789255153.140793 1824657 1687022 3014 1589 0 1820671 0 846306
1789255154.140793 1824657 1687022 3014 1589 0 1820671 0 846306
1789255155.140774 1824657 1687022 3014 1589 0 1820671 0 846306
1789255156.140771 1824657 1687022 3014 1589 0 1820671 0 846306
1789255157.140989 1824657 1687022 3014 1589 0 1820671 0 846306
1789255158.140711 1824657 1687022 3014 1589 0 1820671 0 846306
1789255159.140749 1824657 1687022 3014 1589 0 1820671 0 846306
1789255160.140815 1824657 1687022 3014 1589 0 1820671 0 846306
1789255161.140721 1824657 1687022 3014 1589 0 1820671 0 846306
1789255162.140579 1824657 1687022 3014 1589 0 1820671 0 846306
1789255163.140710 1824657 1687022 3014 1589 0 1820671 0 846306
1789255164.140687 1824657 1687022 3014 1589 0 1820671 0 846306
1789255165.140794 1824657 1687022 3014 1589 0 1820671 0 846306
1789255166.140761 1824657 1687022 3014 1589 0 1820671 0 846306
1789255167.140808 1824657 1687022 3014 1589 0 1820671 0 846306
1789255168.140748 1824657 1687022 3014 1589 0 1820671 0 846306
1789255169.141496 1824657 1687022 3014 1589 0 1820671 0 846306
1789255170.140811 1824657 1687022 3014 1589 0 1820671 0 846306
1789255171.140738 1824657 1687022 3014 1589 0 1820671 0 846306
1789255172.140781 1824657 1687022 3014 1589 0 1820671 0 846306
1789255173.140776 1824657 1687022 3014 1589 0 1820671 0 846306
1789255174.140799 1824657 1687022 3014 1589 0 1820671 0 846306
1789255175.141694 1824657 1687022 3014 1589 0 1820671 0 846306
1789255176.140784 1824657 1687022 3014 1589 0 1820671 0 846306
1789255177.140751 1824657 1687022 3014 1589 0 1820671 0 846306
1789255178.140728 1824657 1687022 3014 1589 0 1820671 0 846306
1789255179.140881 1824657 1687022 3014 1589 0 1820671 0 846306
1789255180.140739 1824657 1687022 3014 1589 0 1820671 0 846306
1789255181.141046 1824657 1687022 3014 1589 0 1820671 0 846306
1789255182.140774 1824657 1687022 3014 1589 0 1820671 0 846306
1789255183.140752 1824657 1687022 3014 1589 0 1820671 0 846306
1789255184.140790 1824657 1687022 3014 1589 0 1820671 0 846306
1789255185.140782 1824657 1687022 3014 1589 0 1820671 0 846306
1789255186.140809 1824657 1687022 3014 1589 0 1820671 0 846306
1789255187.140781 1824657 1687022 3014 1589 0 1820671 0 846306
1789255188.140368 1824657 1687022 3014 1589 0 1820671 0 846306
1789255189.140759 1824657 1687022 3014 1589 0 1820671 0 846306
1789255190.140747 1824657 1687022 3014 1589 0 1820671 0 846306
1789255191.140770 1824657 1687022 3014 1589 0 1820671 0 846306
1789255192.140968 1824657 1687022 3014 1589 0 1820671 0 846306
1789255193.140778 1824657 1687022 3014 1589 0 1820671 0 846306
1789255194.140868 1824657 1687022 3014 1589 0 1820671 0 846306
1789255195.140778 1824657 1687022 3014 1589 0 1820671 0 846306
1789255196.140824 1824657 1687022 3014 1589 0 1820671 0 846306
1789255197.140786 1824657 1687022 3014 1589 0 1820671 0 846306
1789255198.140820 1824657 1687022 3014 1589 0 1820671 0 846306
1789255199.140762 1824657 1687022 3014 1589 0 1820671 0 846306
1789255200.140821 1824657 1687022 3014 1589 0 1820671 0 846306
1789255201.140823 1824657 1687022 3014 1589 0 1820671 0 846306
1789255202.140830 1824657 1687022 3014 1589 0 1820671 0 846306
1789255203.140874 1824657 1687022 3014 1589 0 1820671 0 846306
1789255204.140813 1824657 1687022 3014 1589 0 1820671 0 846306
1789255205.140828 1824657 1687022 3014 1589 0 1820671 0 846306
1789255206.140808 1824657 1687022 3014 1589 0 1820671 0 846306
1789255207.140826 1824657 1687022 3014 1589 0 1820671 0 846306
1789255208.140810 1824657 1687022 3014 1589 0 1820671 0 846306
1789255209.140773 1824657 1687022 3014 1589 0 1820671 0 846306
1789255210.140735 1824657 1687022 3014 1589 0 1820671 0 846306
1789255211.140756 1824657 1687022 3014 1589 0 1820671 0 846306
1789255212.140803 1824657 1687022 3014 1589 0 1820671 0 846306
1789255213.140800 1824657 1687022 3014 1589 0 1820671 0 846306
1789255214.140803 1824657 1687022 3014 1589 0 1820671 0 846306
1789255215.140831 1824657 1687022 3014 1589 0 1820671 0 846306
1789255216.140768 1824657 1687022 3014 1589 0 1820671 0 846306
1789255217.140832 1824657 1687022 3014 1589 0 1820671 0 846306
1789255218.140731 1824657 1687022 3014 1589 0 1820671 0 846306
1789255219.140733 1824657 1687022 3014 1589 0 1820671 0 846306
1789255220.140801 1824657 1687022 3014 1589 0 1820671 0 846306
1789255221.140817 1824657 1687022 3014 1589 0 1820671 0 846306
1789255222.140859 1824657 1687022 3014 1589 0 1820671 0 846306
1789255223.140811 1824657 1687022 3014 1589 0 1820671 0 846306
1789255224.140786 1824657 1687022 3014 1589 0 1820671 0 846306
1789255225.140748 1824657 1687022 3014 1589 0 1820671 0 846306
1789255226.140769 1824657 1687022 3014 1589 0 1820671 0 846306
1789255227.140835 1824657 1687022 3014 1589 0 1820671 0 846306
1789255228.140812 1824657 1687022 3014 1589 0 1820671 0 846306
1789255229.140779 1824657 1687022 3014 1589 0 1820671 0 846306
1789255230.140749 1824657 1687022 3014 1589 0 1820671 0 846306
1789255231.140723 1824657 1687022 3014 1589 0 1820671 0 846306
1789255232.140773 1824657 1687022 3014 1589 0 1820671 0 846306
1789255233.140877 1824657 1687022 3014 1589 0 1820671 0 846306
1789255234.140884 1824657 1687022 3014 1589 0 1820671 0 846306
1789255235.140889 1824657 1687022 3014 1589 0 1820671 0 846306
1789255236.140839 1824657 1687022 3014 1589 0 1820671 0 846306
1789255237.140839 1824657 1687022 3014 1589 0 1820671 0 846306
1789255238.140831 1824657 1687022 3014 1589 0 1820671 0 846306
1789255239.140896 1824657 1687022 3014 1589 0 1820671 0 846306
