# start_epoch=1786142743.456213  page_size=4096  cachestat=ok  fields=size,resident,shared,text,lib,data,dt,pagecache
1786142744.456474 262500 28245 8259 99 0 248506 0 1
1786142745.456448 262500 28245 8259 99 0 248506 0 1
1786142746.463585 2988078 110572 87191 99 0 277562 0 123367
1786142747.464960 3026051 119174 92910 99 0 280634 0 143171
1786142748.469503 3116634 182275 155962 99 0 280634 0 227310
1786142749.469293 3114642 150046 124419 99 0 280634 0 217194
1786142750.471766 3168625 181657 156030 99 0 280634 0 274176
1786142751.472167 3166750 149699 124072 99 0 280634 0 267303
1786142752.471242 3220659 181594 155967 99 0 280634 0 326713
1786142753.475241 3218717 148340 123997 99 0 280634 0 319444
1786142754.474065 3272670 182139 155986 99 0 280634 0 376462
1786142755.478239 3270750 148818 123809 99 0 280634 0 370408
1786142756.476406 3324757 181212 156149 99 0 280634 0 429344
1786142757.481287 3322827 149139 124260 99 0 280634 0 424275
1786142758.479039 3376834 181253 156240 99 0 280634 0 486239
1786142759.484383 3374890 148780 124910 99 0 280634 0 480588
1786142760.481009 3428808 181565 156315 99 0 280634 0 543101
1786142761.488173 3426851 152035 126778 99 0 280634 0 538690
1786142762.484392 3480860 181855 156594 99 0 280634 0 599697
1786142763.491263 3478985 152184 126923 99 0 280634 0 591567
1786142764.486193 3532904 181435 156695 99 0 280634 0 637535
1786142765.494439 3530949 152543 127804 99 0 280634 0 646606
1786142766.488711 3584883 181413 156693 99 0 280634 0 689482
1786142767.497752 3584760 155299 129178 99 0 282426 0 703479
1786142768.491339 3656075 200658 174271 99 0 282426 0 748237
1786142769.500876 3636771 156038 129672 99 0 282426 0 757919
1786142770.494324 3708099 200808 174467 99 0 282426 0 811469
1786142771.504174 3688705 154833 131017 99 0 282426 0 815253
1786142772.496606 3759837 199223 174249 99 0 282426 0 863228
1786142773.507532 3742262 157492 131232 99 0 284218 0 868754
1786142774.497305 3836518 213256 186960 99 0 284218 0 877330
1786142775.510659 3794133 157449 132023 99 0 284218 0 923743
1786142776.505824 3847917 183584 157042 99 0 284218 0 894469
1786142777.513720 3845964 159562 133017 99 0 284218 0 979734
1786142778.513859 3880539 147610 121028 99 0 284218 0 969125
1786142779.517193 3897828 160043 133471 99 0 284218 0 997061
1786142780.507366 3932400 147008 121116 99 0 284218 0 1018078
1786142781.520076 3949671 156533 130636 99 0 284218 0 1075570
1786142782.511319 4020738 191524 167835 99 0 284218 0 1122864
1786142783.521912 4001502 153501 129109 99 0 284218 0 1120593
1786142784.514755 4072572 199877 174369 99 0 284218 0 1174107
1786142785.525612 4053381 154459 130821 99 0 284218 0 1178594
1786142786.511753 4124449 198213 174553 99 0 284218 0 1188315
1786142787.529184 4105206 156264 131879 99 0 284218 0 1234792
1786142788.520200 4199396 221110 195589 99 0 284218 0 1222490
1786142789.532507 4157040 156377 131981 99 0 284218 0 1288820
1786142790.517946 4228098 200867 174562 99 0 284218 0 1291813
1786142791.513859 4194559 127196 101517 99 0 288314 0 1287728
1786142792.516932 4178407 92127 65037 99 0 291386 0 1294794
1786142793.517018 4174462 87255 60147 99 0 291386 0 1275369
1786142794.511862 4149636 93697 66584 99 0 291386 0 1233776
1786142795.512107 4149636 133045 103883 99 0 291386 0 1250724
1786142796.512378 4149636 161601 134487 99 0 291386 0 1250548
1786142797.511030 4149636 188067 160953 99 0 291386 0 1227263
1786142798.512365 4149636 225314 198206 99 0 291386 0 1244211
1786142799.512753 4149636 261483 233668 99 0 291386 0 1263973
1786142800.510830 4207727 323273 295458 99 0 291386 0 1221009
1786142801.511388 4149636 320053 292238 99 0 291386 0 1237226
1786142802.512780 4149636 359388 329525 99 0 291386 0 1254245
1786142803.513018 4174461 405123 377308 99 0 291386 0 1265999
1786142804.511513 4149636 414661 386840 99 0 291386 0 1231119
1786142805.514936 4149636 452353 424532 99 0 291386 0 1243687
1786142806.515268 4149631 61139 32714 99 0 291386 0 1251365
1786142807.512248 4174456 111092 84721 99 0 291386 0 1250563
1786142808.510867 4149631 115884 88397 99 0 291386 0 1226037
1786142809.511813 4149631 153014 125037 99 0 291386 0 1242136
1786142810.512927 4149631 185874 159060 99 0 291386 0 1259240
1786142811.513549 4207722 268713 240783 99 0 291386 0 1275395
1786142812.511585 4149631 244467 218332 99 0 291386 0 1234201
1786142813.512251 4149631 283764 254897 99 0 291386 0 1250128
1786142814.512167 4174456 316703 289998 99 0 291386 0 1250575
1786142815.511006 4149631 338520 311814 99 0 291386 0 1226486
1786142816.512068 4149631 375486 348780 99 0 291386 0 1242993
1786142817.512749 4149631 408856 382150 99 0 291386 0 1260806
1786142818.510951 4149631 433662 406956 99 0 291386 0 1221289
1786142819.511343 4149624 40534 15691 99 0 291386 0 1229967
1786142820.512072 4149624 80600 53709 99 0 291386 0 1247936
1786142821.513526 4149624 109318 84475 99 0 291386 0 1274509
1786142822.510964 4149624 136782 111939 99 0 291386 0 1225982
1786142823.511856 4149624 174386 149543 99 0 291386 0 1243439
1786142824.512836 4149624 208492 183649 99 0 291386 0 1265134
1786142825.511034 4149624 233288 208445 99 0 291386 0 1221044
1786142826.511775 4149624 270870 246027 99 0 291386 0 1239764
1786142827.512710 4149624 307668 282825 99 0 291386 0 1256591
1786142828.513426 4207715 373400 348557 99 0 291386 0 1275420
1786142829.511610 4149624 365821 342029 99 0 291386 0 1235475
1786142830.511729 4149616 49186 22375 99 0 291386 0 1240336
1786142831.577221 4221922 91090 59125 99 0 334394 0 1256075
1786142832.512091 4192629 91258 59684 99 0 334394 0 1250342
1786142833.512523 4192629 94070 59684 99 0 334394 0 1256334
1786142834.575207 4221922 121535 87480 99 0 334394 0 1251680
1786142835.513604 4192629 123381 94553 99 0 334394 0 1237008
1786142836.546301 4224994 163243 130089 99 0 337466 0 1254941
1786142837.512076 4195701 161799 134097 99 0 337466 0 1250346
1786142838.514384 4195701 167271 134097 99 0 337466 0 1256300
1786142839.518193 4195701 195647 158898 99 0 337466 0 1250348
1786142840.511251 4195701 191484 164220 99 0 337466 0 1230756
1786142841.540523 4224994 232985 199804 99 0 337466 0 1253933
1786142842.512515 4195701 236469 205852 99 0 337466 0 1253559
1786142843.512216 4195701 241677 208508 99 0 337466 0 1256274
1786142844.512097 4195701 266460 233304 99 0 337466 0 1250352
1786142845.514804 4195701 265481 238357 99 0 337466 0 1230282
1786142846.529252 4224994 306498 273461 99 0 337466 0 1253745
1786142847.512249 4195701 309900 279483 99 0 337466 0 1252503
1786142848.512358 4195701 315900 282907 99 0 337466 0 1256268
1786142849.512204 4195701 342232 307706 99 0 337466 0 1250356
1786142850.511615 4195701 338744 310706 99 0 337466 0 1227652
1786142851.541110 4224994 378297 345890 99 0 337466 0 1253447
1786142852.515411 4195701 381486 352387 99 0 337466 0 1250343
1786142853.512382 4195701 390337 357315 99 0 337466 0 1256254
1786142854.512339 4195701 415621 382109 99 0 337466 0 1250359
1786142855.514299 4195701 411315 382688 99 0 337466 0 1224216
1786142856.543135 4224994 450332 417328 99 0 337466 0 1252885
1786142857.512281 4195701 451101 423695 99 0 337466 0 1246215
1786142858.512503 4195701 457652 425935 99 0 337466 0 1249693
1786142859.498160 3879811 78439 41551 99 0 339514 0 932428
1786142860.498526 3882371 81563 41551 99 0 342074 0 937949
1786142861.519784 3914736 113256 72069 99 0 345146 0 934028
1786142862.500969 3885443 116676 79856 99 0 345146 0 924088
1786142863.518676 3914736 157933 116750 99 0 345146 0 938031
1786142864.498010 3885443 157653 115954 99 0 345146 0 932432
1786142865.501343 3885443 155099 115954 99 0 345146 0 937953
1786142866.535678 3914736 184480 145227 99 0 345146 0 933942
1786142867.497775 3885443 187251 152513 99 0 345146 0 921920
1786142868.518443 3914736 228254 189007 99 0 345146 0 937589
1786142869.498221 3885443 227371 190350 99 0 345146 0 932436
1786142870.498557 3885443 229476 190350 99 0 345146 0 938430
1786142871.556197 3914736 258018 218642 99 0 345146 0 934008
1786142872.497617 3885443 260854 226293 99 0 345146 0 921080
1786142873.519481 3914736 302559 263491 99 0 345146 0 937601
1786142874.501462 3885443 300288 264751 99 0 345146 0 932440
1786142875.498531 3885443 302888 264751 99 0 345146 0 938434
1786142876.515181 3914736 331382 292288 99 0 345146 0 933404
1786142877.497966 3885443 333540 300206 99 0 345146 0 920426
1786142878.565233 3914736 374349 336636 99 0 345146 0 937911
1786142879.498280 3885443 374550 339155 99 0 345146 0 932444
1786142880.498356 3885443 376909 339155 99 0 345146 0 938428
1786142881.525018 3914736 405094 366191 99 0 345146 0 933398
1786142882.497725 3885443 408454 374312 99 0 345146 0 919990
1786142883.525875 3914736 449491 411302 99 0 345146 0 937469
1786142884.498111 3885443 449438 413556 99 0 345146 0 932448
1786142885.498418 3885443 451310 413556 99 0 345146 0 938442
1786142886.560331 3907358 479237 441714 99 0 345146 0 928514
1786142887.483495 3567999 61362 29474 99 0 345146 0 593950
1786142888.498255 3597292 99758 65059 99 0 345146 0 618301
1786142889.484262 3567999 104531 71730 99 0 345146 0 617595
1786142890.484613 3567999 107031 73010 99 0 345146 0 620898
1786142891.484219 3567999 133356 97803 99 0 345146 0 615012
1786142892.483258 3567999 128214 99757 99 0 345146 0 588392
1786142893.529280 3597292 166955 134750 99 0 345146 0 617385
1786142894.486938 3567999 172624 141704 99 0 345146 0 611565
1786142895.487211 3567999 180327 147400 99 0 345146 0 620882
1786142896.484214 3567999 204084 172204 99 0 345146 0 615015
1786142897.482841 3567999 200275 172233 99 0 345146 0 585762
1786142898.529765 3597292 239810 207418 99 0 345146 0 617015
1786142899.484049 3567999 242653 214607 99 0 345146 0 609553
1786142900.500051 3597292 280638 249792 99 0 345146 0 620558
1786142901.484424 3567999 277866 246606 99 0 345146 0 615019
1786142902.486442 3573521 280026 252128 99 0 345146 0 620540
1786142903.499756 3597292 309390 277116 99 0 345146 0 616089
1786142904.483724 3567999 313289 284769 99 0 345146 0 603843
1786142905.503578 3597292 352643 320978 99 0 345146 0 619904
1786142906.484518 3567999 353734 321012 99 0 345146 0 615023
1786142907.484874 3567999 351960 321012 99 0 345146 0 621010
1786142908.526131 3597292 380412 349777 99 0 345146 0 615761
1786142909.483726 3567999 384406 357587 99 0 345146 0 601691
1786142910.499125 3597292 424792 393644 99 0 345146 0 619554
1786142911.484210 3567999 423541 395398 99 0 345146 0 615027
1786142912.484332 3567999 427622 395398 99 0 345146 0 620987
1786142913.511768 3587286 452136 421859 99 0 345146 0 608073
1786142914.469699 3275909 66738 41329 99 0 349242 0 289552
1786142915.469948 3275909 120780 95371 99 0 349242 0 289552
1786142916.469847 3275909 176060 150651 99 0 349242 0 289552
1786142917.469899 3275909 229885 204476 99 0 349242 0 289552
1786142918.469888 3275909 285117 259708 99 0 349242 0 289552
1786142919.469812 3280006 323414 298041 99 0 353338 0 289552
1786142920.469880 3280006 323414 298041 99 0 353338 0 289552
1786142921.469697 3280006 323414 298041 99 0 353338 0 289552
1786142922.469888 3280006 323414 298041 99 0 353338 0 289552
1786142923.469910 3280006 323414 298041 99 0 353338 0 289552
1786142924.469845 3284103 323366 298041 99 0 357434 0 289552
1786142925.469667 3284103 323366 298041 99 0 357434 0 289552
1786142926.469691 3284103 323366 298041 99 0 357434 0 289552
1786142927.469821 3284103 323366 298041 99 0 357434 0 289552
1786142928.469816 3284103 323366 298041 99 0 357434 0 289552
1786142929.469811 3288200 323353 298041 99 0 361530 0 289552
1786142930.469659 3288200 323353 298041 99 0 361530 0 289552
1786142931.469998 3288200 323353 298041 99 0 361530 0 289552
1786142932.469922 3288200 323353 298041 99 0 361530 0 289552
1786142933.469869 3288200 323353 298041 99 0 361530 0 289552
1786142934.469822 3288200 323353 298041 99 0 361530 0 289552
1786142935.469837 3288200 323353 298041 99 0 361530 0 289552
1786142936.469816 3288200 323353 298041 99 0 361530 0 289552
1786142937.469736 3288200 323353 298041 99 0 361530 0 289552
1786142938.469852 3288200 323353 298041 99 0 361530 0 289552
1786142939.469732 3288200 323353 298041 99 0 361530 0 289552
1786142940.469860 3288200 323353 298041 99 0 361530 0 289552
1786142941.469877 3288200 323353 298041 99 0 361530 0 289552
1786142942.469818 3288200 323353 298041 99 0 361530 0 289552
1786142943.469764 3288200 323353 298041 99 0 361530 0 289552
1786142944.469761 3288200 323353 298041 99 0 361530 0 289552
1786142945.469605 3288200 323353 298041 99 0 361530 0 289552
1786142946.469770 3288200 323353 298041 99 0 361530 0 289552
1786142947.469729 3288200 323353 298041 99 0 361530 0 289552
1786142948.469661 3288200 323353 298041 99 0 361530 0 289552
1786142949.469845 3288200 323353 298041 99 0 361530 0 289552
1786142950.469884 3288200 323353 298041 99 0 361530 0 289552
1786142951.469830 3288200 323353 298041 99 0 361530 0 289552
1786142952.469814 3288200 323353 298041 99 0 361530 0 289552
1786142953.469749 3288200 323353 298041 99 0 361530 0 289552
1786142954.469603 3288200 323353 298041 99 0 361530 0 289552
1786142955.469769 3288200 323353 298041 99 0 361530 0 289552
1786142956.469896 3288200 323353 298041 99 0 361530 0 289552
1786142957.469654 3288200 323353 298041 99 0 361530 0 289552
1786142958.469865 3288200 323353 298041 99 0 361530 0 289552
1786142959.469600 3288200 323353 298041 99 0 361530 0 289552
1786142960.472366 3288200 323353 298041 99 0 361530 0 289552
1786142961.469776 3288200 323353 298041 99 0 361530 0 289552
1786142962.469721 3288200 323353 298041 99 0 361530 0 289552
1786142963.469823 3288200 323353 298041 99 0 361530 0 289552
1786142964.469641 3288200 323353 298041 99 0 361530 0 289552
1786142965.469917 3288200 323353 298041 99 0 361530 0 289552
1786142966.469699 3288200 323353 298041 99 0 361530 0 289552
1786142967.469653 3288200 323353 298041 99 0 361530 0 289552
1786142968.469647 3288200 323353 298041 99 0 361530 0 289552
1786142969.469716 3288200 323353 298041 99 0 361530 0 289552
1786142970.469621 3288200 323353 298041 99 0 361530 0 289552
1786142971.469779 3288200 323353 298041 99 0 361530 0 289552
1786142972.469712 3288200 323353 298041 99 0 361530 0 289552
1786142973.469837 3288200 323353 298041 99 0 361530 0 289552
1786142974.469828 3288200 323353 298041 99 0 361530 0 289552
1786142975.469896 3288200 323353 298041 99 0 361530 0 289552
1786142976.469851 3288200 323353 298041 99 0 361530 0 289552
1786142977.469819 3288200 323353 298041 99 0 361530 0 289552
1786142978.469648 3288200 323353 298041 99 0 361530 0 289552
1786142979.469637 3288200 323353 298041 99 0 361530 0 289552
1786142980.469740 3288200 323353 298041 99 0 361530 0 289552
1786142981.469844 3288200 323353 298041 99 0 361530 0 289552
1786142982.469649 3288200 323353 298041 99 0 361530 0 289552
1786142983.469795 3288200 323353 298041 99 0 361530 0 289552
1786142984.469903 3288200 323353 298041 99 0 361530 0 289552
1786142985.469795 3288200 323353 298041 99 0 361530 0 289552
1786142986.469873 3288200 323353 298041 99 0 361530 0 289552
1786142987.469718 3288200 323353 298041 99 0 361530 0 289552
1786142988.469598 3288200 323353 298041 99 0 361530 0 289552
1786142989.469688 3288200 323353 298041 99 0 361530 0 289552
1786142990.469811 3288200 323353 298041 99 0 361530 0 289552
1786142991.469720 3288200 323353 298041 99 0 361530 0 289552
1786142992.469766 3288200 323353 298041 99 0 361530 0 289552
1786142993.469810 3288200 323353 298041 99 0 361530 0 289552
1786142994.472091 3288200 323845 298041 99 0 361530 0 289552
1786142995.469732 3288200 323845 298041 99 0 361530 0 289552
1786142996.469695 3288200 323845 298041 99 0 361530 0 289552
1786142997.469601 3288200 323845 298041 99 0 361530 0 289552
1786142998.469573 3288200 323845 298041 99 0 361530 0 289552
1786142999.469687 3288200 323845 298041 99 0 361530 0 289552
1786143000.470051 3288200 323845 298041 99 0 361530 0 289552
1786143001.469842 3288200 323845 298041 99 0 361530 0 289552
1786143002.470046 3288200 323845 298041 99 0 361530 0 289552
1786143003.469793 3288200 323840 298041 99 0 361530 0 289552
