# start_epoch=1788188526.004886  page_size=4096  cachestat=ok  fields=size,resident,shared,text,lib,data,dt,pagecache
1788188527.005178 262457 28659 8672 99 0 248506 0 1
1788188528.005128 262457 28659 8672 99 0 248506 0 1
1788188529.011575 2932226 69812 49932 99 0 258106 0 58292
1788188530.009877 2955824 87433 67568 99 0 258106 0 79625
1788188531.011336 2978607 71875 52009 99 0 258106 0 108388
1788188532.013162 3001848 89419 69576 99 0 258106 0 135941
1788188533.018161 3023981 91086 71277 99 0 258106 0 169433
1788188534.017958 3083311 122094 102310 99 0 258106 0 211886
1788188535.018986 3118319 159464 139689 99 0 258106 0 244205
1788188536.018832 3155036 201144 181390 99 0 258106 0 270211
1788188537.022586 3148972 176073 156334 99 0 258106 0 296977
1788188538.023834 3159602 163015 143321 99 0 258106 0 305280
1788188539.020611 3196304 206054 186235 99 0 258106 0 307401
1788188540.024270 3176117 130250 110482 99 0 258106 0 325186
1788188541.026912 3247633 187345 167577 99 0 258106 0 366455
1788188542.026011 3253994 194451 174682 99 0 258106 0 367682
1788188543.023248 3253994 207350 187809 99 0 258106 0 373118
1788188544.033826 3271159 174685 155291 99 0 258106 0 407952
1788188545.054217 3317278 199236 179829 99 0 258106 0 409036
1788188546.030018 3308998 202231 182806 99 0 258106 0 427847
1788188547.026669 3308998 220157 200726 99 0 258106 0 426772
1788188548.032116 3328331 160442 141029 99 0 258106 0 449078
1788188549.034564 3361195 232080 212667 99 0 258106 0 497886
1788188550.033527 3358209 190444 170762 99 0 258106 0 474745
1788188551.032114 3358209 208724 189038 99 0 258106 0 478130
1788188552.032678 3358209 223790 204101 99 0 258106 0 487896
1788188553.033996 3356087 117885 98283 99 0 258106 0 489760
1788188554.038340 3429709 220733 201131 99 0 258106 0 546266
1788188555.041363 3461172 236803 217224 99 0 258106 0 577670
1788188556.050737 3449360 225258 204356 99 0 280122 0 565083
1788188557.055146 3476381 267610 246697 99 0 280122 0 598810
1788188558.057746 3513882 324635 303714 99 0 280122 0 618511
1788188559.046508 3562727 277583 256632 99 0 280122 0 668844
1788188560.036799 3382230 108353 87437 99 0 280122 0 506587
1788188561.040434 3440302 202797 181881 99 0 280122 0 561967
1788188562.069603 3453016 191674 168034 99 0 283194 0 564993
1788188563.044105 3550154 251494 228062 99 0 283194 0 661034
1788188564.041485 3500078 198752 175318 99 0 283194 0 608752
1788188565.045917 3579613 261884 239138 99 0 283194 0 652391
1788188566.052390 3511917 240813 216524 99 0 284730 0 619821
1788188567.061482 3544790 272893 248604 99 0 284730 0 661874
1788188568.047900 3567822 318580 295572 99 0 284730 0 689397
1788188569.058652 3670303 340504 316431 99 0 284730 0 800959
1788188570.049844 3573598 223395 198783 99 0 284730 0 674128
1788188571.037657 3581832 240192 215615 99 0 284730 0 664689
1788188572.044635 3546714 211040 186448 99 0 288826 0 640843
1788188573.045745 3577857 251231 226638 99 0 288826 0 677677
1788188574.042703 3577857 282180 259021 99 0 288826 0 659576
1788188575.042184 3503271 88138 63205 99 0 288826 0 589000
1788188576.044553 3555665 187434 162496 99 0 288826 0 634130
1788188577.046926 3586539 306996 283874 99 0 288826 0 668181
1788188578.049483 3620157 442096 418249 99 0 288826 0 700261
1788188579.032564 3418189 64642 40794 99 0 288826 0 509871
1788188580.039197 3442494 101370 76563 99 0 288826 0 544276
1788188581.038978 3444285 162875 136405 99 0 290618 0 543776
1788188582.041207 3473822 230654 204183 99 0 290618 0 577631
1788188583.040994 3522116 308941 282470 99 0 290618 0 600012
1788188584.044068 3584460 382053 357983 99 0 290618 0 646652
1788188585.047204 3574001 437145 412051 99 0 290618 0 667144
1788188586.055057 3737317 483685 460309 99 0 290618 0 792869
1788188587.030798 3315840 50463 25297 99 0 290618 0 406816
1788188588.029649 3356036 94662 58753 99 0 330810 0 443799
1788188589.027051 3370884 95347 58801 99 0 345658 0 449709
1788188590.026405 3370884 124893 92785 99 0 345658 0 434374
1788188591.047753 3427135 162560 126196 99 0 346298 0 445943
1788188592.024323 3371524 137187 108673 99 0 346298 0 392107
1788188593.059118 3392121 166199 133715 99 0 346298 0 411725
1788188594.020464 3276967 56454 25428 99 0 346298 0 310505
1788188595.022196 3279015 102421 60356 99 0 348346 0 349248
1788188596.027030 3281575 102461 60356 99 0 350906 0 355197
1788188597.021619 3281575 128663 92404 99 0 350906 0 337554
1788188598.027978 3337186 167732 124990 99 0 350906 0 351121
1788188599.023622 3281575 143990 108916 99 0 350906 0 296051
1788188600.044552 3298214 170820 132112 99 0 350906 0 314000
1788188601.016494 3190315 73017 35832 99 0 350906 0 231370
1788188602.017767 3190315 102474 61816 99 0 350906 0 257993
1788188603.018046 3195538 93750 65384 99 0 350906 0 262039
1788188604.018028 3190315 140090 106648 99 0 350906 0 263579
1788188605.033586 3245926 189463 152798 99 0 350906 0 262752
1788188606.018863 3190315 152480 123432 99 0 350906 0 222479
1788188607.031449 3209082 172127 141332 99 0 350906 0 226508
1788188608.014613 3097231 77536 46588 99 0 350906 0 150593
1788188609.025652 3152842 115513 77362 99 0 350906 0 166424
1788188610.012209 3097231 94945 64444 99 0 350906 0 111061
1788188611.011354 3097231 104548 71676 99 0 350906 0 124326
1788188612.008351 3056206 70357 39834 99 0 355002 0 64185
1788188613.008374 3056206 103461 72938 99 0 355002 0 64185
1788188614.008383 3056206 103461 72938 99 0 355002 0 64185
1788188615.009294 3060303 103382 72938 99 0 359098 0 64185
1788188616.009294 3060303 103382 72938 99 0 359098 0 64185
1788188617.009218 3060303 103382 72938 99 0 359098 0 64185
1788188618.009272 3064400 103384 72938 99 0 363194 0 64185
1788188619.009345 3064400 103384 72938 99 0 363194 0 64185
1788188620.008867 3068497 103390 72938 99 0 367290 0 64185
1788188621.008890 3068497 103390 72938 99 0 367290 0 64185
1788188622.008904 3068497 103390 72938 99 0 367290 0 64185
1788188623.008871 3068497 103390 72938 99 0 367290 0 64185
1788188624.008856 3068497 103390 72938 99 0 367290 0 64185
1788188625.008856 3068497 103390 72938 99 0 367290 0 64185
1788188626.008931 3068497 103390 72938 99 0 367290 0 64185
1788188627.008889 3068497 103390 72938 99 0 367290 0 64185
1788188628.008873 3068497 103390 72938 99 0 367290 0 64185
1788188629.008868 3068497 103390 72938 99 0 367290 0 64185
1788188630.008930 3068497 103390 72938 99 0 367290 0 64185
1788188631.008878 3068497 103390 72938 99 0 367290 0 64185
1788188632.008996 3068497 103390 72938 99 0 367290 0 64185
1788188633.008941 3068497 103390 72938 99 0 367290 0 64185
1788188634.008897 3068497 103390 72938 99 0 367290 0 64185
1788188635.008876 3068497 103390 72938 99 0 367290 0 64185
1788188636.008877 3068497 103390 72938 99 0 367290 0 64185
1788188637.008967 3068497 103390 72938 99 0 367290 0 64185
1788188638.008882 3068497 103390 72938 99 0 367290 0 64185
1788188639.008876 3068497 103390 72938 99 0 367290 0 64185
1788188640.008859 3068497 103390 72938 99 0 367290 0 64185
1788188641.008959 3068497 103390 72938 99 0 367290 0 64185
1788188642.008888 3068497 103390 72938 99 0 367290 0 64185
1788188643.008889 3068497 103390 72938 99 0 367290 0 64185
1788188644.008875 3068497 103390 72938 99 0 367290 0 64185
1788188645.008900 3068497 103390 72938 99 0 367290 0 64185
1788188646.008875 3068497 103390 72938 99 0 367290 0 64185
1788188647.008877 3068497 103390 72938 99 0 367290 0 64185
1788188648.008846 3068497 103390 72938 99 0 367290 0 64185
1788188649.008876 3068497 103390 72938 99 0 367290 0 64185
1788188650.008876 3068497 103390 72938 99 0 367290 0 64185
1788188651.008909 3068497 103390 72938 99 0 367290 0 64185
1788188652.008916 3068497 103390 72938 99 0 367290 0 64185
1788188653.008867 3068497 103390 72938 99 0 367290 0 64185
1788188654.008860 3068497 103390 72938 99 0 367290 0 64185
1788188655.008371 3068497 103383 72938 99 0 367290 0 64185
1788188656.008419 3068497 103383 72938 99 0 367290 0 64185
