# start_epoch=1786700123.430935  page_size=4096  cachestat=ok  fields=size,resident,shared,text,lib,data,dt,pagecache
1786700124.432331 48524 25687 2625 1589 0 44543 0 19053
1786700125.432887 58380 29511 2754 1589 0 54399 0 31222
1786700126.433509 59148 32322 2754 1589 0 55167 0 43387
1786700127.434217 59148 32402 2818 1589 0 55167 0 55570
1786700128.434973 59148 31959 2818 1589 0 55167 0 85365
1786700129.436966 59788 34698 2818 1589 0 55807 0 108121
1786700130.434722 59788 34667 2818 1589 0 55807 0 78732
1786700131.436283 59788 29037 2818 1589 0 55807 0 90900
1786700132.436725 59788 33667 2818 1589 0 55807 0 103068
1786700133.438380 60556 31737 2818 1589 0 56575 0 133261
1786700134.449365 60556 32730 2818 1589 0 56575 0 153071
1786700135.441300 60556 33684 2818 1589 0 56575 0 145431
1786700136.439671 60556 31098 2818 1589 0 56575 0 157597
1786700137.453573 60556 35586 2818 1589 0 56575 0 158600
1786700138.438923 60556 33663 2818 1589 0 56575 0 147641
1786700139.441570 60556 28108 2818 1589 0 56575 0 195853
1786700140.442249 60556 32337 2818 1589 0 56575 0 208020
1786700141.443916 61452 39115 2818 1589 0 57471 0 236761
1786700142.441730 61452 31692 2818 1589 0 57471 0 193510
1786700143.442928 61452 37384 2818 1589 0 57471 0 219881
1786700144.445696 61452 36353 2818 1589 0 57471 0 265616
1786700145.446558 61452 34332 2818 1589 0 57471 0 275231
1786700146.444136 61452 33860 2818 1589 0 57471 0 244763
1786700147.443588 61452 35510 2818 1589 0 57471 0 236942
1786700148.446488 61452 32246 2818 1589 0 57471 0 285154
1786700149.446906 62348 36217 2818 1589 0 58367 0 297319
1786700150.447526 63372 34291 2818 1589 0 59391 0 309488
1786700151.448249 63372 37454 2818 1589 0 59391 0 321655
1786700152.448440 63372 39138 2818 1589 0 59391 0 328337
1786700153.448527 63372 37121 2818 1589 0 59391 0 315553
1786700154.451586 63372 40404 2818 1589 0 59391 0 351652
1786700155.449561 63372 34236 2818 1589 0 59391 0 347398
1786700156.449865 63372 38631 2818 1589 0 59391 0 359565
1786700157.451033 63372 36417 2818 1589 0 59391 0 371733
1786700158.457460 63372 39442 2818 1589 0 59391 0 496287
1786700159.452401 69516 36568 2818 1589 0 65535 0 382820
1786700160.454050 69516 35679 2818 1589 0 65535 0 405871
1786700161.452224 69516 35002 2818 1589 0 65535 0 396952
1786700162.452885 69516 38512 2818 1589 0 65535 0 409119
1786700163.453462 69516 34392 2818 1589 0 65535 0 421285
1786700164.454481 69516 40831 2818 1589 0 65535 0 433454
1786700165.454469 70796 41898 2818 1589 0 66815 0 440248
1786700166.455075 70796 39350 2818 1589 0 66815 0 445371
1786700167.457424 70796 36877 2818 1589 0 66815 0 451925
1786700168.456479 70796 36477 2818 1589 0 66815 0 451655
1786700169.455719 70796 36566 2818 1589 0 66815 0 463823
1786700170.456244 70796 37597 2818 1589 0 66815 0 475994
1786700171.457360 70796 37207 2818 1589 0 66815 0 488159
1786700172.458286 70796 36585 2818 1589 0 66815 0 500326
1786700173.459110 70796 34876 2818 1589 0 66815 0 512493
1786700174.462913 70796 37352 2818 1589 0 66815 0 509197
1786700175.460604 70796 34606 2818 1589 0 66815 0 508226
1786700176.457516 70796 36867 2818 1589 0 66815 0 501094
1786700177.458912 70796 37183 2818 1589 0 66815 0 525940
1786700178.459692 70796 35982 2818 1589 0 66815 0 538108
1786700179.465426 70796 38870 2818 1589 0 66815 0 567872
1786700180.462775 72332 38385 2818 1589 0 68351 0 572130
1786700181.461153 72332 37726 2818 1589 0 68351 0 562445
1786700182.459666 72332 40266 2818 1589 0 68351 0 542119
1786700183.460060 73356 38314 2818 1589 0 69375 0 542060
1786700184.462185 73356 42130 2818 1589 0 69375 0 579122
1786700185.462313 73356 40059 2818 1589 0 69375 0 582246
1786700186.465034 73356 37129 2818 1589 0 69375 0 602740
1786700187.466002 73356 38624 2818 1589 0 69375 0 613276
1786700188.463568 73356 38995 2818 1589 0 69375 0 605380
1786700189.463807 73356 41066 2818 1589 0 69375 0 617548
1786700190.468471 73356 38827 2818 1589 0 69375 0 623730
1786700191.466416 73356 41265 2818 1589 0 69375 0 659907
1786700192.467026 73356 39456 2818 1589 0 69375 0 665523
1786700193.463642 73356 39135 2818 1589 0 69375 0 617259
1786700194.463827 73356 36827 2818 1589 0 69375 0 623699
1786700195.464341 73356 38573 2818 1589 0 69375 0 635742
1786700196.464921 73356 41861 2818 1589 0 69375 0 646611
1786700197.465059 73356 40376 2818 1589 0 69375 0 634002
1786700198.465682 73356 33175 2818 1589 0 69375 0 657043
1786700199.459147 77453 34842 2818 1589 0 73471 0 650855
1786700200.460019 77453 35014 2818 1589 0 73471 0 650856
1786700201.458887 77453 34222 2818 1589 0 73471 0 650857
1786700202.459240 77453 34345 2818 1589 0 73471 0 650857
1786700203.459148 77453 34482 2818 1589 0 73471 0 650858
1786700204.457506 77453 35302 2818 1589 0 73471 0 611096
1786700205.457774 77453 35508 2818 1589 0 73471 0 611097
1786700206.456753 77453 35384 2818 1589 0 73471 0 595306
1786700207.456817 77453 35386 2818 1589 0 73471 0 595307
1786700208.456185 77453 35705 2818 1589 0 73471 0 585628
1786700209.455644 77453 35541 2818 1589 0 73471 0 575184
1786700210.456187 77453 35636 2818 1589 0 73471 0 569973
1786700211.456235 77453 35636 2818 1589 0 73471 0 569974
1786700212.455353 77453 35464 2818 1589 0 73471 0 560354
1786700213.455855 77453 35322 2818 1589 0 73471 0 571179
1786700214.455742 77453 35834 2818 1589 0 73471 0 571180
1786700215.454873 77453 35184 2818 1589 0 73471 0 551063
1786700216.454851 77453 35696 2818 1589 0 73471 0 543158
1786700217.459877 77453 35696 2818 1589 0 73471 0 543159
1786700218.456640 77453 35696 2818 1589 0 73471 0 583633
1786700219.456977 77453 35696 2818 1589 0 73471 0 583634
1786700220.457378 77453 35461 2818 1589 0 73471 0 583635
1786700221.456557 77453 35420 2818 1589 0 73471 0 583636
1786700222.456606 77453 35291 2818 1589 0 73471 0 583636
1786700223.462974 77453 35102 2818 1589 0 73471 0 583637
1786700224.456611 77453 35195 2818 1589 0 73471 0 583638
1786700225.456642 77453 35284 2818 1589 0 73471 0 583639
1786700226.456426 77453 35298 2818 1589 0 73471 0 583640
1786700227.456286 77453 35298 2818 1589 0 73471 0 583641
1786700228.456595 77453 35394 2818 1589 0 73471 0 583642
1786700229.458312 77453 35630 2818 1589 0 73471 0 630481
1786700230.452115 175246 132679 2834 1589 0 171263 0 488711
1786700231.452188 304782 257095 2834 1589 0 300799 0 488711
1786700232.452205 414350 377927 2834 1589 0 410367 0 488711
1786700233.452126 567438 502343 2834 1589 0 563455 0 488711
1786700234.452011 673935 542030 2834 1589 0 669951 0 488711
1786700235.452050 673935 542030 2834 1589 0 669951 0 488711
1786700236.454575 673935 542030 2834 1589 0 669951 0 488711
1786700237.452349 678032 542035 2834 1589 0 674047 0 488711
1786700238.452203 678032 542035 2834 1589 0 674047 0 488711
1786700239.452136 678032 542035 2834 1589 0 674047 0 488711
1786700240.452285 682129 542035 2834 1589 0 678143 0 488711
1786700241.452274 682129 542035 2834 1589 0 678143 0 488711
1786700242.452401 682129 542035 2834 1589 0 678143 0 488711
1786700243.452476 682129 542035 2834 1589 0 678143 0 488711
1786700244.452459 682129 542035 2834 1589 0 678143 0 488711
1786700245.452466 682129 542035 2834 1589 0 678143 0 488711
1786700246.452873 682129 542035 2834 1589 0 678143 0 488711
1786700247.452548 682129 542035 2834 1589 0 678143 0 488711
1786700248.452212 682129 542035 2834 1589 0 678143 0 488711
1786700249.452484 682129 542035 2834 1589 0 678143 0 488711
1786700250.452351 682129 542035 2834 1589 0 678143 0 488711
1786700251.452199 682129 542035 2834 1589 0 678143 0 488711
1786700252.452338 682129 542035 2834 1589 0 678143 0 488711
1786700253.452563 682129 542035 2834 1589 0 678143 0 488711
1786700254.452497 682129 542035 2834 1589 0 678143 0 488711
1786700255.452625 682129 542035 2834 1589 0 678143 0 488711
1786700256.452857 682129 542035 2834 1589 0 678143 0 488711
1786700257.452939 682129 542035 2834 1589 0 678143 0 488711
1786700258.454946 682129 542035 2834 1589 0 678143 0 488711
1786700259.453932 682129 542035 2834 1589 0 678143 0 488711
1786700260.452387 682129 542035 2834 1589 0 678143 0 488711
1786700261.452877 682129 542035 2834 1589 0 678143 0 488711
1786700262.452621 682129 542035 2834 1589 0 678143 0 488711
1786700263.452501 682129 542035 2834 1589 0 678143 0 488711
1786700264.452474 682129 542035 2834 1589 0 678143 0 488711
1786700265.452363 682129 542035 2834 1589 0 678143 0 488711
1786700266.452403 682129 542035 2834 1589 0 678143 0 488711
1786700267.452301 682129 542035 2834 1589 0 678143 0 488711
1786700268.452249 682129 542035 2834 1589 0 678143 0 488711
1786700269.452439 682129 542035 2834 1589 0 678143 0 488711
1786700270.452497 682129 542035 2834 1589 0 678143 0 488711
1786700271.452811 682129 542035 2834 1589 0 678143 0 488711
1786700272.452506 682129 542035 2834 1589 0 678143 0 488711
1786700273.452400 682129 542035 2834 1589 0 678143 0 488711
1786700274.452222 682129 542035 2834 1589 0 678143 0 488711
1786700275.452448 682129 542035 2834 1589 0 678143 0 488711
1786700276.453870 682129 542035 2834 1589 0 678143 0 488711
1786700277.452744 682129 542035 2834 1589 0 678143 0 488711
1786700278.452271 682129 542035 2834 1589 0 678143 0 488711
1786700279.452955 682129 542035 2834 1589 0 678143 0 488711
1786700280.452440 682129 542035 2834 1589 0 678143 0 488711
1786700281.452455 682129 542035 2834 1589 0 678143 0 488711
1786700282.452273 682129 542035 2834 1589 0 678143 0 488711
1786700283.452281 682129 542035 2834 1589 0 678143 0 488711
1786700284.452391 682129 542035 2834 1589 0 678143 0 488711
1786700285.452224 682129 542035 2834 1589 0 678143 0 488711
1786700286.452331 682129 542035 2834 1589 0 678143 0 488711
1786700287.452534 682129 542035 2834 1589 0 678143 0 488711
1786700288.452497 682129 542035 2834 1589 0 678143 0 488711
1786700289.452548 682129 542035 2834 1589 0 678143 0 488711
1786700290.452623 682129 542035 2834 1589 0 678143 0 488711
1786700291.452407 682129 542035 2834 1589 0 678143 0 488711
1786700292.452956 682129 542035 2834 1589 0 678143 0 488711
1786700293.452502 682129 542035 2834 1589 0 678143 0 488711
1786700294.452310 682129 542035 2834 1589 0 678143 0 488711
1786700295.452504 682129 542035 2834 1589 0 678143 0 488711
1786700296.452705 682129 542035 2834 1589 0 678143 0 488711
1786700297.452336 682129 542035 2834 1589 0 678143 0 488711
1786700298.453724 682129 542035 2834 1589 0 678143 0 488711
1786700299.452483 682129 542035 2834 1589 0 678143 0 488711
1786700300.452334 682129 542035 2834 1589 0 678143 0 488711
1786700301.452659 682129 542035 2834 1589 0 678143 0 488711
1786700302.452260 682129 542035 2834 1589 0 678143 0 488711
1786700303.452216 682129 542035 2834 1589 0 678143 0 488711
1786700304.452250 682129 542035 2834 1589 0 678143 0 488711
1786700305.452461 682129 542035 2834 1589 0 678143 0 488711
1786700306.452279 682129 542035 2834 1589 0 678143 0 488711
1786700307.452237 682129 542035 2834 1589 0 678143 0 488711
1786700308.452369 682129 542035 2834 1589 0 678143 0 488711
1786700309.452356 682129 542035 2834 1589 0 678143 0 488711
1786700310.452180 682129 542035 2834 1589 0 678143 0 488711
1786700311.452215 682129 542035 2834 1589 0 678143 0 488711
1786700312.452225 682129 542035 2834 1589 0 678143 0 488711
1786700313.452261 682129 542035 2834 1589 0 678143 0 488711
1786700314.452413 682129 542035 2834 1589 0 678143 0 488711
1786700315.452359 682129 542035 2834 1589 0 678143 0 488711
1786700316.452267 682129 542035 2834 1589 0 678143 0 488711
1786700317.452486 682129 542035 2834 1589 0 678143 0 488711
1786700318.452278 682129 542035 2834 1589 0 678143 0 488711
1786700319.452320 682129 542035 2834 1589 0 678143 0 488711
1786700320.452177 682129 542035 2834 1589 0 678143 0 488711
1786700321.452160 682129 542035 2834 1589 0 678143 0 488711
1786700322.452373 682129 542035 2834 1589 0 678143 0 488711
1786700323.452397 682129 542035 2834 1589 0 678143 0 488711
1786700324.453001 682129 542035 2834 1589 0 678143 0 488711
1786700325.452237 682129 542035 2834 1589 0 678143 0 488711
1786700326.452256 682129 542035 2834 1589 0 678143 0 488711
1786700327.452425 682129 542035 2834 1589 0 678143 0 488711
1786700328.452270 682129 542035 2834 1589 0 678143 0 488711
1786700329.452232 682129 542035 2834 1589 0 678143 0 488711
1786700330.452355 682129 542035 2834 1589 0 678143 0 488711
1786700331.452358 682129 542035 2834 1589 0 678143 0 488711
1786700332.452198 682129 542035 2834 1589 0 678143 0 488711
1786700333.452472 682129 542035 2834 1589 0 678143 0 488711
1786700334.452218 682129 542035 2834 1589 0 678143 0 488711
1786700335.452350 682129 542035 2834 1589 0 678143 0 488711
1786700336.452104 682129 542035 2834 1589 0 678143 0 488711
1786700337.452221 682129 542035 2834 1589 0 678143 0 488711
1786700338.452180 682129 542035 2834 1589 0 678143 0 488711
1786700339.452163 682129 542035 2834 1589 0 678143 0 488711
1786700340.452481 682129 542035 2834 1589 0 678143 0 488711
1786700341.452320 682129 542035 2834 1589 0 678143 0 488711
1786700342.458345 682129 542035 2834 1589 0 678143 0 488711
1786700343.452149 682129 542035 2834 1589 0 678143 0 488711
1786700344.452420 682129 542035 2834 1589 0 678143 0 488711
1786700345.452331 682129 542035 2834 1589 0 678143 0 488711
1786700346.452183 682129 542035 2834 1589 0 678143 0 488711
1786700347.452647 682129 542035 2834 1589 0 678143 0 488711
1786700348.452986 682129 542035 2834 1589 0 678143 0 488711
1786700349.452572 682129 542035 2834 1589 0 678143 0 488711
1786700350.452799 682129 542035 2834 1589 0 678143 0 488711
1786700351.452735 682129 542035 2834 1589 0 678143 0 488711
1786700352.452781 682129 542035 2834 1589 0 678143 0 488711
1786700353.452581 682129 542035 2834 1589 0 678143 0 488711
1786700354.452748 682129 542035 2834 1589 0 678143 0 488711
1786700355.452579 682129 542035 2834 1589 0 678143 0 488711
1786700356.452413 682129 542035 2834 1589 0 678143 0 488711
1786700357.452660 682129 542035 2834 1589 0 678143 0 488711
1786700358.452400 682129 542035 2834 1589 0 678143 0 488711
1786700359.452759 682129 542035 2834 1589 0 678143 0 488711
1786700360.452706 682129 542035 2834 1589 0 678143 0 488711
1786700361.452698 682129 542035 2834 1589 0 678143 0 488711
1786700362.452777 682129 542035 2834 1589 0 678143 0 488711
1786700363.452394 682129 542035 2834 1589 0 678143 0 488711
1786700364.452538 682129 542035 2834 1589 0 678143 0 488711
1786700365.452534 682129 542035 2834 1589 0 678143 0 488711
1786700366.452206 682129 542035 2834 1589 0 678143 0 488711
1786700367.452175 682129 542035 2834 1589 0 678143 0 488711
1786700368.458204 682129 542035 2834 1589 0 678143 0 488711
1786700369.452325 682129 542035 2834 1589 0 678143 0 488711
1786700370.452314 682129 542035 2834 1589 0 678143 0 488711
1786700371.452394 682129 542035 2834 1589 0 678143 0 488711
1786700372.452257 682129 542035 2834 1589 0 678143 0 488711
1786700373.452267 682129 542035 2834 1589 0 678143 0 488711
1786700374.452425 682129 542035 2834 1589 0 678143 0 488711
1786700375.452506 682129 542035 2834 1589 0 678143 0 488711
1786700376.452261 682129 542035 2834 1589 0 678143 0 488711
1786700377.452552 682129 542035 2834 1589 0 678143 0 488711
1786700378.452379 682129 542035 2834 1589 0 678143 0 488711
1786700379.452247 682129 542035 2834 1589 0 678143 0 488711
1786700380.452425 682129 542035 2834 1589 0 678143 0 488711
1786700381.452305 682129 542035 2834 1589 0 678143 0 488711
1786700382.452254 682129 542035 2834 1589 0 678143 0 488711
1786700383.452440 682129 542035 2834 1589 0 678143 0 488711
1786700384.452467 682129 542035 2834 1589 0 678143 0 488711
1786700385.452438 682129 542035 2834 1589 0 678143 0 488711
1786700386.452278 682129 542035 2834 1589 0 678143 0 488711
1786700387.452226 682129 542035 2834 1589 0 678143 0 488711
1786700388.452262 682129 542035 2834 1589 0 678143 0 488711
1786700389.452429 682129 542035 2834 1589 0 678143 0 488711
1786700390.452496 682129 542035 2834 1589 0 678143 0 488711
1786700391.452476 682129 542035 2834 1589 0 678143 0 488711
1786700392.452640 682129 542035 2834 1589 0 678143 0 488711
1786700393.452536 682129 542035 2834 1589 0 678143 0 488711
1786700394.452390 682129 542035 2834 1589 0 678143 0 488711
1786700395.452441 682129 542035 2834 1589 0 678143 0 488711
1786700396.452557 682129 542035 2834 1589 0 678143 0 488711
1786700397.454597 682129 542035 2834 1589 0 678143 0 488711
1786700398.452436 682129 542035 2834 1589 0 678143 0 488711
1786700399.452228 682129 542035 2834 1589 0 678143 0 488711
1786700400.453010 682129 542035 2834 1589 0 678143 0 488711
