# start_epoch=1786700401.292266  page_size=4096  cachestat=ok  fields=size,resident,shared,text,lib,data,dt,pagecache
1786700402.296371 70924 41436 2754 1589 0 66943 0 62656
1786700403.298304 70924 36516 2754 1589 0 66943 0 95399
1786700404.300235 70924 40156 2754 1589 0 66943 0 128142
1786700405.302232 71820 47086 2818 1589 0 67839 0 160916
1786700406.304180 71820 41565 2818 1589 0 67839 0 193873
1786700407.306237 72844 37571 2818 1589 0 68863 0 226468
1786700408.308345 72844 33302 2818 1589 0 68863 0 259534
1786700409.308745 72844 48172 2818 1589 0 68863 0 274831
1786700410.312155 74124 46199 2818 1589 0 70143 0 326419
1786700411.314076 74124 41125 2818 1589 0 70143 0 359230
1786700412.316076 74124 40756 2818 1589 0 70143 0 391784
1786700413.315399 74124 48925 2818 1589 0 70143 0 417543
1786700414.320072 74124 46813 2818 1589 0 70143 0 458158
1786700415.312393 81165 34320 2834 1589 0 77183 0 454565
1786700416.312013 81165 34717 2834 1589 0 77183 0 454566
1786700417.312446 81165 34906 2834 1589 0 77183 0 454567
1786700418.312252 81165 34906 2834 1589 0 77183 0 454567
1786700419.312269 81165 34906 2834 1589 0 77183 0 454568
1786700420.312443 81165 34906 2834 1589 0 77183 0 454568
1786700421.313203 81165 34906 2834 1589 0 77183 0 454569
1786700422.312448 81165 34906 2834 1589 0 77183 0 454570
1786700423.312250 81165 34906 2834 1589 0 77183 0 454570
1786700424.311840 83085 33358 2834 1589 0 79103 0 448322
1786700425.311818 84365 34002 2834 1589 0 80383 0 448322
1786700426.311632 84365 34571 2834 1589 0 80383 0 448323
1786700427.311824 84365 34571 2834 1589 0 80383 0 448324
1786700428.311964 84365 34571 2834 1589 0 80383 0 448324
1786700429.311921 84365 34572 2834 1589 0 80383 0 448325
1786700430.312001 84365 34572 2834 1589 0 80383 0 448325
1786700431.312099 84365 34574 2834 1589 0 80383 0 448326
1786700432.312016 84365 34525 2834 1589 0 80383 0 448327
1786700433.311860 84365 35119 2834 1589 0 80383 0 442103
1786700434.310920 89998 27357 2850 1589 0 86015 0 423466
1786700435.310975 178062 132946 2850 1589 0 174079 0 423466
1786700436.310801 307598 240978 2850 1589 0 303615 0 423466
1786700437.311070 417166 349522 2850 1589 0 413183 0 423466
1786700438.310890 568206 458578 2850 1589 0 564223 0 423466
1786700439.310957 672654 567634 2850 1589 0 668671 0 423466
1786700440.311039 792462 675666 2850 1589 0 788479 0 423466
1786700441.311058 923534 783698 2850 1589 0 919551 0 423466
1786700442.313246 933775 851275 2850 1589 0 929791 0 423466
1786700443.311117 933775 851275 2850 1589 0 929791 0 423466
1786700444.311220 933775 851275 2850 1589 0 929791 0 423466
1786700445.310928 933775 851275 2850 1589 0 929791 0 423466
1786700446.311445 933775 851275 2850 1589 0 929791 0 423466
1786700447.311262 937872 851273 2850 1589 0 933887 0 423466
1786700448.311200 937872 851273 2850 1589 0 933887 0 423466
1786700449.311361 937872 851273 2850 1589 0 933887 0 423466
1786700450.311072 937872 851273 2850 1589 0 933887 0 423466
1786700451.311080 941969 851273 2850 1589 0 937983 0 423466
1786700452.311028 941969 851273 2850 1589 0 937983 0 423466
1786700453.310962 941969 851273 2850 1589 0 937983 0 423466
1786700454.310956 941969 851273 2850 1589 0 937983 0 423466
1786700455.310943 941969 851273 2850 1589 0 937983 0 423466
1786700456.311238 941969 851273 2850 1589 0 937983 0 423466
1786700457.310769 941969 851273 2850 1589 0 937983 0 423466
1786700458.311476 941969 851273 2850 1589 0 937983 0 423466
1786700459.314706 941969 851273 2850 1589 0 937983 0 423466
1786700460.311270 941969 851273 2850 1589 0 937983 0 423466
1786700461.310891 941969 851273 2850 1589 0 937983 0 423466
1786700462.310928 941969 851273 2850 1589 0 937983 0 423466
1786700463.310992 941969 851273 2850 1589 0 937983 0 423466
1786700464.311050 941969 851273 2850 1589 0 937983 0 423466
1786700465.311064 941969 851564 2850 1589 0 937983 0 423466
1786700466.310887 941969 851564 2850 1589 0 937983 0 423466
1786700467.311231 941969 851564 2850 1589 0 937983 0 423466
1786700468.310943 941969 851564 2850 1589 0 937983 0 423466
1786700469.311026 941969 851564 2850 1589 0 937983 0 423466
1786700470.311035 941969 851564 2850 1589 0 937983 0 423466
1786700471.311162 941969 851564 2850 1589 0 937983 0 423466
1786700472.311090 941969 851564 2850 1589 0 937983 0 423466
1786700473.311403 941969 851564 2850 1589 0 937983 0 423466
1786700474.311086 941969 851564 2850 1589 0 937983 0 423466
1786700475.310890 941969 851564 2850 1589 0 937983 0 423466
1786700476.310908 941969 851564 2850 1589 0 937983 0 423466
1786700477.310859 941969 851564 2850 1589 0 937983 0 423466
1786700478.310819 941969 851564 2850 1589 0 937983 0 423466
1786700479.310995 941969 851564 2850 1589 0 937983 0 423466
1786700480.310868 941969 851564 2850 1589 0 937983 0 423466
1786700481.311318 941969 851564 2850 1589 0 937983 0 423466
1786700482.311024 941969 851564 2850 1589 0 937983 0 423466
1786700483.311250 941969 851564 2850 1589 0 937983 0 423466
1786700484.311091 941969 851564 2850 1589 0 937983 0 423466
1786700485.310949 941969 851564 2850 1589 0 937983 0 423466
1786700486.311095 941969 851564 2850 1589 0 937983 0 423466
1786700487.310941 941969 851564 2850 1589 0 937983 0 423466
1786700488.311033 941969 851564 2850 1589 0 937983 0 423466
1786700489.310922 941969 851564 2850 1589 0 937983 0 423466
1786700490.311178 941969 851564 2850 1589 0 937983 0 423466
1786700491.311159 941969 851564 2850 1589 0 937983 0 423466
1786700492.311182 941969 851564 2850 1589 0 937983 0 423466
1786700493.311022 941969 851564 2850 1589 0 937983 0 423466
1786700494.310918 941969 851564 2850 1589 0 937983 0 423466
1786700495.311077 941969 851564 2850 1589 0 937983 0 423466
1786700496.311032 941969 851564 2850 1589 0 937983 0 423466
1786700497.311198 941969 851564 2850 1589 0 937983 0 423466
1786700498.310818 941969 851564 2850 1589 0 937983 0 423466
1786700499.311123 941969 851564 2850 1589 0 937983 0 423466
1786700500.311257 941969 851564 2850 1589 0 937983 0 423466
1786700501.311109 941969 851564 2850 1589 0 937983 0 423466
1786700502.311068 941969 851564 2850 1589 0 937983 0 423466
1786700503.311036 941969 851564 2850 1589 0 937983 0 423466
1786700504.310943 941969 851564 2850 1589 0 937983 0 423466
1786700505.310786 941969 851564 2850 1589 0 937983 0 423466
1786700506.310968 941969 851564 2850 1589 0 937983 0 423466
1786700507.311216 941969 851564 2850 1589 0 937983 0 423466
1786700508.311186 941969 851564 2850 1589 0 937983 0 423466
1786700509.310906 941969 851564 2850 1589 0 937983 0 423466
1786700510.311136 941969 851564 2850 1589 0 937983 0 423466
1786700511.311186 941969 851564 2850 1589 0 937983 0 423466
1786700512.310899 941969 851564 2850 1589 0 937983 0 423466
1786700513.310860 941969 851564 2850 1589 0 937983 0 423466
1786700514.310910 941969 851564 2850 1589 0 937983 0 423466
1786700515.310843 941969 851564 2850 1589 0 937983 0 423466
1786700516.311295 941969 851580 2850 1589 0 937983 0 423466
1786700517.311054 941969 851580 2850 1589 0 937983 0 423466
1786700518.310997 941969 851580 2850 1589 0 937983 0 423466
1786700519.311019 941969 851580 2850 1589 0 937983 0 423466
1786700520.310924 941969 851580 2850 1589 0 937983 0 423466
1786700521.310886 941969 851580 2850 1589 0 937983 0 423466
1786700522.310820 941969 851580 2850 1589 0 937983 0 423466
1786700523.311395 941969 851580 2850 1589 0 937983 0 423466
1786700524.310885 941969 851580 2850 1589 0 937983 0 423466
1786700525.310965 941969 851580 2850 1589 0 937983 0 423466
1786700526.311219 941969 851936 2850 1589 0 937983 0 423466
1786700527.310941 941969 851936 2850 1589 0 937983 0 423466
1786700528.311105 941969 851936 2850 1589 0 937983 0 423466
1786700529.310894 941969 851936 2850 1589 0 937983 0 423466
1786700530.310950 941969 851936 2850 1589 0 937983 0 423466
1786700531.310922 941969 851936 2850 1589 0 937983 0 423466
1786700532.310849 941969 851936 2850 1589 0 937983 0 423466
1786700533.310967 941969 851936 2850 1589 0 937983 0 423466
1786700534.310983 941969 851936 2850 1589 0 937983 0 423466
1786700535.310951 941969 851936 2850 1589 0 937983 0 423466
1786700536.311029 941969 852059 2850 1589 0 937983 0 423466
1786700537.310968 941969 852059 2850 1589 0 937983 0 423466
1786700538.311018 941969 852059 2850 1589 0 937983 0 423466
1786700539.310874 941969 852059 2850 1589 0 937983 0 423466
1786700540.310975 941969 852059 2850 1589 0 937983 0 423466
1786700541.310923 941969 852059 2850 1589 0 937983 0 423466
1786700542.310981 941969 852059 2850 1589 0 937983 0 423466
1786700543.310989 941969 852059 2850 1589 0 937983 0 423466
1786700544.310984 941969 852059 2850 1589 0 937983 0 423466
1786700545.310976 941969 852059 2850 1589 0 937983 0 423466
1786700546.310970 941969 852059 2850 1589 0 937983 0 423466
1786700547.312493 941969 852059 2850 1589 0 937983 0 423466
1786700548.310784 941969 852059 2850 1589 0 937983 0 423466
1786700549.310923 941969 852059 2850 1589 0 937983 0 423466
1786700550.310823 941969 852059 2850 1589 0 937983 0 423466
1786700551.311125 941969 852059 2850 1589 0 937983 0 423466
1786700552.311086 941969 852059 2850 1589 0 937983 0 423466
1786700553.310929 941969 852059 2850 1589 0 937983 0 423466
1786700554.310929 941969 852059 2850 1589 0 937983 0 423466
1786700555.311060 941969 852059 2850 1589 0 937983 0 423466
1786700556.311116 941969 852059 2850 1589 0 937983 0 423466
1786700557.310784 941969 852059 2850 1589 0 937983 0 423466
1786700558.310883 941969 852059 2850 1589 0 937983 0 423466
1786700559.310959 941969 852059 2850 1589 0 937983 0 423466
1786700560.310998 941969 852059 2850 1589 0 937983 0 423466
1786700561.310945 941969 852059 2850 1589 0 937983 0 423466
1786700562.310985 941969 852059 2850 1589 0 937983 0 423466
1786700563.310982 941969 852059 2850 1589 0 937983 0 423466
1786700564.310941 941969 852059 2850 1589 0 937983 0 423466
1786700565.310853 941969 852059 2850 1589 0 937983 0 423466
1786700566.310856 941969 852059 2850 1589 0 937983 0 423466
1786700567.310801 941969 852059 2850 1589 0 937983 0 423466
1786700568.310843 941969 852059 2850 1589 0 937983 0 423466
1786700569.310975 941969 852059 2850 1589 0 937983 0 423466
1786700570.311111 941969 852059 2850 1589 0 937983 0 423466
1786700571.310940 941969 852059 2850 1589 0 937983 0 423466
1786700572.310729 941969 852059 2850 1589 0 937983 0 423466
1786700573.310809 941969 852059 2850 1589 0 937983 0 423466
1786700574.310805 941969 852059 2850 1589 0 937983 0 423466
1786700575.310811 941969 852059 2850 1589 0 937983 0 423466
1786700576.310903 941969 852059 2850 1589 0 937983 0 423466
1786700577.310874 941969 852059 2850 1589 0 937983 0 423466
1786700578.310984 941969 852059 2850 1589 0 937983 0 423466
1786700579.310912 941969 852059 2850 1589 0 937983 0 423466
1786700580.310877 941969 852059 2850 1589 0 937983 0 423466
1786700581.310866 941969 852059 2850 1589 0 937983 0 423466
1786700582.310779 941969 852059 2850 1589 0 937983 0 423466
1786700583.310676 941969 852059 2850 1589 0 937983 0 423466
1786700584.310668 941969 852059 2850 1589 0 937983 0 423466
1786700585.310722 941969 852059 2850 1589 0 937983 0 423466
1786700586.311112 941969 852059 2850 1589 0 937983 0 423466
1786700587.310949 941969 852059 2850 1589 0 937983 0 423466
1786700588.310862 941969 852059 2850 1589 0 937983 0 423466
1786700589.310854 941969 852059 2850 1589 0 937983 0 423466
1786700590.310961 941969 852059 2850 1589 0 937983 0 423466
1786700591.310788 941969 852059 2850 1589 0 937983 0 423466
1786700592.310957 941969 852059 2850 1589 0 937983 0 423466
1786700593.310915 941969 852059 2850 1589 0 937983 0 423466
1786700594.310896 941969 852059 2850 1589 0 937983 0 423466
1786700595.311000 941969 852059 2850 1589 0 937983 0 423466
1786700596.310844 941969 852059 2850 1589 0 937983 0 423466
1786700597.311047 941969 852059 2850 1589 0 937983 0 423466
1786700598.310964 941969 852059 2850 1589 0 937983 0 423466
1786700599.310910 941969 852059 2850 1589 0 937983 0 423466
1786700600.310988 941969 852059 2850 1589 0 937983 0 423466
1786700601.310764 941969 852059 2850 1589 0 937983 0 423466
1786700602.310905 941969 852059 2850 1589 0 937983 0 423466
1786700603.311035 941969 852059 2850 1589 0 937983 0 423466
1786700604.310967 941969 852059 2850 1589 0 937983 0 423466
1786700605.311074 941969 852059 2850 1589 0 937983 0 423466
1786700606.311358 941969 852059 2850 1589 0 937983 0 423466
1786700607.311005 941969 852059 2850 1589 0 937983 0 423466
1786700608.310981 941969 852059 2850 1589 0 937983 0 423466
1786700609.311146 941969 852059 2850 1589 0 937983 0 423466
1786700610.310862 941969 852059 2850 1589 0 937983 0 423466
1786700611.311004 941969 852059 2850 1589 0 937983 0 423466
1786700612.310892 941969 852059 2850 1589 0 937983 0 423466
1786700613.310967 941969 852059 2850 1589 0 937983 0 423466
1786700614.311133 941969 852059 2850 1589 0 937983 0 423466
1786700615.310960 941969 852059 2850 1589 0 937983 0 423466
1786700616.311177 941969 852059 2850 1589 0 937983 0 423466
1786700617.311156 941969 852059 2850 1589 0 937983 0 423466
