# start_epoch=1786843200.264832  page_size=4096  cachestat=ok  fields=size,resident,shared,text,lib,data,dt,pagecache
1786843201.270928 63628 35001 2785 1589 0 59647 0 97240
1786843202.272470 72332 30282 2786 1589 0 68351 0 119561
1786843203.274680 73228 26787 2786 1589 0 69247 0 151932
1786843204.274341 73228 24579 2834 1589 0 69247 0 189892
1786843205.280586 74124 45414 2834 1589 0 70143 0 245613
1786843206.281525 74124 42559 2834 1589 0 70143 0 262945
1786843207.283683 74124 45861 2834 1589 0 70143 0 294176
1786843208.285186 74124 48230 2834 1589 0 70143 0 324946
1786843209.282887 74124 48854 2834 1589 0 70143 0 366095
1786843210.290812 74124 46905 2834 1589 0 70143 0 402770
1786843211.292693 74124 42695 2834 1589 0 70143 0 433391
1786843212.294849 75148 40601 2834 1589 0 71167 0 469570
1786843213.288873 75148 29418 2834 1589 0 71167 0 479097
1786843214.297805 75148 35551 2834 1589 0 71167 0 508062
1786843215.298386 75148 46305 2834 1589 0 71167 0 528203
1786843216.304500 75148 41437 2834 1589 0 71167 0 559920
1786843217.300286 76428 49178 2834 1589 0 72447 0 554106
1786843218.302575 76428 46701 2834 1589 0 72447 0 591321
1786843219.304088 76428 45340 2834 1589 0 72447 0 617604
1786843220.305375 76428 42199 2834 1589 0 72447 0 636272
1786843221.305921 77964 47300 2834 1589 0 73983 0 655004
1786843222.306422 77964 49326 2834 1589 0 73983 0 650418
1786843223.309975 77964 41193 2834 1589 0 73983 0 711919
1786843224.310844 77964 50625 2834 1589 0 73983 0 725675
1786843225.311168 77964 52017 2834 1589 0 73983 0 724272
1786843226.313702 77964 48291 2834 1589 0 73983 0 762051
1786843227.316091 79756 52386 2834 1589 0 75775 0 801064
1786843228.316420 79756 52744 2834 1589 0 75775 0 807207
1786843229.317831 79756 49217 2834 1589 0 75775 0 834768
1786843230.319241 79756 50376 2834 1589 0 75775 0 853182
1786843231.319786 79756 53171 2834 1589 0 75775 0 871655
1786843232.320955 79756 51303 2834 1589 0 75775 0 879852
1786843233.323778 79756 53380 2834 1589 0 75775 0 929337
1786843234.325588 81804 53921 2834 1589 0 77823 0 956389
1786843235.326143 81804 53980 2834 1589 0 77823 0 962787
1786843236.312798 85901 32827 2834 1589 0 81919 0 942876
1786843237.310978 85901 33542 2834 1589 0 81919 0 941846
1786843238.310943 85901 33542 2834 1589 0 81919 0 941846
1786843239.310872 85901 33624 2834 1589 0 81919 0 941847
1786843240.307111 85901 34040 2834 1589 0 81919 0 864351
1786843241.307123 88461 34566 2834 1589 0 84479 0 864351
1786843242.307097 88461 34566 2834 1589 0 84479 0 864352
1786843243.307111 88461 34566 2834 1589 0 84479 0 864353
1786843244.307125 88461 34549 2834 1589 0 84479 0 864353
1786843245.307144 88461 34549 2834 1589 0 84479 0 864354
1786843246.307136 88461 35839 2834 1589 0 84479 0 864354
1786843247.307379 88461 35839 2834 1589 0 84479 0 864355
1786843248.307233 88461 35839 2834 1589 0 84479 0 864356
1786843249.306953 88461 36114 2834 1589 0 84479 0 864344
1786843250.307009 88461 36261 2834 1589 0 84479 0 864344
1786843251.306929 88461 36261 2834 1589 0 84479 0 864345
1786843252.306949 88461 36261 2834 1589 0 84479 0 864345
1786843253.306966 88461 36261 2834 1589 0 84479 0 864346
1786843254.306946 88461 36108 2834 1589 0 84479 0 864346
1786843255.307065 88461 35964 2834 1589 0 84479 0 864347
1786843256.310830 88461 37346 2834 1589 0 84479 0 864348
1786843257.307032 88461 37044 2834 1589 0 84479 0 864348
1786843258.306770 88461 35174 2834 1589 0 84479 0 864336
1786843259.306741 88461 35206 2834 1589 0 84479 0 864337
1786843260.306783 88461 35206 2834 1589 0 84479 0 864337
1786843261.306798 88461 35206 2834 1589 0 84479 0 864338
1786843262.306810 88461 34417 2834 1589 0 84479 0 864339
1786843263.306746 88461 34417 2834 1589 0 84479 0 864339
1786843264.306783 88461 34417 2834 1589 0 84479 0 864340
1786843265.306781 88461 34417 2834 1589 0 84479 0 864340
1786843266.306836 88461 34682 2834 1589 0 84479 0 864341
1786843267.306816 88461 35408 2834 1589 0 84479 0 864331
1786843268.306675 88461 35408 2834 1589 0 84479 0 864332
1786843269.306656 88461 35423 2834 1589 0 84479 0 864332
1786843270.306676 88461 34758 2834 1589 0 84479 0 864333
1786843271.306645 88461 34758 2834 1589 0 84479 0 864333
1786843272.305721 101774 64117 2850 1589 0 97791 0 846303
1786843273.305702 203662 164469 2850 1589 0 199679 0 846303
1786843274.305686 310158 265333 2850 1589 0 306175 0 846303
1786843275.305766 419726 365685 2850 1589 0 415743 0 846303
1786843276.305802 570766 466549 2850 1589 0 566783 0 846303
1786843277.305702 673166 566901 2850 1589 0 669183 0 846303
1786843278.305813 795022 666741 2850 1589 0 791039 0 846303
1786843279.305651 926094 767605 2850 1589 0 922111 0 846303
1786843280.305740 932238 867957 2850 1589 0 928255 0 846303
1786843281.305764 1096078 968821 2850 1589 0 1092095 0 846303
1786843282.305625 1299854 1069685 2850 1589 0 1295871 0 846303
1786843283.314527 1299854 1167989 2850 1589 0 1295871 0 846303
1786843284.306126 1299854 1268341 2850 1589 0 1295871 0 846303
1786843285.305714 1537422 1369205 2850 1589 0 1533439 0 846303
1786843286.305674 1537422 1467701 2850 1589 0 1533439 0 846303
1786843287.305770 1802126 1550322 3020 1589 0 1798143 0 846303
1786843288.305817 1812366 1634006 3020 1589 0 1808383 0 846303
1786843289.307613 1816463 1686592 3020 1589 0 1812479 0 846303
1786843290.305740 1816463 1686592 3020 1589 0 1812479 0 846303
1786843291.305734 1816463 1686592 3020 1589 0 1812479 0 846303
1786843292.305703 1816463 1686592 3020 1589 0 1812479 0 846303
1786843293.305763 1816463 1686592 3020 1589 0 1812479 0 846303
1786843294.305801 1816463 1686592 3020 1589 0 1812479 0 846303
1786843295.305807 1816463 1686592 3020 1589 0 1812479 0 846303
1786843296.305716 1816463 1686592 3020 1589 0 1812479 0 846303
1786843297.305550 1816463 1686592 3020 1589 0 1812479 0 846303
1786843298.305734 1816463 1686592 3020 1589 0 1812479 0 846303
1786843299.305783 1820560 1686597 3020 1589 0 1816575 0 846303
1786843300.305722 1820560 1686597 3020 1589 0 1816575 0 846303
1786843301.305698 1820560 1686597 3020 1589 0 1816575 0 846303
1786843302.305711 1820560 1686597 3020 1589 0 1816575 0 846303
1786843303.305717 1820560 1686597 3020 1589 0 1816575 0 846303
1786843304.305718 1820560 1686597 3020 1589 0 1816575 0 846303
1786843305.305724 1820560 1686597 3020 1589 0 1816575 0 846303
1786843306.305696 1820560 1686597 3020 1589 0 1816575 0 846303
1786843307.305752 1820560 1686597 3020 1589 0 1816575 0 846303
1786843308.305755 1820560 1686597 3020 1589 0 1816575 0 846303
1786843309.305787 1824657 1686597 3020 1589 0 1820671 0 846303
1786843310.305740 1824657 1686597 3020 1589 0 1820671 0 846303
1786843311.305754 1824657 1686597 3020 1589 0 1820671 0 846303
1786843312.305759 1824657 1686597 3020 1589 0 1820671 0 846303
1786843313.305751 1824657 1686597 3020 1589 0 1820671 0 846303
1786843314.305789 1824657 1686597 3020 1589 0 1820671 0 846303
1786843315.306317 1824657 1686597 3020 1589 0 1820671 0 846303
1786843316.305813 1824657 1686597 3020 1589 0 1820671 0 846303
1786843317.305760 1824657 1686597 3020 1589 0 1820671 0 846303
1786843318.305795 1824657 1686952 3020 1589 0 1820671 0 846303
1786843319.306167 1824657 1686952 3020 1589 0 1820671 0 846303
1786843320.305870 1824657 1686952 3020 1589 0 1820671 0 846303
1786843321.305751 1824657 1686952 3020 1589 0 1820671 0 846303
1786843322.305775 1824657 1686952 3020 1589 0 1820671 0 846303
1786843323.305854 1824657 1686952 3020 1589 0 1820671 0 846303
1786843324.305827 1824657 1686952 3020 1589 0 1820671 0 846303
1786843325.305802 1824657 1686952 3020 1589 0 1820671 0 846303
1786843326.305780 1824657 1686952 3020 1589 0 1820671 0 846303
1786843327.305840 1824657 1686952 3020 1589 0 1820671 0 846303
1786843328.305813 1824657 1687216 3020 1589 0 1820671 0 846303
1786843329.305794 1824657 1687216 3020 1589 0 1820671 0 846303
1786843330.305817 1824657 1687216 3020 1589 0 1820671 0 846303
1786843331.305906 1824657 1687216 3020 1589 0 1820671 0 846303
1786843332.305807 1824657 1687216 3020 1589 0 1820671 0 846303
1786843333.305803 1824657 1687216 3020 1589 0 1820671 0 846303
1786843334.305995 1824657 1687216 3020 1589 0 1820671 0 846303
1786843335.305815 1824657 1687216 3020 1589 0 1820671 0 846303
1786843336.305757 1824657 1687216 3020 1589 0 1820671 0 846303
1786843337.305928 1824657 1687216 3020 1589 0 1820671 0 846303
1786843338.305802 1824657 1687216 3020 1589 0 1820671 0 846303
1786843339.305801 1824657 1687216 3020 1589 0 1820671 0 846303
1786843340.305819 1824657 1687216 3020 1589 0 1820671 0 846303
1786843341.305784 1824657 1687216 3020 1589 0 1820671 0 846303
1786843342.305775 1824657 1687216 3020 1589 0 1820671 0 846303
1786843343.305754 1824657 1687216 3020 1589 0 1820671 0 846303
1786843344.306097 1824657 1687216 3020 1589 0 1820671 0 846303
1786843345.305851 1824657 1687216 3020 1589 0 1820671 0 846303
1786843346.305724 1824657 1687216 3020 1589 0 1820671 0 846303
1786843347.305887 1824657 1687216 3020 1589 0 1820671 0 846303
1786843348.305827 1824657 1687216 3020 1589 0 1820671 0 846303
1786843349.305867 1824657 1687216 3020 1589 0 1820671 0 846303
1786843350.305763 1824657 1687216 3020 1589 0 1820671 0 846303
1786843351.305772 1824657 1687216 3020 1589 0 1820671 0 846303
1786843352.305764 1824657 1687216 3020 1589 0 1820671 0 846303
1786843353.305785 1824657 1687216 3020 1589 0 1820671 0 846303
1786843354.305812 1824657 1687216 3020 1589 0 1820671 0 846303
1786843355.305731 1824657 1687216 3020 1589 0 1820671 0 846303
1786843356.305811 1824657 1687216 3020 1589 0 1820671 0 846303
1786843357.305751 1824657 1687216 3020 1589 0 1820671 0 846303
1786843358.306099 1824657 1687216 3020 1589 0 1820671 0 846303
1786843359.306051 1824657 1687216 3020 1589 0 1820671 0 846303
1786843360.305770 1824657 1687216 3020 1589 0 1820671 0 846303
1786843361.305790 1824657 1687216 3020 1589 0 1820671 0 846303
1786843362.305793 1824657 1687216 3020 1589 0 1820671 0 846303
1786843363.305831 1824657 1687216 3020 1589 0 1820671 0 846303
1786843364.305912 1824657 1687216 3020 1589 0 1820671 0 846303
1786843365.305748 1824657 1687216 3020 1589 0 1820671 0 846303
1786843366.305768 1824657 1687216 3020 1589 0 1820671 0 846303
1786843367.305752 1824657 1687216 3020 1589 0 1820671 0 846303
1786843368.305769 1824657 1687216 3020 1589 0 1820671 0 846303
1786843369.305811 1824657 1687216 3020 1589 0 1820671 0 846303
1786843370.305782 1824657 1687216 3020 1589 0 1820671 0 846303
1786843371.305781 1824657 1687216 3020 1589 0 1820671 0 846303
1786843372.305748 1824657 1687216 3020 1589 0 1820671 0 846303
1786843373.305804 1824657 1687216 3020 1589 0 1820671 0 846303
1786843374.305766 1824657 1687216 3020 1589 0 1820671 0 846303
1786843375.305915 1824657 1687216 3020 1589 0 1820671 0 846303
1786843376.305902 1824657 1687216 3020 1589 0 1820671 0 846303
1786843377.306142 1824657 1687216 3020 1589 0 1820671 0 846303
1786843378.305789 1824657 1687216 3020 1589 0 1820671 0 846303
1786843379.305952 1824657 1687216 3020 1589 0 1820671 0 846303
1786843380.305891 1824657 1687216 3020 1589 0 1820671 0 846303
1786843381.305758 1824657 1687216 3020 1589 0 1820671 0 846303
1786843382.305800 1824657 1687216 3020 1589 0 1820671 0 846303
1786843383.305776 1824657 1687216 3020 1589 0 1820671 0 846303
1786843384.305768 1824657 1687216 3020 1589 0 1820671 0 846303
1786843385.305822 1824657 1687216 3020 1589 0 1820671 0 846303
1786843386.305784 1824657 1687216 3020 1589 0 1820671 0 846303
1786843387.306119 1824657 1687216 3020 1589 0 1820671 0 846303
1786843388.305827 1824657 1687216 3020 1589 0 1820671 0 846303
1786843389.305819 1824657 1687216 3020 1589 0 1820671 0 846303
1786843390.305792 1824657 1687216 3020 1589 0 1820671 0 846303
1786843391.305781 1824657 1687216 3020 1589 0 1820671 0 846303
1786843392.305785 1824657 1687216 3020 1589 0 1820671 0 846303
1786843393.305810 1824657 1687216 3020 1589 0 1820671 0 846303
1786843394.305762 1824657 1687216 3020 1589 0 1820671 0 846303
1786843395.305763 1824657 1687216 3020 1589 0 1820671 0 846303
1786843396.305772 1824657 1687216 3020 1589 0 1820671 0 846303
1786843397.305770 1824657 1687216 3020 1589 0 1820671 0 846303
1786843398.305790 1824657 1687216 3020 1589 0 1820671 0 846303
1786843399.305785 1824657 1687216 3020 1589 0 1820671 0 846303
1786843400.305803 1824657 1687216 3020 1589 0 1820671 0 846303
1786843401.305794 1824657 1687216 3020 1589 0 1820671 0 846303
1786843402.305845 1824657 1687216 3020 1589 0 1820671 0 846303
1786843403.305933 1824657 1687216 3020 1589 0 1820671 0 846303
1786843404.305724 1824657 1687216 3020 1589 0 1820671 0 846303
1786843405.305775 1824657 1687216 3020 1589 0 1820671 0 846303
1786843406.305755 1824657 1687216 3020 1589 0 1820671 0 846303
1786843407.305750 1824657 1687216 3020 1589 0 1820671 0 846303
1786843408.305772 1824657 1687216 3020 1589 0 1820671 0 846303
1786843409.305792 1824657 1687216 3020 1589 0 1820671 0 846303
1786843410.305783 1824657 1687216 3020 1589 0 1820671 0 846303
1786843411.305841 1824657 1687216 3020 1589 0 1820671 0 846303
1786843412.305806 1824657 1687216 3020 1589 0 1820671 0 846303
1786843413.305789 1824657 1687216 3020 1589 0 1820671 0 846303
1786843414.305767 1824657 1687216 3020 1589 0 1820671 0 846303
1786843415.305808 1824657 1687216 3020 1589 0 1820671 0 846303
1786843416.305832 1824657 1687216 3020 1589 0 1820671 0 846303
1786843417.305813 1824657 1687216 3020 1589 0 1820671 0 846303
1786843418.305767 1824657 1687216 3020 1589 0 1820671 0 846303
1786843419.305808 1824657 1687216 3020 1589 0 1820671 0 846303
1786843420.305785 1824657 1687216 3020 1589 0 1820671 0 846303
1786843421.305785 1824657 1687216 3020 1589 0 1820671 0 846303
1786843422.305785 1824657 1687216 3020 1589 0 1820671 0 846303
1786843423.305844 1824657 1687216 3020 1589 0 1820671 0 846303
1786843424.305770 1824657 1687216 3020 1589 0 1820671 0 846303
1786843425.305820 1824657 1687216 3020 1589 0 1820671 0 846303
1786843426.305775 1824657 1687216 3020 1589 0 1820671 0 846303
1786843427.305811 1824657 1687216 3020 1589 0 1820671 0 846303
1786843428.305842 1824657 1687216 3020 1589 0 1820671 0 846303
1786843429.305836 1824657 1687216 3020 1589 0 1820671 0 846303
1786843430.305867 1824657 1687216 3020 1589 0 1820671 0 846303
1786843431.305766 1824657 1687216 3020 1589 0 1820671 0 846303
1786843432.305778 1824657 1687216 3020 1589 0 1820671 0 846303
1786843433.305832 1824657 1687216 3020 1589 0 1820671 0 846303
1786843434.305726 1824657 1687216 3020 1589 0 1820671 0 846303
1786843435.305740 1824657 1687216 3020 1589 0 1820671 0 846303
1786843436.305788 1824657 1687216 3020 1589 0 1820671 0 846303
1786843437.305779 1824657 1687216 3020 1589 0 1820671 0 846303
1786843438.305755 1824657 1687216 3020 1589 0 1820671 0 846303
1786843439.305807 1824657 1687216 3020 1589 0 1820671 0 846303
1786843440.305727 1824657 1687216 3020 1589 0 1820671 0 846303
1786843441.305798 1824657 1687216 3020 1589 0 1820671 0 846303
1786843442.305794 1824657 1687216 3020 1589 0 1820671 0 846303
1786843443.305871 1824657 1687216 3020 1589 0 1820671 0 846303
1786843444.305802 1824657 1687216 3020 1589 0 1820671 0 846303
1786843445.305736 1824657 1687216 3020 1589 0 1820671 0 846303
1786843446.305838 1824657 1687216 3020 1589 0 1820671 0 846303
1786843447.305846 1824657 1687216 3020 1589 0 1820671 0 846303
1786843448.305901 1824657 1687216 3020 1589 0 1820671 0 846303
1786843449.305862 1824657 1687216 3020 1589 0 1820671 0 846303
1786843450.305751 1824657 1687216 3020 1589 0 1820671 0 846303
1786843451.305770 1824657 1687216 3020 1589 0 1820671 0 846303
1786843452.306324 1824657 1687216 3020 1589 0 1820671 0 846303
1786843453.305769 1824657 1687216 3020 1589 0 1820671 0 846303
1786843454.305772 1824657 1687216 3020 1589 0 1820671 0 846303
1786843455.305813 1824657 1687216 3020 1589 0 1820671 0 846303
1786843456.305809 1824657 1687216 3020 1589 0 1820671 0 846303
1786843457.305875 1824657 1687216 3020 1589 0 1820671 0 846303
1786843458.306668 1824657 1687216 3020 1589 0 1820671 0 846303
1786843459.305741 1824657 1687216 3020 1589 0 1820671 0 846303
1786843460.305801 1824657 1687216 3020 1589 0 1820671 0 846303
1786843461.305737 1824657 1687216 3020 1589 0 1820671 0 846303
1786843462.305746 1824657 1687216 3020 1589 0 1820671 0 846303
1786843463.305818 1824657 1687216 3020 1589 0 1820671 0 846303
1786843464.306099 1824657 1687216 3020 1589 0 1820671 0 846303
1786843465.305938 1824657 1687216 3020 1589 0 1820671 0 846303
1786843466.305775 1824657 1687216 3020 1589 0 1820671 0 846303
1786843467.305866 1824657 1687216 3020 1589 0 1820671 0 846303
1786843468.305785 1824657 1687216 3020 1589 0 1820671 0 846303
1786843469.305820 1824657 1687216 3020 1589 0 1820671 0 846303
1786843470.305813 1824657 1687216 3020 1589 0 1820671 0 846303
1786843471.305799 1824657 1687216 3020 1589 0 1820671 0 846303
1786843472.305757 1824657 1687216 3020 1589 0 1820671 0 846303
1786843473.305808 1824657 1687216 3020 1589 0 1820671 0 846303
1786843474.305763 1824657 1687216 3020 1589 0 1820671 0 846303
1786843475.305812 1824657 1687216 3020 1589 0 1820671 0 846303
1786843476.305770 1824657 1687216 3020 1589 0 1820671 0 846303
1786843477.305746 1824657 1687216 3020 1589 0 1820671 0 846303
1786843478.305748 1824657 1687216 3020 1589 0 1820671 0 846303
1786843479.305763 1824657 1687216 3020 1589 0 1820671 0 846303
1786843480.305744 1824657 1687216 3020 1589 0 1820671 0 846303
1786843481.305760 1824657 1687216 3020 1589 0 1820671 0 846303
1786843482.305783 1824657 1687216 3020 1589 0 1820671 0 846303
1786843483.305816 1824657 1687216 3020 1589 0 1820671 0 846303
1786843484.305775 1824657 1687216 3020 1589 0 1820671 0 846303
1786843485.305741 1824657 1687216 3020 1589 0 1820671 0 846303
1786843486.305786 1824657 1687216 3020 1589 0 1820671 0 846303
1786843487.305754 1824657 1687216 3020 1589 0 1820671 0 846303
1786843488.305774 1824657 1687216 3020 1589 0 1820671 0 846303
1786843489.305745 1824657 1687216 3020 1589 0 1820671 0 846303
1786843490.305729 1824657 1687216 3020 1589 0 1820671 0 846303
1786843491.305844 1824657 1687216 3020 1589 0 1820671 0 846303
1786843492.305740 1824657 1687216 3020 1589 0 1820671 0 846303
1786843493.305768 1824657 1687216 3020 1589 0 1820671 0 846303
1786843494.305776 1824657 1687216 3020 1589 0 1820671 0 846303
1786843495.305807 1824657 1687216 3020 1589 0 1820671 0 846303
1786843496.305812 1824657 1687216 3020 1589 0 1820671 0 846303
1786843497.305881 1824657 1687216 3020 1589 0 1820671 0 846303
1786843498.305752 1824657 1687216 3020 1589 0 1820671 0 846303
1786843499.305856 1824657 1687216 3020 1589 0 1820671 0 846303
1786843500.305775 1824657 1687216 3020 1589 0 1820671 0 846303
1786843501.305785 1824657 1687216 3020 1589 0 1820671 0 846303
1786843502.305759 1824657 1687216 3020 1589 0 1820671 0 846303
1786843503.305833 1824657 1687216 3020 1589 0 1820671 0 846303
1786843504.305779 1824657 1687216 3020 1589 0 1820671 0 846303
1786843505.305747 1824657 1687216 3020 1589 0 1820671 0 846303
1786843506.305773 1824657 1687216 3020 1589 0 1820671 0 846303
1786843507.306089 1824657 1687216 3020 1589 0 1820671 0 846303
1786843508.305767 1824657 1687216 3020 1589 0 1820671 0 846303
1786843509.305765 1824657 1687216 3020 1589 0 1820671 0 846303
1786843510.305814 1824657 1687216 3020 1589 0 1820671 0 846303
1786843511.305798 1824657 1687216 3020 1589 0 1820671 0 846303
1786843512.305767 1824657 1687216 3020 1589 0 1820671 0 846303
1786843513.305826 1824657 1687216 3020 1589 0 1820671 0 846303
1786843514.305837 1824657 1687216 3020 1589 0 1820671 0 846303
1786843515.305911 1824657 1687216 3020 1589 0 1820671 0 846303
1786843516.305825 1824657 1687216 3020 1589 0 1820671 0 846303
1786843517.305836 1824657 1687216 3020 1589 0 1820671 0 846303
1786843518.305850 1824657 1687216 3020 1589 0 1820671 0 846303
1786843519.305763 1824657 1687216 3020 1589 0 1820671 0 846303
1786843520.305768 1824657 1687216 3020 1589 0 1820671 0 846303
1786843521.305794 1824657 1687216 3020 1589 0 1820671 0 846303
1786843522.305738 1824657 1687216 3020 1589 0 1820671 0 846303
1786843523.305789 1824657 1687216 3020 1589 0 1820671 0 846303
1786843524.306107 1824657 1687216 3020 1589 0 1820671 0 846303
1786843525.305775 1824657 1687216 3020 1589 0 1820671 0 846303
1786843526.305733 1824657 1687216 3020 1589 0 1820671 0 846303
1786843527.305840 1824657 1687216 3020 1589 0 1820671 0 846303
1786843528.305750 1824657 1687216 3020 1589 0 1820671 0 846303
1786843529.305907 1824657 1687216 3020 1589 0 1820671 0 846303
1786843530.305760 1824657 1687216 3020 1589 0 1820671 0 846303
1786843531.305761 1824657 1687216 3020 1589 0 1820671 0 846303
1786843532.305761 1824657 1687216 3020 1589 0 1820671 0 846303
1786843533.306066 1824657 1687216 3020 1589 0 1820671 0 846303
1786843534.305773 1824657 1687216 3020 1589 0 1820671 0 846303
1786843535.305738 1824657 1687216 3020 1589 0 1820671 0 846303
1786843536.305821 1824657 1687216 3020 1589 0 1820671 0 846303
1786843537.305767 1824657 1687216 3020 1589 0 1820671 0 846303
1786843538.305815 1824657 1687216 3020 1589 0 1820671 0 846303
1786843539.305761 1824657 1687216 3020 1589 0 1820671 0 846303
1786843540.305765 1824657 1687216 3020 1589 0 1820671 0 846303
1786843541.305745 1824657 1687216 3020 1589 0 1820671 0 846303
1786843542.306068 1824657 1687216 3020 1589 0 1820671 0 846303
1786843543.305770 1824657 1687216 3020 1589 0 1820671 0 846303
1786843544.305778 1824657 1687216 3020 1589 0 1820671 0 846303
1786843545.305826 1824657 1687216 3020 1589 0 1820671 0 846303
1786843546.305747 1824657 1687216 3020 1589 0 1820671 0 846303
1786843547.305773 1824657 1687216 3020 1589 0 1820671 0 846303
1786843548.305808 1824657 1687216 3020 1589 0 1820671 0 846303
1786843549.305766 1824657 1687216 3020 1589 0 1820671 0 846303
1786843550.305938 1824657 1687216 3020 1589 0 1820671 0 846303
1786843551.305845 1824657 1687216 3020 1589 0 1820671 0 846303
1786843552.306111 1824657 1687216 3020 1589 0 1820671 0 846303
1786843553.305790 1824657 1687216 3020 1589 0 1820671 0 846303
1786843554.305844 1824657 1687216 3020 1589 0 1820671 0 846303
1786843555.305789 1824657 1687216 3020 1589 0 1820671 0 846303
1786843556.305809 1824657 1687216 3020 1589 0 1820671 0 846303
1786843557.305772 1824657 1687216 3020 1589 0 1820671 0 846303
1786843558.305848 1824657 1687216 3020 1589 0 1820671 0 846303
1786843559.305804 1824657 1687216 3020 1589 0 1820671 0 846303
1786843560.305770 1824657 1687216 3020 1589 0 1820671 0 846303
1786843561.305773 1824657 1687216 3020 1589 0 1820671 0 846303
1786843562.305751 1824657 1687216 3020 1589 0 1820671 0 846303
1786843563.305762 1824657 1687216 3020 1589 0 1820671 0 846303
1786843564.305849 1824657 1687216 3020 1589 0 1820671 0 846303
1786843565.305778 1824657 1687216 3020 1589 0 1820671 0 846303
1786843566.306083 1824657 1687216 3020 1589 0 1820671 0 846303
1786843567.305878 1824657 1687216 3020 1589 0 1820671 0 846303
1786843568.305774 1824657 1687216 3020 1589 0 1820671 0 846303
1786843569.305781 1824657 1687216 3020 1589 0 1820671 0 846303
1786843570.305749 1824657 1687216 3020 1589 0 1820671 0 846303
1786843571.307783 1824657 1687216 3020 1589 0 1820671 0 846303
1786843572.306078 1824657 1687216 3020 1589 0 1820671 0 846303
1786843573.305696 1824657 1687216 3020 1589 0 1820671 0 846303
1786843574.305727 1824657 1687216 3020 1589 0 1820671 0 846303
1786843575.307574 1824657 1687216 3020 1589 0 1820671 0 846303
1786843576.306998 1824657 1687216 3020 1589 0 1820671 0 846303
1786843577.305667 1824657 1687216 3020 1589 0 1820671 0 846303
1786843578.305685 1824657 1687216 3020 1589 0 1820671 0 846303
1786843579.305686 1824657 1687216 3020 1589 0 1820671 0 846303
1786843580.305637 1824657 1687216 3020 1589 0 1820671 0 846303
1786843581.305643 1824657 1687216 3020 1589 0 1820671 0 846303
1786843582.306035 1824657 1687216 3020 1589 0 1820671 0 846303
1786843583.305657 1824657 1687216 3020 1589 0 1820671 0 846303
1786843584.305728 1824657 1687216 3020 1589 0 1820671 0 846303
1786843585.305732 1824657 1687216 3020 1589 0 1820671 0 846303
1786843586.305862 1824657 1687216 3020 1589 0 1820671 0 846303
1786843587.305326 1824657 1687216 3020 1589 0 1820671 0 846303
1786843588.305680 1824657 1687216 3020 1589 0 1820671 0 846303
1786843589.305654 1824657 1687216 3020 1589 0 1820671 0 846303
1786843590.305701 1824657 1687216 3020 1589 0 1820671 0 846303
1786843591.305726 1824657 1687216 3020 1589 0 1820671 0 846303
1786843592.305700 1824657 1687216 3020 1589 0 1820671 0 846303
1786843593.305710 1824657 1687216 3020 1589 0 1820671 0 846303
1786843594.305688 1824657 1687216 3020 1589 0 1820671 0 846303
1786843595.305766 1824657 1687216 3020 1589 0 1820671 0 846303
1786843596.305656 1824657 1687216 3020 1589 0 1820671 0 846303
1786843597.305669 1824657 1687216 3020 1589 0 1820671 0 846303
1786843598.305670 1824657 1687216 3020 1589 0 1820671 0 846303
1786843599.316215 1824657 1687216 3020 1589 0 1820671 0 846303
1786843600.305623 1824657 1687216 3020 1589 0 1820671 0 846303
1786843601.305652 1824657 1687216 3020 1589 0 1820671 0 846303
1786843602.305624 1824657 1687216 3020 1589 0 1820671 0 846303
1786843603.305697 1824657 1687216 3020 1589 0 1820671 0 846303
1786843604.305682 1824657 1687216 3020 1589 0 1820671 0 846303
1786843605.305697 1824657 1687216 3020 1589 0 1820671 0 846303
1786843606.305628 1824657 1687216 3020 1589 0 1820671 0 846303
1786843607.313155 1824657 1687216 3020 1589 0 1820671 0 846303
1786843608.305471 1824657 1687216 3020 1589 0 1820671 0 846303
1786843609.305807 1824657 1687216 3020 1589 0 1820671 0 846303
1786843610.309263 1824657 1687216 3020 1589 0 1820671 0 846303
1786843611.305815 1824657 1687216 3020 1589 0 1820671 0 846303
1786843612.305826 1824657 1687216 3020 1589 0 1820671 0 846303
1786843613.305839 1824657 1687216 3020 1589 0 1820671 0 846303
1786843614.305809 1824657 1687216 3020 1589 0 1820671 0 846303
1786843615.305853 1824657 1687216 3020 1589 0 1820671 0 846303
1786843616.305790 1824657 1687216 3020 1589 0 1820671 0 846303
1786843617.306081 1824657 1687383 3020 1589 0 1820671 0 846303
1786843618.306184 1824657 1687383 3020 1589 0 1820671 0 846303
1786843619.305835 1824657 1687383 3020 1589 0 1820671 0 846303
1786843620.305820 1824657 1687383 3020 1589 0 1820671 0 846303
1786843621.305861 1824657 1687383 3020 1589 0 1820671 0 846303
