# start_epoch=1786842681.399992  page_size=4096  cachestat=ok  fields=size,resident,shared,text,lib,data,dt,pagecache
1786842682.401219 46988 27241 2593 1589 0 43007 0 19053
1786842683.401754 56844 28536 2753 1589 0 52863 0 31321
1786842684.402349 57612 33677 2753 1589 0 53631 0 43591
1786842685.402930 57612 29573 2817 1589 0 53631 0 55879
1786842686.405673 58252 32139 2833 1589 0 54271 0 86172
1786842687.404071 59020 30320 2834 1589 0 55039 0 79544
1786842688.404654 59020 32001 2834 1589 0 55039 0 91813
1786842689.405242 59020 31876 2834 1589 0 55039 0 104083
1786842690.410565 59020 28955 2834 1589 0 55039 0 134375
1786842691.421139 59020 31662 2834 1589 0 55039 0 155469
1786842692.412476 59020 31668 2834 1589 0 55039 0 146644
1786842693.416032 59020 30384 2834 1589 0 55039 0 158914
1786842694.410977 59020 33001 2834 1589 0 55039 0 171183
1786842695.412592 59020 29953 2834 1589 0 55039 0 199200
1786842696.429007 59916 33868 2834 1589 0 55935 0 222086
1786842697.413481 59916 35672 2834 1589 0 55935 0 211470
1786842698.414162 59916 31228 2834 1589 0 55935 0 223741
1786842699.410067 59916 34660 2834 1589 0 55935 0 197179
1786842700.415400 59916 30742 2834 1589 0 55935 0 245494
1786842701.416116 59916 35721 2834 1589 0 55935 0 257764
1786842702.417094 59916 32356 2834 1589 0 55935 0 270035
1786842703.411987 60940 37574 2834 1589 0 56959 0 244095
1786842704.418302 60940 31239 2834 1589 0 56959 0 292410
1786842705.420643 60940 36959 2834 1589 0 56959 0 318878
1786842706.418493 60940 36133 2834 1589 0 56959 0 303012
1786842707.421159 60940 34427 2834 1589 0 56959 0 340093
1786842708.420266 67084 38714 2834 1589 0 63103 0 332016
1786842709.421302 67084 34576 2834 1589 0 63103 0 340730
1786842710.423331 67084 34094 2834 1589 0 63103 0 369266
1786842711.423782 67084 35518 2834 1589 0 63103 0 381535
1786842712.424427 67084 35473 2834 1589 0 63103 0 394061
1786842713.423559 67084 35659 2834 1589 0 63103 0 368528
1786842714.421661 67084 38447 2834 1589 0 63103 0 375811
1786842715.422247 67084 35624 2834 1589 0 63103 0 388083
1786842716.423598 67980 36168 2834 1589 0 63999 0 415280
1786842717.429546 67980 35944 2834 1589 0 63999 0 427551
1786842718.425320 67980 37931 2834 1589 0 63999 0 439821
1786842719.425773 69260 38730 2834 1589 0 65279 0 452091
1786842720.426811 69260 40856 2834 1589 0 65279 0 464363
1786842721.426307 69260 35889 2834 1589 0 65279 0 451696
1786842722.426868 69260 38280 2834 1589 0 65279 0 465435
1786842723.431590 69260 40555 2834 1589 0 65279 0 491268
1786842724.431810 69260 38847 2834 1589 0 65279 0 502769
1786842725.438642 69260 40106 2834 1589 0 65279 0 614818
1786842726.433388 69260 38859 2834 1589 0 65279 0 527133
1786842727.432887 69260 39669 2834 1589 0 65279 0 523745
1786842728.433495 69260 37773 2834 1589 0 65279 0 536015
1786842729.434534 69260 41086 2834 1589 0 65279 0 548285
1786842730.433869 69260 40970 2834 1589 0 65279 0 535710
1786842731.431663 70796 39907 2834 1589 0 66815 0 545676
1786842732.431820 70796 36846 2834 1589 0 66815 0 557689
1786842733.435888 70796 41729 2834 1589 0 66815 0 603069
1786842734.437270 70796 41986 2834 1589 0 66815 0 614830
1786842735.437336 70796 41741 2834 1589 0 66815 0 627150
1786842736.438042 70796 40218 2834 1589 0 66815 0 637849
1786842737.439577 70796 39708 2834 1589 0 66815 0 648585
1786842738.439293 70796 39973 2834 1589 0 66815 0 660856
1786842739.438805 70796 38227 2834 1589 0 66815 0 644199
1786842740.440896 70796 42563 2834 1589 0 66815 0 651315
1786842741.441276 70796 34366 2834 1589 0 66815 0 656970
1786842742.443839 70796 40590 2834 1589 0 66815 0 683991
1786842743.443805 70796 36266 2834 1589 0 66815 0 696004
1786842744.439399 70796 38742 2834 1589 0 66815 0 688972
1786842745.440867 70796 35828 2834 1589 0 66815 0 701242
1786842746.441533 70796 39124 2834 1589 0 66815 0 713513
1786842747.442824 70796 37115 2834 1589 0 66815 0 719951
1786842748.449027 70796 40106 2834 1589 0 66815 0 756077
1786842749.445751 70796 40998 2834 1589 0 66815 0 762221
1786842750.446422 70796 42190 2834 1589 0 66815 0 740249
1786842751.446899 70796 38956 2834 1589 0 66815 0 731192
1786842752.447712 70796 41091 2834 1589 0 66815 0 759709
1786842753.449462 70796 40041 2834 1589 0 66815 0 781688
1786842754.445219 70796 40546 2834 1589 0 66815 0 774911
1786842755.445877 70796 39432 2834 1589 0 66815 0 787181
1786842756.446365 70796 41097 2834 1589 0 66815 0 799452
1786842757.447038 70796 39050 2834 1589 0 66815 0 811723
1786842758.448269 70796 43436 2834 1589 0 66815 0 823993
1786842759.448923 70796 37630 2834 1589 0 66815 0 836263
1786842760.449549 70796 42799 2834 1589 0 66815 0 848533
1786842761.450163 70796 39223 2834 1589 0 66815 0 860803
1786842762.455704 70796 44244 2834 1589 0 66815 0 962245
1786842763.449549 72588 42858 2834 1589 0 68607 0 850034
1786842764.449682 72588 44901 2834 1589 0 68607 0 858415
1786842765.451128 72588 42869 2834 1589 0 68607 0 866772
1786842766.451555 72588 44155 2834 1589 0 68607 0 875150
1786842767.452576 72588 36010 2834 1589 0 68607 0 901542
1786842768.453694 72588 44018 2834 1589 0 68607 0 913813
1786842769.454497 72588 40614 2834 1589 0 68607 0 926082
1786842770.455172 72588 44142 2834 1589 0 68607 0 938352
1786842771.456802 72588 43709 2834 1589 0 68607 0 950623
1786842772.457624 72588 44018 2834 1589 0 68607 0 962894
1786842773.452127 72588 44345 2834 1589 0 68607 0 975166
1786842774.452952 72588 40611 2834 1589 0 68607 0 975167
1786842775.449707 72588 41212 2834 1589 0 68607 0 975168
1786842776.462036 73612 41724 2834 1589 0 69631 0 999333
1786842777.459181 75660 35862 2834 1589 0 71679 0 942021
1786842778.463815 75660 43197 2834 1589 0 71679 0 1005578
1786842779.460977 75660 44222 2834 1589 0 71679 0 974072
1786842780.461072 75660 37945 2834 1589 0 71679 0 972211
1786842781.459947 75660 40390 2834 1589 0 71679 0 959257
1786842782.460695 75660 38456 2834 1589 0 71679 0 967153
1786842783.462148 75660 40923 2834 1589 0 71679 0 991949
1786842784.462981 75660 38912 2834 1589 0 71679 0 1004219
1786842785.464402 75660 41492 2834 1589 0 71679 0 1016490
1786842786.465056 75660 38529 2834 1589 0 71679 0 1028760
1786842787.467204 75660 41313 2834 1589 0 71679 0 1057276
1786842788.467509 75660 42382 2834 1589 0 71679 0 1064940
1786842789.465475 75660 36246 2834 1589 0 71679 0 1053301
1786842790.466957 75660 40973 2834 1589 0 71679 0 1065569
1786842791.466211 75660 36793 2834 1589 0 71679 0 1077840
1786842792.454459 75660 36797 2834 1589 0 71679 0 1077841
1786842793.452417 75660 36448 2834 1589 0 71679 0 1077842
1786842794.465183 75660 41114 2834 1589 0 71679 0 1043379
1786842795.465450 75660 38800 2834 1589 0 71679 0 1047284
1786842796.467534 75660 45015 2834 1589 0 71679 0 1077577
1786842797.468319 75660 41691 2834 1589 0 71679 0 1080473
1786842798.468374 75660 37448 2834 1589 0 71679 0 1076886
1786842799.466444 75660 41116 2834 1589 0 71679 0 1063894
1786842800.463398 75660 36767 2834 1589 0 71679 0 1049395
1786842801.468412 75660 41060 2834 1589 0 71679 0 1097712
1786842802.469763 75660 38660 2834 1589 0 71679 0 1109984
1786842803.469738 75660 41817 2834 1589 0 71679 0 1122254
1786842804.472160 75660 40914 2834 1589 0 71679 0 1149236
1786842805.467625 75660 38908 2834 1589 0 71679 0 1123606
1786842806.473420 75660 38970 2834 1589 0 71679 0 1167123
1786842807.472774 75660 38853 2834 1589 0 71679 0 1159067
1786842808.458763 75660 40753 2834 1589 0 71679 0 1136246
1786842809.462327 75660 40753 2834 1589 0 71679 0 1171338
1786842810.462259 75660 36607 2834 1589 0 71679 0 1171339
1786842811.471679 75660 39844 2834 1589 0 71679 0 1137174
1786842812.480820 75660 40871 2834 1589 0 71679 0 1127927
1786842813.486396 75660 44179 2834 1589 0 71679 0 1125004
1786842814.475209 75660 43040 2834 1589 0 71679 0 1195854
1786842815.473102 75660 41079 2834 1589 0 71679 0 1164672
1786842816.473690 75660 40233 2834 1589 0 71679 0 1171019
1786842817.474696 75660 39539 2834 1589 0 71679 0 1181242
1786842818.472109 75660 39832 2834 1589 0 71679 0 1183495
1786842819.474338 75660 36543 2834 1589 0 71679 0 1195765
1786842820.475845 75660 40317 2834 1589 0 71679 0 1208036
1786842821.474419 75660 35670 2834 1589 0 71679 0 1220305
1786842822.477697 75660 39960 2834 1589 0 71679 0 1232577
1786842823.479365 75660 42126 2834 1589 0 71679 0 1260070
1786842824.479451 75660 41717 2834 1589 0 71679 0 1267733
1786842825.476175 75660 40125 2834 1589 0 71679 0 1253478
1786842826.467127 75660 39877 2834 1589 0 71679 0 1257117
1786842827.464181 75660 39993 2834 1589 0 71679 0 1257118
1786842828.473205 75660 44889 2834 1589 0 71679 0 1222691
1786842829.458507 79757 33335 2834 1589 0 75775 0 1208086
1786842830.458291 79757 33339 2834 1589 0 75775 0 1202028
1786842831.456018 79757 33339 2834 1589 0 75775 0 1150126
1786842832.457630 79757 33261 2834 1589 0 75775 0 1191159
1786842833.457481 79757 32772 2834 1589 0 75775 0 1182583
1786842834.456932 79757 32507 2834 1589 0 75775 0 1171934
1786842835.457099 79757 32587 2834 1589 0 75775 0 1171935
1786842836.456433 79757 32526 2834 1589 0 75775 0 1161897
1786842837.455142 79757 32380 2834 1589 0 75775 0 1132882
1786842838.456060 79757 32491 2834 1589 0 75775 0 1149939
1786842839.455216 79757 32444 2834 1589 0 75775 0 1136854
1786842840.455578 79757 32260 2834 1589 0 75775 0 1136855
1786842841.455783 79757 32260 2834 1589 0 75775 0 1146145
1786842842.455595 79757 32067 2834 1589 0 75775 0 1146146
1786842843.459572 79757 32013 2834 1589 0 75775 0 1146147
1786842844.455802 79757 32514 2834 1589 0 75775 0 1146148
1786842845.455567 79757 32584 2834 1589 0 75775 0 1146148
1786842846.455792 79757 32464 2834 1589 0 75775 0 1146149
1786842847.454244 79757 33135 2834 1589 0 75775 0 1115297
1786842848.453794 79757 33151 2834 1589 0 75775 0 1108177
1786842849.453997 79757 32811 2834 1589 0 75775 0 1115299
1786842850.454313 79757 32883 2834 1589 0 75775 0 1115300
1786842851.454548 79757 32883 2834 1589 0 75775 0 1115040
1786842852.454241 79757 32977 2834 1589 0 75775 0 1115302
1786842853.454058 79757 32978 2834 1589 0 75775 0 1115303
1786842854.454036 79757 32873 2834 1589 0 75775 0 1109039
1786842855.454232 79757 32905 2834 1589 0 75775 0 1115305
1786842856.453946 79757 32913 2834 1589 0 75775 0 1115306
1786842857.451813 82317 34171 2834 1589 0 78335 0 1071935
1786842858.451720 82317 33881 2834 1589 0 78335 0 1066730
1786842859.453493 82317 33881 2834 1589 0 78335 0 1099210
1786842860.453398 82317 33881 2834 1589 0 78335 0 1099211
1786842861.453088 82317 33589 2834 1589 0 78335 0 1099212
1786842862.453212 82317 33589 2834 1589 0 78335 0 1087377
1786842863.453139 82317 33267 2834 1589 0 78335 0 1099214
1786842864.453780 82317 32780 2834 1589 0 78335 0 1099215
1786842865.453746 82317 32780 2834 1589 0 78335 0 1099216
1786842866.453379 82317 32066 2834 1589 0 78335 0 1099217
1786842867.453536 82317 32280 2834 1589 0 78335 0 1099218
1786842868.453517 82317 32742 2834 1589 0 78335 0 1099219
1786842869.449245 82317 34017 2834 1589 0 78335 0 1013160
1786842870.449409 82317 34018 2834 1589 0 78335 0 1013161
1786842871.449224 82317 33975 2834 1589 0 78335 0 1013162
1786842872.448978 82317 33793 2834 1589 0 78335 0 1013163
1786842873.449004 82317 33794 2834 1589 0 78335 0 1013164
1786842874.447506 87438 49672 2850 1589 0 83455 0 976424
1786842875.447601 206222 166408 2850 1589 0 202239 0 976424
1786842876.447336 363406 282120 2850 1589 0 359423 0 976424
1786842877.447236 489870 397832 2850 1589 0 485887 0 976424
1786842878.447534 575886 512520 2850 1589 0 571903 0 976424
1786842879.447267 676238 625672 2850 1589 0 672255 0 976424
1786842880.447304 796046 740360 2850 1589 0 792063 0 976424
1786842881.447339 933262 856072 2850 1589 0 929279 0 976424
1786842882.447409 1097102 969224 2850 1589 0 1093119 0 976424
1786842883.449900 1304975 1071609 2850 1589 0 1300991 0 976424
1786842884.447364 1304975 1071609 2850 1589 0 1300991 0 976424
1786842885.447143 1304975 1071609 2850 1589 0 1300991 0 976424
1786842886.447230 1304975 1071609 2850 1589 0 1300991 0 976424
1786842887.447143 1304975 1071609 2850 1589 0 1300991 0 976424
1786842888.447477 1304975 1071609 2850 1589 0 1300991 0 976424
1786842889.447183 1304975 1071609 2850 1589 0 1300991 0 976424
1786842890.447247 1309072 1071607 2850 1589 0 1305087 0 976424
1786842891.447244 1309072 1071607 2850 1589 0 1305087 0 976424
1786842892.447388 1309072 1071607 2850 1589 0 1305087 0 976424
1786842893.447379 1309072 1071607 2850 1589 0 1305087 0 976424
1786842894.447637 1309072 1071607 2850 1589 0 1305087 0 976424
1786842895.447347 1309072 1071607 2850 1589 0 1305087 0 976424
1786842896.447274 1313169 1071608 2850 1589 0 1309183 0 976424
1786842897.448346 1313169 1071608 2850 1589 0 1309183 0 976424
1786842898.447356 1313169 1071608 2850 1589 0 1309183 0 976424
1786842899.447631 1313169 1071608 2850 1589 0 1309183 0 976424
1786842900.447506 1313169 1071608 2850 1589 0 1309183 0 976424
1786842901.447318 1313169 1071608 2850 1589 0 1309183 0 976424
1786842902.447605 1313169 1071608 2850 1589 0 1309183 0 976424
1786842903.447429 1313169 1071608 2850 1589 0 1309183 0 976424
1786842904.447237 1313169 1071608 2850 1589 0 1309183 0 976424
1786842905.447274 1313169 1071608 2850 1589 0 1309183 0 976424
1786842906.447281 1313169 1071608 2850 1589 0 1309183 0 976424
1786842907.447311 1313169 1071608 2850 1589 0 1309183 0 976424
1786842908.447525 1313169 1071608 2850 1589 0 1309183 0 976424
1786842909.447245 1313169 1071608 2850 1589 0 1309183 0 976424
1786842910.447284 1313169 1071608 2850 1589 0 1309183 0 976424
1786842911.447223 1313169 1071608 2850 1589 0 1309183 0 976424
1786842912.447210 1313169 1071608 2850 1589 0 1309183 0 976424
1786842913.447422 1313169 1071608 2850 1589 0 1309183 0 976424
1786842914.447233 1313169 1071608 2850 1589 0 1309183 0 976424
1786842915.447224 1313169 1071608 2850 1589 0 1309183 0 976424
1786842916.447445 1313169 1071608 2850 1589 0 1309183 0 976424
1786842917.447252 1313169 1071608 2850 1589 0 1309183 0 976424
1786842918.447167 1313169 1071608 2850 1589 0 1309183 0 976424
1786842919.447379 1313169 1071608 2850 1589 0 1309183 0 976424
1786842920.447187 1313169 1071608 2850 1589 0 1309183 0 976424
1786842921.447310 1313169 1071608 2850 1589 0 1309183 0 976424
1786842922.447267 1313169 1071608 2850 1589 0 1309183 0 976424
1786842923.447524 1313169 1071608 2850 1589 0 1309183 0 976424
1786842924.447392 1313169 1071608 2850 1589 0 1309183 0 976424
1786842925.447161 1313169 1071608 2850 1589 0 1309183 0 976424
1786842926.447219 1313169 1071608 2850 1589 0 1309183 0 976424
1786842927.447182 1313169 1071608 2850 1589 0 1309183 0 976424
1786842928.447151 1313169 1071608 2850 1589 0 1309183 0 976424
1786842929.447201 1313169 1071608 2850 1589 0 1309183 0 976424
1786842930.447298 1313169 1071608 2850 1589 0 1309183 0 976424
1786842931.447227 1313169 1071608 2850 1589 0 1309183 0 976424
1786842932.447171 1313169 1071608 2850 1589 0 1309183 0 976424
1786842933.447218 1313169 1071608 2850 1589 0 1309183 0 976424
1786842934.447236 1313169 1071608 2850 1589 0 1309183 0 976424
1786842935.447380 1313169 1071608 2850 1589 0 1309183 0 976424
1786842936.447315 1313169 1071608 2850 1589 0 1309183 0 976424
1786842937.447218 1313169 1071608 2850 1589 0 1309183 0 976424
1786842938.447187 1313169 1071608 2850 1589 0 1309183 0 976424
1786842939.447225 1313169 1071608 2850 1589 0 1309183 0 976424
1786842940.447449 1313169 1071608 2850 1589 0 1309183 0 976424
1786842941.447216 1313169 1071608 2850 1589 0 1309183 0 976424
1786842942.447198 1313169 1071608 2850 1589 0 1309183 0 976424
1786842943.447233 1313169 1071608 2850 1589 0 1309183 0 976424
1786842944.447214 1313169 1071608 2850 1589 0 1309183 0 976424
1786842945.447409 1313169 1071608 2850 1589 0 1309183 0 976424
1786842946.447231 1313169 1071608 2850 1589 0 1309183 0 976424
1786842947.447241 1313169 1071608 2850 1589 0 1309183 0 976424
1786842948.447296 1313169 1071608 2850 1589 0 1309183 0 976424
1786842949.447225 1313169 1071608 2850 1589 0 1309183 0 976424
1786842950.447243 1313169 1071608 2850 1589 0 1309183 0 976424
1786842951.447226 1313169 1071608 2850 1589 0 1309183 0 976424
1786842952.447230 1313169 1071608 2850 1589 0 1309183 0 976424
1786842953.447841 1313169 1071608 2850 1589 0 1309183 0 976424
1786842954.447377 1313169 1071608 2850 1589 0 1309183 0 976424
1786842955.447258 1313169 1071608 2850 1589 0 1309183 0 976424
1786842956.447257 1313169 1071608 2850 1589 0 1309183 0 976424
1786842957.447220 1313169 1071608 2850 1589 0 1309183 0 976424
1786842958.447491 1313169 1071608 2850 1589 0 1309183 0 976424
1786842959.447249 1313169 1071627 2850 1589 0 1309183 0 976424
1786842960.447248 1313169 1071627 2850 1589 0 1309183 0 976424
1786842961.447274 1313169 1071627 2850 1589 0 1309183 0 976424
1786842962.447284 1313169 1071627 2850 1589 0 1309183 0 976424
1786842963.447244 1313169 1071627 2850 1589 0 1309183 0 976424
1786842964.447262 1313169 1071627 2850 1589 0 1309183 0 976424
1786842965.447237 1313169 1071627 2850 1589 0 1309183 0 976424
1786842966.447208 1313169 1071627 2850 1589 0 1309183 0 976424
1786842967.447256 1313169 1071627 2850 1589 0 1309183 0 976424
1786842968.447528 1313169 1071627 2850 1589 0 1309183 0 976424
1786842969.447516 1313169 1071627 2850 1589 0 1309183 0 976424
1786842970.447483 1313169 1071627 2850 1589 0 1309183 0 976424
1786842971.447653 1313169 1071627 2850 1589 0 1309183 0 976424
1786842972.447221 1313169 1071627 2850 1589 0 1309183 0 976424
1786842973.447188 1313169 1071627 2850 1589 0 1309183 0 976424
1786842974.447209 1313169 1071627 2850 1589 0 1309183 0 976424
1786842975.447391 1313169 1071627 2850 1589 0 1309183 0 976424
1786842976.447254 1313169 1071627 2850 1589 0 1309183 0 976424
1786842977.447225 1313169 1071627 2850 1589 0 1309183 0 976424
1786842978.447239 1313169 1071627 2850 1589 0 1309183 0 976424
1786842979.447245 1313169 1071627 2850 1589 0 1309183 0 976424
1786842980.447277 1313169 1071627 2850 1589 0 1309183 0 976424
1786842981.447253 1313169 1071627 2850 1589 0 1309183 0 976424
1786842982.447285 1313169 1071627 2850 1589 0 1309183 0 976424
1786842983.447303 1313169 1071627 2850 1589 0 1309183 0 976424
1786842984.447350 1313169 1071627 2850 1589 0 1309183 0 976424
1786842985.447510 1313169 1071627 2850 1589 0 1309183 0 976424
1786842986.447264 1313169 1071627 2850 1589 0 1309183 0 976424
1786842987.447233 1313169 1071627 2850 1589 0 1309183 0 976424
1786842988.447486 1313169 1071627 2850 1589 0 1309183 0 976424
1786842989.447251 1313169 1071627 2850 1589 0 1309183 0 976424
1786842990.447274 1313169 1071627 2850 1589 0 1309183 0 976424
1786842991.447184 1313169 1071627 2850 1589 0 1309183 0 976424
1786842992.447346 1313169 1071627 2850 1589 0 1309183 0 976424
1786842993.447279 1313169 1071627 2850 1589 0 1309183 0 976424
1786842994.447339 1313169 1071627 2850 1589 0 1309183 0 976424
1786842995.447610 1313169 1071627 2850 1589 0 1309183 0 976424
1786842996.447298 1313169 1071627 2850 1589 0 1309183 0 976424
1786842997.447247 1313169 1071627 2850 1589 0 1309183 0 976424
1786842998.447231 1313169 1071627 2850 1589 0 1309183 0 976424
1786842999.447200 1313169 1071627 2850 1589 0 1309183 0 976424
1786843000.447209 1313169 1071627 2850 1589 0 1309183 0 976424
1786843001.447353 1313169 1071627 2850 1589 0 1309183 0 976424
1786843002.447325 1313169 1071627 2850 1589 0 1309183 0 976424
1786843003.447243 1313169 1071627 2850 1589 0 1309183 0 976424
1786843004.447239 1313169 1071627 2850 1589 0 1309183 0 976424
1786843005.447262 1313169 1071627 2850 1589 0 1309183 0 976424
1786843006.447554 1313169 1071627 2850 1589 0 1309183 0 976424
1786843007.447236 1313169 1071627 2850 1589 0 1309183 0 976424
1786843008.447213 1313169 1071627 2850 1589 0 1309183 0 976424
1786843009.447229 1313169 1071627 2850 1589 0 1309183 0 976424
1786843010.447186 1313169 1071627 2850 1589 0 1309183 0 976424
1786843011.447221 1313169 1071627 2850 1589 0 1309183 0 976424
1786843012.447201 1313169 1071627 2850 1589 0 1309183 0 976424
1786843013.447236 1313169 1071627 2850 1589 0 1309183 0 976424
1786843014.447529 1313169 1071627 2850 1589 0 1309183 0 976424
1786843015.447232 1313169 1071627 2850 1589 0 1309183 0 976424
1786843016.447322 1313169 1071627 2850 1589 0 1309183 0 976424
1786843017.447285 1313169 1071627 2850 1589 0 1309183 0 976424
1786843018.447363 1313169 1071627 2850 1589 0 1309183 0 976424
1786843019.447253 1313169 1071627 2850 1589 0 1309183 0 976424
1786843020.447249 1313169 1071627 2850 1589 0 1309183 0 976424
1786843021.447284 1313169 1071627 2850 1589 0 1309183 0 976424
1786843022.447493 1313169 1071627 2850 1589 0 1309183 0 976424
1786843023.447325 1313169 1071627 2850 1589 0 1309183 0 976424
1786843024.447221 1313169 1071627 2850 1589 0 1309183 0 976424
1786843025.447234 1313169 1071627 2850 1589 0 1309183 0 976424
1786843026.447285 1313169 1071627 2850 1589 0 1309183 0 976424
1786843027.447246 1313169 1071627 2850 1589 0 1309183 0 976424
1786843028.447265 1313169 1071627 2850 1589 0 1309183 0 976424
1786843029.447251 1313169 1071627 2850 1589 0 1309183 0 976424
1786843030.447244 1313169 1071627 2850 1589 0 1309183 0 976424
1786843031.447390 1313169 1071627 2850 1589 0 1309183 0 976424
1786843032.447189 1313169 1071627 2850 1589 0 1309183 0 976424
1786843033.447242 1313169 1071627 2850 1589 0 1309183 0 976424
1786843034.447182 1313169 1071627 2850 1589 0 1309183 0 976424
1786843035.447236 1313169 1071627 2850 1589 0 1309183 0 976424
1786843036.447202 1313169 1071627 2850 1589 0 1309183 0 976424
1786843037.447280 1313169 1071627 2850 1589 0 1309183 0 976424
1786843038.447231 1313169 1071627 2850 1589 0 1309183 0 976424
1786843039.447216 1313169 1071627 2850 1589 0 1309183 0 976424
1786843040.447199 1313169 1071627 2850 1589 0 1309183 0 976424
1786843041.447207 1313169 1071627 2850 1589 0 1309183 0 976424
1786843042.447437 1313169 1071627 2850 1589 0 1309183 0 976424
1786843043.447255 1313169 1071627 2850 1589 0 1309183 0 976424
1786843044.447296 1313169 1071627 2850 1589 0 1309183 0 976424
1786843045.447217 1313169 1071627 2850 1589 0 1309183 0 976424
1786843046.447203 1313169 1071627 2850 1589 0 1309183 0 976424
1786843047.447245 1313169 1071627 2850 1589 0 1309183 0 976424
1786843048.447244 1313169 1071627 2850 1589 0 1309183 0 976424
1786843049.447178 1313169 1071627 2850 1589 0 1309183 0 976424
1786843050.447272 1313169 1071627 2850 1589 0 1309183 0 976424
1786843051.447181 1313169 1071627 2850 1589 0 1309183 0 976424
1786843052.447226 1313169 1071627 2850 1589 0 1309183 0 976424
1786843053.447284 1313169 1071627 2850 1589 0 1309183 0 976424
1786843054.447255 1313169 1071627 2850 1589 0 1309183 0 976424
1786843055.447286 1313169 1071627 2850 1589 0 1309183 0 976424
1786843056.447712 1313169 1071627 2850 1589 0 1309183 0 976424
1786843057.447283 1313169 1071627 2850 1589 0 1309183 0 976424
1786843058.447297 1313169 1071627 2850 1589 0 1309183 0 976424
1786843059.447363 1313169 1071627 2850 1589 0 1309183 0 976424
1786843060.447237 1313169 1071627 2850 1589 0 1309183 0 976424
1786843061.447317 1313169 1071627 2850 1589 0 1309183 0 976424
1786843062.447456 1313169 1071627 2850 1589 0 1309183 0 976424
1786843063.447254 1313169 1071627 2850 1589 0 1309183 0 976424
1786843064.447146 1313169 1071627 2850 1589 0 1309183 0 976424
1786843065.447118 1313169 1071627 2850 1589 0 1309183 0 976424
1786843066.447167 1313169 1071627 2850 1589 0 1309183 0 976424
1786843067.447148 1313169 1071627 2850 1589 0 1309183 0 976424
1786843068.447132 1313169 1071627 2850 1589 0 1309183 0 976424
1786843069.447153 1313169 1071627 2850 1589 0 1309183 0 976424
1786843070.447098 1313169 1071627 2850 1589 0 1309183 0 976424
1786843071.447169 1313169 1071627 2850 1589 0 1309183 0 976424
1786843072.447150 1313169 1071627 2850 1589 0 1309183 0 976424
1786843073.447155 1313169 1071627 2850 1589 0 1309183 0 976424
1786843074.447151 1313169 1071627 2850 1589 0 1309183 0 976424
1786843075.447136 1313169 1071627 2850 1589 0 1309183 0 976424
1786843076.447181 1313169 1071627 2850 1589 0 1309183 0 976424
1786843077.447173 1313169 1071627 2850 1589 0 1309183 0 976424
1786843078.447234 1313169 1071627 2850 1589 0 1309183 0 976424
1786843079.447204 1313169 1071627 2850 1589 0 1309183 0 976424
1786843080.447461 1313169 1071627 2850 1589 0 1309183 0 976424
1786843081.447161 1313169 1071627 2850 1589 0 1309183 0 976424
1786843082.447200 1313169 1071627 2850 1589 0 1309183 0 976424
1786843083.447214 1313169 1071627 2850 1589 0 1309183 0 976424
1786843084.447320 1313169 1071627 2850 1589 0 1309183 0 976424
1786843085.447183 1313169 1071627 2850 1589 0 1309183 0 976424
1786843086.447443 1313169 1071627 2850 1589 0 1309183 0 976424
1786843087.447172 1313169 1071627 2850 1589 0 1309183 0 976424
1786843088.447173 1313169 1071627 2850 1589 0 1309183 0 976424
1786843089.447356 1313169 1071627 2850 1589 0 1309183 0 976424
1786843090.447299 1313169 1071627 2850 1589 0 1309183 0 976424
1786843091.447226 1313169 1071627 2850 1589 0 1309183 0 976424
1786843092.447408 1313169 1071627 2850 1589 0 1309183 0 976424
1786843093.447263 1313169 1071627 2850 1589 0 1309183 0 976424
1786843094.447370 1313169 1071627 2850 1589 0 1309183 0 976424
1786843095.447189 1313169 1071627 2850 1589 0 1309183 0 976424
1786843096.447242 1313169 1071627 2850 1589 0 1309183 0 976424
1786843097.447249 1313169 1071627 2850 1589 0 1309183 0 976424
1786843098.447348 1313169 1071627 2850 1589 0 1309183 0 976424
1786843099.447303 1313169 1071627 2850 1589 0 1309183 0 976424
1786843100.447214 1313169 1071627 2850 1589 0 1309183 0 976424
1786843101.447296 1313169 1071627 2850 1589 0 1309183 0 976424
1786843102.447593 1313169 1071627 2850 1589 0 1309183 0 976424
1786843103.447524 1313169 1071627 2850 1589 0 1309183 0 976424
1786843104.447286 1313169 1071627 2850 1589 0 1309183 0 976424
1786843105.447333 1313169 1071627 2850 1589 0 1309183 0 976424
1786843106.447208 1313169 1071627 2850 1589 0 1309183 0 976424
1786843107.447306 1313169 1071627 2850 1589 0 1309183 0 976424
1786843108.447939 1313169 1071627 2850 1589 0 1309183 0 976424
1786843109.447494 1313169 1071627 2850 1589 0 1309183 0 976424
1786843110.447276 1313169 1071627 2850 1589 0 1309183 0 976424
1786843111.447314 1313169 1071627 2850 1589 0 1309183 0 976424
1786843112.447221 1313169 1071627 2850 1589 0 1309183 0 976424
1786843113.447186 1313169 1071627 2850 1589 0 1309183 0 976424
1786843114.447257 1313169 1071627 2850 1589 0 1309183 0 976424
1786843115.447317 1313169 1071627 2850 1589 0 1309183 0 976424
1786843116.447274 1313169 1071627 2850 1589 0 1309183 0 976424
1786843117.447286 1313169 1071627 2850 1589 0 1309183 0 976424
1786843118.447890 1313169 1071627 2850 1589 0 1309183 0 976424
1786843119.448272 1313169 1071627 2850 1589 0 1309183 0 976424
1786843120.447182 1313169 1071627 2850 1589 0 1309183 0 976424
1786843121.447219 1313169 1071627 2850 1589 0 1309183 0 976424
1786843122.447178 1313169 1071627 2850 1589 0 1309183 0 976424
1786843123.447392 1313169 1071627 2850 1589 0 1309183 0 976424
1786843124.447257 1313169 1071627 2850 1589 0 1309183 0 976424
1786843125.447250 1313169 1071627 2850 1589 0 1309183 0 976424
1786843126.447312 1313169 1071627 2850 1589 0 1309183 0 976424
1786843127.447261 1313169 1071627 2850 1589 0 1309183 0 976424
1786843128.447651 1313169 1071627 2850 1589 0 1309183 0 976424
1786843129.447298 1313169 1071627 2850 1589 0 1309183 0 976424
1786843130.447165 1313169 1071627 2850 1589 0 1309183 0 976424
1786843131.447210 1313169 1071627 2850 1589 0 1309183 0 976424
1786843132.447164 1313169 1071627 2850 1589 0 1309183 0 976424
1786843133.447339 1313169 1071627 2850 1589 0 1309183 0 976424
1786843134.447323 1313169 1071627 2850 1589 0 1309183 0 976424
1786843135.447287 1313169 1071627 2850 1589 0 1309183 0 976424
1786843136.447285 1313169 1071627 2850 1589 0 1309183 0 976424
1786843137.447432 1313169 1071627 2850 1589 0 1309183 0 976424
1786843138.447274 1313169 1071627 2850 1589 0 1309183 0 976424
1786843139.447332 1313169 1071627 2850 1589 0 1309183 0 976424
1786843140.447267 1313169 1071627 2850 1589 0 1309183 0 976424
1786843141.447313 1313169 1071627 2850 1589 0 1309183 0 976424
1786843142.447140 1313169 1071627 2850 1589 0 1309183 0 976424
1786843143.447144 1313169 1071627 2850 1589 0 1309183 0 976424
1786843144.447429 1313169 1071627 2850 1589 0 1309183 0 976424
1786843145.447135 1313169 1071627 2850 1589 0 1309183 0 976424
1786843146.447150 1313169 1071627 2850 1589 0 1309183 0 976424
1786843147.447426 1313169 1071627 2850 1589 0 1309183 0 976424
1786843148.447137 1313169 1071627 2850 1589 0 1309183 0 976424
1786843149.447146 1313169 1071627 2850 1589 0 1309183 0 976424
1786843150.447123 1313169 1071627 2850 1589 0 1309183 0 976424
1786843151.447216 1313169 1071627 2850 1589 0 1309183 0 976424
1786843152.447174 1313169 1071627 2850 1589 0 1309183 0 976424
1786843153.447376 1313169 1071627 2850 1589 0 1309183 0 976424
1786843154.447246 1313169 1071627 2850 1589 0 1309183 0 976424
1786843155.447201 1313169 1071627 2850 1589 0 1309183 0 976424
1786843156.447173 1313169 1071627 2850 1589 0 1309183 0 976424
1786843157.447268 1313169 1071627 2850 1589 0 1309183 0 976424
1786843158.447199 1313169 1071627 2850 1589 0 1309183 0 976424
1786843159.447353 1313169 1071627 2850 1589 0 1309183 0 976424
1786843160.447203 1313169 1071627 2850 1589 0 1309183 0 976424
1786843161.447205 1313169 1071627 2850 1589 0 1309183 0 976424
1786843162.447176 1313169 1071627 2850 1589 0 1309183 0 976424
1786843163.447141 1313169 1071627 2850 1589 0 1309183 0 976424
1786843164.447308 1313169 1071627 2850 1589 0 1309183 0 976424
1786843165.447242 1313169 1071627 2850 1589 0 1309183 0 976424
1786843166.447153 1313169 1071627 2850 1589 0 1309183 0 976424
1786843167.447232 1313169 1071627 2850 1589 0 1309183 0 976424
1786843168.447208 1313169 1071627 2850 1589 0 1309183 0 976424
1786843169.447204 1313169 1071627 2850 1589 0 1309183 0 976424
1786843170.447183 1313169 1071627 2850 1589 0 1309183 0 976424
1786843171.447201 1313169 1071627 2850 1589 0 1309183 0 976424
1786843172.447323 1313169 1071627 2850 1589 0 1309183 0 976424
1786843173.447287 1313169 1071627 2850 1589 0 1309183 0 976424
1786843174.447248 1313169 1071627 2850 1589 0 1309183 0 976424
1786843175.447213 1313169 1071627 2850 1589 0 1309183 0 976424
1786843176.447176 1313169 1071627 2850 1589 0 1309183 0 976424
1786843177.447468 1313169 1071627 2850 1589 0 1309183 0 976424
1786843178.447304 1313169 1071627 2850 1589 0 1309183 0 976424
1786843179.447259 1313169 1071627 2850 1589 0 1309183 0 976424
1786843180.447231 1313169 1071627 2850 1589 0 1309183 0 976424
1786843181.447225 1313169 1071627 2850 1589 0 1309183 0 976424
1786843182.447417 1313169 1071627 2850 1589 0 1309183 0 976424
1786843183.447346 1313169 1071627 2850 1589 0 1309183 0 976424
1786843184.447147 1313169 1071627 2850 1589 0 1309183 0 976424
1786843185.447124 1313169 1071627 2850 1589 0 1309183 0 976424
1786843186.447151 1313169 1071627 2850 1589 0 1309183 0 976424
1786843187.447137 1313169 1071627 2850 1589 0 1309183 0 976424
1786843188.447165 1313169 1071627 2850 1589 0 1309183 0 976424
1786843189.447138 1313169 1071627 2850 1589 0 1309183 0 976424
1786843190.447130 1313169 1071627 2850 1589 0 1309183 0 976424
1786843191.447374 1313169 1071627 2850 1589 0 1309183 0 976424
1786843192.447187 1313169 1071627 2850 1589 0 1309183 0 976424
1786843193.447241 1313169 1071627 2850 1589 0 1309183 0 976424
1786843194.447230 1313169 1071627 2850 1589 0 1309183 0 976424
1786843195.447265 1313169 1071627 2850 1589 0 1309183 0 976424
1786843196.447167 1313169 1071627 2850 1589 0 1309183 0 976424
1786843197.447127 1313169 1071627 2850 1589 0 1309183 0 976424
1786843198.447204 1313169 1071627 2850 1589 0 1309183 0 976424
1786843199.447142 1313169 1071627 2850 1589 0 1309183 0 976424
