# start_epoch=1786898783.744543  page_size=4096  cachestat=ok  fields=size,resident,shared,text,lib,data,dt,pagecache
1786898784.749693 73100 30544 2760 1589 0 69119 0 81634
1786898785.752332 73868 33055 2761 1589 0 69887 0 127361
1786898786.753213 73868 43085 2761 1589 0 69887 0 137529
1786898787.754275 73868 27119 2809 1589 0 69887 0 159778
1786898788.757223 74764 45952 2809 1589 0 70783 0 210126
1786898789.759116 74764 48180 2809 1589 0 70783 0 240659
1786898790.761438 74764 42715 2809 1589 0 70783 0 279671
1786898791.762796 74764 32328 2809 1589 0 70783 0 300737
1786898792.758830 75660 30148 2809 1589 0 71679 0 319376
1786898793.767061 76684 44521 2809 1589 0 72703 0 375890
1786898794.768784 76684 49072 2809 1589 0 72703 0 405972
1786898795.770112 76684 41270 2809 1589 0 72703 0 426298
1786898796.770109 76684 32716 2809 1589 0 72703 0 441127
1786898797.771214 76684 47807 2809 1589 0 72703 0 473539
1786898798.778206 76684 41189 2809 1589 0 72703 0 513180
1786898799.779417 76684 40905 2809 1589 0 72703 0 530250
1786898800.776142 76684 35743 2809 1589 0 72703 0 527251
1786898801.784324 77964 46374 2809 1589 0 73983 0 576419
1786898802.779916 77964 48859 2809 1589 0 73983 0 590234
1786898803.781218 77964 45248 2809 1589 0 73983 0 609609
1786898804.781227 77964 48696 2809 1589 0 73983 0 612910
1786898805.783213 77964 45423 2809 1589 0 73983 0 644082
1786898806.783705 78988 49960 2809 1589 0 75007 0 652210
1786898807.785206 80524 45531 2809 1589 0 76543 0 678299
1786898808.786377 80524 50520 2809 1589 0 76543 0 697929
1786898809.785664 80524 44765 2809 1589 0 76543 0 699015
1786898810.788905 80524 51031 2809 1589 0 76543 0 732400
1786898811.788936 80524 50740 2809 1589 0 76543 0 740529
1786898812.790474 80524 53462 2809 1589 0 76543 0 766872
1786898813.791598 82316 53585 2809 1589 0 78335 0 786248
1786898814.792152 82316 53522 2809 1589 0 78335 0 793863
1786898815.793907 82316 53572 2809 1589 0 78335 0 820718
1786898816.794410 82316 54243 2809 1589 0 78335 0 828334
1786898817.795173 82316 54226 2809 1589 0 78335 0 854678
1786898818.797175 82316 54223 2809 1589 0 78335 0 875076
1786898819.797523 82316 54632 2809 1589 0 78335 0 882692
1786898820.799118 82316 54824 2809 1589 0 78335 0 909548
1786898821.799628 84364 55194 2809 1589 0 80383 0 916653
1786898822.799340 84364 54682 2809 1589 0 80383 0 931290
1786898823.788529 88461 30695 2809 1589 0 84479 0 914063
1786898824.784952 88461 31207 2809 1589 0 84479 0 914063
1786898825.785062 88461 31670 2809 1589 0 84479 0 914064
1786898826.782743 88461 31994 2809 1589 0 84479 0 864359
1786898827.782925 91021 32365 2809 1589 0 87039 0 864360
1786898828.782971 91021 32512 2809 1589 0 87039 0 864360
1786898829.782708 91021 32355 2809 1589 0 87039 0 864360
1786898830.782994 91021 32503 2809 1589 0 87039 0 864361
1786898831.783017 91021 32503 2809 1589 0 87039 0 864362
1786898832.783139 91021 32503 2809 1589 0 87039 0 864363
1786898833.787265 91021 32182 2809 1589 0 87039 0 864363
1786898834.782915 91021 32374 2809 1589 0 87039 0 864363
1786898835.782995 91021 32860 2809 1589 0 87039 0 864351
1786898836.783083 91021 32874 2809 1589 0 87039 0 864352
1786898837.783051 91021 32874 2809 1589 0 87039 0 864353
1786898838.782685 91021 32874 2809 1589 0 87039 0 864353
1786898839.782727 91021 32874 2809 1589 0 87039 0 864353
1786898840.782964 91021 32198 2809 1589 0 87039 0 864354
1786898841.782834 91021 32255 2809 1589 0 87039 0 864355
1786898842.783079 91021 32255 2809 1589 0 87039 0 864356
1786898843.782798 91021 32255 2809 1589 0 87039 0 864356
1786898844.782580 91021 32704 2809 1589 0 87039 0 864344
1786898845.782794 91021 32704 2809 1589 0 87039 0 864344
1786898846.782659 91021 32504 2809 1589 0 87039 0 864345
1786898847.782748 91021 32504 2809 1589 0 87039 0 864346
1786898848.782926 91021 32504 2809 1589 0 87039 0 864346
1786898849.782038 91021 32265 2809 1589 0 87039 0 846915
1786898850.782682 91021 32276 2809 1589 0 87039 0 864347
1786898851.782695 91021 32078 2809 1589 0 87039 0 864348
1786898852.782643 91021 32325 2809 1589 0 87039 0 864349
1786898853.782784 91021 32326 2809 1589 0 87039 0 864349
1786898854.783653 91021 32988 2809 1589 0 87039 0 864339
1786898855.782570 91021 32988 2809 1589 0 87039 0 864339
1786898856.782567 91021 33263 2809 1589 0 87039 0 864340
1786898857.782688 91021 33263 2809 1589 0 87039 0 864341
1786898858.782547 91021 33263 2809 1589 0 87039 0 864341
1786898859.782678 91021 33266 2809 1589 0 87039 0 864342
1786898860.782767 91021 33266 2809 1589 0 87039 0 864342
1786898861.781905 142734 95713 2825 1589 0 138751 0 846308
1786898862.781954 270222 205281 2825 1589 0 266239 0 846308
1786898863.781846 363406 315361 2825 1589 0 359423 0 846308
1786898864.781790 489870 425953 2825 1589 0 485887 0 846308
1786898865.781834 577934 536545 2825 1589 0 573951 0 846308
1786898866.781732 790926 645089 2825 1589 0 786943 0 846308
1786898867.781935 796046 754657 2825 1589 0 792063 0 846308
1786898868.781887 933262 864225 2825 1589 0 929279 0 846308
1786898869.781990 1097102 974817 2825 1589 0 1093119 0 846308
1786898870.781839 1300878 1084385 2825 1589 0 1296895 0 846308
1786898871.781901 1300878 1189857 2825 1589 0 1296895 0 846308
1786898872.781927 1541006 1300961 2825 1589 0 1537023 0 846308
1786898873.781892 1541006 1405149 2825 1589 0 1537023 0 846308
1786898874.781798 1541006 1497035 2825 1589 0 1537023 0 846308
1786898875.781910 1813390 1588267 3002 1589 0 1809407 0 846308
1786898876.783037 1813390 1678570 3002 1589 0 1809407 0 846308
1786898877.781733 1817487 1686971 3002 1589 0 1813503 0 846308
1786898878.781777 1817487 1686971 3002 1589 0 1813503 0 846308
1786898879.781749 1817487 1686971 3002 1589 0 1813503 0 846308
1786898880.781883 1817487 1686971 3002 1589 0 1813503 0 846308
1786898881.781998 1817487 1686971 3002 1589 0 1813503 0 846308
1786898882.782035 1817487 1686971 3002 1589 0 1813503 0 846308
1786898883.781805 1817487 1686971 3002 1589 0 1813503 0 846308
1786898884.781812 1817487 1686971 3002 1589 0 1813503 0 846308
1786898885.781849 1817487 1686971 3002 1589 0 1813503 0 846308
1786898886.781781 1821584 1686975 3002 1589 0 1817599 0 846308
1786898887.781704 1821584 1686975 3002 1589 0 1817599 0 846308
1786898888.781797 1821584 1686975 3002 1589 0 1817599 0 846308
1786898889.781840 1821584 1686975 3002 1589 0 1817599 0 846308
1786898890.781900 1821584 1686975 3002 1589 0 1817599 0 846308
1786898891.781794 1821584 1686975 3002 1589 0 1817599 0 846308
1786898892.781797 1821584 1686975 3002 1589 0 1817599 0 846308
1786898893.781728 1821584 1686975 3002 1589 0 1817599 0 846308
1786898894.781642 1821584 1686975 3002 1589 0 1817599 0 846308
1786898895.781678 1825681 1686975 3002 1589 0 1821695 0 846308
1786898896.781852 1825681 1686975 3002 1589 0 1821695 0 846308
1786898897.781715 1825681 1686975 3002 1589 0 1821695 0 846308
1786898898.781677 1825681 1686975 3002 1589 0 1821695 0 846308
1786898899.781811 1825681 1686975 3002 1589 0 1821695 0 846308
1786898900.781627 1825681 1686975 3002 1589 0 1821695 0 846308
1786898901.781686 1825681 1686975 3002 1589 0 1821695 0 846308
1786898902.781742 1825681 1686975 3002 1589 0 1821695 0 846308
1786898903.781572 1825681 1686975 3002 1589 0 1821695 0 846308
1786898904.781853 1825681 1686975 3002 1589 0 1821695 0 846308
1786898905.781514 1825681 1686975 3002 1589 0 1821695 0 846308
1786898906.781721 1825681 1686975 3002 1589 0 1821695 0 846308
1786898907.781699 1825681 1686975 3002 1589 0 1821695 0 846308
1786898908.781619 1825681 1686975 3002 1589 0 1821695 0 846308
1786898909.781884 1825681 1686975 3002 1589 0 1821695 0 846308
1786898910.782416 1825681 1686975 3002 1589 0 1821695 0 846308
1786898911.781945 1825681 1686975 3002 1589 0 1821695 0 846308
1786898912.781794 1825681 1686975 3002 1589 0 1821695 0 846308
1786898913.782027 1825681 1686975 3002 1589 0 1821695 0 846308
1786898914.782063 1825681 1686975 3002 1589 0 1821695 0 846308
1786898915.781738 1825681 1686975 3002 1589 0 1821695 0 846308
1786898916.784142 1825681 1686975 3002 1589 0 1821695 0 846308
1786898917.781748 1825681 1686975 3002 1589 0 1821695 0 846308
1786898918.781903 1825681 1686975 3002 1589 0 1821695 0 846308
1786898919.781987 1825681 1686975 3002 1589 0 1821695 0 846308
1786898920.782064 1825681 1686975 3002 1589 0 1821695 0 846308
1786898921.781994 1825681 1686975 3002 1589 0 1821695 0 846308
1786898922.781982 1825681 1686975 3002 1589 0 1821695 0 846308
1786898923.782038 1825681 1686975 3002 1589 0 1821695 0 846308
1786898924.781969 1825681 1686975 3002 1589 0 1821695 0 846308
1786898925.782248 1825681 1686975 3002 1589 0 1821695 0 846308
1786898926.783743 1825681 1686975 3002 1589 0 1821695 0 846308
1786898927.782313 1825681 1686975 3002 1589 0 1821695 0 846308
1786898928.782238 1825681 1686975 3002 1589 0 1821695 0 846308
1786898929.782294 1825681 1686975 3002 1589 0 1821695 0 846308
1786898930.782011 1825681 1686975 3002 1589 0 1821695 0 846308
1786898931.782142 1825681 1686975 3002 1589 0 1821695 0 846308
1786898932.782007 1825681 1686975 3002 1589 0 1821695 0 846308
1786898933.782119 1825681 1686975 3002 1589 0 1821695 0 846308
1786898934.782217 1825681 1686975 3002 1589 0 1821695 0 846308
1786898935.782198 1825681 1686975 3002 1589 0 1821695 0 846308
1786898936.784283 1825681 1686975 3002 1589 0 1821695 0 846308
1786898937.782153 1825681 1686975 3002 1589 0 1821695 0 846308
1786898938.782223 1825681 1686975 3002 1589 0 1821695 0 846308
1786898939.782097 1825681 1686975 3002 1589 0 1821695 0 846308
1786898940.782058 1825681 1686975 3002 1589 0 1821695 0 846308
1786898941.783117 1825681 1686975 3002 1589 0 1821695 0 846308
1786898942.782391 1825681 1686975 3002 1589 0 1821695 0 846308
1786898943.782115 1825681 1686975 3002 1589 0 1821695 0 846308
1786898944.782149 1825681 1686975 3002 1589 0 1821695 0 846308
1786898945.782156 1825681 1686975 3002 1589 0 1821695 0 846308
1786898946.784384 1825681 1686975 3002 1589 0 1821695 0 846308
1786898947.782154 1825681 1686975 3002 1589 0 1821695 0 846308
1786898948.782242 1825681 1686975 3002 1589 0 1821695 0 846308
1786898949.782213 1825681 1686975 3002 1589 0 1821695 0 846308
1786898950.782303 1825681 1686975 3002 1589 0 1821695 0 846308
1786898951.782206 1825681 1686975 3002 1589 0 1821695 0 846308
1786898952.782275 1825681 1686975 3002 1589 0 1821695 0 846308
1786898953.782109 1825681 1686975 3002 1589 0 1821695 0 846308
1786898954.781875 1825681 1686975 3002 1589 0 1821695 0 846308
1786898955.781998 1825681 1686975 3002 1589 0 1821695 0 846308
1786898956.781880 1825681 1686975 3002 1589 0 1821695 0 846308
1786898957.782113 1825681 1686975 3002 1589 0 1821695 0 846308
1786898958.782091 1825681 1686975 3002 1589 0 1821695 0 846308
1786898959.781986 1825681 1686975 3002 1589 0 1821695 0 846308
1786898960.781917 1825681 1686975 3002 1589 0 1821695 0 846308
1786898961.781895 1825681 1686975 3002 1589 0 1821695 0 846308
1786898962.781846 1825681 1686975 3002 1589 0 1821695 0 846308
1786898963.781909 1825681 1686975 3002 1589 0 1821695 0 846308
1786898964.781945 1825681 1686975 3002 1589 0 1821695 0 846308
1786898965.782125 1825681 1686975 3002 1589 0 1821695 0 846308
1786898966.781981 1825681 1686975 3002 1589 0 1821695 0 846308
1786898967.782026 1825681 1686975 3002 1589 0 1821695 0 846308
1786898968.782027 1825681 1686975 3002 1589 0 1821695 0 846308
1786898969.781947 1825681 1686975 3002 1589 0 1821695 0 846308
1786898970.782027 1825681 1686975 3002 1589 0 1821695 0 846308
1786898971.781841 1825681 1686975 3002 1589 0 1821695 0 846308
1786898972.782136 1825681 1686975 3002 1589 0 1821695 0 846308
1786898973.781944 1825681 1686975 3002 1589 0 1821695 0 846308
1786898974.781952 1825681 1686975 3002 1589 0 1821695 0 846308
1786898975.781810 1825681 1686975 3002 1589 0 1821695 0 846308
1786898976.782109 1825681 1686975 3002 1589 0 1821695 0 846308
1786898977.781894 1825681 1686975 3002 1589 0 1821695 0 846308
1786898978.781962 1825681 1686975 3002 1589 0 1821695 0 846308
1786898979.782129 1825681 1686975 3002 1589 0 1821695 0 846308
1786898980.782069 1825681 1686975 3002 1589 0 1821695 0 846308
1786898981.782221 1825681 1686975 3002 1589 0 1821695 0 846308
1786898982.781935 1825681 1686975 3002 1589 0 1821695 0 846308
1786898983.781906 1825681 1686975 3002 1589 0 1821695 0 846308
1786898984.781877 1825681 1686975 3002 1589 0 1821695 0 846308
1786898985.781988 1825681 1686975 3002 1589 0 1821695 0 846308
1786898986.781778 1825681 1686975 3002 1589 0 1821695 0 846308
1786898987.781968 1825681 1686975 3002 1589 0 1821695 0 846308
1786898988.781986 1825681 1686975 3002 1589 0 1821695 0 846308
1786898989.781913 1825681 1686975 3002 1589 0 1821695 0 846308
1786898990.782054 1825681 1686975 3002 1589 0 1821695 0 846308
1786898991.782050 1825681 1686975 3002 1589 0 1821695 0 846308
1786898992.782022 1825681 1686975 3002 1589 0 1821695 0 846308
1786898993.781995 1825681 1686975 3002 1589 0 1821695 0 846308
1786898994.781883 1825681 1686975 3002 1589 0 1821695 0 846308
1786898995.782008 1825681 1686975 3002 1589 0 1821695 0 846308
1786898996.781979 1825681 1686975 3002 1589 0 1821695 0 846308
1786898997.782075 1825681 1686975 3002 1589 0 1821695 0 846308
1786898998.781892 1825681 1686975 3002 1589 0 1821695 0 846308
1786898999.781932 1825681 1686975 3002 1589 0 1821695 0 846308
1786899000.781817 1825681 1686975 3002 1589 0 1821695 0 846308
1786899001.781978 1825681 1686975 3002 1589 0 1821695 0 846308
1786899002.782015 1825681 1686975 3002 1589 0 1821695 0 846308
1786899003.782082 1825681 1686975 3002 1589 0 1821695 0 846308
1786899004.781967 1825681 1686975 3002 1589 0 1821695 0 846308
1786899005.781937 1825681 1686975 3002 1589 0 1821695 0 846308
1786899006.782058 1825681 1686975 3002 1589 0 1821695 0 846308
1786899007.781944 1825681 1686975 3002 1589 0 1821695 0 846308
1786899008.781905 1825681 1686975 3002 1589 0 1821695 0 846308
1786899009.781929 1825681 1686975 3002 1589 0 1821695 0 846308
1786899010.781940 1825681 1686975 3002 1589 0 1821695 0 846308
1786899011.781968 1825681 1686975 3002 1589 0 1821695 0 846308
1786899012.781643 1825681 1686988 3002 1589 0 1821695 0 846308
1786899013.781701 1825681 1686988 3002 1589 0 1821695 0 846308
1786899014.781644 1825681 1686988 3002 1589 0 1821695 0 846308
1786899015.781662 1825681 1686988 3002 1589 0 1821695 0 846308
1786899016.781798 1825681 1686988 3002 1589 0 1821695 0 846308
1786899017.781649 1825681 1686988 3002 1589 0 1821695 0 846308
1786899018.781932 1825681 1686988 3002 1589 0 1821695 0 846308
1786899019.781834 1825681 1686988 3002 1589 0 1821695 0 846308
1786899020.781852 1825681 1686988 3002 1589 0 1821695 0 846308
1786899021.781887 1825681 1686988 3002 1589 0 1821695 0 846308
1786899022.781883 1825681 1687499 3002 1589 0 1821695 0 846308
1786899023.781859 1825681 1687499 3002 1589 0 1821695 0 846308
1786899024.781910 1825681 1687499 3002 1589 0 1821695 0 846308
1786899025.781700 1825681 1687499 3002 1589 0 1821695 0 846308
1786899026.781684 1825681 1687499 3002 1589 0 1821695 0 846308
1786899027.781886 1825681 1687499 3002 1589 0 1821695 0 846308
1786899028.781834 1825681 1687499 3002 1589 0 1821695 0 846308
1786899029.781711 1825681 1687499 3002 1589 0 1821695 0 846308
1786899030.781693 1825681 1687499 3002 1589 0 1821695 0 846308
1786899031.781768 1825681 1687499 3002 1589 0 1821695 0 846308
1786899032.781722 1825681 1687703 3002 1589 0 1821695 0 846308
1786899033.781926 1825681 1687703 3002 1589 0 1821695 0 846308
1786899034.782033 1825681 1687703 3002 1589 0 1821695 0 846308
1786899035.781971 1825681 1687703 3002 1589 0 1821695 0 846308
1786899036.781783 1825681 1687703 3002 1589 0 1821695 0 846308
1786899037.781793 1825681 1687703 3002 1589 0 1821695 0 846308
1786899038.781837 1825681 1687703 3002 1589 0 1821695 0 846308
1786899039.781767 1825681 1687703 3002 1589 0 1821695 0 846308
1786899040.781794 1825681 1687703 3002 1589 0 1821695 0 846308
1786899041.781747 1825681 1687703 3002 1589 0 1821695 0 846308
1786899042.781801 1825681 1687703 3002 1589 0 1821695 0 846308
1786899043.781686 1825681 1687703 3002 1589 0 1821695 0 846308
1786899044.781843 1825681 1687703 3002 1589 0 1821695 0 846308
1786899045.781761 1825681 1687703 3002 1589 0 1821695 0 846308
1786899046.781840 1825681 1687703 3002 1589 0 1821695 0 846308
1786899047.781758 1825681 1687703 3002 1589 0 1821695 0 846308
1786899048.781956 1825681 1687703 3002 1589 0 1821695 0 846308
1786899049.781956 1825681 1687703 3002 1589 0 1821695 0 846308
1786899050.781910 1825681 1687703 3002 1589 0 1821695 0 846308
1786899051.781767 1825681 1687703 3002 1589 0 1821695 0 846308
1786899052.790605 1825681 1687703 3002 1589 0 1821695 0 846308
1786899053.781595 1825681 1687703 3002 1589 0 1821695 0 846308
1786899054.781993 1825681 1687703 3002 1589 0 1821695 0 846308
1786899055.781832 1825681 1687703 3002 1589 0 1821695 0 846308
1786899056.781961 1825681 1687703 3002 1589 0 1821695 0 846308
1786899057.781706 1825681 1687703 3002 1589 0 1821695 0 846308
1786899058.781682 1825681 1687703 3002 1589 0 1821695 0 846308
1786899059.781880 1825681 1687703 3002 1589 0 1821695 0 846308
1786899060.781698 1825681 1687703 3002 1589 0 1821695 0 846308
1786899061.782008 1825681 1687703 3002 1589 0 1821695 0 846308
1786899062.781716 1825681 1687703 3002 1589 0 1821695 0 846308
1786899063.781942 1825681 1687703 3002 1589 0 1821695 0 846308
1786899064.781924 1825681 1687703 3002 1589 0 1821695 0 846308
1786899065.781956 1825681 1687703 3002 1589 0 1821695 0 846308
1786899066.781910 1825681 1687703 3002 1589 0 1821695 0 846308
1786899067.781794 1825681 1687703 3002 1589 0 1821695 0 846308
1786899068.781787 1825681 1687703 3002 1589 0 1821695 0 846308
1786899069.781785 1825681 1687703 3002 1589 0 1821695 0 846308
1786899070.781643 1825681 1687703 3002 1589 0 1821695 0 846308
1786899071.781690 1825681 1687703 3002 1589 0 1821695 0 846308
1786899072.781973 1825681 1687703 3002 1589 0 1821695 0 846308
1786899073.781677 1825681 1687703 3002 1589 0 1821695 0 846308
1786899074.781800 1825681 1687703 3002 1589 0 1821695 0 846308
1786899075.781801 1825681 1687703 3002 1589 0 1821695 0 846308
1786899076.781669 1825681 1687703 3002 1589 0 1821695 0 846308
1786899077.781782 1825681 1687703 3002 1589 0 1821695 0 846308
1786899078.781644 1825681 1687703 3002 1589 0 1821695 0 846308
1786899079.781650 1825681 1687703 3002 1589 0 1821695 0 846308
1786899080.781658 1825681 1687703 3002 1589 0 1821695 0 846308
1786899081.781701 1825681 1687703 3002 1589 0 1821695 0 846308
1786899082.781867 1825681 1687703 3002 1589 0 1821695 0 846308
1786899083.781737 1825681 1687703 3002 1589 0 1821695 0 846308
1786899084.781778 1825681 1687703 3002 1589 0 1821695 0 846308
1786899085.781616 1825681 1687703 3002 1589 0 1821695 0 846308
1786899086.781754 1825681 1687703 3002 1589 0 1821695 0 846308
1786899087.781668 1825681 1687703 3002 1589 0 1821695 0 846308
1786899088.781963 1825681 1687703 3002 1589 0 1821695 0 846308
1786899089.781843 1825681 1687703 3002 1589 0 1821695 0 846308
1786899090.781706 1825681 1687703 3002 1589 0 1821695 0 846308
1786899091.781647 1825681 1687703 3002 1589 0 1821695 0 846308
1786899092.781813 1825681 1687703 3002 1589 0 1821695 0 846308
1786899093.781661 1825681 1687703 3002 1589 0 1821695 0 846308
1786899094.781874 1825681 1687703 3002 1589 0 1821695 0 846308
1786899095.781889 1825681 1687703 3002 1589 0 1821695 0 846308
1786899096.781648 1825681 1687703 3002 1589 0 1821695 0 846308
1786899097.781835 1825681 1687703 3002 1589 0 1821695 0 846308
1786899098.781594 1825681 1687703 3002 1589 0 1821695 0 846308
1786899099.781629 1825681 1687703 3002 1589 0 1821695 0 846308
1786899100.781703 1825681 1687703 3002 1589 0 1821695 0 846308
1786899101.781951 1825681 1687703 3002 1589 0 1821695 0 846308
1786899102.782024 1825681 1687703 3002 1589 0 1821695 0 846308
1786899103.781692 1825681 1687703 3002 1589 0 1821695 0 846308
1786899104.781850 1825681 1687703 3002 1589 0 1821695 0 846308
1786899105.781757 1825681 1687703 3002 1589 0 1821695 0 846308
1786899106.781665 1825681 1687703 3002 1589 0 1821695 0 846308
1786899107.781653 1825681 1687703 3002 1589 0 1821695 0 846308
1786899108.781618 1825681 1687703 3002 1589 0 1821695 0 846308
1786899109.781878 1825681 1687703 3002 1589 0 1821695 0 846308
1786899110.781774 1825681 1687703 3002 1589 0 1821695 0 846308
1786899111.781881 1825681 1687703 3002 1589 0 1821695 0 846308
1786899112.781910 1825681 1687703 3002 1589 0 1821695 0 846308
1786899113.781979 1825681 1687703 3002 1589 0 1821695 0 846308
1786899114.781947 1825681 1687703 3002 1589 0 1821695 0 846308
1786899115.781819 1825681 1687703 3002 1589 0 1821695 0 846308
1786899116.781989 1825681 1687703 3002 1589 0 1821695 0 846308
1786899117.781816 1825681 1687703 3002 1589 0 1821695 0 846308
1786899118.781713 1825681 1687703 3002 1589 0 1821695 0 846308
1786899119.781915 1825681 1687703 3002 1589 0 1821695 0 846308
1786899120.781719 1825681 1687703 3002 1589 0 1821695 0 846308
1786899121.781909 1825681 1687703 3002 1589 0 1821695 0 846308
1786899122.781867 1825681 1687703 3002 1589 0 1821695 0 846308
1786899123.781918 1825681 1687703 3002 1589 0 1821695 0 846308
1786899124.781915 1825681 1687703 3002 1589 0 1821695 0 846308
1786899125.781952 1825681 1687703 3002 1589 0 1821695 0 846308
1786899126.781725 1825681 1687703 3002 1589 0 1821695 0 846308
1786899127.781798 1825681 1687703 3002 1589 0 1821695 0 846308
1786899128.781941 1825681 1687703 3002 1589 0 1821695 0 846308
1786899129.781767 1825681 1687703 3002 1589 0 1821695 0 846308
1786899130.781847 1825681 1687703 3002 1589 0 1821695 0 846308
1786899131.781949 1825681 1687703 3002 1589 0 1821695 0 846308
1786899132.781780 1825681 1687703 3002 1589 0 1821695 0 846308
1786899133.781888 1825681 1687703 3002 1589 0 1821695 0 846308
1786899134.781793 1825681 1687703 3002 1589 0 1821695 0 846308
1786899135.781861 1825681 1687703 3002 1589 0 1821695 0 846308
1786899136.781722 1825681 1687703 3002 1589 0 1821695 0 846308
1786899137.781751 1825681 1687703 3002 1589 0 1821695 0 846308
1786899138.781875 1825681 1687703 3002 1589 0 1821695 0 846308
1786899139.781913 1825681 1687703 3002 1589 0 1821695 0 846308
1786899140.781942 1825681 1687703 3002 1589 0 1821695 0 846308
1786899141.781804 1825681 1687703 3002 1589 0 1821695 0 846308
1786899142.781726 1825681 1687703 3002 1589 0 1821695 0 846308
1786899143.781764 1825681 1687703 3002 1589 0 1821695 0 846308
1786899144.781976 1825681 1687703 3002 1589 0 1821695 0 846308
1786899145.781982 1825681 1687703 3002 1589 0 1821695 0 846308
1786899146.782283 1825681 1687703 3002 1589 0 1821695 0 846308
1786899147.781957 1825681 1687703 3002 1589 0 1821695 0 846308
1786899148.782143 1825681 1687703 3002 1589 0 1821695 0 846308
1786899149.781858 1825681 1687703 3002 1589 0 1821695 0 846308
1786899150.781915 1825681 1687703 3002 1589 0 1821695 0 846308
1786899151.781797 1825681 1687703 3002 1589 0 1821695 0 846308
1786899152.781856 1825681 1687703 3002 1589 0 1821695 0 846308
1786899153.782044 1825681 1687703 3002 1589 0 1821695 0 846308
1786899154.782008 1825681 1687703 3002 1589 0 1821695 0 846308
1786899155.781869 1825681 1687703 3002 1589 0 1821695 0 846308
1786899156.782034 1825681 1687703 3002 1589 0 1821695 0 846308
1786899157.781923 1825681 1687703 3002 1589 0 1821695 0 846308
1786899158.782004 1825681 1687703 3002 1589 0 1821695 0 846308
1786899159.781740 1825681 1687703 3002 1589 0 1821695 0 846308
1786899160.781762 1825681 1687703 3002 1589 0 1821695 0 846308
1786899161.781757 1825681 1687703 3002 1589 0 1821695 0 846308
1786899162.781733 1825681 1687703 3002 1589 0 1821695 0 846308
1786899163.781703 1825681 1687703 3002 1589 0 1821695 0 846308
1786899164.781791 1825681 1687703 3002 1589 0 1821695 0 846308
1786899165.781697 1825681 1687703 3002 1589 0 1821695 0 846308
1786899166.781868 1825681 1687703 3002 1589 0 1821695 0 846308
1786899167.781869 1825681 1687703 3002 1589 0 1821695 0 846308
1786899168.782248 1825681 1687703 3002 1589 0 1821695 0 846308
1786899169.782171 1825681 1687703 3002 1589 0 1821695 0 846308
1786899170.782022 1825681 1687703 3002 1589 0 1821695 0 846308
1786899171.781944 1825681 1687703 3002 1589 0 1821695 0 846308
1786899172.783457 1825681 1687703 3002 1589 0 1821695 0 846308
1786899173.782041 1825681 1687703 3002 1589 0 1821695 0 846308
1786899174.781891 1825681 1687703 3002 1589 0 1821695 0 846308
1786899175.781807 1825681 1687703 3002 1589 0 1821695 0 846308
1786899176.782132 1825681 1687703 3002 1589 0 1821695 0 846308
1786899177.781848 1825681 1687703 3002 1589 0 1821695 0 846308
1786899178.782158 1825681 1687703 3002 1589 0 1821695 0 846308
1786899179.781903 1825681 1687703 3002 1589 0 1821695 0 846308
1786899180.781907 1825681 1687703 3002 1589 0 1821695 0 846308
1786899181.782056 1825681 1687703 3002 1589 0 1821695 0 846308
1786899182.781840 1825681 1687703 3002 1589 0 1821695 0 846308
1786899183.781935 1825681 1687703 3002 1589 0 1821695 0 846308
1786899184.782013 1825681 1687703 3002 1589 0 1821695 0 846308
1786899185.781766 1825681 1687703 3002 1589 0 1821695 0 846308
1786899186.781858 1825681 1687703 3002 1589 0 1821695 0 846308
1786899187.781987 1825681 1687703 3002 1589 0 1821695 0 846308
1786899188.782080 1825681 1687703 3002 1589 0 1821695 0 846308
1786899189.781891 1825681 1687703 3002 1589 0 1821695 0 846308
