# start_epoch=1791292772.555452  page_size=4096  cachestat=ok  fields=size,resident,shared,text,lib,data,dt,pagecache
1791292773.555923 443041 29477 3153 2188 0 438348 0 19056
1791292774.556234 452904 30723 3336 2188 0 448204 0 31244
1791292775.556405 453672 35595 3336 2188 0 448972 0 43433
1791292776.556589 453672 33599 3336 2188 0 448972 0 55622
1791292777.557253 454319 31221 3444 2188 0 449612 0 85852
1791292778.557035 454319 31908 3444 2188 0 449612 0 85853
1791292779.556864 454319 33395 3445 2188 0 449612 0 78754
1791292780.557077 454319 32099 3445 2188 0 449612 0 90942
1791292781.558135 454319 36989 3445 2188 0 449612 0 118181
1791292782.557606 454319 34413 3445 2188 0 449612 0 103128
1791292783.560252 455087 34910 3445 2188 0 450380 0 133340
1791292784.557930 455087 35032 3445 2188 0 450380 0 145529
1791292785.558267 455087 35017 3445 2188 0 450380 0 157717
1791292786.558492 455087 34770 3445 2188 0 450380 0 154811
1791292787.557917 455087 36057 3445 2188 0 450380 0 147697
1791292788.558760 455087 33967 3445 2188 0 450380 0 195932
1791292789.558955 455983 37645 3445 2188 0 451276 0 208121
1791292790.560900 455983 37644 3445 2188 0 451276 0 296942
1791292791.558584 455983 34610 3445 2188 0 451276 0 179339
1791292792.558702 455983 36542 3445 2188 0 451276 0 191526
1791292793.559497 455983 34543 3445 2188 0 451276 0 239755
1791292794.559990 455983 37712 3445 2188 0 451276 0 263923
1791292795.558922 455983 37902 3445 2188 0 451276 0 212334
1791292796.559444 455983 34820 3445 2188 0 451276 0 224523
1791292797.559376 455983 28110 3445 2188 0 451276 0 236711
1791292798.560240 455983 32734 3445 2188 0 451276 0 284943
1791292799.559873 457007 39458 3445 2188 0 452300 0 312951
1791292800.560491 457007 38177 3445 2188 0 452300 0 317972
1791292801.559831 457007 33150 3445 2188 0 452300 0 283710
1791292802.560077 457007 35145 3445 2188 0 452300 0 275018
1791292803.560732 457007 25821 3445 2188 0 452300 0 323255
1791292804.561420 457007 37090 3445 2188 0 452300 0 347166
1791292805.560432 457007 35707 3445 2188 0 452300 0 312917
1791292806.560734 457007 35711 3445 2188 0 452300 0 325107
1791292807.560580 457007 34274 3445 2188 0 452300 0 313457
1791292808.561360 457007 25058 3445 2188 0 452300 0 361688
1791292809.561318 457007 33486 3445 2188 0 452300 0 361689
1791292810.563155 457007 31962 3445 2188 0 452300 0 373880
1791292811.562269 458287 36747 3445 2188 0 453580 0 362844
1791292812.562428 458287 34621 3445 2188 0 453580 0 370472
1791292813.562346 458287 37701 3445 2188 0 453580 0 373081
1791292814.562702 458287 37242 3445 2188 0 453580 0 396638
1791292815.562693 458287 36081 3445 2188 0 453580 0 408826
1791292816.562322 458287 38278 3445 2188 0 453580 0 379784
1791292817.562319 458287 35503 3445 2188 0 453580 0 385871
1791292818.563076 458287 36571 3445 2188 0 453580 0 422400
1791292819.562291 458287 37017 3445 2188 0 453580 0 427603
1791292820.562618 458287 35713 3445 2188 0 453580 0 439791
1791292821.562943 458287 36766 3445 2188 0 453580 0 429444
1791292822.563723 458287 40927 3445 2188 0 453580 0 453535
1791292823.563200 458287 36823 3445 2188 0 453580 0 434084
1791292824.562799 458287 36304 3445 2188 0 453580 0 460965
1791292825.563134 458287 37280 3445 2188 0 453580 0 473154
1791292826.563223 459823 37839 3445 2188 0 455116 0 462254
1791292827.566242 459823 39830 3445 2188 0 455116 0 483692
1791292828.564084 459823 37144 3445 2188 0 455116 0 462175
1791292829.564421 459823 39125 3445 2188 0 455116 0 485877
1791292830.564362 459823 35187 3445 2188 0 455116 0 498067
1791292831.564581 459823 41214 3445 2188 0 455116 0 487918
1791292832.565539 459823 37362 3445 2188 0 455116 0 506076
1791292833.561299 459823 34852 3445 2188 0 455116 0 471921
1791292834.563968 459823 37986 3445 2188 0 455116 0 520156
1791292835.565313 459823 37113 3445 2188 0 455116 0 532344
1791292836.564294 459823 41915 3445 2188 0 455116 0 521200
1791292837.564349 459823 40190 3445 2188 0 455116 0 536974
1791292838.565947 459823 37730 3445 2188 0 455116 0 520563
1791292839.564066 459823 39768 3445 2188 0 455116 0 527036
1791292840.565536 459823 37227 3445 2188 0 455116 0 550629
1791292841.565735 459823 40199 3445 2188 0 455116 0 562816
1791292842.566189 459823 40232 3445 2188 0 455116 0 584169
1791292843.566120 459823 34885 3445 2188 0 455116 0 551098
1791292844.566530 459823 42054 3445 2188 0 455116 0 557482
1791292845.565857 459823 35872 3445 2188 0 455116 0 557529
1791292846.567682 459823 40774 3445 2188 0 455116 0 641802
1791292847.565670 459823 42549 3445 2188 0 455116 0 571900
1791292848.566177 459823 33493 3445 2188 0 455116 0 571259
1791292849.566482 459823 41715 3445 2188 0 455116 0 583448
1791292850.566348 459823 35023 3445 2188 0 455116 0 587697
1791292851.567269 459823 36880 3445 2188 0 455116 0 708378
1791292852.566562 459823 37479 3445 2188 0 455116 0 606567
1791292853.566507 463920 24609 3445 2188 0 459212 0 600401
1791292854.561977 463920 24881 3445 2188 0 459212 0 573687
1791292855.562510 463920 24755 3445 2188 0 459212 0 566171
1791292856.562359 463920 25290 3445 2188 0 459212 0 560046
1791292857.562537 463920 24998 3445 2188 0 459212 0 569458
1791292858.561983 463920 25090 3445 2188 0 459212 0 569459
1791292859.562394 463920 25120 3445 2188 0 459212 0 549556
1791292860.562401 463920 25580 3445 2188 0 459212 0 539877
1791292861.562127 463920 25580 3445 2188 0 459212 0 539878
1791292862.562559 463920 25370 3445 2188 0 459212 0 539880
1791292863.562221 463920 25370 3445 2188 0 459212 0 539881
1791292864.562164 463920 24748 3445 2188 0 459212 0 539882
1791292865.562052 463920 24998 3445 2188 0 459212 0 535306
1791292866.563147 463920 24929 3445 2188 0 459212 0 539885
1791292867.561404 463920 25802 3445 2188 0 459212 0 519318
1791292868.562611 463920 25802 3445 2188 0 459212 0 519319
1791292869.561428 475192 49155 3484 2188 0 470476 0 488735
1791292870.561560 592440 175788 3484 2188 0 587724 0 488735
1791292871.561600 751672 302648 3484 2188 0 746956 0 488735
1791292872.561588 878136 428208 3484 2188 0 873420 0 488735
1791292873.561759 968249 552976 3484 2188 0 963532 0 488735
1791292874.561430 968249 552976 3484 2188 0 963532 0 488735
1791292875.561892 968249 552976 3484 2188 0 963532 0 488735
1791292876.561495 972346 553446 3484 2188 0 967628 0 488735
1791292877.561756 972346 553446 3484 2188 0 967628 0 488735
1791292878.562009 972346 553446 3484 2188 0 967628 0 488735
1791292879.561616 976436 553440 3477 2188 0 971724 0 488735
1791292880.561704 976436 553440 3477 2188 0 971724 0 488735
1791292881.561488 976436 553440 3477 2188 0 971724 0 488735
1791292882.561687 976436 553440 3477 2188 0 971724 0 488735
1791292883.561589 976436 553440 3477 2188 0 971724 0 488735
1791292884.561567 976436 553440 3477 2188 0 971724 0 488735
1791292885.561354 976436 553440 3477 2188 0 971724 0 488735
1791292886.561762 976436 553904 3477 2188 0 971724 0 488735
1791292887.561575 976436 553904 3477 2188 0 971724 0 488735
1791292888.561992 976436 553904 3477 2188 0 971724 0 488735
1791292889.561663 976436 553904 3477 2188 0 971724 0 488735
1791292890.561937 976436 553904 3477 2188 0 971724 0 488735
1791292891.561862 976436 553904 3477 2188 0 971724 0 488735
1791292892.561700 976436 553904 3477 2188 0 971724 0 488735
1791292893.562359 976436 553904 3477 2188 0 971724 0 488735
1791292894.561486 976436 553904 3477 2188 0 971724 0 488735
1791292895.561633 976436 553904 3477 2188 0 971724 0 488735
1791292896.561487 976436 553904 3477 2188 0 971724 0 488735
1791292897.561489 976436 553904 3477 2188 0 971724 0 488735
1791292898.562017 976436 553904 3477 2188 0 971724 0 488735
1791292899.561556 976436 553904 3477 2188 0 971724 0 488735
1791292900.561606 976436 553904 3477 2188 0 971724 0 488735
1791292901.561551 976436 553904 3477 2188 0 971724 0 488735
1791292902.561666 976436 553904 3477 2188 0 971724 0 488735
1791292903.561560 976436 553904 3477 2188 0 971724 0 488735
1791292904.561613 976436 553904 3477 2188 0 971724 0 488735
1791292905.561592 976436 553904 3477 2188 0 971724 0 488735
1791292906.561485 976436 553904 3477 2188 0 971724 0 488735
1791292907.562579 976436 554352 3477 2188 0 971724 0 488735
1791292908.562656 976436 554352 3477 2188 0 971724 0 488735
1791292909.561586 976436 554352 3477 2188 0 971724 0 488735
1791292910.561608 976436 554352 3477 2188 0 971724 0 488735
1791292911.561993 976436 554352 3477 2188 0 971724 0 488735
1791292912.560954 976436 554352 3477 2188 0 971724 0 488735
1791292913.561110 976436 554352 3477 2188 0 971724 0 488735
1791292914.561543 976436 554352 3477 2188 0 971724 0 488735
1791292915.560755 976436 554352 3477 2188 0 971724 0 488735
1791292916.561905 976436 554352 3477 2188 0 971724 0 488735
1791292917.561564 976436 554784 3477 2188 0 971724 0 488735
1791292918.561188 976436 554784 3477 2188 0 971724 0 488735
1791292919.561602 976436 554784 3477 2188 0 971724 0 488735
1791292920.562148 976436 554784 3477 2188 0 971724 0 488735
1791292921.562055 976436 554784 3477 2188 0 971724 0 488735
1791292922.561610 976436 554784 3477 2188 0 971724 0 488735
1791292923.561974 976436 554784 3477 2188 0 971724 0 488735
1791292924.561709 976436 554784 3477 2188 0 971724 0 488735
1791292925.561695 976436 554784 3477 2188 0 971724 0 488735
1791292926.561783 976436 554784 3477 2188 0 971724 0 488735
1791292927.562167 976436 554784 3477 2188 0 971724 0 488735
1791292928.561677 976436 554784 3477 2188 0 971724 0 488735
1791292929.561692 976436 554784 3477 2188 0 971724 0 488735
1791292930.561513 976436 554784 3477 2188 0 971724 0 488735
1791292931.561102 976436 554784 3477 2188 0 971724 0 488735
1791292932.562050 976436 554784 3477 2188 0 971724 0 488735
1791292933.561612 976436 554784 3477 2188 0 971724 0 488735
1791292934.561871 976436 554784 3477 2188 0 971724 0 488735
1791292935.561962 976436 554784 3477 2188 0 971724 0 488735
1791292936.561530 976436 554784 3477 2188 0 971724 0 488735
1791292937.561817 976436 555200 3477 2188 0 971724 0 488735
1791292938.561566 976436 555200 3477 2188 0 971724 0 488735
1791292939.561563 976436 555200 3477 2188 0 971724 0 488735
1791292940.562020 976436 555200 3477 2188 0 971724 0 488735
1791292941.561680 976436 555200 3477 2188 0 971724 0 488735
1791292942.562002 976436 555200 3477 2188 0 971724 0 488735
1791292943.561620 976436 555200 3477 2188 0 971724 0 488735
1791292944.562009 976436 555200 3477 2188 0 971724 0 488735
1791292945.561628 976436 555200 3477 2188 0 971724 0 488735
1791292946.561604 976436 555200 3477 2188 0 971724 0 488735
1791292947.561624 976436 555200 3477 2188 0 971724 0 488735
1791292948.561630 976436 555600 3477 2188 0 971724 0 488735
1791292949.562180 976436 555600 3477 2188 0 971724 0 488735
1791292950.561584 976436 555600 3477 2188 0 971724 0 488735
1791292951.562013 976436 555600 3477 2188 0 971724 0 488735
1791292952.561244 976436 555600 3477 2188 0 971724 0 488735
1791292953.561553 976436 555600 3477 2188 0 971724 0 488735
1791292954.561871 976436 555600 3477 2188 0 971724 0 488735
1791292955.561493 976436 555600 3477 2188 0 971724 0 488735
1791292956.561772 976436 555600 3477 2188 0 971724 0 488735
1791292957.561559 976436 555600 3477 2188 0 971724 0 488735
1791292958.561845 976436 555600 3477 2188 0 971724 0 488735
1791292959.561818 976436 555600 3477 2188 0 971724 0 488735
1791292960.561626 976436 555600 3477 2188 0 971724 0 488735
1791292961.561951 976436 555600 3477 2188 0 971724 0 488735
1791292962.562370 976436 555600 3477 2188 0 971724 0 488735
1791292963.561841 976436 555600 3477 2188 0 971724 0 488735
1791292964.561642 976436 555600 3477 2188 0 971724 0 488735
1791292965.561467 976436 555600 3477 2188 0 971724 0 488735
1791292966.561647 976436 555600 3477 2188 0 971724 0 488735
1791292967.561690 976436 555600 3477 2188 0 971724 0 488735
1791292968.562190 976436 555984 3477 2188 0 971724 0 488735
1791292969.561647 976436 555984 3477 2188 0 971724 0 488735
1791292970.561643 976436 555984 3477 2188 0 971724 0 488735
1791292971.562046 976436 555984 3477 2188 0 971724 0 488735
1791292972.561735 976436 555984 3477 2188 0 971724 0 488735
1791292973.561834 976436 555984 3477 2188 0 971724 0 488735
1791292974.561031 976436 555984 3477 2188 0 971724 0 488735
1791292975.561134 976436 555984 3477 2188 0 971724 0 488735
1791292976.562114 976436 555984 3477 2188 0 971724 0 488735
1791292977.561232 976436 555984 3477 2188 0 971724 0 488735
1791292978.561613 976436 556352 3477 2188 0 971724 0 488735
1791292979.562042 976436 556352 3477 2188 0 971724 0 488735
1791292980.561635 976436 556352 3477 2188 0 971724 0 488735
1791292981.562169 976436 556352 3477 2188 0 971724 0 488735
1791292982.561084 976436 556352 3477 2188 0 971724 0 488735
1791292983.561131 976436 556352 3477 2188 0 971724 0 488735
1791292984.562417 976436 556352 3477 2188 0 971724 0 488735
1791292985.561777 976436 556352 3477 2188 0 971724 0 488735
1791292986.561671 976436 556352 3477 2188 0 971724 0 488735
1791292987.562242 976436 556352 3477 2188 0 971724 0 488735
1791292988.561610 976436 556352 3477 2188 0 971724 0 488735
1791292989.561919 976436 556352 3477 2188 0 971724 0 488735
1791292990.561601 976436 556352 3477 2188 0 971724 0 488735
1791292991.561630 976436 556352 3477 2188 0 971724 0 488735
1791292992.561646 976436 556352 3477 2188 0 971724 0 488735
1791292993.561586 976436 556352 3477 2188 0 971724 0 488735
1791292994.561624 976436 556352 3477 2188 0 971724 0 488735
1791292995.561620 976436 556352 3477 2188 0 971724 0 488735
1791292996.562337 976436 556352 3477 2188 0 971724 0 488735
1791292997.561626 976436 556352 3477 2188 0 971724 0 488735
1791292998.561001 976436 556352 3477 2188 0 971724 0 488735
1791292999.561867 976436 556704 3477 2188 0 971724 0 488735
1791293000.561667 976436 556704 3477 2188 0 971724 0 488735
1791293001.561660 976436 556704 3477 2188 0 971724 0 488735
1791293002.561741 976436 556704 3477 2188 0 971724 0 488735
1791293003.561780 976436 556704 3477 2188 0 971724 0 488735
1791293004.561661 976436 556704 3477 2188 0 971724 0 488735
1791293005.561922 976436 556704 3477 2188 0 971724 0 488735
1791293006.561670 976436 556704 3477 2188 0 971724 0 488735
1791293007.561619 976436 556704 3477 2188 0 971724 0 488735
1791293008.561647 976436 556704 3477 2188 0 971724 0 488735
1791293009.561752 976436 557040 3477 2188 0 971724 0 488735
1791293010.561633 976436 557040 3477 2188 0 971724 0 488735
1791293011.561649 976436 557040 3477 2188 0 971724 0 488735
1791293012.561066 976436 557040 3477 2188 0 971724 0 488735
1791293013.561758 976436 557040 3477 2188 0 971724 0 488735
1791293014.561588 976436 557040 3477 2188 0 971724 0 488735
1791293015.561757 976436 557040 3477 2188 0 971724 0 488735
1791293016.561697 976436 557040 3477 2188 0 971724 0 488735
1791293017.562084 976436 557040 3477 2188 0 971724 0 488735
1791293018.562699 976436 557040 3477 2188 0 971724 0 488735
1791293019.562262 976436 557040 3477 2188 0 971724 0 488735
1791293020.561630 976436 557040 3477 2188 0 971724 0 488735
1791293021.561720 976436 557040 3477 2188 0 971724 0 488735
1791293022.561651 976436 557040 3477 2188 0 971724 0 488735
1791293023.561569 976436 557040 3477 2188 0 971724 0 488735
1791293024.561647 976436 557040 3477 2188 0 971724 0 488735
1791293025.561702 976436 557040 3477 2188 0 971724 0 488735
