# start_epoch=1791293026.042240  page_size=4096  cachestat=ok  fields=size,resident,shared,text,lib,data,dt,pagecache
1791293027.044370 467631 43040 3365 2188 0 462924 0 106728
1791293028.048452 468399 35744 3366 2188 0 463692 0 158863
1791293029.046375 469295 48333 3366 2188 0 464588 0 207089
1791293030.049945 470191 38845 3366 2188 0 465484 0 256385
1791293031.050647 470191 40461 3419 2188 0 465484 0 289798
1791293032.050448 470191 40168 3419 2188 0 465484 0 346712
1791293033.049400 470191 49223 3419 2188 0 465484 0 382926
1791293034.050608 470191 44683 3419 2188 0 465484 0 425820
1791293035.050794 470191 51095 3419 2188 0 465484 0 461786
1791293036.051299 471215 36836 3419 2188 0 466508 0 480964
1791293037.051660 471215 44485 3419 2188 0 466508 0 506410
1791293038.052118 471215 48749 3419 2188 0 466508 0 520550
1791293039.053761 472495 48497 3419 2188 0 467788 0 569270
1791293040.052572 476592 34058 3419 2188 0 471884 0 535884
1791293041.052414 476592 34467 3419 2188 0 471884 0 535885
1791293042.051477 476592 34124 3419 2188 0 471884 0 535886
1791293043.052488 476592 34254 3419 2188 0 471884 0 535887
1791293044.051238 478128 34894 3419 2188 0 473420 0 441560
1791293045.051269 478128 35439 3419 2188 0 473420 0 441561
1791293046.049945 478128 35439 3419 2188 0 473420 0 441562
1791293047.050760 478128 35439 3419 2188 0 473420 0 441563
1791293048.050669 478128 35295 3419 2188 0 473420 0 441563
1791293049.050734 478128 35303 3419 2188 0 473420 0 441564
1791293050.050814 478128 34980 3419 2188 0 473420 0 441565
1791293051.050528 479920 36273 3419 2188 0 475212 0 441553
1791293052.050646 479920 36273 3419 2188 0 475212 0 441554
1791293053.050699 479920 36273 3419 2188 0 475212 0 441555
1791293054.050620 479920 36273 3419 2188 0 475212 0 441556
1791293055.050188 548024 120543 3474 2188 0 543308 0 423530
1791293056.050481 659128 227209 3474 2188 0 654412 0 423530
1791293057.049864 754360 338318 3474 2188 0 749644 0 423530
1791293058.050082 880824 443032 3474 2188 0 876108 0 423530
1791293059.049536 966840 548048 3474 2188 0 962124 0 423530
1791293060.050454 1065144 655475 3474 2188 0 1060428 0 423530
1791293061.050066 1184952 759706 3474 2188 0 1180236 0 423530
1791293062.050584 1322168 864135 3474 2188 0 1317452 0 423530
1791293063.047777 1326265 865678 3474 2188 0 1321548 0 423530
1791293064.047555 1326265 865678 3474 2188 0 1321548 0 423530
1791293065.047592 1326265 865678 3474 2188 0 1321548 0 423530
1791293066.048666 1326265 865678 3474 2188 0 1321548 0 423530
1791293067.049933 1330362 865669 3474 2188 0 1325644 0 423530
1791293068.049151 1330362 865669 3474 2188 0 1325644 0 423530
1791293069.047540 1330362 865669 3474 2188 0 1325644 0 423530
1791293070.047064 1330362 865669 3474 2188 0 1325644 0 423530
1791293071.047975 1334452 865663 3467 2188 0 1329740 0 423530
1791293072.047322 1334452 865663 3467 2188 0 1329740 0 423530
1791293073.047558 1334452 865663 3467 2188 0 1329740 0 423530
1791293074.047700 1334452 865663 3467 2188 0 1329740 0 423530
1791293075.047622 1334452 865663 3467 2188 0 1329740 0 423530
1791293076.047552 1334452 865663 3467 2188 0 1329740 0 423530
1791293077.048325 1334452 865663 3467 2188 0 1329740 0 423530
1791293078.047649 1334452 865663 3467 2188 0 1329740 0 423530
1791293079.047750 1334452 865663 3467 2188 0 1329740 0 423530
1791293080.047487 1334452 865663 3467 2188 0 1329740 0 423530
1791293081.047618 1334452 865744 3467 2188 0 1329740 0 423530
1791293082.048407 1334452 865744 3467 2188 0 1329740 0 423530
1791293083.048085 1334452 865744 3467 2188 0 1329740 0 423530
1791293084.047286 1334452 865744 3467 2188 0 1329740 0 423530
1791293085.047633 1334452 865744 3467 2188 0 1329740 0 423530
1791293086.048021 1334452 865744 3467 2188 0 1329740 0 423530
1791293087.047590 1334452 865744 3467 2188 0 1329740 0 423530
1791293088.047488 1334452 865744 3467 2188 0 1329740 0 423530
1791293089.048284 1334452 865744 3467 2188 0 1329740 0 423530
1791293090.048275 1334452 865744 3467 2188 0 1329740 0 423530
1791293091.047812 1334452 865744 3467 2188 0 1329740 0 423530
1791293092.047643 1334452 865744 3467 2188 0 1329740 0 423530
1791293093.049176 1334452 865744 3467 2188 0 1329740 0 423530
1791293094.047671 1334452 865744 3467 2188 0 1329740 0 423530
1791293095.047624 1334452 865744 3467 2188 0 1329740 0 423530
1791293096.047659 1334452 865744 3467 2188 0 1329740 0 423530
1791293097.047647 1334452 865744 3467 2188 0 1329740 0 423530
1791293098.047566 1334452 865744 3467 2188 0 1329740 0 423530
1791293099.047689 1334452 865744 3467 2188 0 1329740 0 423530
1791293100.051932 1334452 865744 3467 2188 0 1329740 0 423530
1791293101.047635 1334452 865744 3467 2188 0 1329740 0 423530
1791293102.047688 1334452 865744 3467 2188 0 1329740 0 423530
1791293103.047472 1334452 865744 3467 2188 0 1329740 0 423530
1791293104.047523 1334452 865744 3467 2188 0 1329740 0 423530
1791293105.047570 1334452 865744 3467 2188 0 1329740 0 423530
1791293106.048117 1334452 865744 3467 2188 0 1329740 0 423530
1791293107.047518 1334452 865744 3467 2188 0 1329740 0 423530
1791293108.047932 1334452 865744 3467 2188 0 1329740 0 423530
1791293109.047533 1334452 865744 3467 2188 0 1329740 0 423530
1791293110.047536 1334452 865744 3467 2188 0 1329740 0 423530
1791293111.047951 1334452 865744 3467 2188 0 1329740 0 423530
1791293112.047981 1334452 865744 3467 2188 0 1329740 0 423530
1791293113.047672 1334452 865744 3467 2188 0 1329740 0 423530
1791293114.047616 1334452 865744 3467 2188 0 1329740 0 423530
1791293115.048146 1334452 865744 3467 2188 0 1329740 0 423530
1791293116.047553 1334452 865744 3467 2188 0 1329740 0 423530
1791293117.047661 1334452 865744 3467 2188 0 1329740 0 423530
1791293118.048713 1334452 865744 3467 2188 0 1329740 0 423530
1791293119.047017 1334452 865744 3467 2188 0 1329740 0 423530
1791293120.047580 1334452 865744 3467 2188 0 1329740 0 423530
1791293121.047492 1334452 865744 3467 2188 0 1329740 0 423530
1791293122.048104 1334452 865744 3467 2188 0 1329740 0 423530
1791293123.047135 1334452 865744 3467 2188 0 1329740 0 423530
1791293124.048434 1334452 865744 3467 2188 0 1329740 0 423530
1791293125.047702 1334452 865744 3467 2188 0 1329740 0 423530
1791293126.047691 1334452 865744 3467 2188 0 1329740 0 423530
1791293127.047461 1334452 865744 3467 2188 0 1329740 0 423530
1791293128.047987 1334452 865744 3467 2188 0 1329740 0 423530
1791293129.048216 1334452 865744 3467 2188 0 1329740 0 423530
1791293130.047570 1334452 865744 3467 2188 0 1329740 0 423530
1791293131.047897 1334452 865744 3467 2188 0 1329740 0 423530
1791293132.047502 1334452 865744 3467 2188 0 1329740 0 423530
1791293133.048028 1334452 865744 3467 2188 0 1329740 0 423530
1791293134.047989 1334452 865744 3467 2188 0 1329740 0 423530
1791293135.048083 1334452 865744 3467 2188 0 1329740 0 423530
1791293136.047532 1334452 865744 3467 2188 0 1329740 0 423530
1791293137.047536 1334452 865744 3467 2188 0 1329740 0 423530
1791293138.047716 1334452 865744 3467 2188 0 1329740 0 423530
1791293139.047535 1334452 865744 3467 2188 0 1329740 0 423530
1791293140.047715 1334452 865744 3467 2188 0 1329740 0 423530
1791293141.047537 1334452 865744 3467 2188 0 1329740 0 423530
1791293142.047689 1334452 865744 3467 2188 0 1329740 0 423530
1791293143.047536 1334452 865910 3467 2188 0 1329740 0 423530
1791293144.047387 1334452 865910 3467 2188 0 1329740 0 423530
1791293145.047072 1334452 865910 3467 2188 0 1329740 0 423530
1791293146.047548 1334452 865910 3467 2188 0 1329740 0 423530
1791293147.047572 1334452 865910 3467 2188 0 1329740 0 423530
1791293148.047584 1334452 865910 3467 2188 0 1329740 0 423530
1791293149.047637 1334452 865910 3467 2188 0 1329740 0 423530
1791293150.047650 1334452 865910 3467 2188 0 1329740 0 423530
1791293151.047642 1334452 865910 3467 2188 0 1329740 0 423530
1791293152.047498 1334452 865910 3467 2188 0 1329740 0 423530
1791293153.047591 1334452 866069 3467 2188 0 1329740 0 423530
1791293154.047705 1334452 866069 3467 2188 0 1329740 0 423530
1791293155.047742 1334452 866069 3467 2188 0 1329740 0 423530
1791293156.047389 1334452 866069 3467 2188 0 1329740 0 423530
1791293157.047631 1334452 866069 3467 2188 0 1329740 0 423530
1791293158.047606 1334452 866069 3467 2188 0 1329740 0 423530
1791293159.047910 1334452 866069 3467 2188 0 1329740 0 423530
1791293160.047582 1334452 866069 3467 2188 0 1329740 0 423530
1791293161.047739 1334452 866069 3467 2188 0 1329740 0 423530
1791293162.047585 1334452 866069 3467 2188 0 1329740 0 423530
1791293163.047086 1334452 866146 3467 2188 0 1329740 0 423530
1791293164.047547 1334452 866146 3467 2188 0 1329740 0 423530
1791293165.046960 1334452 866146 3467 2188 0 1329740 0 423530
1791293166.047185 1334452 866146 3467 2188 0 1329740 0 423530
1791293167.048814 1334452 866146 3467 2188 0 1329740 0 423530
1791293168.047606 1334452 866146 3467 2188 0 1329740 0 423530
1791293169.047055 1334452 866146 3467 2188 0 1329740 0 423530
1791293170.048076 1334452 866146 3467 2188 0 1329740 0 423530
1791293171.047842 1334452 866146 3467 2188 0 1329740 0 423530
1791293172.047753 1334452 866146 3467 2188 0 1329740 0 423530
1791293173.047612 1334452 866642 3467 2188 0 1329740 0 423530
1791293174.047336 1334452 866642 3467 2188 0 1329740 0 423530
1791293175.047569 1334452 866642 3467 2188 0 1329740 0 423530
1791293176.048198 1334452 866642 3467 2188 0 1329740 0 423530
1791293177.047797 1334452 866642 3467 2188 0 1329740 0 423530
1791293178.047605 1334452 866642 3467 2188 0 1329740 0 423530
1791293179.047514 1334452 866642 3467 2188 0 1329740 0 423530
1791293180.048070 1334452 866642 3467 2188 0 1329740 0 423530
1791293181.047663 1334452 866642 3467 2188 0 1329740 0 423530
1791293182.047669 1334452 866642 3467 2188 0 1329740 0 423530
1791293183.047570 1334452 866642 3467 2188 0 1329740 0 423530
1791293184.048126 1334452 866642 3467 2188 0 1329740 0 423530
1791293185.047501 1334452 866642 3467 2188 0 1329740 0 423530
1791293186.047546 1334452 866642 3467 2188 0 1329740 0 423530
1791293187.047675 1334452 866642 3467 2188 0 1329740 0 423530
1791293188.047567 1334452 866642 3467 2188 0 1329740 0 423530
1791293189.047590 1334452 866642 3467 2188 0 1329740 0 423530
1791293190.047134 1334452 866642 3467 2188 0 1329740 0 423530
1791293191.047697 1334452 866642 3467 2188 0 1329740 0 423530
1791293192.047427 1334452 866642 3467 2188 0 1329740 0 423530
1791293193.047712 1334452 866642 3467 2188 0 1329740 0 423530
1791293194.047496 1334452 867122 3467 2188 0 1329740 0 423530
1791293195.047543 1334452 867122 3467 2188 0 1329740 0 423530
1791293196.047584 1334452 867122 3467 2188 0 1329740 0 423530
1791293197.047553 1334452 867122 3467 2188 0 1329740 0 423530
1791293198.049515 1334452 867122 3467 2188 0 1329740 0 423530
1791293199.047482 1334452 867122 3467 2188 0 1329740 0 423530
1791293200.047474 1334452 867122 3467 2188 0 1329740 0 423530
1791293201.047477 1334452 867122 3467 2188 0 1329740 0 423530
1791293202.047728 1334452 867122 3467 2188 0 1329740 0 423530
1791293203.048006 1334452 867122 3467 2188 0 1329740 0 423530
1791293204.047860 1334452 867586 3467 2188 0 1329740 0 423530
1791293205.047521 1334452 867586 3467 2188 0 1329740 0 423530
1791293206.047536 1334452 867586 3467 2188 0 1329740 0 423530
1791293207.047455 1334452 867586 3467 2188 0 1329740 0 423530
1791293208.047585 1334452 867586 3467 2188 0 1329740 0 423530
1791293209.047494 1334452 867586 3467 2188 0 1329740 0 423530
1791293210.047573 1334452 867586 3467 2188 0 1329740 0 423530
1791293211.047499 1334452 867586 3467 2188 0 1329740 0 423530
1791293212.047496 1334452 867586 3467 2188 0 1329740 0 423530
1791293213.047740 1334452 867586 3467 2188 0 1329740 0 423530
1791293214.047500 1334452 867586 3467 2188 0 1329740 0 423530
1791293215.047483 1334452 867586 3467 2188 0 1329740 0 423530
1791293216.047662 1334452 867586 3467 2188 0 1329740 0 423530
1791293217.047588 1334452 867586 3467 2188 0 1329740 0 423530
1791293218.047494 1334452 867586 3467 2188 0 1329740 0 423530
1791293219.047531 1334452 867586 3467 2188 0 1329740 0 423530
1791293220.048723 1334452 867586 3467 2188 0 1329740 0 423530
1791293221.047509 1334452 867586 3467 2188 0 1329740 0 423530
1791293222.047496 1334452 867586 3467 2188 0 1329740 0 423530
1791293223.047576 1334452 867586 3467 2188 0 1329740 0 423530
1791293224.047512 1334452 867586 3467 2188 0 1329740 0 423530
