# start_epoch=1786138028.826385  page_size=4096  cachestat=ok  fields=size,resident,shared,text,lib,data,dt,pagecache
1786138029.829207 51724 29964 2673 1589 0 47743 0 39124
1786138030.829986 57612 33125 2754 1589 0 53631 0 54956
1786138031.830862 57612 34920 2754 1589 0 53631 0 69765
1786138032.831671 57612 36272 2818 1589 0 53631 0 84591
1786138033.838645 58252 35704 2834 1589 0 54271 0 101399
1786138034.837509 59020 35069 2834 1589 0 55039 0 103429
1786138035.833813 59020 38422 2834 1589 0 55039 0 114912
1786138036.834477 59020 34311 2834 1589 0 55039 0 125883
1786138037.835034 59020 36871 2834 1589 0 55039 0 134295
1786138038.835859 59020 34489 2834 1589 0 55039 0 146547
1786138039.851056 59020 36904 2834 1589 0 55039 0 175830
1786138040.836668 59020 35381 2834 1589 0 55039 0 158798
1786138041.833824 59020 32758 2834 1589 0 55039 0 150822
1786138042.838823 59020 35689 2834 1589 0 55039 0 199119
1786138043.839601 65164 36280 2834 1589 0 61183 0 211369
1786138044.835521 66060 39099 2834 1589 0 62079 0 185875
1786138045.836153 66060 33959 2834 1589 0 62079 0 198125
1786138046.841706 66060 39780 2834 1589 0 62079 0 255216
1786138047.843859 66060 35181 2834 1589 0 62079 0 277719
1786138048.844537 66060 39571 2834 1589 0 62079 0 289972
1786138049.844136 66060 37475 2834 1589 0 62079 0 282172
1786138050.845813 67980 38700 2834 1589 0 63999 0 311680
1786138051.845727 67980 35906 2834 1589 0 63999 0 307017
1786138052.846067 67980 37017 2834 1589 0 63999 0 317136
1786138053.844084 67980 35883 2834 1589 0 63999 0 308616
1786138054.844600 67980 32387 2834 1589 0 63999 0 319371
1786138055.846568 67980 37572 2834 1589 0 63999 0 348153
1786138056.847596 67980 35373 2834 1589 0 63999 0 360404
1786138057.850474 67980 38497 2834 1589 0 63999 0 388664
1786138058.849864 67980 40736 2834 1589 0 63999 0 378654
1786138059.853295 67980 36658 2834 1589 0 63999 0 434165
1786138060.850888 67980 36568 2834 1589 0 63999 0 394795
1786138061.851296 67980 31801 2834 1589 0 63999 0 401666
1786138062.852058 67980 34763 2834 1589 0 63999 0 413915
1786138063.852843 67980 33462 2834 1589 0 63999 0 426166
1786138064.853528 67980 35339 2834 1589 0 63999 0 438417
1786138065.851224 67980 35871 2834 1589 0 63999 0 415376
1786138066.853518 67980 39731 2834 1589 0 63999 0 437776
1786138067.856643 67980 38279 2834 1589 0 63999 0 481927
1786138068.857697 67980 36618 2834 1589 0 63999 0 490595
1786138069.858156 67980 33741 2834 1589 0 63999 0 499264
1786138070.854328 67980 34989 2834 1589 0 63999 0 475579
1786138071.854231 69260 32547 2834 1589 0 65279 0 479499
1786138072.854666 69260 35970 2834 1589 0 65279 0 489899
1786138073.855470 69260 36037 2834 1589 0 65279 0 499586
1786138074.855218 69260 35275 2834 1589 0 65279 0 505812
1786138075.862535 69260 37482 2834 1589 0 65279 0 555498
1786138076.861555 69260 37234 2834 1589 0 65279 0 563144
1786138077.874331 69260 35003 2834 1589 0 65279 0 555029
1786138078.858271 69260 39609 2834 1589 0 65279 0 543313
1786138079.857969 69260 31789 2834 1589 0 65279 0 551951
1786138080.858663 69260 35151 2834 1589 0 65279 0 562119
1786138081.858605 69260 34138 2834 1589 0 65279 0 560348
1786138082.860972 69260 36228 2834 1589 0 65279 0 600495
1786138083.861452 69260 36489 2834 1589 0 65279 0 602990
1786138084.863244 69260 34696 2834 1589 0 65279 0 624998
1786138085.869320 69260 40008 2834 1589 0 65279 0 655049
1786138086.877697 70796 40471 2834 1589 0 66815 0 816024
1786138087.867470 70796 39074 2834 1589 0 66815 0 648440
1786138088.867290 70796 38059 2834 1589 0 66815 0 652776
1786138089.866531 70796 39625 2834 1589 0 66815 0 640526
1786138090.867757 70796 39623 2834 1589 0 66815 0 666918
1786138091.868333 70796 39884 2834 1589 0 66815 0 679172
1786138092.869200 70796 39887 2834 1589 0 66815 0 691423
1786138093.870071 70796 41803 2834 1589 0 66815 0 703673
1786138094.870686 70796 39842 2834 1589 0 66815 0 715925
1786138095.871500 70796 42434 2834 1589 0 66815 0 728176
1786138096.878344 70796 42739 2834 1589 0 66815 0 835361
1786138097.871969 70796 41668 2834 1589 0 66815 0 737282
1786138098.874229 70796 42484 2834 1589 0 66815 0 742478
1786138099.872892 70796 38316 2834 1589 0 66815 0 749896
1786138100.875178 70796 41317 2834 1589 0 66815 0 773684
1786138101.875115 70796 37310 2834 1589 0 66815 0 784145
1786138102.874423 70796 41493 2834 1589 0 66815 0 776838
1786138103.875133 70796 36729 2834 1589 0 66815 0 789090
1786138104.875927 70796 41417 2834 1589 0 66815 0 801342
1786138105.876552 70796 37518 2834 1589 0 66815 0 813592
1786138106.877578 70796 36610 2834 1589 0 66815 0 825842
1786138107.877582 72588 41643 2834 1589 0 68607 0 824949
1786138108.877559 72588 40106 2834 1589 0 68607 0 827662
1786138109.877834 72588 41948 2834 1589 0 68607 0 833546
1786138110.877225 72588 41434 2834 1589 0 68607 0 816226
1786138111.877588 72588 43483 2834 1589 0 68607 0 828476
1786138112.875782 72588 43481 2834 1589 0 68607 0 825955
1786138113.879659 72588 43628 2834 1589 0 68607 0 866436
1786138114.880798 72588 40963 2834 1589 0 68607 0 878688
1786138115.881792 72588 43034 2834 1589 0 68607 0 890939
1786138116.882987 72588 43569 2834 1589 0 68607 0 903188
1786138117.882637 72588 39386 2834 1589 0 68607 0 921193
1786138118.884672 72588 42964 2834 1589 0 68607 0 937558
1786138119.879760 72588 41696 2834 1589 0 68607 0 879739
1786138120.882234 72588 43848 2834 1589 0 68607 0 900416
1786138121.882439 72588 43905 2834 1589 0 68607 0 906633
1786138122.883732 72588 43648 2834 1589 0 68607 0 918884
1786138123.884683 72588 43486 2834 1589 0 68607 0 938321
1786138124.890178 72588 43542 2834 1589 0 68607 0 1025031
1786138125.886478 72588 44088 2834 1589 0 68607 0 966397
1786138126.885979 72588 44076 2834 1589 0 68607 0 959344
1786138127.886709 72588 43420 2834 1589 0 68607 0 971595
1786138128.887726 72588 43503 2834 1589 0 68607 0 983846
1786138129.888261 72588 43190 2834 1589 0 68607 0 996098
1786138130.888933 72588 43409 2834 1589 0 68607 0 1008349
1786138131.890053 72588 42666 2834 1589 0 68607 0 1020599
1786138132.890809 72588 42972 2834 1589 0 68607 0 1038729
1786138133.890160 72588 40197 2834 1589 0 68607 0 1021828
1786138134.890494 72588 43680 2834 1589 0 68607 0 1026213
1786138135.894929 72588 44529 2834 1589 0 68607 0 1029582
1786138136.890645 72588 36814 2834 1589 0 68607 0 1037249
1786138137.892943 72588 45313 2834 1589 0 68607 0 1085411
1786138138.889083 72588 45481 2834 1589 0 68607 0 1051094
1786138139.888894 72588 43968 2834 1589 0 68607 0 1063345
1786138140.892593 72588 46020 2834 1589 0 68607 0 1064752
1786138141.888362 72588 43659 2834 1589 0 68607 0 1087845
1786138142.889396 72588 44156 2834 1589 0 68607 0 1100097
1786138143.890401 73612 44677 2834 1589 0 69631 0 1112349
1786138144.890702 73612 44741 2834 1589 0 69631 0 1124600
1786138145.882315 73612 44682 2834 1589 0 69631 0 1111671
1786138146.883787 73612 44535 2834 1589 0 69631 0 1136852
1786138147.883555 73612 44505 2834 1589 0 69631 0 1136853
1786138148.890974 73612 44256 2834 1589 0 69631 0 1106878
1786138149.899468 73612 43773 2834 1589 0 69631 0 1110515
1786138150.898374 73612 42007 2834 1589 0 69631 0 1159018
1786138151.895716 73612 43977 2834 1589 0 69631 0 1133849
1786138152.895919 73612 43742 2834 1589 0 69631 0 1136496
1786138153.896094 73612 36083 2834 1589 0 69631 0 1123761
1786138154.897848 73612 41014 2834 1589 0 69631 0 1148294
1786138155.898575 73612 44395 2834 1589 0 69631 0 1160545
1786138156.899644 73612 41504 2834 1589 0 69631 0 1172796
1786138157.900250 73612 43864 2834 1589 0 69631 0 1185047
1786138158.900939 73612 44154 2834 1589 0 69631 0 1197298
1786138159.902621 73612 42367 2834 1589 0 69631 0 1225814
1786138160.902952 73612 44371 2834 1589 0 69631 0 1234995
1786138161.892672 73612 38081 2834 1589 0 69631 0 1221801
1786138162.888272 73612 38795 2834 1589 0 69631 0 1221802
1786138163.888025 73612 38734 2834 1589 0 69631 0 1221803
1786138164.899782 75660 45527 2834 1589 0 71679 0 1193773
1786138165.897760 75660 45280 2834 1589 0 71679 0 1214980
1786138166.900252 75660 45555 2834 1589 0 71679 0 1217769
1786138167.899657 75660 45520 2834 1589 0 71679 0 1247931
1786138168.898969 75660 45291 2834 1589 0 71679 0 1225474
1786138169.901613 75660 47235 2834 1589 0 71679 0 1270341
1786138170.899529 75660 47037 2834 1589 0 71679 0 1237878
1786138171.893335 75660 35976 2834 1589 0 71679 0 1228781
1786138172.885045 79757 36074 2834 1589 0 75775 0 1228782
1786138173.885113 79757 35831 2834 1589 0 75775 0 1228783
1786138174.885820 79757 35831 2834 1589 0 75775 0 1228784
1786138175.885145 79757 35831 2834 1589 0 75775 0 1228785
1786138176.885189 79757 35822 2834 1589 0 75775 0 1228786
1786138177.884861 79757 35843 2834 1589 0 75775 0 1228787
1786138178.884598 79757 35843 2834 1589 0 75775 0 1228788
1786138179.884972 79757 35711 2834 1589 0 75775 0 1228789
1786138180.884885 79757 35823 2834 1589 0 75775 0 1228790
1786138181.884881 79757 35835 2834 1589 0 75775 0 1228791
1786138182.883645 79757 37327 2834 1589 0 75775 0 1196594
1786138183.882481 79757 37174 2834 1589 0 75775 0 1171640
1786138184.882034 79757 37184 2834 1589 0 75775 0 1161901
1786138185.881439 79757 36995 2834 1589 0 75775 0 1156507
1786138186.880215 79757 36995 2834 1589 0 75775 0 1122673
1786138187.880663 79757 36536 2834 1589 0 75775 0 1145720
1786138188.880472 79757 36764 2834 1589 0 75775 0 1131874
1786138189.880763 79757 36766 2834 1589 0 75775 0 1126491
1786138190.880038 79757 36218 2834 1589 0 75775 0 1121099
1786138191.879359 79757 36848 2834 1589 0 75775 0 1113250
1786138192.878849 79757 36724 2834 1589 0 75775 0 1105009
1786138193.879215 79757 36650 2834 1589 0 75775 0 1098150
1786138194.878342 79757 36588 2834 1589 0 75775 0 1091321
1786138195.878073 79757 36509 2834 1589 0 75775 0 1084365
1786138196.877991 79757 36493 2834 1589 0 75775 0 1076776
1786138197.877394 79757 36347 2834 1589 0 75775 0 1066625
1786138198.877339 79757 36347 2834 1589 0 75775 0 1066625
1786138199.877115 79757 36453 2834 1589 0 75775 0 1056700
1786138200.877533 79757 36334 2834 1589 0 75775 0 1067882
1786138201.879712 79757 35869 2834 1589 0 75775 0 1067883
1786138202.876640 79757 36079 2834 1589 0 75775 0 1044132
1786138203.876760 79757 36070 2834 1589 0 75775 0 1049197
1786138204.876284 79757 36201 2834 1589 0 75775 0 1040976
1786138205.876314 79757 36202 2834 1589 0 75775 0 1040976
1786138206.875973 79757 36202 2834 1589 0 75775 0 1033092
1786138207.876321 79757 35845 2834 1589 0 75775 0 1040979
1786138208.876094 79757 35610 2834 1589 0 75775 0 1040979
1786138209.876465 79757 35730 2834 1589 0 75775 0 1040981
1786138210.876295 79757 35730 2834 1589 0 75775 0 1040982
1786138211.877434 79757 35746 2834 1589 0 75775 0 1025233
1786138212.876427 79757 35739 2834 1589 0 75775 0 1040984
1786138213.876236 79757 35738 2834 1589 0 75775 0 1040984
1786138214.876202 79757 35742 2834 1589 0 75775 0 1040986
1786138215.876440 79757 35742 2834 1589 0 75775 0 1040987
1786138216.876039 79757 35742 2834 1589 0 75775 0 1040988
1786138217.876142 79757 35569 2834 1589 0 75775 0 1040989
1786138218.875313 79757 37443 2834 1589 0 75775 0 1022231
1786138219.875286 79757 37443 2834 1589 0 75775 0 1022232
1786138220.875306 79757 37443 2834 1589 0 75775 0 1022233
1786138221.874731 79757 25878 2834 1589 0 75775 0 1011074
1786138222.874863 79757 25085 2834 1589 0 75775 0 1011075
1786138223.874719 79757 24639 2834 1589 0 75775 0 1011076
1786138224.874693 79757 24639 2834 1589 0 75775 0 1011077
1786138225.874742 79757 24639 2834 1589 0 75775 0 1011078
1786138226.874927 79757 24280 2834 1589 0 75775 0 1011079
1786138227.874586 79757 24470 2834 1589 0 75775 0 1002752
1786138228.874805 79757 24308 2834 1589 0 75775 0 1011081
1786138229.874527 79757 24321 2834 1589 0 75775 0 1011082
1786138230.874749 79757 24325 2834 1589 0 75775 0 1011083
1786138231.883876 79757 25592 2834 1589 0 75775 0 1208182
1786138232.873312 155022 109314 2850 1589 0 151039 0 976462
1786138233.873162 267662 222978 2850 1589 0 263679 0 976462
1786138234.873120 418190 336642 2850 1589 0 414207 0 976462
1786138235.873518 487310 451330 2850 1589 0 483327 0 976462
1786138236.873163 671630 564994 2850 1589 0 667647 0 976462
1786138237.873724 793486 679170 2850 1589 0 789503 0 976462
1786138238.873689 924558 793858 2850 1589 0 920575 0 976462
1786138239.872969 1094542 907522 2850 1589 0 1090559 0 976462
1786138240.882452 1094542 1020674 2850 1589 0 1090559 0 976462
1786138241.873552 1302415 1071353 2850 1589 0 1298431 0 976462
1786138242.873044 1302415 1071353 2850 1589 0 1298431 0 976462
1786138243.873038 1302415 1071353 2850 1589 0 1298431 0 976462
1786138244.872936 1302415 1071353 2850 1589 0 1298431 0 976462
1786138245.873366 1302415 1071353 2850 1589 0 1298431 0 976462
1786138246.873536 1302415 1071353 2850 1589 0 1298431 0 976462
1786138247.877190 1306512 1071348 2850 1589 0 1302527 0 976462
1786138248.873512 1306512 1071348 2850 1589 0 1302527 0 976462
1786138249.872987 1306512 1071348 2850 1589 0 1302527 0 976462
1786138250.873563 1306512 1071348 2850 1589 0 1302527 0 976462
1786138251.872863 1306512 1071348 2850 1589 0 1302527 0 976462
1786138252.873042 1306512 1071348 2850 1589 0 1302527 0 976462
1786138253.872814 1306512 1071348 2850 1589 0 1302527 0 976462
1786138254.872925 1310609 1071349 2850 1589 0 1306623 0 976462
1786138255.873045 1310609 1071349 2850 1589 0 1306623 0 976462
1786138256.873114 1310609 1071349 2850 1589 0 1306623 0 976462
1786138257.873261 1310609 1071349 2850 1589 0 1306623 0 976462
1786138258.873026 1310609 1071349 2850 1589 0 1306623 0 976462
1786138259.873331 1310609 1071349 2850 1589 0 1306623 0 976462
1786138260.872980 1310609 1071349 2850 1589 0 1306623 0 976462
1786138261.875116 1310609 1071349 2850 1589 0 1306623 0 976462
1786138262.873240 1310609 1071349 2850 1589 0 1306623 0 976462
1786138263.873042 1310609 1071349 2850 1589 0 1306623 0 976462
1786138264.873614 1310609 1071349 2850 1589 0 1306623 0 976462
1786138265.873613 1310609 1071349 2850 1589 0 1306623 0 976462
1786138266.872649 1310609 1071349 2850 1589 0 1306623 0 976462
1786138267.872903 1310609 1071349 2850 1589 0 1306623 0 976462
1786138268.872663 1310609 1071349 2850 1589 0 1306623 0 976462
1786138269.873576 1310609 1071349 2850 1589 0 1306623 0 976462
1786138270.872973 1310609 1071349 2850 1589 0 1306623 0 976462
1786138271.873481 1310609 1071349 2850 1589 0 1306623 0 976462
1786138272.873075 1310609 1071349 2850 1589 0 1306623 0 976462
1786138273.872999 1310609 1071349 2850 1589 0 1306623 0 976462
1786138274.872980 1310609 1071349 2850 1589 0 1306623 0 976462
1786138275.872970 1310609 1071349 2850 1589 0 1306623 0 976462
1786138276.872560 1310609 1071349 2850 1589 0 1306623 0 976462
1786138277.873072 1310609 1071349 2850 1589 0 1306623 0 976462
1786138278.873254 1310609 1071349 2850 1589 0 1306623 0 976462
1786138279.872947 1310609 1071349 2850 1589 0 1306623 0 976462
1786138280.873069 1310609 1071349 2850 1589 0 1306623 0 976462
1786138281.873581 1310609 1071349 2850 1589 0 1306623 0 976462
1786138282.873590 1310609 1071349 2850 1589 0 1306623 0 976462
1786138283.873574 1310609 1071349 2850 1589 0 1306623 0 976462
1786138284.872658 1310609 1071349 2850 1589 0 1306623 0 976462
1786138285.872899 1310609 1071349 2850 1589 0 1306623 0 976462
1786138286.872981 1310609 1071349 2850 1589 0 1306623 0 976462
1786138287.873150 1310609 1071349 2850 1589 0 1306623 0 976462
1786138288.872955 1310609 1071349 2850 1589 0 1306623 0 976462
1786138289.873085 1310609 1071349 2850 1589 0 1306623 0 976462
1786138290.872685 1310609 1071349 2850 1589 0 1306623 0 976462
1786138291.873269 1310609 1071349 2850 1589 0 1306623 0 976462
1786138292.873608 1310609 1071349 2850 1589 0 1306623 0 976462
1786138293.873471 1310609 1071349 2850 1589 0 1306623 0 976462
1786138294.873547 1310609 1071349 2850 1589 0 1306623 0 976462
1786138295.873645 1310609 1071349 2850 1589 0 1306623 0 976462
1786138296.873501 1310609 1071349 2850 1589 0 1306623 0 976462
1786138297.873027 1310609 1071349 2850 1589 0 1306623 0 976462
1786138298.873037 1310609 1071349 2850 1589 0 1306623 0 976462
1786138299.873387 1310609 1071349 2850 1589 0 1306623 0 976462
1786138300.872881 1310609 1071349 2850 1589 0 1306623 0 976462
1786138301.873204 1310609 1071349 2850 1589 0 1306623 0 976462
1786138302.872671 1310609 1071349 2850 1589 0 1306623 0 976462
1786138303.872967 1310609 1071349 2850 1589 0 1306623 0 976462
1786138304.873485 1310609 1071349 2850 1589 0 1306623 0 976462
1786138305.872967 1310609 1071349 2850 1589 0 1306623 0 976462
1786138306.873040 1310609 1071349 2850 1589 0 1306623 0 976462
1786138307.873469 1310609 1071349 2850 1589 0 1306623 0 976462
1786138308.873193 1310609 1071349 2850 1589 0 1306623 0 976462
1786138309.872906 1310609 1071349 2850 1589 0 1306623 0 976462
1786138310.873512 1310609 1071363 2850 1589 0 1306623 0 976462
1786138311.873474 1310609 1071363 2850 1589 0 1306623 0 976462
1786138312.873482 1310609 1071363 2850 1589 0 1306623 0 976462
1786138313.873546 1310609 1071363 2850 1589 0 1306623 0 976462
1786138314.873033 1310609 1071363 2850 1589 0 1306623 0 976462
1786138315.873367 1310609 1071363 2850 1589 0 1306623 0 976462
1786138316.872995 1310609 1071363 2850 1589 0 1306623 0 976462
1786138317.873592 1310609 1071363 2850 1589 0 1306623 0 976462
1786138318.873546 1310609 1071363 2850 1589 0 1306623 0 976462
1786138319.873476 1310609 1071363 2850 1589 0 1306623 0 976462
1786138320.872866 1310609 1071363 2850 1589 0 1306623 0 976462
1786138321.873477 1310609 1071363 2850 1589 0 1306623 0 976462
1786138322.872978 1310609 1071363 2850 1589 0 1306623 0 976462
1786138323.873017 1310609 1071363 2850 1589 0 1306623 0 976462
1786138324.872954 1310609 1071363 2850 1589 0 1306623 0 976462
1786138325.872991 1310609 1071363 2850 1589 0 1306623 0 976462
1786138326.873562 1310609 1071363 2850 1589 0 1306623 0 976462
1786138327.872909 1310609 1071363 2850 1589 0 1306623 0 976462
1786138328.873441 1310609 1071363 2850 1589 0 1306623 0 976462
1786138329.873551 1310609 1071363 2850 1589 0 1306623 0 976462
1786138330.873558 1310609 1071363 2850 1589 0 1306623 0 976462
1786138331.872643 1310609 1071363 2850 1589 0 1306623 0 976462
1786138332.872914 1310609 1071363 2850 1589 0 1306623 0 976462
1786138333.872681 1310609 1071363 2850 1589 0 1306623 0 976462
1786138334.873570 1310609 1071363 2850 1589 0 1306623 0 976462
1786138335.873384 1310609 1071363 2850 1589 0 1306623 0 976462
1786138336.873599 1310609 1071363 2850 1589 0 1306623 0 976462
1786138337.873490 1310609 1071363 2850 1589 0 1306623 0 976462
1786138338.873669 1310609 1071363 2850 1589 0 1306623 0 976462
1786138339.873020 1310609 1071363 2850 1589 0 1306623 0 976462
1786138340.873439 1310609 1071363 2850 1589 0 1306623 0 976462
1786138341.873571 1310609 1071363 2850 1589 0 1306623 0 976462
1786138342.873034 1310609 1071363 2850 1589 0 1306623 0 976462
1786138343.872878 1310609 1071363 2850 1589 0 1306623 0 976462
1786138344.873125 1310609 1071363 2850 1589 0 1306623 0 976462
1786138345.873341 1310609 1071363 2850 1589 0 1306623 0 976462
1786138346.873175 1310609 1071363 2850 1589 0 1306623 0 976462
1786138347.873022 1310609 1071363 2850 1589 0 1306623 0 976462
1786138348.873322 1310609 1071363 2850 1589 0 1306623 0 976462
1786138349.872986 1310609 1071363 2850 1589 0 1306623 0 976462
1786138350.873422 1310609 1071363 2850 1589 0 1306623 0 976462
1786138351.874058 1310609 1071363 2850 1589 0 1306623 0 976462
1786138352.872869 1310609 1071363 2850 1589 0 1306623 0 976462
1786138353.872998 1310609 1071363 2850 1589 0 1306623 0 976462
1786138354.873007 1310609 1071363 2850 1589 0 1306623 0 976462
1786138355.873475 1310609 1071363 2850 1589 0 1306623 0 976462
1786138356.873431 1310609 1071363 2850 1589 0 1306623 0 976462
1786138357.873550 1310609 1071363 2850 1589 0 1306623 0 976462
1786138358.873114 1310609 1071363 2850 1589 0 1306623 0 976462
1786138359.873531 1310609 1071363 2850 1589 0 1306623 0 976462
1786138360.872964 1310609 1071363 2850 1589 0 1306623 0 976462
1786138361.873647 1310609 1071363 2850 1589 0 1306623 0 976462
1786138362.873069 1310609 1071363 2850 1589 0 1306623 0 976462
1786138363.873209 1310609 1071363 2850 1589 0 1306623 0 976462
1786138364.873392 1310609 1071363 2850 1589 0 1306623 0 976462
1786138365.873366 1310609 1071363 2850 1589 0 1306623 0 976462
1786138366.873503 1310609 1071363 2850 1589 0 1306623 0 976462
1786138367.872906 1310609 1071363 2850 1589 0 1306623 0 976462
1786138368.873619 1310609 1071363 2850 1589 0 1306623 0 976462
1786138369.872898 1310609 1071363 2850 1589 0 1306623 0 976462
1786138370.873615 1310609 1071363 2850 1589 0 1306623 0 976462
1786138371.874680 1310609 1071363 2850 1589 0 1306623 0 976462
1786138372.873138 1310609 1071363 2850 1589 0 1306623 0 976462
1786138373.873611 1310609 1071363 2850 1589 0 1306623 0 976462
1786138374.873524 1310609 1071363 2850 1589 0 1306623 0 976462
1786138375.873590 1310609 1071363 2850 1589 0 1306623 0 976462
1786138376.873102 1310609 1071363 2850 1589 0 1306623 0 976462
1786138377.873256 1310609 1071363 2850 1589 0 1306623 0 976462
1786138378.873594 1310609 1071363 2850 1589 0 1306623 0 976462
1786138379.872468 1310609 1071363 2850 1589 0 1306623 0 976462
1786138380.873451 1310609 1071363 2850 1589 0 1306623 0 976462
1786138381.875294 1310609 1071363 2850 1589 0 1306623 0 976462
1786138382.873026 1310609 1071363 2850 1589 0 1306623 0 976462
1786138383.873026 1310609 1071363 2850 1589 0 1306623 0 976462
1786138384.873489 1310609 1071363 2850 1589 0 1306623 0 976462
1786138385.873462 1310609 1071363 2850 1589 0 1306623 0 976462
1786138386.872801 1310609 1071363 2850 1589 0 1306623 0 976462
1786138387.872984 1310609 1071363 2850 1589 0 1306623 0 976462
1786138388.872846 1310609 1071363 2850 1589 0 1306623 0 976462
1786138389.873373 1310609 1071363 2850 1589 0 1306623 0 976462
1786138390.872976 1310609 1071363 2850 1589 0 1306623 0 976462
1786138391.873943 1310609 1071363 2850 1589 0 1306623 0 976462
1786138392.872986 1310609 1071363 2850 1589 0 1306623 0 976462
1786138393.873220 1310609 1071363 2850 1589 0 1306623 0 976462
1786138394.873001 1310609 1071363 2850 1589 0 1306623 0 976462
1786138395.872978 1310609 1071363 2850 1589 0 1306623 0 976462
1786138396.873419 1310609 1071363 2850 1589 0 1306623 0 976462
1786138397.873374 1310609 1071363 2850 1589 0 1306623 0 976462
1786138398.873459 1310609 1071363 2850 1589 0 1306623 0 976462
1786138399.872985 1310609 1071363 2850 1589 0 1306623 0 976462
1786138400.873000 1310609 1071363 2850 1589 0 1306623 0 976462
1786138401.873694 1310609 1071363 2850 1589 0 1306623 0 976462
1786138402.873492 1310609 1071363 2850 1589 0 1306623 0 976462
1786138403.873000 1310609 1071363 2850 1589 0 1306623 0 976462
1786138404.873002 1310609 1071363 2850 1589 0 1306623 0 976462
1786138405.873016 1310609 1071363 2850 1589 0 1306623 0 976462
1786138406.873383 1310609 1071363 2850 1589 0 1306623 0 976462
1786138407.872796 1310609 1071363 2850 1589 0 1306623 0 976462
1786138408.873554 1310609 1071363 2850 1589 0 1306623 0 976462
1786138409.873563 1310609 1071363 2850 1589 0 1306623 0 976462
1786138410.872882 1310609 1071363 2850 1589 0 1306623 0 976462
1786138411.873988 1310609 1071363 2850 1589 0 1306623 0 976462
1786138412.873403 1310609 1071363 2850 1589 0 1306623 0 976462
1786138413.873548 1310609 1071363 2850 1589 0 1306623 0 976462
1786138414.872976 1310609 1071363 2850 1589 0 1306623 0 976462
1786138415.873021 1310609 1071363 2850 1589 0 1306623 0 976462
1786138416.873532 1310609 1071363 2850 1589 0 1306623 0 976462
1786138417.873005 1310609 1071363 2850 1589 0 1306623 0 976462
1786138418.872981 1310609 1071363 2850 1589 0 1306623 0 976462
1786138419.872953 1310609 1071363 2850 1589 0 1306623 0 976462
1786138420.873523 1310609 1071363 2850 1589 0 1306623 0 976462
1786138421.873422 1310609 1071363 2850 1589 0 1306623 0 976462
1786138422.873042 1310609 1071363 2850 1589 0 1306623 0 976462
1786138423.873163 1310609 1071363 2850 1589 0 1306623 0 976462
1786138424.872967 1310609 1071363 2850 1589 0 1306623 0 976462
1786138425.872803 1310609 1071363 2850 1589 0 1306623 0 976462
1786138426.873552 1310609 1071363 2850 1589 0 1306623 0 976462
1786138427.873568 1310609 1071363 2850 1589 0 1306623 0 976462
1786138428.873527 1310609 1071363 2850 1589 0 1306623 0 976462
1786138429.873272 1310609 1071363 2850 1589 0 1306623 0 976462
1786138430.872999 1310609 1071363 2850 1589 0 1306623 0 976462
1786138431.872719 1310609 1071363 2850 1589 0 1306623 0 976462
1786138432.873050 1310609 1071363 2850 1589 0 1306623 0 976462
1786138433.872991 1310609 1071363 2850 1589 0 1306623 0 976462
1786138434.872991 1310609 1071363 2850 1589 0 1306623 0 976462
1786138435.873007 1310609 1071363 2850 1589 0 1306623 0 976462
1786138436.873024 1310609 1071363 2850 1589 0 1306623 0 976462
1786138437.872972 1310609 1071363 2850 1589 0 1306623 0 976462
1786138438.873596 1310609 1071363 2850 1589 0 1306623 0 976462
1786138439.873018 1310609 1071363 2850 1589 0 1306623 0 976462
1786138440.872999 1310609 1071363 2850 1589 0 1306623 0 976462
1786138441.873522 1310609 1071363 2850 1589 0 1306623 0 976462
1786138442.873516 1310609 1071363 2850 1589 0 1306623 0 976462
1786138443.873598 1310609 1071363 2850 1589 0 1306623 0 976462
1786138444.873455 1310609 1071363 2850 1589 0 1306623 0 976462
1786138445.872975 1310609 1071363 2850 1589 0 1306623 0 976462
1786138446.872865 1310609 1071363 2850 1589 0 1306623 0 976462
1786138447.872900 1310609 1071363 2850 1589 0 1306623 0 976462
1786138448.873034 1310609 1071363 2850 1589 0 1306623 0 976462
1786138449.872980 1310609 1071363 2850 1589 0 1306623 0 976462
1786138450.872911 1310609 1071363 2850 1589 0 1306623 0 976462
1786138451.872809 1310609 1071363 2850 1589 0 1306623 0 976462
1786138452.873331 1310609 1071363 2850 1589 0 1306623 0 976462
1786138453.873473 1310609 1071363 2850 1589 0 1306623 0 976462
1786138454.872764 1310609 1071363 2850 1589 0 1306623 0 976462
1786138455.873471 1310609 1071363 2850 1589 0 1306623 0 976462
1786138456.873579 1310609 1071363 2850 1589 0 1306623 0 976462
1786138457.873000 1310609 1071363 2850 1589 0 1306623 0 976462
1786138458.873060 1310609 1071363 2850 1589 0 1306623 0 976462
1786138459.872978 1310609 1071363 2850 1589 0 1306623 0 976462
1786138460.873272 1310609 1071363 2850 1589 0 1306623 0 976462
1786138461.872981 1310609 1071363 2850 1589 0 1306623 0 976462
1786138462.873580 1310609 1071363 2850 1589 0 1306623 0 976462
1786138463.872877 1310609 1071363 2850 1589 0 1306623 0 976462
1786138464.873146 1310609 1071363 2850 1589 0 1306623 0 976462
1786138465.873464 1310609 1071363 2850 1589 0 1306623 0 976462
1786138466.872968 1310609 1071363 2850 1589 0 1306623 0 976462
1786138467.873019 1310609 1071363 2850 1589 0 1306623 0 976462
1786138468.872997 1310609 1071363 2850 1589 0 1306623 0 976462
1786138469.872945 1310609 1071363 2850 1589 0 1306623 0 976462
1786138470.873118 1310609 1071363 2850 1589 0 1306623 0 976462
1786138471.873022 1310609 1071363 2850 1589 0 1306623 0 976462
1786138472.873104 1310609 1071363 2850 1589 0 1306623 0 976462
1786138473.873406 1310609 1071363 2850 1589 0 1306623 0 976462
1786138474.872956 1310609 1071363 2850 1589 0 1306623 0 976462
1786138475.873469 1310609 1071363 2850 1589 0 1306623 0 976462
1786138476.873388 1310609 1071363 2850 1589 0 1306623 0 976462
1786138477.873568 1310609 1071363 2850 1589 0 1306623 0 976462
1786138478.872979 1310609 1071363 2850 1589 0 1306623 0 976462
1786138479.873593 1310609 1071363 2850 1589 0 1306623 0 976462
1786138480.872975 1310609 1071363 2850 1589 0 1306623 0 976462
1786138481.873543 1310609 1071363 2850 1589 0 1306623 0 976462
1786138482.873519 1310609 1071363 2850 1589 0 1306623 0 976462
1786138483.872905 1310609 1071363 2850 1589 0 1306623 0 976462
1786138484.872863 1310609 1071363 2850 1589 0 1306623 0 976462
1786138485.873549 1310609 1071363 2850 1589 0 1306623 0 976462
1786138486.872848 1310609 1071363 2850 1589 0 1306623 0 976462
1786138487.872834 1310609 1071363 2850 1589 0 1306623 0 976462
1786138488.872895 1310609 1071363 2850 1589 0 1306623 0 976462
1786138489.873537 1310609 1071363 2850 1589 0 1306623 0 976462
1786138490.872977 1310609 1071363 2850 1589 0 1306623 0 976462
1786138491.872995 1310609 1071363 2850 1589 0 1306623 0 976462
1786138492.873054 1310609 1071363 2850 1589 0 1306623 0 976462
1786138493.873302 1310609 1071363 2850 1589 0 1306623 0 976462
1786138494.873496 1310609 1071363 2850 1589 0 1306623 0 976462
1786138495.873581 1310609 1071363 2850 1589 0 1306623 0 976462
1786138496.873591 1310609 1071363 2850 1589 0 1306623 0 976462
1786138497.873046 1310609 1071363 2850 1589 0 1306623 0 976462
1786138498.873484 1310609 1071363 2850 1589 0 1306623 0 976462
1786138499.872940 1310609 1071363 2850 1589 0 1306623 0 976462
1786138500.873580 1310609 1071363 2850 1589 0 1306623 0 976462
1786138501.873599 1310609 1071363 2850 1589 0 1306623 0 976462
1786138502.873293 1310609 1071363 2850 1589 0 1306623 0 976462
1786138503.872590 1310609 1071363 2850 1589 0 1306623 0 976462
1786138504.873023 1310609 1071363 2850 1589 0 1306623 0 976462
1786138505.872992 1310609 1071363 2850 1589 0 1306623 0 976462
1786138506.873599 1310609 1071363 2850 1589 0 1306623 0 976462
1786138507.873580 1310609 1071363 2850 1589 0 1306623 0 976462
1786138508.873125 1310609 1071363 2850 1589 0 1306623 0 976462
1786138509.872960 1310609 1071363 2850 1589 0 1306623 0 976462
1786138510.873120 1310609 1071363 2850 1589 0 1306623 0 976462
1786138511.872998 1310609 1071363 2850 1589 0 1306623 0 976462
1786138512.873019 1310609 1071363 2850 1589 0 1306623 0 976462
1786138513.872721 1310609 1071363 2850 1589 0 1306623 0 976462
1786138514.873122 1310609 1071363 2850 1589 0 1306623 0 976462
1786138515.872931 1310609 1071363 2850 1589 0 1306623 0 976462
1786138516.872980 1310609 1071363 2850 1589 0 1306623 0 976462
1786138517.873548 1310609 1071363 2850 1589 0 1306623 0 976462
1786138518.872966 1310609 1071363 2850 1589 0 1306623 0 976462
1786138519.873537 1310609 1071363 2850 1589 0 1306623 0 976462
1786138520.873007 1310609 1071363 2850 1589 0 1306623 0 976462
1786138521.873488 1310609 1071363 2850 1589 0 1306623 0 976462
1786138522.872745 1310609 1071363 2850 1589 0 1306623 0 976462
1786138523.873259 1310609 1071363 2850 1589 0 1306623 0 976462
1786138524.873210 1310609 1071363 2850 1589 0 1306623 0 976462
1786138525.873320 1310609 1071363 2850 1589 0 1306623 0 976462
1786138526.872986 1310609 1071363 2850 1589 0 1306623 0 976462
1786138527.873423 1310609 1071363 2850 1589 0 1306623 0 976462
1786138528.872942 1310609 1071363 2850 1589 0 1306623 0 976462
1786138529.873563 1310609 1071363 2850 1589 0 1306623 0 976462
1786138530.873028 1310609 1071363 2850 1589 0 1306623 0 976462
1786138531.872926 1310609 1071363 2850 1589 0 1306623 0 976462
1786138532.873050 1310609 1071363 2850 1589 0 1306623 0 976462
1786138533.873049 1310609 1071363 2850 1589 0 1306623 0 976462
1786138534.872984 1310609 1071363 2850 1589 0 1306623 0 976462
1786138535.873502 1310609 1071363 2850 1589 0 1306623 0 976462
1786138536.873458 1310609 1071363 2850 1589 0 1306623 0 976462
1786138537.872897 1310609 1071363 2850 1589 0 1306623 0 976462
1786138538.873557 1310609 1071363 2850 1589 0 1306623 0 976462
1786138539.873115 1310609 1071363 2850 1589 0 1306623 0 976462
1786138540.873331 1310609 1071363 2850 1589 0 1306623 0 976462
1786138541.873623 1310609 1071363 2850 1589 0 1306623 0 976462
1786138542.872778 1310609 1071363 2850 1589 0 1306623 0 976462
1786138543.873500 1310609 1071363 2850 1589 0 1306623 0 976462
1786138544.872882 1310609 1071363 2850 1589 0 1306623 0 976462
1786138545.873377 1310609 1071363 2850 1589 0 1306623 0 976462
1786138546.873001 1310609 1071363 2850 1589 0 1306623 0 976462
1786138547.874496 1310609 1071363 2850 1589 0 1306623 0 976462
1786138548.873481 1310609 1071363 2850 1589 0 1306623 0 976462
1786138549.873024 1310609 1071363 2850 1589 0 1306623 0 976462
1786138550.873467 1310609 1071363 2850 1589 0 1306623 0 976462
1786138551.873545 1310609 1071363 2850 1589 0 1306623 0 976462
1786138552.872943 1310609 1071363 2850 1589 0 1306623 0 976462
1786138553.872969 1310609 1071363 2850 1589 0 1306623 0 976462
1786138554.872832 1310609 1071363 2850 1589 0 1306623 0 976462
1786138555.873147 1310609 1071363 2850 1589 0 1306623 0 976462
1786138556.873538 1310609 1071363 2850 1589 0 1306623 0 976462
