# start_epoch=1786703481.959938  page_size=4096  cachestat=ok  fields=size,resident,shared,text,lib,data,dt,pagecache
1786703482.960150 174445 27675 7742 99 0 160440 0 1
1786703483.960133 174445 27675 7742 99 0 160440 0 1
1786703484.977610 2819716 49635 29178 99 0 163896 0 27375
1786703485.978455 2838050 65985 45522 99 0 163896 0 40014
1786703486.980619 2833383 54764 34286 99 0 165944 0 47510
1786703487.979199 2851709 73816 53335 99 0 165944 0 50534
1786703488.980029 2844996 52699 32220 99 0 165944 0 56789
1786703489.981942 2863258 69305 48826 99 0 165944 0 77715
1786703490.980538 2874786 69633 49132 99 0 165944 0 82353
1786703491.965168 2911374 102062 81561 99 0 165944 0 108903
1786703492.984671 2911324 106208 85707 99 0 165944 0 121361
1786703493.983686 2911324 110067 89566 99 0 165944 0 135359
1786703494.984946 2929633 125053 104552 99 0 165944 0 133602
1786703495.984275 2929633 128002 107501 99 0 165944 0 147106
1786703496.983783 2929633 131090 110589 99 0 165944 0 144221
1786703497.985925 2947959 147118 126761 99 0 165944 0 149807
1786703498.998544 2975405 124358 104031 99 0 165944 0 182772
1786703499.985316 2938318 86346 66004 99 0 165944 0 142505
1786703500.984293 2938318 88140 67798 99 0 165944 0 155085
1786703501.984475 2938318 90218 69870 99 0 165944 0 159238
1786703502.987189 2956627 107424 87076 99 0 165944 0 166512
1786703503.985948 2956627 114482 94132 99 0 165944 0 173389
1786703504.985653 2956627 120688 100336 99 0 165944 0 171395
1786703505.992729 2954151 68169 47825 99 0 165944 0 178176
1786703506.985324 3003766 86097 65753 99 0 165944 0 206208
1786703507.988198 2970823 89593 69234 99 0 165944 0 187644
1786703509.077740 2989068 104219 83860 99 0 165944 0 202126
1786703509.987002 2989068 105858 85499 99 0 165944 0 206087
1786703510.987432 2989068 107963 87598 99 0 165944 0 210278
1786703511.989424 3007394 122849 102484 99 0 165944 0 218723
1786703512.987110 3042156 84659 64311 99 0 165944 0 241737
1786703513.992341 3004191 90005 69701 99 0 165944 0 218971
1786703514.988685 3004191 93916 73612 99 0 165944 0 232078
1786703515.988806 3022436 111066 90757 99 0 165944 0 230187
1786703517.077965 3022436 117535 97226 99 0 165944 0 236530
1786703518.078383 3022436 123331 103021 99 0 165944 0 242233
1786703518.989936 3040762 139702 119392 99 0 165944 0 250656
1786703520.004974 3028919 71624 51348 99 0 165944 0 242015
1786703520.992497 3090169 88443 68173 99 0 165944 0 299495
1786703522.095591 3065882 104488 84217 99 0 165944 0 284774
1786703523.082244 3111333 110236 89965 99 0 165944 0 325849
1786703524.089319 3184832 114253 93978 99 0 165944 0 401560
1786703525.086017 3184832 116202 95927 99 0 165944 0 405056
1786703526.084696 3203158 131122 110869 99 0 165944 0 414562
1786703527.081609 3203158 135486 115233 99 0 165944 0 423025
1786703528.285184 3168327 90914 70683 99 0 165944 0 337028
1786703529.082058 3032476 93979 73748 99 0 165944 0 246563
1786703530.178778 3081100 99041 78810 99 0 165944 0 307111
1786703531.092213 3099409 114751 94514 99 0 165944 0 302912
1786703532.079775 3154699 119514 99288 99 0 165944 0 364087
1786703533.080317 3154699 122571 102345 99 0 165944 0 370053
1786703534.080989 3210336 140206 119980 99 0 165944 0 416193
1786703535.188739 3198679 121262 101029 99 0 165944 0 393871
1786703536.095072 3039553 78638 58405 99 0 165944 0 259612
1786703537.084543 3100661 96629 76396 99 0 165944 0 315699
1786703538.101075 3148983 102258 82029 99 0 165944 0 364122
1786703539.088397 3167228 116118 95889 99 0 165944 0 376077
1786703540.084151 3196846 119574 99345 99 0 165944 0 408961
1786703541.379933 3282439 133130 113093 99 0 165944 0 453198
1786703542.187250 3138456 92696 72658 99 0 165944 0 347393
1786703543.177521 3068965 95418 75380 99 0 165944 0 288602
1786703544.099121 3145564 102433 82389 99 0 165944 0 368773
1786703545.188059 3181586 118828 98784 99 0 165944 0 390036
1786703546.178163 3181586 121802 101753 99 0 165944 0 393297
1786703547.083964 3181586 124885 104846 99 0 165944 0 395715
1786703548.081410 3199895 140497 120476 99 0 165944 0 403983
1786703549.282246 3172926 98652 78625 99 0 165944 0 318073
1786703550.177979 3076844 79463 59436 99 0 165944 0 298599
1786703551.190633 3157340 98622 78590 99 0 165944 0 367503
1786703552.081841 3157340 102920 82895 99 0 165944 0 363974
1786703553.083258 3224813 107353 87328 99 0 165944 0 444306
1786703554.386033 3254469 121704 101673 99 0 165944 0 415080
1786703555.092092 3130440 75802 55771 99 0 165944 0 343114
1786703556.084809 3130440 79510 59479 99 0 165944 0 354571
1786703557.181194 3186102 97460 77421 99 0 165944 0 397539
1786703558.280247 3244660 105527 85488 99 0 165944 0 461803
1786703559.093708 3275468 111442 91401 99 0 165944 0 503176
1786703560.190993 3384099 132439 112404 99 0 165944 0 565746
1786703561.280929 3239018 107542 87502 99 0 165944 0 438367
1786703562.181642 3104446 80820 60780 99 0 165944 0 328378
1786703563.181306 3122708 98008 77961 99 0 165944 0 332609
1786703564.082043 3212914 102858 82818 99 0 165944 0 423406
1786703565.084661 3212914 106386 86346 99 0 165944 0 429090
1786703566.196161 3307416 128440 108396 99 0 165944 0 474998
1786703567.184421 3175319 128298 108254 99 0 165944 0 388920
1786703568.188129 3206369 77490 57446 99 0 165944 0 430277
1786703569.188096 3224695 94171 74122 99 0 165944 0 435389
1786703570.087784 3266342 100607 80567 99 0 165944 0 479344
1786703571.084967 3266342 107494 87454 99 0 165944 0 486044
1786703572.285724 3268139 124230 104189 99 0 165944 0 477478
1786703573.384837 3297163 106484 86443 99 0 165944 0 500101
1786703574.282082 3300024 83676 63630 99 0 165944 0 511564
1786703575.285787 3300024 87304 67258 99 0 165944 0 522896
1786703576.179211 3318269 102564 82518 99 0 165944 0 520810
1786703577.178715 3406075 112872 92834 99 0 165944 0 625854
1786703578.179965 3277643 85525 65483 99 0 165944 0 461050
1786703579.181162 3168414 74249 54266 99 0 165944 0 379962
1786703580.183235 3168414 78259 58276 99 0 165944 0 391854
1786703581.285654 4306489 99408 79418 99 0 165944 0 449007
1786703582.196063 3338178 99473 79477 99 0 165944 0 547037
1786703583.288761 3387582 102697 82698 99 0 165944 0 557395
1786703584.279792 4325528 113715 93715 99 0 165944 0 470709
1786703585.186683 3249681 94444 74444 99 0 165944 0 463796
1786703586.182908 3245477 83475 63479 99 0 165944 0 456046
1786703587.198870 3255498 89894 69898 99 0 165944 0 452105
1786703588.101931 3227310 103981 83970 99 0 165944 0 434787
1786703589.286639 3293988 107754 87743 99 0 165944 0 512693
1786703590.393412 3357582 81854 61838 99 0 165944 0 564021
1786703591.190233 3437477 98236 78219 99 0 165944 0 644556
1786703592.279574 3437477 105801 85782 99 0 165944 0 650634
1786703593.277617 3434099 112750 92695 99 0 165944 0 638834
1786703594.286058 3198511 88149 68083 99 0 165944 0 410493
1786703595.192703 3209990 73176 53110 99 0 165944 0 422823
1786703596.181636 3209990 75405 55339 99 0 165944 0 433946
1786703597.278218 3228252 88751 68679 99 0 165944 0 437224
1786703598.089474 3317790 92704 72644 99 0 165944 0 526817
1786703599.297847 3336427 108702 88637 99 0 165944 0 539853
1786703600.393990 3345920 111810 91745 99 0 165944 0 555465
1786703601.292683 3349742 80115 60050 99 0 165944 0 573348
1786703602.292708 3368051 96306 76235 99 0 165944 0 578450
1786703603.295258 3437171 102128 81657 99 0 165944 0 650960
1786703604.095239 3458876 108408 87995 99 0 165944 0 673121
1786703605.391415 3500850 126794 106425 99 0 165944 0 688552
1786703606.280041 3358642 128870 108506 99 0 165944 0 571678
1786703607.191189 3377321 81271 60907 99 0 165944 0 586000
1786703608.197943 3382987 95138 74773 99 0 165944 0 588345
1786703609.383212 3533759 101270 80901 99 0 165944 0 742568
1786703610.393884 3533759 105066 84697 99 0 165944 0 754259
1786703611.188570 3595317 124055 103720 99 0 165944 0 800554
1786703612.394017 3535669 129572 109237 99 0 165944 0 733349
1786703613.378507 3417462 123210 102832 99 0 165944 0 599180
1786703614.379144 3301614 98496 78118 99 0 165944 0 503906
1786703615.183707 3310542 95371 74998 99 0 165944 0 512468
1786703616.192510 3310542 99693 79320 99 0 165944 0 524845
1786703617.086765 3328804 117948 97574 99 0 165944 0 531554
1786703618.483015 3386014 125334 104959 99 0 165944 0 559116
1786703619.285604 3310268 77306 57033 99 0 165944 0 527597
1786703620.292268 4420707 84623 64350 99 0 165944 0 574082
1786703621.379571 3373304 97589 77316 99 0 165944 0 588821
1786703622.292609 3373304 101645 81366 99 0 165944 0 592171
1786703623.182546 4518980 110025 89746 99 0 165944 0 664209
1786703624.280924 3424493 120424 99902 99 0 165944 0 603209
1786703625.194762 3303362 121794 101272 99 0 165944 0 509231
1786703626.285439 3294178 125449 104924 99 0 165944 0 511798
1786703627.384498 3422846 90564 70039 99 0 165944 0 635535
1786703628.189060 3508616 103620 83119 99 0 165944 0 717921
1786703629.181297 3508616 109298 88797 99 0 165944 0 722393
1786703630.501391 3475965 124772 104390 99 0 165944 0 578391
1786703631.288386 3312578 127898 107516 99 0 165944 0 525047
1786703632.291086 3312578 132190 111808 99 0 165944 0 528305
1786703633.183988 3362604 95746 75401 99 0 165944 0 570843
1786703634.380823 3441878 100960 80274 99 0 165944 0 654786
1786703635.199377 3441878 104647 83971 99 0 165944 0 659156
1786703636.185232 3508037 123589 102912 99 0 165944 0 713857
1786703637.584795 3486310 128567 107895 99 0 165944 0 666661
1786703638.382523 3479247 123668 102996 99 0 165944 0 670225
1786703639.285521 3361897 80826 60154 99 0 165944 0 589841
1786703640.186929 3455006 97823 77144 99 0 165944 0 660296
1786703641.181267 3455006 104346 83674 99 0 165944 0 664253
1786703642.184689 3533271 122497 101822 99 0 165944 0 739717
1786703643.380946 3458042 125929 105256 99 0 165944 0 657902
1786703644.194413 3369337 127817 107144 99 0 165944 0 585449
1786703645.284029 3369337 131316 110643 99 0 165944 0 587818
1786703646.294729 3398288 84738 64060 99 0 165944 0 606327
1786703647.282968 3415450 100783 80105 99 0 165944 0 629408
1786703648.178192 3495695 108648 87982 99 0 165944 0 711467
1786703649.683401 3588040 130234 109571 99 0 165944 0 707003
1786703650.490455 3394262 122568 101905 99 0 165944 0 544703
1786703651.281627 3294070 78387 57785 99 0 165944 0 515359
1786703652.193856 3395598 95290 74691 99 0 165944 0 602602
1786703653.198256 3395598 98361 77762 99 0 165944 0 605479
1786703654.198068 3395598 102084 81485 99 0 165944 0 609128
1786703655.178124 3413924 119382 98783 99 0 165944 0 621799
1786703656.778621 3504690 126770 106169 99 0 165944 0 677449
1786703657.281771 3438738 98817 78216 99 0 165944 0 651613
1786703658.386651 3438738 97771 77169 99 0 165944 0 653931
1786703659.388340 3438738 102434 81826 99 0 165944 0 647470
1786703660.279595 3438738 105998 85390 99 0 165944 0 658408
1786703661.383101 3549918 121452 100843 99 0 165944 0 764384
1786703662.183554 3549918 127689 107086 99 0 165944 0 760888
1786703663.677691 3549120 131103 110490 99 0 165944 0 710497
1786703664.586558 3432377 143878 123265 99 0 165944 0 606930
1786703665.390497 3395762 94596 73983 99 0 165944 0 603637
1786703666.184797 3395762 98168 77550 99 0 165944 0 605560
1786703667.392435 3484313 103556 82938 99 0 165944 0 707609
1786703668.181571 3502575 122393 101785 99 0 165944 0 704763
1786703669.382521 3491192 129118 108506 99 0 165944 0 674120
1786703670.280626 3388047 133585 112973 99 0 165944 0 608893
1786703671.385266 4499209 148544 127926 99 0 165944 0 651352
1786703672.293215 3495627 103759 83141 99 0 165944 0 706764
1786703673.493750 3495384 107223 86605 99 0 165944 0 719130
1786703674.278848 3495384 111327 90709 99 0 165944 0 713144
1786703675.484567 3576384 127951 107340 99 0 165944 0 785075
1786703676.484701 3594421 131451 110840 99 0 165944 0 797646
1786703677.479206 3492904 107287 86670 99 0 165944 0 674536
1786703678.179786 3494279 83858 63248 99 0 165944 0 703068
1786703679.188953 3512541 98294 77683 99 0 165944 0 722831
1786703680.194523 3512541 103531 82920 99 0 165944 0 726993
1786703681.194000 3452459 119792 99194 99 0 165944 0 627111
1786703682.388097 3500277 77421 56847 99 0 165944 0 690727
1786703683.388622 3467798 82767 62252 99 0 165944 0 693273
1786703684.293233 3486060 99089 78569 99 0 165944 0 687442
1786703685.481469 3565610 104099 83579 99 0 165944 0 778706
1786703686.296952 3565610 106634 86114 99 0 165944 0 780148
1786703687.291751 3565610 111531 91019 99 0 165944 0 783573
1786703688.285938 3509015 124486 103997 99 0 165944 0 711562
1786703689.308655 3593491 93778 73288 99 0 165944 0 786669
1786703690.385403 3581612 79444 58947 99 0 165944 0 795043
1786703691.579906 3658070 86359 65862 99 0 165944 0 875607
1786703692.494125 3658070 92445 71946 99 0 165944 0 867830
1786703693.190785 3676396 111037 90547 99 0 165944 0 882539
1786703694.900096 3787874 121342 100861 99 0 165944 0 916200
1786703695.585027 3585793 99940 79468 99 0 165944 0 737808
1786703696.385185 3481095 77342 56870 99 0 165944 0 699171
1786703697.393515 3470479 81949 61476 99 0 165944 0 653403
1786703698.183750 3409151 88435 68057 99 0 165944 0 616405
1786703699.103069 3411354 105364 84985 99 0 165944 0 623059
1786703700.288925 3455880 121856 101471 99 0 165944 0 663928
1786703701.193619 3455880 124424 104039 99 0 165944 0 673749
1786703702.290569 3455880 126892 106507 99 0 165944 0 684584
1786703703.304446 3620696 115141 94749 99 0 165944 0 827402
1786703704.481663 3620696 118692 98300 99 0 165944 0 837850
1786703705.588639 3699867 122662 102270 99 0 165944 0 919155
1786703706.278010 4816524 142875 122494 99 0 165944 0 958973
1786703707.193313 3758425 141192 120811 99 0 165944 0 964596
1786703708.488713 3705145 144069 123684 99 0 165944 0 864983
1786703709.480791 3618392 146469 126094 99 0 165944 0 828700
1786703710.579282 3652131 161919 141584 99 0 165944 0 824175
1786703711.581079 3574526 118389 98048 99 0 165944 0 762855
1786703712.379949 3593653 105808 85467 99 0 165944 0 814072
1786703713.293271 3611966 122835 102492 99 0 165944 0 818282
1786703714.289959 3735730 128810 108578 99 0 165944 0 946171
1786703715.301543 3638268 131332 111121 99 0 165944 0 792137
1786703716.402397 3486033 143989 123765 99 0 165944 0 688214
1786703717.380598 3486033 148043 127819 99 0 165944 0 698226
1786703718.482072 3571308 152048 131824 99 0 165944 0 786444
1786703719.578773 3676644 101470 81242 99 0 165944 0 893632
1786703720.494217 3694893 118071 97836 99 0 165944 0 905079
1786703721.578189 3694893 124311 104076 99 0 165944 0 899684
1786703722.387159 3771135 129756 109519 99 0 165944 0 987844
1786703723.386990 3771135 136212 115975 99 0 165944 0 1001457
1786703724.386870 3789384 154490 134252 99 0 165944 0 1001399
1786703725.287671 3789384 160952 140734 99 0 165944 0 995395
1786703726.683543 4785156 174051 153824 99 0 165944 0 882999
1786703727.593958 3612154 170520 150293 99 0 165944 0 757000
1786703728.278680 3448211 97234 77007 99 0 165944 0 661848
1786703729.090324 3466459 111728 91498 99 0 165944 0 666673
1786703730.189229 3614182 116447 96240 99 0 165944 0 821084
1786703731.187001 3614182 126080 105873 99 0 165944 0 829418
1786703732.394881 3523372 95218 74997 99 0 165944 0 704802
1786703733.394000 3457347 91541 71346 99 0 165944 0 668876
1786703734.301625 3457347 92820 72625 99 0 165944 0 677960
1786703735.299814 3457347 95079 74878 99 0 165944 0 680072
1786703736.202262 3475638 109244 89053 99 0 165944 0 679876
1786703737.281801 3475638 112489 92298 99 0 165944 0 691404
1786703738.190523 4643503 131227 111032 99 0 165944 0 787230
1786703739.479085 3813350 135957 115761 99 0 165944 0 1019678
1786703740.280713 3813350 140542 120346 99 0 165944 0 1031388
1786703741.696877 3762240 154081 133921 99 0 165944 0 880405
1786703742.577156 3619252 156531 136371 99 0 165944 0 829884
1786703743.289439 3619252 159928 139768 99 0 165944 0 830046
1786703744.281618 3619252 163215 143055 99 0 165944 0 840596
1786703745.385703 3619252 166844 146680 99 0 165944 0 836105
1786703746.984614 3720763 182879 162724 99 0 165944 0 926279
1786703748.586533 3755092 127571 107438 99 0 165944 0 969233
1786703749.290714 3755092 131515 111401 99 0 165944 0 947944
1786703750.587541 3721051 111097 90958 99 0 165944 0 868966
1786703751.481941 3577516 76570 56431 99 0 165944 0 793006
1786703752.396525 3577516 80523 60384 99 0 165944 0 825510
1786703753.479239 3650786 96220 76074 99 0 165944 0 853467
1786703754.398060 3650786 101206 81060 99 0 165944 0 865906
1786703755.393164 3727811 106974 86843 99 0 165944 0 938708
1786703756.483341 3724929 112824 92712 99 0 165944 0 926652
1786703757.483691 3622012 126974 106845 99 0 165944 0 830068
1786703758.591118 3655010 132984 112854 99 0 165944 0 812854
1786703759.482171 3555448 82330 62208 99 0 165944 0 775752
1786703760.377742 3573761 97309 77179 99 0 165944 0 778479
1786703761.390026 3573761 101356 81226 99 0 165944 0 789507
1786703762.298018 3642244 106044 85922 99 0 165944 0 853756
1786703763.379127 3706156 123126 103001 99 0 165944 0 896626
1786703764.787874 3738537 128055 107910 99 0 165944 0 905060
1786703765.596259 3680532 112440 92295 99 0 165944 0 861631
1786703766.494770 3639039 80131 59986 99 0 165944 0 856848
1786703767.478476 3639039 83730 63579 99 0 165944 0 846764
1786703768.292354 3657284 99319 79181 99 0 165944 0 864045
1786703769.282568 3748164 106381 86243 99 0 165944 0 959191
1786703770.288061 3794560 123572 103431 99 0 165944 0 1002375
1786703771.294315 3776554 128460 108328 99 0 165944 0 965611
1786703772.585773 3752593 134792 114660 99 0 165944 0 976094
1786703773.886342 3840126 139370 119234 99 0 165944 0 1016485
1786703774.579983 3754263 145056 124917 99 0 165944 0 934859
1786703775.587680 3643278 104464 84325 99 0 165944 0 841323
1786703776.583271 3741867 109022 88883 99 0 165944 0 959279
1786703777.398639 4898722 129207 109088 99 0 165944 0 1050196
1786703778.283514 3809624 127453 107356 99 0 165944 0 972996
1786703779.395383 3777556 142906 122788 99 0 165944 0 977123
1786703780.492426 3777556 147344 127226 99 0 165944 0 988023
1786703781.582396 3777556 150980 130862 99 0 165944 0 998703
1786703782.996967 3854274 154486 134403 99 0 165944 0 1036523
1786703784.482905 3891706 121568 101516 99 0 165944 0 1106300
1786703785.690018 3930487 126926 106873 99 0 165944 0 1148410
1786703786.679319 3930487 132144 112089 99 0 165944 0 1151910
1786703787.482341 3948762 149274 129218 99 0 165944 0 1165690
1786703788.479707 4027477 155346 135289 99 0 165944 0 1241160
1786703789.387805 4045752 171970 151910 99 0 165944 0 1252566
1786703790.792998 3983798 175186 155118 99 0 165944 0 1161624
1786703791.885631 3842563 176958 156890 99 0 165944 0 990292
1786703792.878049 3682672 134997 114929 99 0 165944 0 848505
1786703793.583226 3643479 102066 81992 99 0 165944 0 839812
1786703794.582132 3627198 116752 96672 99 0 165944 0 836441
1786703795.283558 3627198 122568 102486 99 0 165944 0 839182
1786703796.300791 3627198 125027 104985 99 0 165944 0 843973
1786703797.192141 3627198 127954 107912 99 0 165944 0 838421
1786703798.292186 3722061 146637 126592 99 0 165944 0 930163
1786703799.488511 3722061 153919 133873 99 0 165944 0 893967
1786703800.685780 3829621 170758 150698 99 0 165944 0 1022499
1786703801.477958 3798372 176055 156031 99 0 165944 0 1015846
1786703802.586873 3822914 111827 91796 99 0 165944 0 1035428
1786703803.493849 3857557 111595 91573 99 0 165944 0 1079882
1786703804.598364 3941937 126881 106857 99 0 165944 0 1157676
1786703805.385928 3941937 131174 111144 99 0 165944 0 1151659
1786703806.386928 4074798 138432 118440 99 0 165944 0 1287396
1786703807.894645 4033884 153135 133107 99 0 165944 0 1182030
1786703808.682999 3893370 155556 135543 99 0 165944 0 1049634
1786703809.681192 3812579 123466 103453 99 0 165944 0 1002931
1786703810.481250 3707170 99301 79288 99 0 165944 0 906435
1786703811.194289 3736707 113993 93993 99 0 165944 0 939534
1786703812.283589 3736707 116014 96014 99 0 165944 0 950606
1786703813.285935 3736707 122300 102300 99 0 165944 0 947255
1786703814.286948 3853126 140321 120320 99 0 165944 0 1067026
1786703815.598001 3846577 144556 124538 99 0 165944 0 1062199
1786703816.681630 3703759 146552 126534 99 0 165944 0 845793
1786703817.395264 3686577 161848 141827 99 0 165944 0 901447
1786703818.378983 3686577 165829 145803 99 0 165944 0 893671
1786703819.591415 3686577 171022 150996 99 0 165944 0 899639
1786703820.400417 3746529 125716 105697 99 0 165944 0 974346
1786703821.582008 3764791 140121 120099 99 0 165944 0 968720
1786703822.686947 3807685 143326 123304 99 0 165944 0 1021787
1786703823.399108 3912053 146354 126332 99 0 165944 0 1119796
1786703824.185206 3789917 147816 127839 99 0 165944 0 1002363
1786703825.596933 3808243 164306 144315 99 0 165944 0 985481
1786703826.390009 3882086 168686 148692 99 0 165944 0 1098954
1786703827.699855 3882086 172936 152942 99 0 165944 0 1101883
1786703829.085593 3946891 176395 156396 99 0 165944 0 1118197
1786703830.594333 3840550 122290 102291 99 0 165944 0 1044917
1786703831.586839 3840550 127384 107383 99 0 165944 0 1056232
1786703832.484155 3966123 134232 114232 99 0 165944 0 1185382
1786703833.379706 5139012 144724 124744 99 0 165944 0 1284695
1786703834.978907 3993530 117073 97120 99 0 165944 0 1147923
1786703836.492736 3655399 75487 55525 99 0 165944 0 812865
1786703837.380536 3593239 76734 56772 99 0 165944 0 811261
1786703838.578002 3676569 92344 72369 99 0 165944 0 881895
1786703839.292030 3767430 98196 78234 99 0 165944 0 982983
1786703840.205214 3767430 103853 83891 99 0 165944 0 986097
1786703841.388668 3869959 120994 101032 99 0 165944 0 1043638
1786703842.488638 3795587 134231 114257 99 0 165944 0 997130
1786703843.379374 3795587 138401 118427 99 0 165944 0 1009246
1786703844.486397 3795587 141908 121934 99 0 165944 0 1011398
1786703845.490222 3795587 146400 126422 99 0 165944 0 1013554
1786703846.777204 3899417 164087 144108 99 0 165944 0 1110558
1786703847.688395 3899417 172005 152026 99 0 165944 0 1114132
1786703848.296013 3899417 176814 156834 99 0 165944 0 1120321
1786703849.391891 3981538 155068 135079 99 0 165944 0 1139999
1786703850.688723 3833285 103593 83604 99 0 165944 0 1039697
1786703851.680526 3800905 96271 76282 99 0 165944 0 1014534
1786703852.880558 3803651 100098 80104 99 0 165944 0 1017518
1786703853.488601 3691963 100906 80912 99 0 165944 0 906102
1786703854.393255 3691963 104578 84582 99 0 165944 0 908886
1786703855.403472 3710289 123000 103039 99 0 165944 0 911671
1786703856.479092 3749790 128622 108650 99 0 165944 0 959970
1786703857.496153 3749790 135070 115098 99 0 165944 0 971757
1786703858.486688 3793327 140571 120595 99 0 165944 0 1010199
1786703859.687387 3935270 157472 137495 99 0 165944 0 1131957
1786703860.700036 3898991 162164 142187 99 0 165944 0 1111971
1786703861.401671 3898991 165497 145518 99 0 165944 0 1113528
1786703862.284752 3936630 168454 148529 99 0 165944 0 1151810
1786703863.385186 4057302 186174 166233 99 0 165944 0 1267097
1786703865.079322 4120750 172939 152993 99 0 165944 0 1332705
1786703866.899372 4252746 163585 143638 99 0 165944 0 1411297
1786703867.879591 4152595 149192 129247 99 0 165944 0 1273144
1786703868.587754 4015123 117355 97410 99 0 165944 0 1224563
1786703869.486808 4015123 122812 102867 99 0 165944 0 1236716
1786703870.383882 4132951 130780 110847 99 0 165944 0 1351654
1786703871.779863 4198841 145706 125772 99 0 165944 0 1320420
1786703872.777739 3992111 145132 125239 99 0 165944 0 1177971
1786703873.698339 3807234 122635 102742 99 0 165944 0 993342
1786703874.578531 3752622 107387 87493 99 0 165944 0 940474
1786703875.482985 3685871 84191 64291 99 0 165944 0 894207
1786703876.306935 3704197 99279 79384 99 0 165944 0 911285
1786703877.299155 3704197 102078 82183 99 0 165944 0 922451
1786703878.183645 3770677 116323 96517 99 0 165944 0 971551
1786703879.682158 3897196 121941 102095 99 0 165944 0 1113210
1786703880.784068 3915458 136638 116790 99 0 165944 0 1125074
1786703881.688496 3915458 141341 121493 99 0 165944 0 1140923
1786703882.778863 3971944 145732 125882 99 0 165944 0 1195132
1786703883.577979 5048318 159454 139597 99 0 165944 0 1191282
1786703884.384692 4093706 164165 144302 99 0 165944 0 1273052
1786703885.192012 3962336 138529 118673 99 0 165944 0 1161067
1786703886.684604 3898008 123467 103601 99 0 165944 0 1099220
1786703887.594848 3916270 139460 119594 99 0 165944 0 1128387
1786703888.785544 3916270 142555 122684 99 0 165944 0 1130499
1786703889.290566 3916270 146359 126495 99 0 165944 0 1093388
1786703890.405833 3892756 149152 129285 99 0 165944 0 1080213
1786703891.285047 3851535 165122 145253 99 0 165944 0 1061995
1786703892.386386 3851535 169685 149816 99 0 165944 0 1065496
1786703893.489167 3907724 185537 165679 99 0 165944 0 1149785
1786703894.486934 4043768 146873 127015 99 0 165944 0 1254016
1786703895.791631 4226847 152765 132914 99 0 165944 0 1411160
1786703896.685726 4098138 129131 109274 99 0 165944 0 1303412
1786703897.686561 5149167 121049 101191 99 0 165944 0 1293962
1786703898.788702 4091055 124859 105001 99 0 165944 0 1305150
1786703899.692268 4178494 127657 107797 99 0 165944 0 1385724
1786703900.583976 4178494 129985 110125 99 0 165944 0 1394865
1786703901.978130 4178494 135159 115299 99 0 165944 0 1405520
1786703903.480871 4339886 160490 140642 99 0 165944 0 1556118
1786703904.892640 4321693 164368 144512 99 0 165944 0 1559490
1786703906.088653 4351619 178480 158624 99 0 165944 0 1518460
1786703907.793620 4000146 96936 77080 99 0 165944 0 1224138
1786703908.590334 3901880 99019 79161 99 0 165944 0 1082237
1786703909.483664 4904870 109905 90048 99 0 165944 0 1061228
1786703910.287190 3857467 118726 98917 99 0 165944 0 1072970
1786703911.285363 3969365 126626 106832 99 0 165944 0 1111101
1786703912.390220 3933282 131674 111875 99 0 167992 0 1136757
1786703913.498986 3956162 134363 114563 99 0 167992 0 1102403
1786703914.193665 3900017 136740 117212 99 0 167992 0 1099223
1786703915.193217 3900017 141716 122188 99 0 167992 0 1100922
1786703916.082154 3953964 143950 124420 99 0 167992 0 1149186
1786703917.278952 3972293 158590 139057 99 0 167992 0 1162332
1786703918.025079 3909569 59099 39565 99 0 167992 0 1104800
1786703919.013913 3938107 59102 39568 99 0 167992 0 1133338
1786703920.010019 3938107 59102 39568 99 0 167992 0 1133338
1786703921.010232 3938107 59102 39568 99 0 167992 0 1133338
1786703921.999482 3621447 32437 12948 99 0 167992 0 816683
1786703922.996389 3621447 32437 12948 99 0 167992 0 816683
1786703923.996458 3621447 32437 12948 99 0 167992 0 816683
1786703924.996155 3621447 32437 12948 99 0 167992 0 816683
1786703925.996013 3621447 32437 12948 99 0 167992 0 816683
1786703927.077617 3621447 32437 12948 99 0 167992 0 776924
1786703928.007989 3612803 32515 13024 99 0 167992 0 808041
1786703929.008305 3612803 32515 13024 99 0 167992 0 808041
1786703930.012575 3685585 33048 13557 99 0 167992 0 880825
1786703931.046412 3685585 33048 13557 99 0 167992 0 880825
1786703932.012624 3685585 33048 13557 99 0 167992 0 880825
1786703933.013139 3685585 33048 13557 99 0 167992 0 880825
1786703934.016474 3754849 33437 13952 99 0 167992 0 950091
1786703935.028187 3859458 34111 14625 99 0 167992 0 1054701
1786703936.032388 3859458 34111 14625 99 0 167992 0 1054702
1786703937.025696 3859458 34111 14625 99 0 167992 0 1054702
1786703938.019441 3755974 33551 14065 99 0 167992 0 951221
1786703939.020618 3813079 33922 14436 99 0 167992 0 1008326
1786703940.020301 3813079 33922 14436 99 0 167992 0 1008326
1786703941.020292 3813079 33922 14436 99 0 167992 0 1008326
1786703942.020215 3813079 33922 14436 99 0 167992 0 1008326
1786703943.005182 3813079 33922 14436 99 0 167992 0 1008326
1786703944.098142 3802592 33937 14445 99 0 167992 0 997841
1786703944.994667 3580995 32608 13077 99 0 167992 0 776249
1786703946.006931 3580995 32608 13077 99 0 167992 0 776249
1786703946.998137 3580995 32608 13077 99 0 167992 0 776249
1786703947.994548 3580995 32608 13077 99 0 167992 0 776249
1786703948.994591 3580995 32608 13077 99 0 167992 0 776249
1786703949.994617 3580995 32608 13077 99 0 167992 0 776249
1786703950.994567 3580995 32608 13077 99 0 167992 0 776249
1786703952.084699 3515113 34343 14811 99 0 168632 0 681660
1786703952.996261 3487045 34179 14647 99 0 168632 0 681661
1786703953.990234 3487045 34179 14647 99 0 168632 0 681661
1786703954.990232 3487045 34179 14647 99 0 168632 0 681661
1786703955.990313 3487045 34179 14647 99 0 168632 0 681662
1786703956.990366 3487045 34179 14647 99 0 168632 0 681662
1786703958.007694 3487045 34179 14647 99 0 168632 0 681662
1786703958.990283 3487045 34179 14647 99 0 168632 0 681662
1786703959.986732 3400353 35617 16083 99 0 169272 0 594331
1786703960.994619 3400353 35617 16083 99 0 169272 0 594331
1786703961.988612 3400353 35617 16083 99 0 169272 0 594331
1786703962.986245 3400353 35617 16083 99 0 169272 0 594331
1786703963.986438 3400353 35617 16083 99 0 169272 0 594331
1786703965.017376 3400353 35617 16083 99 0 169272 0 594331
1786703965.986358 3400353 35617 16083 99 0 169272 0 594331
1786703966.982538 3306467 37135 17621 99 0 169912 0 499806
1786703967.982211 3306467 37135 17621 99 0 169912 0 499806
1786703968.982325 3306467 37135 17621 99 0 169912 0 499806
1786703969.982374 3306467 37135 17621 99 0 169912 0 499806
1786703970.989489 3306467 37135 17621 99 0 169912 0 499806
1786703971.982234 3306467 37135 17621 99 0 169912 0 499806
1786703972.998986 3306467 37135 17621 99 0 169912 0 499806
1786703973.982310 3306467 37135 17621 99 0 169912 0 499806
1786703974.978371 3214168 38594 19082 99 0 170552 0 406869
1786703975.984940 3214168 38594 19082 99 0 170552 0 406869
1786703976.978254 3214168 38594 19082 99 0 170552 0 406869
1786703977.978046 3214168 38594 19082 99 0 170552 0 406869
1786703978.978126 3214168 38594 19082 99 0 170552 0 406869
1786703979.978306 3214168 38594 19082 99 0 170552 0 406869
1786703980.978159 3214168 38594 19082 99 0 170552 0 406869
1786703981.985751 3119500 40487 20606 99 0 170552 0 312202
1786703982.973949 3119500 40487 20606 99 0 170552 0 312202
1786703983.977884 3119500 40487 20606 99 0 170552 0 312202
1786703984.980157 3119500 40487 20606 99 0 170552 0 312202
1786703985.978638 3119500 40487 20606 99 0 170552 0 312203
1786703986.976950 3119500 40487 20606 99 0 170552 0 312203
1786703987.975968 3119500 40487 20606 99 0 170552 0 312203
1786703988.975810 3094265 42308 22427 99 0 170552 0 272935
1786703989.970173 3032150 41937 22056 99 0 170552 0 224854
1786703990.970219 3032150 41937 22056 99 0 170552 0 224854
1786703991.970368 3032150 42959 22056 99 0 170552 0 224854
1786703992.970397 3032150 42959 22056 99 0 170552 0 224854
1786703993.973318 3032150 42959 22056 99 0 170552 0 224854
1786703994.974682 3032150 42959 22056 99 0 170552 0 224854
1786703995.970215 3032150 42959 22056 99 0 170552 0 224854
1786703997.092417 2936635 44498 23595 99 0 170552 0 129340
1786703997.983212 2934590 48686 27902 99 0 170552 0 127296
1786703998.981688 2934590 62846 42062 99 0 170552 0 127296
1786703999.981976 2934590 77326 56542 99 0 170552 0 127296
1786704000.981683 2934590 91454 70670 99 0 170552 0 127296
1786704001.982044 2934590 106441 85006 99 0 170552 0 127296
1786704002.982877 2934590 117561 96126 99 0 170552 0 127296
1786704003.981884 2934590 130681 109246 99 0 170552 0 127296
1786704004.981958 2934590 145001 123566 99 0 170552 0 127296
1786704005.982808 2934590 156217 134782 99 0 170552 0 127296
1786704006.981838 2934590 156217 134782 99 0 170552 0 127296
1786704007.981900 2934590 156217 134782 99 0 170552 0 127296
1786704008.982264 2934590 156217 134782 99 0 170552 0 127296
1786704009.985074 2936639 156192 134782 99 0 172600 0 127296
1786704010.983651 2936639 156193 134782 99 0 172600 0 127296
1786704011.983602 2936639 156193 134782 99 0 172600 0 127296
1786704012.983783 2936639 156415 134782 99 0 172600 0 127296
1786704013.983006 2936639 156415 134782 99 0 172600 0 127296
1786704014.983288 2936639 156415 134782 99 0 172600 0 127296
1786704015.983395 2936639 156415 134782 99 0 172600 0 127296
1786704016.985448 2936639 156415 134782 99 0 172600 0 127296
1786704017.983613 2936639 156415 134782 99 0 172600 0 127296
1786704018.983581 2936639 156415 134782 99 0 172600 0 127296
1786704019.983488 2936639 156415 134782 99 0 172600 0 127296
1786704020.983294 2936639 156415 134782 99 0 172600 0 127296
1786704021.983689 2936639 156415 134782 99 0 172600 0 127296
1786704022.983495 2938688 156411 134782 99 0 174648 0 127296
1786704023.983288 2938688 156412 134782 99 0 174648 0 127296
1786704024.983585 2938688 156412 134782 99 0 174648 0 127296
1786704025.983928 2938688 156412 134782 99 0 174648 0 127296
1786704026.983555 2938688 156412 134782 99 0 174648 0 127296
1786704027.983504 2938688 156412 134782 99 0 174648 0 127296
1786704028.983202 2938688 156412 134782 99 0 174648 0 127296
1786704029.983472 2938688 156412 134782 99 0 174648 0 127296
1786704030.983401 2938688 156412 134782 99 0 174648 0 127296
1786704031.983470 2938688 156412 134782 99 0 174648 0 127296
1786704032.985157 2938688 156412 134782 99 0 174648 0 127296
1786704033.983554 2938688 156412 134782 99 0 174648 0 127296
1786704034.984554 2940737 156434 134798 99 0 176696 0 127296
1786704035.983060 2940737 156434 134798 99 0 176696 0 127296
1786704036.982904 2940737 156434 134798 99 0 176696 0 127296
1786704037.982704 2940737 156434 134798 99 0 176696 0 127296
1786704038.982793 2940737 156434 134798 99 0 176696 0 127296
1786704039.982767 2940737 156434 134798 99 0 176696 0 127296
1786704040.984227 2940737 156434 134798 99 0 176696 0 127296
1786704041.982623 2940737 156434 134798 99 0 176696 0 127296
1786704042.982835 2940737 156434 134798 99 0 176696 0 127296
1786704043.982790 2940737 156434 134798 99 0 176696 0 127296
1786704044.984501 2940737 156434 134798 99 0 176696 0 127296
1786704045.984440 2940737 156434 134798 99 0 176696 0 127296
1786704046.982679 2940737 156434 134798 99 0 176696 0 127296
1786704047.982866 2940737 156434 134798 99 0 176696 0 127296
1786704048.984378 2940737 156434 134798 99 0 176696 0 127296
1786704049.982701 2940737 156434 134798 99 0 176696 0 127296
1786704050.984481 2940737 156433 134798 99 0 176696 0 127296
1786704051.983049 2940737 156433 134798 99 0 176696 0 127296
1786704052.984516 2940737 156433 134798 99 0 176696 0 127296
1786704053.983036 2940737 156433 134798 99 0 176696 0 127296
1786704054.982992 2940737 156433 134798 99 0 176696 0 127296
1786704055.982788 2940737 156433 134798 99 0 176696 0 127296
1786704056.982744 2940737 156433 134798 99 0 176696 0 127296
1786704057.982714 2940737 156433 134798 99 0 176696 0 127296
1786704058.982702 2940737 156433 134798 99 0 176696 0 127296
1786704059.983093 2940737 156433 134798 99 0 176696 0 127296
1786704060.982933 2940737 156433 134798 99 0 176696 0 127296
1786704061.982750 2940737 156433 134798 99 0 176696 0 127296
1786704062.984515 2940737 156433 134798 99 0 176696 0 127296
1786704063.984576 2940737 156433 134798 99 0 176696 0 127296
1786704064.982938 2940737 156433 134798 99 0 176696 0 127296
1786704065.982720 2940737 156433 134798 99 0 176696 0 127296
1786704066.982733 2940737 156433 134798 99 0 176696 0 127296
1786704067.982912 2940737 156433 134798 99 0 176696 0 127296
1786704068.983086 2940737 156433 134798 99 0 176696 0 127296
1786704069.983037 2940737 156433 134798 99 0 176696 0 127296
1786704070.982783 2940737 156433 134798 99 0 176696 0 127296
1786704071.982721 2940737 156433 134798 99 0 176696 0 127296
1786704072.982873 2940737 156433 134798 99 0 176696 0 127296
1786704073.982708 2940737 156433 134798 99 0 176696 0 127296
1786704074.982752 2940737 156433 134798 99 0 176696 0 127296
1786704075.982998 2940737 156433 134798 99 0 176696 0 127296
1786704076.984677 2940737 156433 134798 99 0 176696 0 127296
1786704077.983119 2940737 156433 134798 99 0 176696 0 127296
1786704078.982730 2940737 156433 134798 99 0 176696 0 127296
1786704079.982962 2940737 156433 134798 99 0 176696 0 127296
1786704080.982814 2940737 156433 134798 99 0 176696 0 127296
1786704081.984553 2940737 156433 134798 99 0 176696 0 127296
1786704082.982815 2940737 156433 134798 99 0 176696 0 127296
1786704083.982744 2940737 156433 134798 99 0 176696 0 127296
1786704084.982927 2940737 156433 134798 99 0 176696 0 127296
1786704085.982864 2940737 156433 134798 99 0 176696 0 127296
1786704086.983092 2940737 156433 134798 99 0 176696 0 127296
1786704087.983026 2940737 156433 134798 99 0 176696 0 127296
1786704088.984477 2940737 156433 134798 99 0 176696 0 127296
1786704089.982973 2940737 156433 134798 99 0 176696 0 127296
1786704090.984445 2940737 156433 134798 99 0 176696 0 127296
1786704091.982890 2940737 156433 134798 99 0 176696 0 127296
1786704092.982603 2940737 156433 134798 99 0 176696 0 127296
1786704093.982801 2940737 156433 134798 99 0 176696 0 127296
1786704094.982791 2940737 156433 134798 99 0 176696 0 127296
1786704095.983064 2940737 156433 134798 99 0 176696 0 127296
1786704096.984521 2940737 156433 134798 99 0 176696 0 127296
1786704097.982940 2940737 156433 134798 99 0 176696 0 127296
1786704098.982816 2940737 156433 134798 99 0 176696 0 127296
1786704099.982824 2940737 156433 134798 99 0 176696 0 127296
1786704100.982729 2940737 156433 134798 99 0 176696 0 127296
1786704101.982645 2940737 156433 134798 99 0 176696 0 127296
1786704102.983019 2940737 156433 134798 99 0 176696 0 127296
1786704103.982988 2940737 156433 134798 99 0 176696 0 127296
1786704104.982766 2940737 156433 134798 99 0 176696 0 127296
1786704105.983013 2940737 156433 134798 99 0 176696 0 127296
1786704106.982793 2940737 156433 134798 99 0 176696 0 127296
1786704107.982807 2940737 156433 134798 99 0 176696 0 127296
1786704108.984430 2940737 156433 134798 99 0 176696 0 127296
1786704109.982752 2940737 156433 134798 99 0 176696 0 127296
1786704110.982871 2940737 156433 134798 99 0 176696 0 127296
1786704111.983053 2940737 156433 134798 99 0 176696 0 127296
1786704112.984497 2940737 156433 134798 99 0 176696 0 127296
1786704113.984507 2940737 156433 134798 99 0 176696 0 127296
1786704114.982937 2940737 156433 134798 99 0 176696 0 127296
1786704115.982752 2940737 156433 134798 99 0 176696 0 127296
1786704116.982764 2940737 156433 134798 99 0 176696 0 127296
1786704117.982638 2940737 156433 134798 99 0 176696 0 127296
1786704118.982546 2940737 156433 134798 99 0 176696 0 127296
1786704119.982794 2940737 156433 134798 99 0 176696 0 127296
1786704120.984445 2940737 156433 134798 99 0 176696 0 127296
1786704121.982894 2940737 156433 134798 99 0 176696 0 127296
1786704122.982830 2940737 156433 134798 99 0 176696 0 127296
1786704123.982770 2940737 156433 134798 99 0 176696 0 127296
1786704124.984572 2940737 156433 134798 99 0 176696 0 127296
1786704125.982878 2940737 156433 134798 99 0 176696 0 127296
1786704126.982716 2940737 156433 134798 99 0 176696 0 127296
1786704127.982863 2940737 156433 134798 99 0 176696 0 127296
1786704128.982811 2940737 156433 134798 99 0 176696 0 127296
1786704129.982834 2940737 156433 134798 99 0 176696 0 127296
1786704130.983017 2940737 156433 134798 99 0 176696 0 127296
1786704131.984422 2940737 156433 134798 99 0 176696 0 127296
1786704132.984498 2940737 156433 134798 99 0 176696 0 127296
1786704133.982708 2940737 156433 134798 99 0 176696 0 127296
1786704134.984484 2940737 156433 134798 99 0 176696 0 127296
1786704135.982931 2940737 156433 134798 99 0 176696 0 127296
1786704136.984577 2940737 156433 134798 99 0 176696 0 127296
1786704137.983059 2940737 156433 134798 99 0 176696 0 127296
1786704138.984628 2940737 156433 134798 99 0 176696 0 127296
1786704139.984476 2940737 156433 134798 99 0 176696 0 127296
1786704140.984470 2940737 156433 134798 99 0 176696 0 127296
1786704141.982831 2940737 156433 134798 99 0 176696 0 127296
1786704142.982744 2940737 156433 134798 99 0 176696 0 127296
1786704143.982655 2940737 156433 134798 99 0 176696 0 127296
1786704144.982900 2940737 156433 134798 99 0 176696 0 127296
1786704145.983136 2940737 156433 134798 99 0 176696 0 127296
1786704146.983069 2940737 156433 134798 99 0 176696 0 127296
1786704147.984453 2940737 156433 134798 99 0 176696 0 127296
1786704148.982998 2940737 156433 134798 99 0 176696 0 127296
1786704149.984477 2940737 156433 134798 99 0 176696 0 127296
1786704150.982694 2940737 156433 134798 99 0 176696 0 127296
1786704151.982751 2940737 156433 134798 99 0 176696 0 127296
1786704152.984398 2940737 156433 134798 99 0 176696 0 127296
1786704153.982921 2940737 156433 134798 99 0 176696 0 127296
1786704154.984522 2940737 156433 134798 99 0 176696 0 127296
1786704155.982936 2940737 156433 134798 99 0 176696 0 127296
1786704156.982002 2940737 156433 134798 99 0 176696 0 127296
1786704157.982885 2940737 156433 134798 99 0 176696 0 127296
1786704158.981889 2940737 156433 134798 99 0 176696 0 127296
1786704159.981828 2940737 156433 134798 99 0 176696 0 127296
1786704160.981801 2940737 156433 134798 99 0 176696 0 127296
1786704161.981765 2940737 156433 134798 99 0 176696 0 127296
1786704162.982194 2940737 156433 134798 99 0 176696 0 127296
1786704163.982928 2940737 156433 134798 99 0 176696 0 127296
1786704164.965833 2940737 156427 134798 99 0 176696 0 127296
