# start_epoch=1786704165.545082  page_size=4096  cachestat=ok  fields=size,resident,shared,text,lib,data,dt,pagecache
1786704166.545298 174445 27693 7766 99 0 160440 0 1
1786704167.545275 174445 27693 7766 99 0 160440 0 1
1786704168.547802 2820329 53096 32184 99 0 164536 0 40684
1786704169.548175 2840619 55943 33450 99 0 176312 0 46447
1786704170.550268 2898333 98632 75441 99 0 177208 0 83625
1786704171.550469 2888414 88706 64743 99 0 178744 0 86715
1786704172.550838 2897697 89183 65641 99 0 179384 0 92286
1786704173.551099 2907236 89593 65531 99 0 180280 0 96801
1786704174.637381 2934205 106880 82811 99 0 180280 0 108878
1786704175.551659 2934160 106548 82479 99 0 180280 0 136080
1786704176.551705 2942803 106235 82166 99 0 180280 0 137160
1786704177.633377 2933150 93431 70645 99 0 180280 0 141877
1786704178.632728 2941796 91643 68544 99 0 180280 0 142499
1786704179.632988 2950439 90652 66690 99 0 180280 0 144504
1786704180.551781 2959082 89169 65207 99 0 180280 0 146524
1786704181.553310 2986052 110691 86716 99 0 180280 0 173193
1786704182.553633 2986006 105998 82023 99 0 180280 0 180159
1786704183.636611 2976353 93993 70014 99 0 180280 0 183829
1786704184.632900 2984996 92063 68070 99 0 180280 0 184153
1786704185.634375 2993627 90448 66455 99 0 180280 0 185947
1786704186.641967 3003294 90284 65258 99 0 181304 0 190303
1786704187.555032 3021590 106729 82567 99 0 181304 0 214994
1786704188.634491 3030263 106326 82164 99 0 181304 0 223088
1786704189.637923 3020568 94876 70267 99 0 181304 0 226662
1786704190.638318 3029211 93519 68209 99 0 181304 0 228239
1786704191.639637 3037854 91604 66491 99 0 181304 0 229692
1786704192.557159 3076377 117578 92458 99 0 181304 0 260058
1786704193.632919 3064830 107744 82623 99 0 181304 0 259094
1786704194.640644 3055177 92428 70790 99 0 181304 0 263063
1786704195.640297 3063820 90713 68101 99 0 181304 0 261652
1786704196.640253 3072451 89119 65807 99 0 181304 0 261512
1786704197.631153 3110944 120115 96779 99 0 181304 0 293554
1786704198.633111 3099329 105809 82459 99 0 181304 0 295016
1786704199.643437 3089676 93878 70524 99 0 181304 0 297333
1786704200.642385 3098292 92135 68781 99 0 181304 0 298696
1786704201.643568 3106935 90459 67105 99 0 181304 0 301221
1786704202.731524 3116602 90029 65651 99 0 182328 0 303601
1786704203.560726 3143499 108302 83924 99 0 182328 0 331816
1786704204.636590 3143483 106768 82388 99 0 182328 0 334965
1786704205.644617 3133830 94539 70156 99 0 182328 0 339460
1786704206.644840 3142473 92727 68343 99 0 182328 0 340671
1786704207.644720 3151165 90654 66265 99 0 182328 0 340195
1786704208.633149 3178105 116426 92037 99 0 182328 0 371568
1786704209.639308 3178104 107259 82870 99 0 182328 0 373678
1786704210.731603 3168451 95305 70916 99 0 182328 0 375982
1786704211.646786 3177067 93040 68651 99 0 182328 0 375589
1786704212.645894 3185710 90732 66343 99 0 182328 0 376049
1786704213.641933 3204006 107955 83566 99 0 182328 0 369491
1786704214.639212 3212630 107370 82981 99 0 182328 0 411453
1786704215.649652 4269055 97665 75147 99 0 182328 0 402176
1786704216.731629 3211581 92543 69593 99 0 182328 0 413876
1786704217.732573 3220224 90954 67309 99 0 182328 0 414523
1786704218.642629 3228887 89366 65727 99 0 182328 0 414428
1786704219.637272 3247183 106720 83099 99 0 182328 0 446976
1786704220.644236 3255826 106424 82794 99 0 182328 0 447872
1786704221.734991 3246173 91671 70251 99 0 182328 0 449824
1786704222.735055 3254809 89701 68158 99 0 182328 0 450366
1786704223.734726 3263452 88456 65920 99 0 182328 0 451729
1786704224.642739 3290391 112534 89998 99 0 182328 0 478812
1786704225.731159 3290421 105464 82918 99 0 182328 0 482802
1786704226.738398 3280726 92866 70320 99 0 182328 0 485347
1786704227.737591 3289369 91293 68051 99 0 182328 0 484960
1786704228.742663 3298012 89597 66355 99 0 182328 0 486048
1786704229.643909 3316323 106745 83501 99 0 182328 0 509626
1786704230.647234 3324924 106208 82957 99 0 182328 0 517285
1786704231.739918 3315271 92328 70466 99 0 182328 0 519979
1786704232.739488 3323914 90419 68228 99 0 182328 0 520106
1786704233.731320 3332548 89287 66164 99 0 182328 0 518821
1786704234.644332 3350844 106820 83716 99 0 182328 0 551275
1786704235.735265 3359487 106185 83058 99 0 182328 0 551736
1786704236.742367 3349834 93763 70631 99 0 182328 0 554848
1786704237.738675 3358465 91118 67974 99 0 182328 0 553888
1786704238.733031 3367108 89150 66005 99 0 182328 0 553007
1786704239.648309 3385404 106557 83411 99 0 182328 0 584376
1786704240.744132 3375751 94654 71507 99 0 182328 0 584427
1786704241.742935 3384397 92659 68818 99 0 182328 0 583168
1786704242.733078 3393040 90202 66354 99 0 182328 0 580233
1786704243.647795 3411336 107690 83834 99 0 182328 0 604843
1786704244.734713 3420009 105780 83317 99 0 182328 0 612123
1786704245.746159 3410311 92823 70351 99 0 182328 0 614326
1786704246.745990 3418954 90647 67481 99 0 182328 0 612596
1786704247.735666 3457476 122855 99688 99 0 182328 0 611838
1786704248.652384 3445908 105877 83548 99 0 182328 0 638599
1786704249.747960 3436213 93803 71473 99 0 182328 0 633496
1786704250.746312 3444856 91008 68673 99 0 182328 0 642766
1786704251.738118 3453499 89578 66544 99 0 182328 0 640172
1786704252.736684 3471840 106914 83879 99 0 182328 0 670029
1786704253.833227 3462148 94583 71548 99 0 182328 0 650859
1786704254.832719 3470840 91456 68419 99 0 182328 0 666673
1786704255.743564 3489136 106558 84572 99 0 182328 0 655895
1786704256.651575 3497760 105840 83894 99 0 182328 0 696797
1786704257.745644 3488062 94671 71849 99 0 182328 0 696599
1786704258.833897 3496644 91821 68926 99 0 182328 0 696616
1786704259.740085 3505287 89646 66739 99 0 182328 0 692902
1786704260.738542 3523598 106833 83917 99 0 182328 0 717001
1786704261.833695 3513964 94980 72063 99 0 182328 0 704300
1786704262.835387 3522607 92390 69472 99 0 182328 0 722748
1786704263.838209 3531250 88616 66836 99 0 182328 0 720122
1786704264.736620 3549561 105701 83936 99 0 182328 0 749055
1786704265.837147 3539869 94676 72286 99 0 182328 0 731393
1786704266.836380 3548512 92961 69866 99 0 182328 0 749596
1786704267.837028 3557155 90115 66994 99 0 182328 0 747721
1786704268.741385 3575466 108030 84211 99 0 182328 0 776698
1786704269.832026 4642440 111219 88132 99 0 182328 0 778197
1786704270.836560 3574417 93798 70696 99 0 182328 0 779936
1786704271.835035 3583060 91192 68073 99 0 182328 0 778004
1786704272.738142 3601356 107951 84827 99 0 182328 0 803194
1786704273.750768 3609960 106812 83665 99 0 182328 0 803244
1786704274.838636 3600307 91489 69977 99 0 182328 0 801442
1786704275.743661 3608950 89537 67135 99 0 182328 0 797081
1786704276.738828 3627246 106437 84028 99 0 182328 0 828974
1786704277.838625 3617593 94490 72069 99 0 182328 0 808161
1786704278.838302 3626236 90443 69282 99 0 182328 0 824842
1786704279.848157 3634879 88147 66984 99 0 182328 0 825198
1786704280.744394 3653175 106776 84361 99 0 182328 0 854660
1786704281.835702 3643522 95203 72786 99 0 182328 0 845446
1786704282.843304 3652165 92063 69642 99 0 182328 0 853050
1786704283.935963 3660744 90389 67272 99 0 182328 0 852619
1786704284.740298 3679104 107203 84084 99 0 182328 0 871878
1786704285.841055 3669451 95741 72619 99 0 182328 0 861729
1786704286.840336 3678094 93530 70394 99 0 182328 0 880376
1786704287.844802 3686801 91059 67918 99 0 182328 0 879657
1786704288.748187 3705097 107859 84713 99 0 182328 0 908120
1786704289.839091 3713676 105145 83996 99 0 182328 0 906741
1786704290.845561 3704023 92574 70993 99 0 182328 0 910244
1786704291.844020 3712666 89610 68273 99 0 182328 0 906228
1786704292.743381 3739541 109272 87933 99 0 182328 0 933662
1786704293.834981 3739541 105942 83883 99 0 182328 0 932884
1786704294.932788 3729888 91888 70505 99 0 182328 0 933371
1786704295.931673 3738531 89927 67627 99 0 182328 0 931876
1786704296.751142 3756827 106943 84615 99 0 182328 0 957993
1786704297.840389 3747238 95281 72948 99 0 182328 0 947038
1786704298.845667 3755881 92683 70362 99 0 182328 0 958907
1786704299.833653 3764524 88721 67608 99 0 182328 0 953269
1786704300.835787 3782820 105658 84541 99 0 182328 0 976486
1786704301.840069 3773167 94272 72532 99 0 182328 0 963904
1786704302.933765 3781810 91984 69527 99 0 182328 0 981971
1786704303.839755 3820332 119091 97846 99 0 182328 0 968779
1786704304.747484 3808749 105615 84558 99 0 182328 0 1002468
1786704305.937161 3799096 93100 71561 99 0 182328 0 1006235
1786704306.933119 3807739 89534 68308 99 0 182328 0 1001456
1786704307.837255 3826035 106110 84860 99 0 182328 0 1028969
1786704308.852292 3816382 94457 72820 99 0 182328 0 1007718
1786704309.935809 3825025 92405 70053 99 0 182328 0 1025990
1786704310.839857 3863547 122029 99676 99 0 182328 0 1020084
1786704311.840834 3851964 106857 84480 99 0 182328 0 1045312
1786704312.939042 3842311 92232 71237 99 0 182328 0 1048045
1786704313.838677 3850954 89786 67901 99 0 182328 0 1039773
1786704314.744985 3869250 107849 84877 99 0 182328 0 1062975
1786704315.935330 3859597 94537 72263 99 0 182328 0 1048642
1786704316.838483 3868240 90776 68495 99 0 182328 0 1058603
1786704317.836297 3886556 107094 84811 99 0 182328 0 1080338
1786704318.942601 3876903 94492 72198 99 0 182328 0 1067375
1786704319.934568 3885546 91778 68789 99 0 182328 0 1080325
1786704320.845990 3903842 108235 85246 99 0 182328 0 1089428
1786704321.851160 4960306 97847 74836 99 0 182328 0 1095545
1786704322.938232 3902776 93579 70530 99 0 182328 0 1105234
1786704323.845029 3921072 108029 86025 99 0 182328 0 1089348
1786704324.838750 3929715 106622 84610 99 0 182328 0 1124907
1786704325.941145 3920062 92905 71402 99 0 182328 0 1126335
1786704326.939199 3928705 89255 68639 99 0 182328 0 1122955
1786704327.833884 3947001 106620 85317 99 0 182328 0 1149776
1786704328.937757 3937348 94147 73366 99 0 182328 0 1128361
1786704329.942579 3945991 91925 70425 99 0 182328 0 1147480
1786704330.934863 3972931 117074 94844 99 0 182328 0 1142178
1786704331.850907 3972930 107138 84892 99 0 182328 0 1167750
1786704332.942791 3963277 93325 71073 99 0 182328 0 1166585
1786704333.942788 3971920 90375 68115 99 0 182328 0 1163427
1786704334.835042 3990216 107340 85082 99 0 182328 0 1183858
1786704335.942220 3980563 93950 72847 99 0 182328 0 1182141
1786704336.945689 3989206 90156 69795 99 0 182328 0 1188437
1786704337.943524 4016146 115731 94396 99 0 182328 0 1175824
1786704338.935247 4016145 106861 84794 99 0 182328 0 1209791
1786704339.944591 4006492 93718 72082 99 0 182328 0 1213231
1786704341.033826 4015135 90504 68879 99 0 182328 0 1210305
1786704341.844310 4033431 107588 85268 99 0 182328 0 1232105
1786704342.941478 4023778 95452 73119 99 0 182328 0 1215332
1786704344.032785 4032421 90448 69257 99 0 182328 0 1229233
1786704344.842166 4050717 106870 85600 99 0 182328 0 1254264
1786704345.936763 4041064 95116 73812 99 0 182328 0 1233080
1786704346.947336 4049707 91566 70148 99 0 182328 0 1248754
1786704347.938885 4076647 109788 87510 99 0 182328 0 1244106
1786704348.937073 5135016 110496 88217 99 0 182328 0 1272115
1786704349.746426 4074542 94216 71994 99 0 184376 0 1263965
1786704350.743330 4064889 77348 53727 99 0 184376 0 1262407
1786704351.743887 4052300 54669 29982 99 0 184376 0 1244990
1786704352.637332 4042647 35333 11775 99 0 184376 0 1221242
1786704353.635206 4042647 35333 11775 99 0 184376 0 1221242
1786704354.634250 4042647 35333 11775 99 0 184376 0 1221242
1786704355.635642 4042647 35333 11775 99 0 184376 0 1221242
1786704356.634460 4042647 35333 11775 99 0 184376 0 1221242
1786704357.634470 4042647 35333 11775 99 0 184376 0 1221242
1786704358.634330 4042647 35333 11775 99 0 184376 0 1221242
1786704359.634827 4042647 35333 11775 99 0 184376 0 1221242
1786704360.633598 4042647 35333 11775 99 0 184376 0 1221242
1786704361.634910 4042647 35333 11775 99 0 184376 0 1221242
1786704362.634789 4042647 35333 11775 99 0 184376 0 1221242
1786704363.634919 4042647 35333 11775 99 0 184376 0 1221242
1786704364.634798 4042647 35333 11775 99 0 184376 0 1221242
1786704365.634461 4042647 35333 11775 99 0 184376 0 1221242
1786704366.635531 4042647 35333 11775 99 0 184376 0 1221242
1786704367.634591 4042636 34619 11036 99 0 184376 0 1221237
1786704368.634245 4042636 34619 11036 99 0 184376 0 1221237
1786704369.636165 4042636 34619 11036 99 0 184376 0 1221237
1786704370.635676 4042636 34619 11036 99 0 184376 0 1221237
1786704371.634510 4042636 34619 11036 99 0 184376 0 1221237
1786704372.635192 4042636 34619 11036 99 0 184376 0 1221237
1786704373.635454 4042636 34619 11036 99 0 184376 0 1221237
1786704374.634754 4042636 34619 11036 99 0 184376 0 1221237
1786704375.634330 4042636 34619 11036 99 0 184376 0 1221237
1786704376.634525 4042636 34619 11036 99 0 184376 0 1221237
1786704377.633813 4042636 34619 11036 99 0 184376 0 1221237
1786704378.635414 4042636 34619 11036 99 0 184376 0 1221237
1786704379.635509 4042636 34619 11036 99 0 184376 0 1221237
1786704380.634442 4042636 34619 11036 99 0 184376 0 1221237
1786704381.635714 4042636 34619 11036 99 0 184376 0 1221237
1786704382.744555 4180890 34237 10653 99 0 184376 0 1324943
1786704383.634031 4042626 33871 10266 99 0 184376 0 1221232
1786704384.634798 4042626 33871 10266 99 0 184376 0 1221232
1786704385.633963 4042626 33871 10266 99 0 184376 0 1221232
1786704386.634000 4042626 33871 10266 99 0 184376 0 1221232
1786704387.634038 4042626 33871 10266 99 0 184376 0 1221232
1786704388.634046 4042626 33871 10266 99 0 184376 0 1221232
1786704389.633847 4042626 33871 10266 99 0 184376 0 1221232
1786704390.633850 4042626 33871 10266 99 0 184376 0 1221232
1786704391.634722 4042626 33871 10266 99 0 184376 0 1221232
1786704392.633849 4042626 33871 10266 99 0 184376 0 1221232
1786704393.634009 4042626 33871 10266 99 0 184376 0 1221232
1786704394.635064 4042626 33871 10266 99 0 184376 0 1221232
1786704395.633870 4042626 33871 10266 99 0 184376 0 1221232
1786704396.638593 4042619 32526 9566 99 0 184376 0 1221230
1786704397.646789 4042619 32526 9566 99 0 184376 0 1221230
1786704398.633800 4042619 32526 9566 99 0 184376 0 1221230
1786704399.634373 4042619 32526 9566 99 0 184376 0 1221231
1786704400.655534 4042619 32526 9566 99 0 184376 0 1221231
1786704401.638620 4042619 32526 9566 99 0 184376 0 1221231
1786704402.651608 4042619 32526 9566 99 0 184376 0 1221231
1786704403.634321 4042619 32526 9566 99 0 184376 0 1221231
1786704404.632856 4042619 32526 9566 99 0 184376 0 1221231
1786704405.636904 4042619 32526 9566 99 0 184376 0 1221231
1786704406.633595 4042619 32526 9566 99 0 184376 0 1221231
1786704407.651645 4042619 32526 9566 99 0 184376 0 1221231
1786704408.633946 4042619 32526 9566 99 0 184376 0 1221231
1786704409.633731 4042619 32526 9566 99 0 184376 0 1221231
1786704410.634284 4042619 32526 9566 99 0 184376 0 1221231
1786704411.633786 4042619 32541 9566 99 0 184376 0 1221231
1786704412.655215 4042619 32541 9566 99 0 184376 0 1221231
1786704413.634502 4042619 32541 9566 99 0 184376 0 1221231
1786704414.638296 4042619 32541 9566 99 0 184376 0 1221231
1786704415.634296 4042619 32541 9566 99 0 184376 0 1221231
1786704416.634413 4042619 32541 9566 99 0 184376 0 1221231
1786704417.652989 4042619 32541 9566 99 0 184376 0 1221231
1786704418.634888 4042619 32541 9566 99 0 184376 0 1221231
1786704419.655336 4042619 32541 9566 99 0 184376 0 1221231
1786704420.633835 4042619 32541 9566 99 0 184376 0 1221231
1786704421.635084 4042619 32541 9566 99 0 184376 0 1221231
1786704422.655551 4042619 32586 9566 99 0 184376 0 1221231
1786704423.634062 4042619 32586 9566 99 0 184376 0 1221231
1786704424.647796 4042619 32586 9566 99 0 184376 0 1221231
1786704425.733033 3843056 39398 16378 99 0 184376 0 947194
1786704426.588663 3726343 39272 16252 99 0 184376 0 904958
1786704427.585538 3726343 39272 16252 99 0 184376 0 904958
1786704428.635232 3726343 39272 16252 99 0 184376 0 904958
1786704429.585323 3726343 39272 16252 99 0 184376 0 904958
1786704430.586385 3726343 39272 16252 99 0 184376 0 904958
1786704431.585214 3726343 39272 16252 99 0 184376 0 904958
1786704432.585248 3726343 39302 16252 99 0 184376 0 904958
1786704433.635295 3726343 39302 16252 99 0 184376 0 904958
1786704434.585296 3726343 39302 16252 99 0 184376 0 904958
1786704435.632833 3726343 39302 16252 99 0 184376 0 904958
1786704436.585363 3726343 39302 16252 99 0 184376 0 904958
1786704437.585212 3726343 39302 16252 99 0 184376 0 904958
1786704438.633392 3726343 39302 16252 99 0 184376 0 904958
1786704439.585271 3726343 39302 16252 99 0 184376 0 904958
1786704440.634098 3726343 39302 16252 99 0 184376 0 904958
1786704441.588234 3726343 39302 16252 99 0 184376 0 904958
1786704442.587361 3726343 39539 16252 99 0 184376 0 904958
1786704443.585360 3726343 39539 16252 99 0 184376 0 904958
1786704444.588421 3726343 39539 16252 99 0 184376 0 904958
1786704445.634877 3726343 39539 16252 99 0 184376 0 904958
1786704446.585435 3726343 39539 16252 99 0 184376 0 904958
1786704447.585181 3726343 39539 16252 99 0 184376 0 904958
1786704448.585406 3726343 39539 16252 99 0 184376 0 904958
1786704449.588208 3726343 39539 16252 99 0 184376 0 904958
1786704450.634868 3726343 39539 16252 99 0 184376 0 904958
1786704451.585150 3726343 39539 16252 99 0 184376 0 904958
1786704452.597642 3726343 40506 16252 99 0 184376 0 904958
1786704453.631985 3726343 40506 16252 99 0 184376 0 904958
1786704454.584973 3726343 40506 16252 99 0 184376 0 904958
1786704455.571747 3410010 47149 22893 99 0 184376 0 588627
1786704456.575164 3410010 47149 22893 99 0 184376 0 588627
1786704457.571261 3410010 47149 22893 99 0 184376 0 588627
1786704458.571513 3410010 47149 22893 99 0 184376 0 588627
1786704459.586343 3410010 47149 22893 99 0 184376 0 588627
1786704460.571382 3410010 47149 22893 99 0 184376 0 588627
1786704461.579618 3410010 47149 22893 99 0 184376 0 588627
1786704462.571390 3410010 47149 22893 99 0 184376 0 588627
1786704463.571716 3410010 48250 22893 99 0 184376 0 588627
1786704464.581662 3410010 48250 22893 99 0 184376 0 588627
1786704465.574426 3410010 48250 22893 99 0 184376 0 588627
1786704466.586495 3410010 48250 22893 99 0 184376 0 588627
1786704467.574360 3410010 48250 22893 99 0 184376 0 588627
1786704468.571521 3410010 48250 22893 99 0 184376 0 588627
1786704469.586139 3410010 48250 22893 99 0 184376 0 588627
1786704470.571216 3410010 48250 22893 99 0 184376 0 588627
1786704471.604139 3410010 48250 22893 99 0 184376 0 588627
1786704472.571330 3410010 48250 22893 99 0 184376 0 588627
1786704473.571384 3410010 48820 22893 99 0 184376 0 588627
1786704474.602677 3410010 48820 22893 99 0 184376 0 588627
1786704475.571412 3410010 48820 22893 99 0 184376 0 588627
1786704476.598121 3410010 48820 22893 99 0 184376 0 588627
1786704477.571340 3410010 48820 22893 99 0 184376 0 588627
1786704478.571227 3410010 48820 22893 99 0 184376 0 588627
1786704479.576405 3410010 48820 22893 99 0 184376 0 588627
1786704480.571646 3410010 48820 22893 99 0 184376 0 588627
1786704481.610740 3410010 48820 22893 99 0 184376 0 588627
1786704482.559016 3143792 55045 29161 99 0 184376 0 297584
1786704483.558625 3113142 79708 53761 99 0 186424 0 289712
1786704484.558776 3113142 105471 79524 99 0 186424 0 289712
1786704485.558618 3113142 131003 105056 99 0 186424 0 289712
1786704486.558415 3113142 158346 132398 99 0 186424 0 289712
1786704487.558796 3113142 183863 157915 99 0 186424 0 289712
1786704488.558471 3113142 209645 183697 99 0 186424 0 289712
1786704489.558699 3113142 236795 210847 99 0 186424 0 289712
1786704490.558502 3113142 262498 236550 99 0 186424 0 289712
1786704491.558361 3113142 287955 262007 99 0 186424 0 289712
1786704492.558397 3113142 313317 287369 99 0 186424 0 289712
1786704493.558284 3115191 323412 297577 99 0 188472 0 289712
1786704494.558377 3115191 323412 297577 99 0 188472 0 289712
1786704495.558392 3115191 323412 297577 99 0 188472 0 289712
1786704496.558590 3115191 323412 297577 99 0 188472 0 289712
1786704497.558555 3115191 323412 297577 99 0 188472 0 289712
1786704498.558491 3115191 323412 297577 99 0 188472 0 289712
1786704499.558443 3115191 323412 297577 99 0 188472 0 289712
1786704500.558435 3115191 323412 297577 99 0 188472 0 289712
1786704501.558416 3115191 323412 297577 99 0 188472 0 289712
1786704502.558431 3115191 323412 297577 99 0 188472 0 289712
1786704503.558326 3117240 323419 297577 99 0 190520 0 289712
1786704504.558194 3117240 323419 297577 99 0 190520 0 289712
1786704505.558597 3117240 323419 297577 99 0 190520 0 289712
1786704506.558371 3117240 323419 297577 99 0 190520 0 289712
1786704507.558279 3117240 323419 297577 99 0 190520 0 289712
1786704508.558470 3117240 323419 297577 99 0 190520 0 289712
1786704509.558382 3117240 323419 297577 99 0 190520 0 289712
1786704510.558180 3117240 323419 297577 99 0 190520 0 289712
1786704511.558291 3117240 323419 297577 99 0 190520 0 289712
1786704512.558317 3117240 323419 297577 99 0 190520 0 289712
1786704513.558483 3119289 323440 297593 99 0 192568 0 289712
1786704514.558501 3119289 323440 297593 99 0 192568 0 289712
1786704515.558432 3119289 323440 297593 99 0 192568 0 289712
1786704516.558447 3119289 323440 297593 99 0 192568 0 289712
1786704517.558396 3119289 323440 297593 99 0 192568 0 289712
1786704518.558344 3119289 323440 297593 99 0 192568 0 289712
1786704519.558436 3119289 323440 297593 99 0 192568 0 289712
1786704520.558310 3119289 323440 297593 99 0 192568 0 289712
1786704521.558251 3119289 323440 297593 99 0 192568 0 289712
1786704522.558515 3119289 323440 297593 99 0 192568 0 289712
1786704523.558476 3119289 323440 297593 99 0 192568 0 289712
1786704524.558257 3119289 323440 297593 99 0 192568 0 289712
1786704525.558411 3119289 323440 297593 99 0 192568 0 289712
1786704526.558266 3119289 323440 297593 99 0 192568 0 289712
1786704527.558457 3119289 323440 297593 99 0 192568 0 289712
1786704528.558389 3119289 323440 297593 99 0 192568 0 289712
1786704529.558369 3119289 323440 297593 99 0 192568 0 289712
1786704530.558273 3119289 323440 297593 99 0 192568 0 289712
1786704531.558418 3119289 323440 297593 99 0 192568 0 289712
1786704532.558438 3119289 323440 297593 99 0 192568 0 289712
1786704533.558307 3119289 323440 297593 99 0 192568 0 289712
1786704534.558523 3119289 323440 297593 99 0 192568 0 289712
1786704535.558434 3119289 323440 297593 99 0 192568 0 289712
1786704536.559108 3119289 323440 297593 99 0 192568 0 289712
1786704537.558229 3119289 323440 297593 99 0 192568 0 289712
1786704538.558513 3119289 323440 297593 99 0 192568 0 289712
1786704539.558587 3119289 323440 297593 99 0 192568 0 289712
1786704540.558512 3119289 323440 297593 99 0 192568 0 289712
1786704541.558477 3119289 323440 297593 99 0 192568 0 289712
1786704542.559152 3119289 323440 297593 99 0 192568 0 289712
1786704543.558214 3119289 323440 297593 99 0 192568 0 289712
1786704544.558426 3119289 323440 297593 99 0 192568 0 289712
1786704545.558409 3119289 323440 297593 99 0 192568 0 289712
1786704546.558331 3119289 323440 297593 99 0 192568 0 289712
1786704547.558443 3119289 323440 297593 99 0 192568 0 289712
1786704548.558343 3119289 323440 297593 99 0 192568 0 289712
1786704549.560778 3119289 323440 297593 99 0 192568 0 289712
1786704550.558491 3119289 323440 297593 99 0 192568 0 289712
1786704551.558416 3119289 323440 297593 99 0 192568 0 289712
1786704552.558449 3119289 323440 297593 99 0 192568 0 289712
1786704553.558320 3119289 323440 297593 99 0 192568 0 289712
1786704554.558406 3119289 323440 297593 99 0 192568 0 289712
1786704555.558287 3119289 323440 297593 99 0 192568 0 289712
1786704556.558477 3119289 323440 297593 99 0 192568 0 289712
1786704557.558402 3119289 323440 297593 99 0 192568 0 289712
1786704558.558438 3119289 323440 297593 99 0 192568 0 289712
1786704559.558202 3119289 323440 297593 99 0 192568 0 289712
1786704560.558391 3119289 323440 297593 99 0 192568 0 289712
1786704561.558355 3119289 323440 297593 99 0 192568 0 289712
1786704562.558365 3119289 323440 297593 99 0 192568 0 289712
1786704563.558397 3119289 323440 297593 99 0 192568 0 289712
1786704564.558248 3119289 323440 297593 99 0 192568 0 289712
1786704565.558253 3119289 323440 297593 99 0 192568 0 289712
1786704566.558505 3119289 323440 297593 99 0 192568 0 289712
1786704567.558239 3119289 323440 297593 99 0 192568 0 289712
1786704568.558504 3119289 323440 297593 99 0 192568 0 289712
1786704569.558295 3119289 323440 297593 99 0 192568 0 289712
1786704570.558269 3119289 323440 297593 99 0 192568 0 289712
1786704571.558400 3119289 323440 297593 99 0 192568 0 289712
1786704572.561311 3119289 323440 297593 99 0 192568 0 289712
1786704573.561283 3119289 323440 297593 99 0 192568 0 289712
1786704574.560894 3119289 323440 297593 99 0 192568 0 289712
1786704575.558426 3119289 323440 297593 99 0 192568 0 289712
1786704576.558444 3119289 323440 297593 99 0 192568 0 289712
1786704577.558492 3119289 323440 297593 99 0 192568 0 289712
1786704578.558325 3119289 323440 297593 99 0 192568 0 289712
1786704579.558255 3119289 323440 297593 99 0 192568 0 289712
1786704580.558288 3119289 323440 297593 99 0 192568 0 289712
1786704581.558462 3119289 323440 297593 99 0 192568 0 289712
1786704582.558378 3119289 323440 297593 99 0 192568 0 289712
1786704583.558606 3119289 323440 297593 99 0 192568 0 289712
1786704584.558395 3119289 323440 297593 99 0 192568 0 289712
1786704585.558239 3119289 323440 297593 99 0 192568 0 289712
1786704586.558184 3119289 323440 297593 99 0 192568 0 289712
1786704587.558367 3119289 323440 297593 99 0 192568 0 289712
1786704588.558379 3119289 323440 297593 99 0 192568 0 289712
1786704589.558334 3119289 323440 297593 99 0 192568 0 289712
1786704590.558565 3119289 323440 297593 99 0 192568 0 289712
1786704591.558286 3119289 323440 297593 99 0 192568 0 289712
1786704592.558437 3119289 323440 297593 99 0 192568 0 289712
1786704593.558486 3119289 323440 297593 99 0 192568 0 289712
1786704594.558418 3119289 323440 297593 99 0 192568 0 289712
1786704595.558325 3119289 323440 297593 99 0 192568 0 289712
1786704596.558393 3119289 323440 297593 99 0 192568 0 289712
1786704597.558222 3119289 323440 297593 99 0 192568 0 289712
1786704598.558303 3119289 323440 297593 99 0 192568 0 289712
1786704599.558473 3119289 323440 297593 99 0 192568 0 289712
1786704600.558518 3119289 323440 297593 99 0 192568 0 289712
1786704601.558387 3119289 323440 297593 99 0 192568 0 289712
1786704602.558390 3119289 323440 297593 99 0 192568 0 289712
1786704603.558278 3119289 323440 297593 99 0 192568 0 289712
1786704604.558428 3119289 323440 297593 99 0 192568 0 289712
1786704605.558456 3119289 323440 297593 99 0 192568 0 289712
1786704606.558368 3119289 323440 297593 99 0 192568 0 289712
1786704607.558526 3119289 323440 297593 99 0 192568 0 289712
1786704608.558245 3119289 323440 297593 99 0 192568 0 289712
1786704609.558565 3119289 323440 297593 99 0 192568 0 289712
1786704610.560661 3119289 323440 297593 99 0 192568 0 289712
1786704611.558469 3119289 323440 297593 99 0 192568 0 289712
1786704612.558320 3119289 323440 297593 99 0 192568 0 289712
1786704613.558285 3119289 323440 297593 99 0 192568 0 289712
1786704614.558309 3119289 323440 297593 99 0 192568 0 289712
1786704615.558662 3119289 323440 297593 99 0 192568 0 289712
1786704616.559568 3119289 323440 297593 99 0 192568 0 289712
1786704617.558596 3119289 323440 297593 99 0 192568 0 289712
1786704618.558415 3119289 323440 297593 99 0 192568 0 289712
1786704619.558311 3119289 323440 297593 99 0 192568 0 289712
1786704620.558439 3119289 323440 297593 99 0 192568 0 289712
1786704621.558374 3119289 323440 297593 99 0 192568 0 289712
1786704622.558322 3119289 323440 297593 99 0 192568 0 289712
1786704623.558265 3119289 323440 297593 99 0 192568 0 289712
1786704624.558525 3119289 323440 297593 99 0 192568 0 289712
1786704625.558528 3119289 323440 297593 99 0 192568 0 289712
1786704626.558503 3119289 323440 297593 99 0 192568 0 289712
1786704627.558451 3119289 323440 297593 99 0 192568 0 289712
1786704628.558361 3119289 323440 297593 99 0 192568 0 289712
1786704629.558252 3119289 323440 297593 99 0 192568 0 289712
1786704630.558399 3119289 323440 297593 99 0 192568 0 289712
1786704631.558332 3119289 323440 297593 99 0 192568 0 289712
1786704632.558465 3119289 323440 297593 99 0 192568 0 289712
1786704633.558444 3119289 323440 297593 99 0 192568 0 289712
1786704634.558534 3119289 323440 297593 99 0 192568 0 289712
1786704635.558224 3119289 323440 297593 99 0 192568 0 289712
1786704636.558123 3119289 323440 297593 99 0 192568 0 289712
1786704637.558402 3119289 323440 297593 99 0 192568 0 289712
1786704638.558425 3119289 323440 297593 99 0 192568 0 289712
1786704639.558283 3119289 323440 297593 99 0 192568 0 289712
1786704640.558233 3119289 323440 297593 99 0 192568 0 289712
1786704641.558528 3119289 323440 297593 99 0 192568 0 289712
1786704642.558522 3119289 323440 297593 99 0 192568 0 289712
1786704643.558410 3119289 323440 297593 99 0 192568 0 289712
1786704644.558504 3119289 323440 297593 99 0 192568 0 289712
1786704645.558388 3119289 323440 297593 99 0 192568 0 289712
1786704646.558363 3119289 323440 297593 99 0 192568 0 289712
1786704647.558312 3119289 323440 297593 99 0 192568 0 289712
1786704648.558183 3119289 323440 297593 99 0 192568 0 289712
1786704649.558225 3119289 323440 297593 99 0 192568 0 289712
1786704650.558366 3119289 323440 297593 99 0 192568 0 289712
1786704651.558236 3119289 323440 297593 99 0 192568 0 289712
1786704652.558456 3119289 323440 297593 99 0 192568 0 289712
1786704653.558359 3119289 323440 297593 99 0 192568 0 289712
1786704654.558415 3119289 323440 297593 99 0 192568 0 289712
1786704655.558385 3119289 323440 297593 99 0 192568 0 289712
1786704656.558291 3119289 323440 297593 99 0 192568 0 289712
1786704657.558286 3119289 323440 297593 99 0 192568 0 289712
1786704658.558550 3119289 323440 297593 99 0 192568 0 289712
1786704659.558507 3119289 323440 297593 99 0 192568 0 289712
1786704660.558497 3119289 323440 297593 99 0 192568 0 289712
1786704661.558426 3119289 323440 297593 99 0 192568 0 289712
1786704662.558425 3119289 323440 297593 99 0 192568 0 289712
1786704663.558412 3119289 323440 297593 99 0 192568 0 289712
1786704664.558423 3119289 323440 297593 99 0 192568 0 289712
1786704665.558204 3119289 323440 297593 99 0 192568 0 289712
1786704666.558231 3119289 323440 297593 99 0 192568 0 289712
1786704667.558525 3119289 323440 297593 99 0 192568 0 289712
1786704668.558492 3119289 323440 297593 99 0 192568 0 289712
1786704669.558557 3119289 323440 297593 99 0 192568 0 289712
1786704670.558448 3119289 323440 297593 99 0 192568 0 289712
1786704671.558383 3119289 323440 297593 99 0 192568 0 289712
1786704672.558379 3119289 323440 297593 99 0 192568 0 289712
1786704673.562419 3119289 323436 297593 99 0 192568 0 289712
1786704674.558295 3119289 323436 297593 99 0 192568 0 289712
