# start_epoch=1786720245.926233  page_size=4096  cachestat=ok  fields=size,resident,shared,text,lib,data,dt,pagecache
1786720246.927509 432192 22127 3044 2101 0 427593 0 19056
1786720247.927311 438848 29295 3044 2101 0 434249 0 19056
1786720248.984889 448704 35672 3140 2101 0 444105 0 46039
1786720249.928197 448711 31148 3244 2101 0 444105 0 31306
1786720250.988234 449479 32505 3313 2101 0 444873 0 50609
1786720251.985730 449479 37130 3313 2101 0 444873 0 60849
1786720252.928808 449479 33530 3313 2101 0 444873 0 43573
1786720253.986040 449479 33530 3313 2101 0 444873 0 63644
1786720254.985528 449479 37642 3313 2101 0 444873 0 55821
1786720255.929015 449479 33530 3313 2101 0 444873 0 55822
1786720256.989619 449479 34109 3313 2101 0 444873 0 78197
1786720257.930496 449479 33313 3376 2101 0 444873 0 68071
1786720258.929939 449479 33313 3376 2101 0 444873 0 68071
1786720259.987392 450126 34861 3383 2101 0 445513 0 90925
1786720260.930697 450126 33572 3383 2101 0 445513 0 79522
1786720261.984963 450126 33572 3383 2101 0 445513 0 79522
1786720262.988032 450126 36140 3383 2101 0 445513 0 105225
1786720263.930996 450126 35636 3383 2101 0 445513 0 91772
1786720264.930965 450126 35636 3383 2101 0 445513 0 91772
1786720265.989988 450126 37097 3383 2101 0 445513 0 120035
1786720266.931531 450126 33135 3383 2101 0 445513 0 104023
1786720267.990366 450126 33200 3383 2101 0 445513 0 124862
1786720268.990033 450126 35482 3383 2101 0 445513 0 116272
1786720269.986518 450126 35482 3383 2101 0 445513 0 116272
1786720270.992927 450126 35738 3383 2101 0 445513 0 136599
1786720271.992750 450126 38571 3383 2101 0 445513 0 142487
1786720272.932345 456270 38943 3383 2101 0 451657 0 126316
1786720273.991940 456270 39327 3383 2101 0 451657 0 145363
1786720274.990831 456270 39328 3383 2101 0 451657 0 155347
1786720275.985608 456270 32305 3383 2101 0 451657 0 138566
1786720276.991148 456270 33777 3383 2101 0 451657 0 159661
1786720277.990586 456270 33592 3383 2101 0 451657 0 150816
1786720278.986177 456270 33592 3383 2101 0 451657 0 150816
1786720279.994810 456270 35417 3383 2101 0 451657 0 173447
1786720280.985610 456270 34254 3383 2101 0 451657 0 163066
1786720281.986757 456270 34254 3383 2101 0 451657 0 163066
1786720282.995426 457166 35534 3383 2101 0 452553 0 183905
1786720283.991770 457934 39557 3383 2101 0 453321 0 173616
1786720284.985987 457934 37383 3383 2101 0 453321 0 173617
1786720285.993393 457934 37768 3383 2101 0 453321 0 196248
1786720286.988399 457934 32626 3383 2101 0 453321 0 185867
1786720287.986787 457934 32626 3383 2101 0 453321 0 185867
1786720288.994011 457934 36479 3383 2101 0 453321 0 210802
1786720289.992341 457934 34936 3383 2101 0 453321 0 198118
1786720290.987155 457934 34936 3383 2101 0 453321 0 198118
1786720291.994847 457934 37499 3383 2101 0 453321 0 224589
1786720292.993164 457934 32412 3383 2101 0 453321 0 210369
1786720293.990120 457934 32412 3383 2101 0 453321 0 210369
1786720294.997672 457934 36494 3383 2101 0 453321 0 234792
1786720295.997008 457934 39143 3383 2101 0 453321 0 220341
1786720296.989463 457934 37864 3383 2101 0 453321 0 219327
1786720297.998703 457934 37885 3383 2101 0 453321 0 240934
1786720298.993043 457934 32741 3383 2101 0 453321 0 231578
1786720299.993152 457934 32741 3383 2101 0 453321 0 231578
1786720300.996787 457934 35821 3383 2101 0 453321 0 254977
1786720301.988653 457934 36853 3383 2101 0 453321 0 243828
1786720302.989641 457934 36853 3383 2101 0 453321 0 243828
1786720303.998673 457934 36853 3383 2101 0 453321 0 269531
1786720304.994774 457934 32757 3383 2101 0 453321 0 256079
1786720305.994897 457934 32757 3383 2101 0 453321 0 256079
1786720307.086691 457934 36861 3383 2101 0 453321 0 277942
1786720308.092551 458830 39607 3383 2101 0 454217 0 393517
1786720308.997566 458830 38127 3383 2101 0 454217 0 264590
1786720310.011304 458830 38127 3383 2101 0 454217 0 264591
1786720311.099062 458830 38127 3383 2101 0 454217 0 332186
1786720312.099842 458830 38127 3383 2101 0 454217 0 338074
1786720313.000001 458830 36235 3383 2101 0 454217 0 274749
1786720313.995299 458830 36211 3383 2101 0 454217 0 274749
1786720315.001528 458830 36878 3383 2101 0 454217 0 297380
1786720315.993424 458830 38381 3383 2101 0 454217 0 287000
1786720316.992615 458830 38381 3383 2101 0 454217 0 287000
1786720318.087185 458830 38410 3383 2101 0 454217 0 312447
1786720318.997383 458830 35739 3383 2101 0 454217 0 299251
1786720319.994357 458830 35739 3383 2101 0 454217 0 299251
1786720321.086611 458830 38044 3383 2101 0 454217 0 321114
1786720322.089908 458830 41771 3383 2101 0 454217 0 433480
1786720323.018933 458830 40007 3383 2101 0 454217 0 308140
1786720324.090164 458830 40292 3383 2101 0 454217 0 310431
1786720325.001984 458830 40292 3383 2101 0 454217 0 333159
1786720325.998450 458830 30986 3383 2101 0 454217 0 317410
1786720326.998524 458830 30986 3383 2101 0 454217 0 317410
1786720328.000743 458830 36204 3383 2101 0 454217 0 340503
1786720328.994193 458830 37047 3383 2101 0 454217 0 328587
1786720329.994127 458830 37047 3383 2101 0 454217 0 328587
1786720331.088409 458830 37586 3383 2101 0 454217 0 355058
1786720331.998916 458830 33458 3383 2101 0 454217 0 340837
1786720332.998438 458830 33458 3383 2101 0 454217 0 340837
1786720334.089154 458830 38332 3383 2101 0 454217 0 363724
1786720335.084620 458830 40606 3383 2101 0 454217 0 381052
1786720335.999652 458830 39327 3383 2101 0 454217 0 349484
1786720337.089575 458830 38047 3383 2101 0 454217 0 369299
1786720338.091458 458830 39583 3383 2101 0 454217 0 423331
1786720338.997818 458830 34192 3383 2101 0 454217 0 360358
1786720340.089935 458830 34350 3383 2101 0 454217 0 381197
1786720341.090118 458830 38974 3383 2101 0 454217 0 390632
1786720341.995313 458830 37173 3383 2101 0 454217 0 372610
1786720343.089725 458830 37432 3383 2101 0 454217 0 394985
1786720344.004544 458830 35376 3383 2101 0 454217 0 384860
1786720344.998927 458830 35376 3383 2101 0 454217 0 384860
1786720346.092660 458830 35377 3383 2101 0 454217 0 406467
1786720347.096515 459854 38816 3383 2101 0 455241 0 522028
1786720348.003107 459854 38304 3383 2101 0 455241 0 394404
1786720349.005467 459854 38317 3383 2101 0 455241 0 391942
1786720350.089531 459854 38317 3383 2101 0 455241 0 414061
1786720351.094492 459854 39342 3383 2101 0 455241 0 477258
1786720352.001487 459854 36254 3383 2101 0 455241 0 401765
1786720352.997205 459854 36254 3383 2101 0 455241 0 398910
1786720354.093616 459854 38822 3383 2101 0 455241 0 426405
1786720354.997867 459854 40144 3383 2101 0 455241 0 411160
1786720356.089846 459854 33955 3383 2101 0 455241 0 430207
1786720357.089757 459854 38610 3383 2101 0 455241 0 439679
1786720358.003773 459854 34765 3383 2101 0 455241 0 423411
1786720359.093823 459854 34765 3383 2101 0 455241 0 433692
1786720360.091452 459854 38357 3383 2101 0 455241 0 447322
1786720361.094053 459854 41609 3383 2101 0 455241 0 559416
1786720362.002682 459854 39820 3383 2101 0 455241 0 433012
1786720363.091861 459854 39820 3383 2101 0 455241 0 450786
1786720364.099008 459854 39820 3383 2101 0 455241 0 479062
1786720365.006246 459854 33722 3383 2101 0 455241 0 439893
1786720366.004689 459854 33722 3383 2101 0 455241 0 439893
1786720367.097464 459854 36026 3383 2101 0 455241 0 460220
1786720368.098309 459854 40097 3383 2101 0 455241 0 532295
1786720368.998546 459854 41183 3383 2101 0 455241 0 449267
1786720370.090007 459854 41470 3383 2101 0 455241 0 470362
1786720371.003173 459854 41492 3383 2101 0 455241 0 461518
1786720372.006184 459854 37380 3383 2101 0 455241 0 461518
1786720373.096464 459854 37298 3383 2101 0 455241 0 481845
1786720374.186161 459854 38312 3383 2101 0 455241 0 584771
1786720375.006257 459854 37512 3383 2101 0 455241 0 471478
1786720376.005532 459854 37578 3383 2101 0 455241 0 468177
1786720377.092356 459854 37582 3383 2101 0 455241 0 489784
1786720378.096456 459854 39341 3383 2101 0 455241 0 496184
1786720378.998811 459854 39319 3383 2101 0 455241 0 476731
1786720380.000017 459854 39319 3383 2101 0 455241 0 476731
1786720381.095698 459854 39244 3383 2101 0 455241 0 503714
1786720382.000407 459854 38294 3383 2101 0 455241 0 488982
1786720383.001668 459854 38294 3383 2101 0 455241 0 488982
1786720384.099264 459854 38583 3383 2101 0 455241 0 514429
1786720385.087465 459854 36324 3383 2101 0 455241 0 501232
1786720386.009451 459854 36324 3383 2101 0 455241 0 501232
1786720387.095356 459854 38358 3383 2101 0 455241 0 523607
1786720388.097876 459854 41437 3383 2101 0 455241 0 529239
1786720389.087764 459854 38760 3383 2101 0 455241 0 510758
1786720390.093236 459854 38801 3383 2101 0 455241 0 518296
1786720391.098719 459854 39184 3383 2101 0 455241 0 596959
1786720392.098399 459854 42780 3383 2101 0 455241 0 602079
1786720393.004278 459854 37947 3383 2101 0 455241 0 515969
1786720394.095394 459854 37948 3383 2101 0 455241 0 535272
1786720395.188481 459854 39999 3383 2101 0 455241 0 540648
1786720396.005028 459854 40264 3383 2101 0 455241 0 524504
1786720397.006012 459854 40264 3383 2101 0 455241 0 524504
1786720398.097827 459854 37634 3383 2101 0 455241 0 550719
1786720399.009333 459854 35470 3383 2101 0 455241 0 536755
1786720400.085543 459854 35470 3383 2101 0 455241 0 536755
1786720401.101931 459854 36756 3383 2101 0 455241 0 559898
1786720402.098509 459854 39325 3383 2101 0 455241 0 546363
1786720403.006982 459854 35445 3383 2101 0 455241 0 546364
1786720404.008453 459854 34936 3383 2101 0 455241 0 542675
1786720405.184755 459854 38508 3383 2101 0 455241 0 593853
1786720406.187640 459854 41681 3383 2101 0 455241 0 598973
1786720407.005717 459854 39299 3383 2101 0 455241 0 507455
1786720408.099218 459854 39137 3383 2101 0 455241 0 568543
1786720409.100595 459854 39137 3383 2101 0 455241 0 573919
1786720410.184917 459854 42726 3383 2101 0 455241 0 550733
1786720411.003622 459854 39016 3383 2101 0 455241 0 557399
1786720412.186163 459854 38920 3383 2101 0 455241 0 580542
1786720413.085519 459854 35511 3383 2101 0 455241 0 569652
1786720414.086536 459854 35511 3383 2101 0 455241 0 569652
1786720415.101135 459854 36290 3383 2101 0 455241 0 591003
1786720416.188356 461134 39452 3383 2101 0 456521 0 694676
1786720417.085474 461134 34353 3383 2101 0 456521 0 579592
1786720418.009794 461134 34414 3383 2101 0 456521 0 575129
1786720419.098262 461134 37841 3383 2101 0 456521 0 596992
1786720420.186385 461134 40935 3383 2101 0 456521 0 602624
1786720421.007691 461134 38419 3383 2101 0 456521 0 583748
1786720422.099013 461134 38432 3383 2101 0 456521 0 603051
1786720423.188374 461134 39968 3383 2101 0 456521 0 612011
1786720424.005023 461134 38944 3383 2101 0 456521 0 595997
1786720425.187078 461134 38944 3383 2101 0 456521 0 615556
1786720426.101910 461134 39457 3383 2101 0 456521 0 624772
1786720427.090895 461134 35389 3383 2101 0 456521 0 608249
1786720428.185653 461134 35404 3383 2101 0 456521 0 614843
1786720429.193056 461134 37665 3383 2101 0 456521 0 633184
1786720430.192327 461134 41118 3383 2101 0 456521 0 617785
1786720431.093291 461134 37438 3383 2101 0 456521 0 617786
1786720432.098746 461134 37495 3383 2101 0 456521 0 612919
1786720433.099484 461134 39467 3383 2101 0 456521 0 636063
1786720434.187508 461134 43067 3383 2101 0 456521 0 641439
1786720435.090652 461134 38948 3383 2101 0 456521 0 620327
1786720436.191284 461134 39428 3383 2101 0 456521 0 639630
1786720437.187733 461134 39438 3383 2101 0 456521 0 645774
1786720438.085686 461134 37470 3383 2101 0 456521 0 628081
1786720439.006340 461134 37470 3383 2101 0 456521 0 628081
1786720440.188844 461134 38014 3383 2101 0 456521 0 651736
1786720441.096841 461134 36477 3383 2101 0 456521 0 640331
1786720442.094081 461134 36477 3383 2101 0 456521 0 640331
1786720443.184552 461134 37477 3383 2101 0 456521 0 661170
1786720444.187977 461134 39883 3383 2101 0 456521 0 732669
1786720445.096662 461134 38741 3383 2101 0 456521 0 649943
1786720446.099350 461134 38741 3383 2101 0 456521 0 645079
1786720447.184440 461134 38952 3383 2101 0 456521 0 667711
1786720448.187866 461134 41879 3383 2101 0 456521 0 672831
1786720449.099196 461134 39603 3383 2101 0 456521 0 652107
1786720450.188565 461134 39874 3383 2101 0 456521 0 670899
1786720451.187332 461134 40074 3383 2101 0 456521 0 718161
1786720452.192508 461134 43219 3383 2101 0 456521 0 723537
1786720453.094597 461134 37984 3383 2101 0 456521 0 661871
1786720454.189196 461134 35743 3383 2101 0 456521 0 677236
1786720455.103773 461134 39618 3383 2101 0 456521 0 668903
1786720456.088772 461134 35365 3383 2101 0 456521 0 668905
1786720457.188611 461134 35587 3383 2101 0 456521 0 684887
1786720458.192893 461134 40139 3383 2101 0 456521 0 789086
1786720459.195854 461134 43470 3383 2101 0 456521 0 794206
1786720460.091482 461134 40401 3383 2101 0 456521 0 678867
1786720461.189980 461134 40748 3383 2101 0 456521 0 692078
1786720462.102558 461134 40748 3383 2101 0 456521 0 697198
1786720463.194486 461134 43829 3383 2101 0 456521 0 702574
1786720464.085492 461134 36630 3383 2101 0 456521 0 680570
1786720465.186274 461134 38425 3383 2101 0 456521 0 702945
1786720466.087355 461134 38303 3383 2101 0 456521 0 692820
1786720467.010307 461134 38848 3383 2101 0 456521 0 692820
1786720468.189711 461134 38556 3383 2101 0 456521 0 716219
1786720469.097396 461134 37081 3383 2101 0 456521 0 705070
1786720470.093578 461134 37081 3383 2101 0 456521 0 705070
1786720471.194420 461134 36822 3383 2101 0 456521 0 725653
1786720472.199032 461134 39634 3383 2101 0 456521 0 813968
1786720473.185436 461134 43099 3383 2101 0 456521 0 714596
1786720474.092521 461134 40011 3383 2101 0 456521 0 714597
1786720475.197919 461134 40024 3383 2101 0 456521 0 820345
1786720476.193265 461134 40024 3383 2101 0 456521 0 734788
1786720477.092488 461134 34881 3383 2101 0 456521 0 720952
1786720478.103115 461134 34862 3383 2101 0 456521 0 715053
1786720479.188860 461134 38477 3383 2101 0 456521 0 736149
1786720480.188334 461134 42069 3383 2101 0 456521 0 741269
1786720481.093426 461134 44644 3383 2101 0 456521 0 727306
1786720482.090957 461134 44918 3383 2101 0 456521 0 721678
1786720483.193541 461134 45174 3383 2101 0 456521 0 747125
1786720484.094070 461134 39008 3383 2101 0 456521 0 733927
1786720485.096365 461134 33604 3383 2101 0 456521 0 733927
1786720486.187314 461134 38441 3383 2101 0 456521 0 754766
1786720487.195452 461134 42134 3383 2101 0 456521 0 866869
1786720488.192721 461134 44461 3383 2101 0 456521 0 743537
1786720489.092598 461134 42975 3383 2101 0 456521 0 743538
1786720490.194310 461134 43297 3383 2101 0 456521 0 852437
1786720491.193798 461134 43297 3383 2101 0 456521 0 857813
1786720492.095608 461134 39185 3383 2101 0 456521 0 749869
1786720493.094324 461134 39186 3383 2101 0 456521 0 743595
1786720494.188597 461134 38917 3383 2101 0 456521 0 765802
1786720495.194702 461134 42766 3383 2101 0 456521 0 771090
1786720496.087198 461134 40615 3383 2101 0 456521 0 749617
1786720497.190566 461134 40617 3383 2101 0 456521 0 756286
1786720498.188721 461134 40617 3383 2101 0 456521 0 777112
1786720499.099591 461134 38042 3383 2101 0 456521 0 761867
1786720500.101638 461134 38042 3383 2101 0 456521 0 761867
1786720501.193145 461134 39078 3383 2101 0 456521 0 785778
1786720502.198029 462670 43177 3383 2101 0 458057 0 887445
1786720503.091366 462670 42244 3383 2101 0 458057 0 771594
1786720504.092969 462670 42244 3383 2101 0 458057 0 771594
1786720505.195810 462670 42709 3383 2101 0 458057 0 876523
1786720506.196567 462670 43743 3383 2101 0 458057 0 881387
1786720507.096265 462670 41773 3383 2101 0 458057 0 777578
1786720508.101558 462670 41773 3383 2101 0 458057 0 771021
1786720509.202146 462670 41543 3383 2101 0 458057 0 823533
1786720510.197204 462670 41719 3383 2101 0 458057 0 781370
1786720511.097981 462670 33840 3383 2101 0 458057 0 781371
1786720512.192726 462670 35857 3383 2101 0 458057 0 799883
1786720513.200838 462670 40561 3383 2101 0 458057 0 935516
1786720514.092777 462670 40752 3383 2101 0 458057 0 787394
1786720515.095646 462670 40752 3383 2101 0 458057 0 787394
1786720516.197778 462670 40785 3383 2101 0 458057 0 809001
1786720517.288561 462670 41017 3383 2101 0 458057 0 911143
1786720518.104444 462670 39025 3383 2101 0 458057 0 797342
1786720519.096994 462670 39025 3383 2101 0 458057 0 797342
1786720520.198333 462670 39236 3383 2101 0 458057 0 811844
1786720521.195688 462670 40281 3383 2101 0 458057 0 820292
1786720522.098249 462670 40463 3383 2101 0 458057 0 802745
1786720523.095471 462670 41523 3383 2101 0 458057 0 795876
1786720524.195978 462670 41523 3383 2101 0 458057 0 821579
1786720525.087669 462670 37934 3383 2101 0 458057 0 808127
1786720526.091591 462670 37934 3383 2101 0 458057 0 808127
1786720527.192835 462670 40172 3383 2101 0 458057 0 833318
1786720528.105552 462670 39872 3383 2101 0 458057 0 820378
1786720529.105906 462670 39872 3383 2101 0 458057 0 820378
1786720530.286040 462670 40110 3383 2101 0 458057 0 842497
1786720531.293887 462670 41906 3383 2101 0 458057 0 958040
1786720532.105347 462670 42420 3383 2101 0 458057 0 829898
1786720533.096188 462670 42420 3383 2101 0 458057 0 829898
1786720534.199428 462670 42435 3383 2101 0 458057 0 847069
1786720535.198751 462670 42435 3383 2101 0 458057 0 853469
1786720536.092406 462670 38210 3383 2101 0 458057 0 794249
1786720537.102920 462670 38291 3383 2101 0 458057 0 831809
1786720538.200292 462670 38525 3383 2101 0 458057 0 852904
1786720539.293301 462670 41015 3383 2101 0 458057 0 917682
1786720540.105566 462670 42982 3383 2101 0 458057 0 839738
1786720541.101183 462670 42982 3383 2101 0 458057 0 823304
1786720542.286780 462670 42811 3383 2101 0 458057 0 854692
1786720543.191606 462670 43510 3383 2101 0 458057 0 844821
1786720544.105615 462670 37203 3383 2101 0 458057 0 844822
1786720545.285775 462670 37380 3383 2101 0 458057 0 864637
1786720546.294919 462670 40800 3383 2101 0 458057 0 966757
1786720547.284745 462670 43627 3383 2101 0 458057 0 854756
1786720548.096414 462670 38238 3383 2101 0 458057 0 789023
1786720549.094602 462670 38328 3383 2101 0 458057 0 850944
1786720550.198997 462670 41120 3383 2101 0 458057 0 873319
1786720551.197132 462670 44597 3383 2101 0 458057 0 956650
1786720552.092942 462670 39482 3383 2101 0 458057 0 856021
1786720553.287526 462670 39678 3383 2101 0 458057 0 876604
1786720554.192911 462670 41726 3383 2101 0 458057 0 885308
1786720555.094503 462670 38642 3383 2101 0 458057 0 868274
1786720556.186698 462670 38642 3383 2101 0 458057 0 868274
1786720557.201309 462670 41469 3383 2101 0 458057 0 896025
1786720558.101927 462670 41313 3383 2101 0 458057 0 880523
1786720559.103957 462670 41313 3383 2101 0 458057 0 880523
1786720560.196882 462670 41406 3383 2101 0 458057 0 903410
1786720561.289653 462670 43829 3383 2101 0 458057 0 1018421
1786720562.184805 462670 42647 3383 2101 0 458057 0 890042
1786720563.099967 462670 42647 3383 2101 0 458057 0 890042
1786720564.285562 462670 43456 3383 2101 0 458057 0 1004547
1786720565.202047 462670 44992 3383 2101 0 458057 0 1009442
1786720566.105323 462670 42936 3383 2101 0 458057 0 894830
1786720567.285662 462670 42936 3383 2101 0 458057 0 890388
1786720568.286941 462670 42734 3383 2101 0 458057 0 913020
1786720569.202025 462670 43308 3383 2101 0 458057 0 919099
1786720570.107669 462670 41516 3383 2101 0 458057 0 902640
1786720571.094646 462670 41516 3383 2101 0 458057 0 894903
1786720572.288104 462670 41516 3383 2101 0 458057 0 919838
1786720573.184749 462670 43992 3383 2101 0 458057 0 907155
1786720574.186189 462670 43992 3383 2101 0 458057 0 907155
1786720575.284601 462670 44282 3383 2101 0 458057 0 928506
1786720576.286531 462670 43881 3383 2101 0 458057 0 1041323
1786720577.107880 462670 43719 3383 2101 0 458057 0 916750
1786720578.104456 462670 43719 3383 2101 0 458057 0 916750
1786720579.202986 462670 44528 3383 2101 0 458057 0 1028950
1786720580.290671 462670 45040 3383 2101 0 458057 0 1034070
1786720581.100010 462670 47608 3383 2101 0 458057 0 917432
1786720582.105728 462670 47608 3383 2101 0 458057 0 917432
1786720583.286772 462670 47610 3383 2101 0 458057 0 940063
1786720584.290777 462670 48122 3383 2101 0 458057 0 1050111
1786720585.107663 462670 46066 3383 2101 0 458057 0 921842
1786720586.185462 462670 46066 3383 2101 0 458057 0 921842
1786720587.196378 462670 46066 3383 2101 0 458057 0 942937
1786720588.290041 462670 46066 3383 2101 0 458057 0 960810
1786720589.103232 462670 46579 3383 2101 0 458057 0 926356
1786720590.200044 462670 46579 3383 2101 0 458057 0 945403
1786720591.197313 462670 46579 3383 2101 0 458057 0 950523
1786720592.102883 462670 46782 3383 2101 0 458057 0 936313
1786720593.103921 462670 46782 3383 2101 0 458057 0 934343
1786720594.293894 462670 46699 3383 2101 0 458057 0 955182
1786720595.285457 462670 47211 3383 2101 0 458057 0 961190
1786720596.203559 464462 46653 3383 2101 0 459849 0 941811
1786720597.099722 464462 46653 3383 2101 0 459849 0 941812
1786720598.289497 464462 46658 3383 2101 0 459849 0 965211
1786720599.098727 464462 42546 3383 2101 0 459849 0 954063
1786720600.093875 464462 42546 3383 2101 0 459849 0 954063
1786720601.288499 464462 42802 3383 2101 0 459849 0 976694
1786720602.189852 464462 44858 3383 2101 0 459849 0 966312
1786720603.188450 464462 42802 3383 2101 0 459849 0 966313
1786720604.288425 464462 42802 3383 2101 0 459849 0 986128
1786720605.287884 464462 43826 3383 2101 0 459849 0 991248
1786720606.294379 464462 46749 3383 2101 0 459849 0 1018356
1786720607.106629 464462 46441 3383 2101 0 459849 0 975838
1786720608.295768 464462 46483 3383 2101 0 459849 0 986628
1786720609.286060 464462 46483 3383 2101 0 459849 0 995332
1786720610.105491 464462 38462 3383 2101 0 459849 0 980088
1786720611.186183 464462 38531 3383 2101 0 459849 0 977527
1786720612.292748 464462 39739 3383 2101 0 459849 0 996830
1786720613.287787 464462 43589 3383 2101 0 459849 0 1001695
1786720614.200783 464462 47006 3383 2101 0 459849 0 1006815
1786720615.099468 464462 42924 3383 2101 0 459849 0 981404
1786720616.198154 464462 43180 3383 2101 0 459849 0 1002755
1786720617.284398 464462 45229 3383 2101 0 459849 0 999427
1786720618.108011 464462 41896 3383 2101 0 459849 0 993654
1786720619.287823 464462 41962 3383 2101 0 459849 0 1003095
1786720620.286065 464462 44010 3383 2101 0 459849 0 1017666
1786720621.291512 464462 47009 3383 2101 0 459849 0 1069789
1786720622.187932 464462 42876 3383 2101 0 459849 0 1003244
1786720623.294294 464462 42876 3383 2101 0 459849 0 1003244
1786720624.297128 464462 43055 3383 2101 0 459849 0 1127104
1786720625.103175 464462 38001 3383 2101 0 459849 0 1006993
1786720626.104821 464462 38009 3383 2101 0 459849 0 1006993
1786720627.285727 464462 39816 3383 2101 0 459849 0 1004007
1786720628.286141 464462 44449 3383 2101 0 459849 0 1027406
1786720629.290131 464462 47353 3383 2101 0 459849 0 1029626
1786720630.189262 464462 44037 3383 2101 0 459849 0 1012077
1786720631.291773 464462 44037 3383 2101 0 459849 0 1029437
1786720632.288926 464462 43915 3383 2101 0 459849 0 1145304
1786720633.108970 464462 39113 3383 2101 0 459849 0 1016287
1786720634.186436 464462 39113 3383 2101 0 459849 0 1016287
1786720635.291529 464462 40307 3383 2101 0 459849 0 1036870
1786720636.388227 464462 43711 3383 2101 0 459849 0 1138476
1786720637.290391 464462 46191 3383 2101 0 459849 0 1026213
1786720638.105360 464462 43103 3383 2101 0 459849 0 1026214
1786720639.188378 464462 43265 3383 2101 0 459849 0 1017642
1786720640.292219 464462 43343 3383 2101 0 459849 0 1040529
1786720641.297747 464462 45912 3383 2101 0 459849 0 1046417
1786720642.097306 464462 41967 3383 2101 0 459849 0 1024160
1786720643.104642 464462 41967 3383 2101 0 459849 0 1024160
1786720644.298319 464462 45373 3383 2101 0 459849 0 1049863
1786720645.101869 464462 45631 3383 2101 0 459849 0 1036410
1786720646.101731 464462 46142 3383 2101 0 459849 0 1036410
1786720647.385876 464462 45359 3383 2101 0 459849 0 1061345
1786720648.109036 464462 41770 3383 2101 0 459849 0 1048659
1786720649.191368 464462 41770 3383 2101 0 459849 0 1048659
1786720650.385599 464462 44338 3383 2101 0 459849 0 1070010
1786720651.297953 464462 47170 3383 2101 0 459849 0 1075817
1786720652.194456 464462 46414 3383 2101 0 459849 0 1058196
1786720653.194290 464462 46414 3383 2101 0 459849 0 1058196
1786720654.295665 464462 46285 3383 2101 0 459849 0 1075591
1786720655.287561 464462 46286 3383 2101 0 459849 0 1084039
1786720656.190384 464462 40414 3383 2101 0 459849 0 1063646
1786720657.185637 464462 39615 3383 2101 0 459849 0 1063646
1786720658.294497 464462 43843 3383 2101 0 459849 0 1084997
1786720659.297843 464462 47521 3383 2101 0 459849 0 1166053
1786720660.105479 464462 47112 3383 2101 0 459849 0 1067102
1786720661.186340 464462 47112 3383 2101 0 459849 0 1067102
1786720662.292264 464462 47368 3383 2101 0 459849 0 1094245
1786720663.187140 464462 41712 3383 2101 0 459849 0 1079353
1786720664.185239 464462 41712 3383 2101 0 459849 0 1079353
1786720665.291627 464462 45306 3383 2101 0 459849 0 1100960
1786720666.297856 464462 48658 3383 2101 0 459849 0 1212772
1786720667.292977 464462 51038 3383 2101 0 459849 0 1088961
1786720668.192387 464462 48569 3383 2101 0 459849 0 1058936
1786720669.295687 464462 43565 3383 2101 0 459849 0 1103822
1786720670.296838 464462 45871 3383 2101 0 459849 0 1109198
1786720671.109852 464462 41498 3383 2101 0 459849 0 1092674
1786720672.185514 464462 41452 3383 2101 0 459849 0 1083762
1786720673.292830 464462 43526 3383 2101 0 459849 0 1104601
1786720674.291671 464462 47362 3383 2101 0 459849 0 1109721
1786720675.187192 464462 45824 3383 2101 0 459849 0 1096012
1786720676.105736 464462 46560 3383 2101 0 459849 0 1086842
1786720677.295291 464462 46560 3383 2101 0 459849 0 1111009
1786720678.199291 464462 42201 3383 2101 0 459849 0 1099093
1786720679.198368 464462 42201 3383 2101 0 459849 0 1099093
1786720680.293560 464462 43746 3383 2101 0 459849 0 1118908
1786720681.298357 464462 47353 3383 2101 0 459849 0 1124540
1786720682.299451 464462 50665 3383 2101 0 459849 0 1196453
1786720683.194378 464462 51730 3383 2101 0 459849 0 1106881
1786720684.189689 464462 40941 3383 2101 0 459849 0 1112513
1786720684.974966 464462 32715 3383 2101 0 459849 0 1100435
1786720685.974370 464462 31588 3383 2101 0 459849 0 1095955
1786720686.974668 464462 32099 3383 2101 0 459849 0 1095955
1786720687.974357 464462 32507 3383 2101 0 459849 0 1092047
1786720688.974527 464462 32507 3383 2101 0 459849 0 1092047
1786720689.984629 464462 32590 3383 2101 0 459849 0 1091034
1786720690.974480 464462 32590 3383 2101 0 459849 0 1091034
1786720691.974571 464462 32590 3383 2101 0 459849 0 1091034
1786720692.974488 464462 32590 3383 2101 0 459849 0 1091034
1786720693.974443 464462 32590 3383 2101 0 459849 0 1091034
1786720694.974329 464462 32590 3383 2101 0 459849 0 1091034
1786720695.974261 464462 32590 3383 2101 0 459849 0 1091034
1786720696.974313 464462 32590 3383 2101 0 459849 0 1091034
1786720697.974427 464462 32590 3383 2101 0 459849 0 1091034
1786720698.974320 464462 32590 3383 2101 0 459849 0 1091034
1786720699.974220 464462 32590 3383 2101 0 459849 0 1091034
1786720700.974327 466510 33995 3383 2101 0 461897 0 1079857
1786720701.976955 466510 33995 3383 2101 0 461897 0 1079857
1786720702.976921 466510 33995 3383 2101 0 461897 0 1079858
1786720703.976924 466510 33995 3383 2101 0 461897 0 1079858
1786720704.973803 466510 33995 3383 2101 0 461897 0 1079858
1786720705.977032 466510 33995 3383 2101 0 461897 0 1079858
1786720706.984624 466510 34506 3383 2101 0 461897 0 1079858
1786720707.973883 466510 34506 3383 2101 0 461897 0 1079858
1786720708.974040 466510 34506 3383 2101 0 461897 0 1079858
1786720710.103332 466510 34257 3383 2101 0 461897 0 1054055
1786720710.972965 466510 34257 3383 2101 0 461897 0 1054057
1786720711.973026 466510 34257 3383 2101 0 461897 0 1054057
1786720712.972723 466510 34257 3383 2101 0 461897 0 1054058
1786720713.973354 466510 34257 3383 2101 0 461897 0 1054058
1786720714.972608 466510 34257 3383 2101 0 461897 0 1054058
1786720715.972641 466510 34257 3383 2101 0 461897 0 1054058
1786720716.972663 466510 34768 3383 2101 0 461897 0 1054058
1786720717.972593 466510 34768 3383 2101 0 461897 0 1054058
1786720718.976083 466510 34768 3383 2101 0 461897 0 1054058
1786720719.976107 466510 34768 3383 2101 0 461897 0 1054058
1786720721.096645 466510 34452 3383 2101 0 461897 0 994092
1786720721.969950 466510 34454 3383 2101 0 461897 0 994094
1786720722.969949 466510 34454 3383 2101 0 461897 0 994095
1786720723.969783 466510 34454 3383 2101 0 461897 0 994095
1786720724.969748 466510 34454 3383 2101 0 461897 0 994095
1786720725.969795 466510 34454 3383 2101 0 461897 0 994095
1786720726.969973 466510 34454 3383 2101 0 461897 0 994095
1786720727.970165 466510 34454 3383 2101 0 461897 0 994095
1786720728.970261 466510 34454 3383 2101 0 461897 0 994095
1786720729.970242 466510 34454 3383 2101 0 461897 0 994095
1786720730.969910 466510 34454 3383 2101 0 461897 0 994095
1786720731.969955 466510 34454 3383 2101 0 461897 0 994095
1786720733.100165 466510 34278 3383 2101 0 461897 0 976279
1786720734.095749 474709 64733 3422 2101 0 470089 0 976283
1786720735.094559 521301 108058 3422 2101 0 516681 0 976283
1786720736.100329 560213 150277 3422 2101 0 555593 0 976283
1786720737.096135 613461 194085 3422 2101 0 608841 0 976283
1786720738.099232 648789 236207 3422 2101 0 644169 0 976283
1786720739.096884 689749 279437 3422 2101 0 685129 0 976283
1786720740.096983 741973 322135 3422 2101 0 737353 0 976283
1786720741.100872 799317 363773 3422 2101 0 794697 0 976283
1786720742.101593 802901 406952 3422 2101 0 798281 0 976283
1786720743.100554 868437 449089 3422 2101 0 863817 0 976283
1786720744.103734 952405 489629 3422 2101 0 947785 0 976283
1786720745.095216 956501 531726 3422 2101 0 951881 0 976283
1786720746.095955 1054805 574825 3422 2101 0 1050185 0 976283
1786720747.096267 1054805 617389 3422 2101 0 1050185 0 976283
1786720748.100628 1054805 659201 3422 2101 0 1050185 0 976283
1786720749.099042 1174613 702221 3422 2101 0 1169993 0 976283
1786720750.093649 1174613 744681 3422 2101 0 1169993 0 976283
1786720751.098672 1174613 786591 3422 2101 0 1169993 0 976283
1786720752.095818 1305685 829011 3422 2101 0 1301065 0 976283
1786720753.098888 1311829 871894 3422 2101 0 1307209 0 976283
1786720754.096958 1311829 913715 3422 2101 0 1307209 0 976283
1786720755.095301 1475669 956542 3422 2101 0 1471049 0 976283
1786720756.097562 1475669 998302 3422 2101 0 1471049 0 976283
1786720757.099546 1475669 1040047 3422 2101 0 1471049 0 976283
1786720758.099794 1482837 1081765 3422 2101 0 1478217 0 976283
1786720759.099604 1484886 1095134 3422 2101 0 1480265 0 976283
1786720760.098549 1484886 1095134 3422 2101 0 1480265 0 976283
1786720761.095877 1484886 1095134 3422 2101 0 1480265 0 976283
1786720762.102930 1484886 1095134 3422 2101 0 1480265 0 976283
1786720763.100377 1484886 1095134 3422 2101 0 1480265 0 976283
1786720764.096667 1484886 1095134 3422 2101 0 1480265 0 976283
1786720765.101154 1484886 1095134 3422 2101 0 1480265 0 976283
1786720766.098933 1484886 1095134 3422 2101 0 1480265 0 976283
1786720767.099009 1484886 1095134 3422 2101 0 1480265 0 976283
1786720768.099118 1484886 1095134 3422 2101 0 1480265 0 976283
1786720769.099662 1484886 1095438 3422 2101 0 1480265 0 976283
1786720770.095328 1484886 1095438 3422 2101 0 1480265 0 976283
1786720771.102482 1484886 1095438 3422 2101 0 1480265 0 976283
1786720772.096981 1484886 1095438 3422 2101 0 1480265 0 976283
1786720773.098704 1484886 1095438 3422 2101 0 1480265 0 976283
1786720774.104682 1484886 1095438 3422 2101 0 1480265 0 976283
1786720775.098600 1484886 1095438 3422 2101 0 1480265 0 976283
1786720776.101792 1486935 1095429 3422 2101 0 1482313 0 976283
1786720777.093621 1486935 1095429 3422 2101 0 1482313 0 976283
1786720778.098274 1486935 1095429 3422 2101 0 1482313 0 976283
1786720779.098008 1486935 1095717 3422 2101 0 1482313 0 976283
1786720780.094898 1486935 1095717 3422 2101 0 1482313 0 976283
1786720781.096891 1486935 1095717 3422 2101 0 1482313 0 976283
1786720782.101055 1486935 1095717 3422 2101 0 1482313 0 976283
1786720783.098493 1486935 1095717 3422 2101 0 1482313 0 976283
1786720784.096178 1486935 1095717 3422 2101 0 1482313 0 976283
1786720785.100177 1486935 1095717 3422 2101 0 1482313 0 976283
1786720786.102922 1486935 1095717 3422 2101 0 1482313 0 976283
1786720787.102423 1486935 1095717 3422 2101 0 1482313 0 976283
1786720788.099097 1486935 1095717 3422 2101 0 1482313 0 976283
1786720789.098001 1486935 1095717 3422 2101 0 1482313 0 976283
1786720790.100014 1486935 1095717 3422 2101 0 1482313 0 976283
1786720791.096929 1486935 1095717 3422 2101 0 1482313 0 976283
1786720792.096671 1486935 1095717 3422 2101 0 1482313 0 976283
1786720793.101648 1486935 1095717 3422 2101 0 1482313 0 976283
1786720794.098340 1488977 1095711 3415 2101 0 1484361 0 976283
1786720795.096188 1488977 1095711 3415 2101 0 1484361 0 976283
1786720796.097273 1488977 1095711 3415 2101 0 1484361 0 976283
1786720797.093988 1488977 1095711 3415 2101 0 1484361 0 976283
1786720798.097050 1488977 1095711 3415 2101 0 1484361 0 976283
1786720799.099321 1488977 1095983 3415 2101 0 1484361 0 976283
1786720800.098120 1488977 1095983 3415 2101 0 1484361 0 976283
1786720801.099797 1488977 1095983 3415 2101 0 1484361 0 976283
1786720802.099770 1488977 1095983 3415 2101 0 1484361 0 976283
1786720803.099760 1488977 1095983 3415 2101 0 1484361 0 976283
1786720804.095161 1488977 1095983 3415 2101 0 1484361 0 976283
1786720805.094037 1488977 1095983 3415 2101 0 1484361 0 976283
1786720806.096048 1488977 1095983 3415 2101 0 1484361 0 976283
1786720807.099209 1488977 1095983 3415 2101 0 1484361 0 976283
1786720808.098086 1488977 1095983 3415 2101 0 1484361 0 976283
1786720809.099197 1488977 1095983 3415 2101 0 1484361 0 976283
1786720810.094918 1488977 1096239 3415 2101 0 1484361 0 976283
1786720811.099276 1488977 1096239 3415 2101 0 1484361 0 976283
1786720812.100276 1488977 1096239 3415 2101 0 1484361 0 976283
1786720813.097930 1488977 1096239 3415 2101 0 1484361 0 976283
1786720814.095954 1488977 1096239 3415 2101 0 1484361 0 976283
1786720815.098265 1488977 1096239 3415 2101 0 1484361 0 976283
1786720816.095122 1488977 1096239 3415 2101 0 1484361 0 976283
1786720817.102066 1488977 1096239 3415 2101 0 1484361 0 976283
1786720818.095058 1488977 1096239 3415 2101 0 1484361 0 976283
1786720819.099030 1488977 1096239 3415 2101 0 1484361 0 976283
1786720820.094498 1488977 1096239 3415 2101 0 1484361 0 976283
1786720821.095294 1488977 1096239 3415 2101 0 1484361 0 976283
1786720822.098548 1488977 1096239 3415 2101 0 1484361 0 976283
1786720823.096267 1488977 1096239 3415 2101 0 1484361 0 976283
1786720824.096159 1488977 1096239 3415 2101 0 1484361 0 976283
1786720825.097196 1488977 1096239 3415 2101 0 1484361 0 976283
1786720826.102164 1488977 1096239 3415 2101 0 1484361 0 976283
1786720827.100169 1488977 1096239 3415 2101 0 1484361 0 976283
1786720828.096965 1488977 1096239 3415 2101 0 1484361 0 976283
1786720829.098083 1488977 1096239 3415 2101 0 1484361 0 976283
1786720830.099551 1488977 1096479 3415 2101 0 1484361 0 976283
1786720831.097148 1488977 1096479 3415 2101 0 1484361 0 976283
1786720832.095426 1488977 1096479 3415 2101 0 1484361 0 976283
1786720833.097203 1488977 1096479 3415 2101 0 1484361 0 976283
1786720834.100248 1488977 1096479 3415 2101 0 1484361 0 976283
1786720835.099056 1488977 1096479 3415 2101 0 1484361 0 976283
1786720836.097878 1488977 1096479 3415 2101 0 1484361 0 976283
1786720837.096376 1488977 1096479 3415 2101 0 1484361 0 976283
1786720838.097545 1488977 1096479 3415 2101 0 1484361 0 976283
1786720839.103450 1488977 1096479 3415 2101 0 1484361 0 976283
1786720840.098132 1488977 1096703 3415 2101 0 1484361 0 976283
1786720841.098358 1488977 1096703 3415 2101 0 1484361 0 976283
1786720842.100998 1488977 1096703 3415 2101 0 1484361 0 976283
1786720843.099311 1488977 1096703 3415 2101 0 1484361 0 976283
1786720844.096100 1488977 1096703 3415 2101 0 1484361 0 976283
1786720845.095047 1488977 1096703 3415 2101 0 1484361 0 976283
1786720846.099398 1488977 1096703 3415 2101 0 1484361 0 976283
1786720847.100810 1488977 1096703 3415 2101 0 1484361 0 976283
1786720848.101624 1488977 1096703 3415 2101 0 1484361 0 976283
1786720849.097936 1488977 1096703 3415 2101 0 1484361 0 976283
1786720850.186838 1488977 1096703 3415 2101 0 1484361 0 976283
1786720851.102047 1489617 1096754 3415 2101 0 1485001 0 976283
1786720852.098012 1489617 1096754 3415 2101 0 1485001 0 976283
1786720853.095127 1489617 1096754 3415 2101 0 1485001 0 976300
1786720854.095962 1489617 1096754 3415 2101 0 1485001 0 976300
1786720855.102798 1489617 1096754 3415 2101 0 1485001 0 976300
1786720856.102697 1489617 1096754 3415 2101 0 1485001 0 976300
1786720857.096420 1489617 1096754 3415 2101 0 1485001 0 976300
1786720858.100226 1489617 1096754 3415 2101 0 1485001 0 976300
1786720859.097367 1489617 1096754 3415 2101 0 1485001 0 976300
1786720860.098013 1489617 1096754 3415 2101 0 1485001 0 976300
1786720861.098008 1489617 1096962 3415 2101 0 1485001 0 976300
1786720862.095892 1489617 1096962 3415 2101 0 1485001 0 976300
1786720863.096512 1489617 1096962 3415 2101 0 1485001 0 976300
1786720864.099153 1489617 1096962 3415 2101 0 1485001 0 976300
1786720865.097759 1489617 1096962 3415 2101 0 1485001 0 976300
1786720866.097456 1489617 1096962 3415 2101 0 1485001 0 976300
1786720867.097997 1489617 1096962 3415 2101 0 1485001 0 976300
1786720868.097265 1489617 1096962 3415 2101 0 1485001 0 976300
1786720869.096017 1489617 1096962 3415 2101 0 1485001 0 976300
1786720870.094936 1489617 1096962 3415 2101 0 1485001 0 976300
1786720871.101140 1489617 1097154 3415 2101 0 1485001 0 976300
1786720872.097005 1489617 1097154 3415 2101 0 1485001 0 976300
1786720873.100874 1489617 1097154 3415 2101 0 1485001 0 976300
1786720874.098504 1489617 1097154 3415 2101 0 1485001 0 976300
1786720875.102073 1489617 1097154 3415 2101 0 1485001 0 976300
1786720876.099918 1489617 1097154 3415 2101 0 1485001 0 976300
1786720877.094062 1489617 1097154 3415 2101 0 1485001 0 976300
1786720878.095904 1489617 1097154 3415 2101 0 1485001 0 976300
1786720879.096882 1489617 1097154 3415 2101 0 1485001 0 976300
1786720880.095053 1489617 1097154 3415 2101 0 1485001 0 976300
1786720881.094038 1489617 1097154 3415 2101 0 1485001 0 976300
1786720882.093295 1489617 1097154 3415 2101 0 1485001 0 976300
1786720883.097184 1489617 1097154 3415 2101 0 1485001 0 976300
1786720884.096843 1489617 1097154 3415 2101 0 1485001 0 976300
1786720885.093170 1489617 1097154 3415 2101 0 1485001 0 976300
1786720886.096883 1489617 1097154 3415 2101 0 1485001 0 976300
1786720887.099129 1489617 1097154 3415 2101 0 1485001 0 976300
1786720888.099129 1489617 1097154 3415 2101 0 1485001 0 976300
1786720889.096055 1489617 1097154 3415 2101 0 1485001 0 976300
1786720890.098976 1489617 1097154 3415 2101 0 1485001 0 976300
1786720891.095486 1489617 1097154 3415 2101 0 1485001 0 976300
1786720892.097045 1489617 1097330 3415 2101 0 1485001 0 976300
1786720893.094124 1489617 1097330 3415 2101 0 1485001 0 976300
1786720894.094895 1489617 1097330 3415 2101 0 1485001 0 976300
1786720895.101818 1489617 1097330 3415 2101 0 1485001 0 976300
1786720896.098817 1489617 1097330 3415 2101 0 1485001 0 976300
1786720897.094849 1489617 1097330 3415 2101 0 1485001 0 976300
1786720898.093731 1489617 1097330 3415 2101 0 1485001 0 976300
1786720899.097775 1489617 1097330 3415 2101 0 1485001 0 976300
1786720900.095320 1489617 1097330 3415 2101 0 1485001 0 976300
1786720901.097132 1489617 1097330 3415 2101 0 1485001 0 976300
1786720902.094006 1489617 1097490 3415 2101 0 1485001 0 976300
1786720903.094924 1489617 1097490 3415 2101 0 1485001 0 976300
1786720904.096949 1489617 1097490 3415 2101 0 1485001 0 976300
1786720905.098741 1489617 1097490 3415 2101 0 1485001 0 976300
1786720906.097706 1489617 1097490 3415 2101 0 1485001 0 976300
1786720907.094754 1489617 1097490 3415 2101 0 1485001 0 976300
1786720908.094681 1489617 1097490 3415 2101 0 1485001 0 976300
1786720909.096292 1489617 1097490 3415 2101 0 1485001 0 976300
1786720910.097187 1489617 1097490 3415 2101 0 1485001 0 976300
1786720911.095306 1489617 1097490 3415 2101 0 1485001 0 976300
1786720912.095017 1489617 1097490 3415 2101 0 1485001 0 976300
1786720913.096251 1489617 1097490 3415 2101 0 1485001 0 976300
1786720914.094801 1489617 1097490 3415 2101 0 1485001 0 976300
1786720915.097033 1489617 1097490 3415 2101 0 1485001 0 976300
1786720916.094927 1489617 1097490 3415 2101 0 1485001 0 976300
1786720917.100831 1489617 1097490 3415 2101 0 1485001 0 976300
1786720918.100604 1489617 1097490 3415 2101 0 1485001 0 976300
1786720919.096215 1489617 1097490 3415 2101 0 1485001 0 976300
1786720920.097278 1489617 1097490 3415 2101 0 1485001 0 976300
1786720921.097207 1489617 1097490 3415 2101 0 1485001 0 976300
1786720922.095012 1489617 1097634 3415 2101 0 1485001 0 976300
1786720923.097972 1489617 1097634 3415 2101 0 1485001 0 976300
1786720924.093861 1489617 1097634 3415 2101 0 1485001 0 976300
1786720925.094982 1489617 1097634 3415 2101 0 1485001 0 976300
1786720926.095988 1489617 1097634 3415 2101 0 1485001 0 976300
1786720927.097638 1489617 1097634 3415 2101 0 1485001 0 976300
1786720928.095422 1489617 1097634 3415 2101 0 1485001 0 976300
1786720929.099083 1489617 1097634 3415 2101 0 1485001 0 976300
1786720930.096842 1489617 1097634 3415 2101 0 1485001 0 976300
1786720931.096168 1489617 1097634 3415 2101 0 1485001 0 976300
1786720932.097993 1489617 1097762 3415 2101 0 1485001 0 976300
1786720933.097960 1489617 1097762 3415 2101 0 1485001 0 976300
1786720934.098041 1489617 1097762 3415 2101 0 1485001 0 976300
1786720935.093946 1489617 1097762 3415 2101 0 1485001 0 976300
1786720936.098705 1489617 1097762 3415 2101 0 1485001 0 976300
1786720937.098597 1489617 1097762 3415 2101 0 1485001 0 976300
1786720938.098096 1489617 1097762 3415 2101 0 1485001 0 976300
1786720939.096915 1489617 1097762 3415 2101 0 1485001 0 976300
1786720940.097289 1489617 1097762 3415 2101 0 1485001 0 976300
1786720941.098917 1489617 1097762 3415 2101 0 1485001 0 976300
1786720942.100178 1489617 1097762 3415 2101 0 1485001 0 976300
1786720943.094357 1489617 1097762 3415 2101 0 1485001 0 976300
1786720944.096144 1489617 1097762 3415 2101 0 1485001 0 976300
1786720945.096421 1489617 1097762 3415 2101 0 1485001 0 976300
1786720946.094347 1489617 1097762 3415 2101 0 1485001 0 976300
1786720947.097149 1489617 1097762 3415 2101 0 1485001 0 976300
1786720948.095080 1489617 1097762 3415 2101 0 1485001 0 976300
1786720949.094208 1489617 1097762 3415 2101 0 1485001 0 976300
1786720950.095123 1489617 1097762 3415 2101 0 1485001 0 976300
1786720951.095059 1489617 1097762 3415 2101 0 1485001 0 976300
1786720952.098271 1489617 1097762 3415 2101 0 1485001 0 976300
1786720953.095065 1489617 1097874 3415 2101 0 1485001 0 976300
1786720954.095754 1489617 1097874 3415 2101 0 1485001 0 976300
1786720955.095009 1489617 1097874 3415 2101 0 1485001 0 976300
1786720956.098344 1489617 1097874 3415 2101 0 1485001 0 976300
1786720957.094893 1489617 1097874 3415 2101 0 1485001 0 976300
1786720958.097281 1489617 1097874 3415 2101 0 1485001 0 976300
1786720959.096136 1489617 1097874 3415 2101 0 1485001 0 976300
1786720960.101054 1489617 1097874 3415 2101 0 1485001 0 976300
1786720961.097838 1489617 1097874 3415 2101 0 1485001 0 976300
1786720962.096917 1489617 1097874 3415 2101 0 1485001 0 976300
1786720963.098663 1489617 1097990 3415 2101 0 1485001 0 976300
1786720964.100720 1489617 1097990 3415 2101 0 1485001 0 976300
1786720965.095234 1489617 1097990 3415 2101 0 1485001 0 976300
1786720966.097792 1489617 1097990 3415 2101 0 1485001 0 976300
1786720967.095479 1489617 1097990 3415 2101 0 1485001 0 976300
1786720968.099082 1489617 1097990 3415 2101 0 1485001 0 976300
1786720969.098722 1489617 1097990 3415 2101 0 1485001 0 976300
1786720970.094931 1489617 1097990 3415 2101 0 1485001 0 976300
1786720971.095998 1489617 1097990 3415 2101 0 1485001 0 976300
1786720972.101383 1489617 1097990 3415 2101 0 1485001 0 976300
1786720973.094211 1489617 1097990 3415 2101 0 1485001 0 976300
1786720974.095363 1489617 1097990 3415 2101 0 1485001 0 976300
1786720975.095460 1489617 1097990 3415 2101 0 1485001 0 976300
1786720976.095179 1489617 1097990 3415 2101 0 1485001 0 976300
1786720977.095912 1489617 1097990 3415 2101 0 1485001 0 976300
1786720978.099896 1489617 1097990 3415 2101 0 1485001 0 976300
1786720979.096802 1489617 1097990 3415 2101 0 1485001 0 976300
1786720980.095950 1489617 1097990 3415 2101 0 1485001 0 976300
1786720981.097458 1489617 1097990 3415 2101 0 1485001 0 976300
1786720982.096498 1489617 1097990 3415 2101 0 1485001 0 976300
1786720983.097255 1489617 1097990 3415 2101 0 1485001 0 976300
1786720984.102068 1489617 1098109 3415 2101 0 1485001 0 976300
1786720985.094818 1489617 1098109 3415 2101 0 1485001 0 976300
1786720986.098820 1489617 1098109 3415 2101 0 1485001 0 976300
1786720987.097784 1489617 1098109 3415 2101 0 1485001 0 976300
1786720988.098922 1489617 1098109 3415 2101 0 1485001 0 976300
1786720989.095860 1489617 1098109 3415 2101 0 1485001 0 976300
1786720990.099705 1489617 1098109 3415 2101 0 1485001 0 976300
1786720991.095575 1489617 1098109 3415 2101 0 1485001 0 976300
1786720992.097274 1489617 1098109 3415 2101 0 1485001 0 976300
1786720993.097945 1489617 1098109 3415 2101 0 1485001 0 976300
1786720994.093949 1489617 1098225 3415 2101 0 1485001 0 976300
1786720995.098967 1489617 1098225 3415 2101 0 1485001 0 976300
1786720996.094921 1489617 1098225 3415 2101 0 1485001 0 976300
1786720997.092820 1489617 1098225 3415 2101 0 1485001 0 976300
1786720998.099773 1489617 1098225 3415 2101 0 1485001 0 976300
1786720999.093851 1489617 1098225 3415 2101 0 1485001 0 976300
1786721000.098526 1489617 1098225 3415 2101 0 1485001 0 976300
1786721001.095230 1489617 1098225 3415 2101 0 1485001 0 976300
1786721002.098899 1489617 1098225 3415 2101 0 1485001 0 976300
1786721003.099815 1489617 1098225 3415 2101 0 1485001 0 976300
1786721004.095005 1489617 1098225 3415 2101 0 1485001 0 976300
1786721005.094876 1489617 1098225 3415 2101 0 1485001 0 976300
1786721006.095062 1489617 1098225 3415 2101 0 1485001 0 976300
1786721007.093941 1489617 1098225 3415 2101 0 1485001 0 976300
1786721008.098941 1489617 1098225 3415 2101 0 1485001 0 976300
1786721009.098507 1489617 1098225 3415 2101 0 1485001 0 976300
1786721010.097195 1489617 1098225 3415 2101 0 1485001 0 976300
1786721011.097940 1489617 1098225 3415 2101 0 1485001 0 976300
1786721012.099891 1489617 1098225 3415 2101 0 1485001 0 976300
1786721013.096876 1489617 1098225 3415 2101 0 1485001 0 976300
1786721014.099005 1489617 1098333 3415 2101 0 1485001 0 976300
1786721015.096110 1489617 1098333 3415 2101 0 1485001 0 976300
1786721016.099231 1489617 1098333 3415 2101 0 1485001 0 976300
1786721017.099110 1489617 1098333 3415 2101 0 1485001 0 976300
1786721018.101989 1489617 1098333 3415 2101 0 1485001 0 976300
1786721019.096041 1489617 1098333 3415 2101 0 1485001 0 976300
1786721020.096966 1489617 1098333 3415 2101 0 1485001 0 976300
1786721021.101037 1489617 1098333 3415 2101 0 1485001 0 976300
1786721022.100050 1489617 1098333 3415 2101 0 1485001 0 976300
1786721023.097267 1489617 1098333 3415 2101 0 1485001 0 976300
1786721024.095264 1489617 1098333 3415 2101 0 1485001 0 976300
1786721025.095115 1489617 1098453 3415 2101 0 1485001 0 976300
1786721026.097850 1489617 1098453 3415 2101 0 1485001 0 976300
1786721027.097898 1489617 1098453 3415 2101 0 1485001 0 976300
1786721028.102335 1489617 1098453 3415 2101 0 1485001 0 976300
1786721029.099006 1489617 1098453 3415 2101 0 1485001 0 976300
1786721030.099443 1489617 1098453 3415 2101 0 1485001 0 976300
1786721031.097022 1489617 1098453 3415 2101 0 1485001 0 976300
1786721032.099167 1489617 1098453 3415 2101 0 1485001 0 976300
1786721033.096021 1489617 1098453 3415 2101 0 1485001 0 976300
1786721034.093974 1489617 1098453 3415 2101 0 1485001 0 976300
1786721035.102499 1489617 1098453 3415 2101 0 1485001 0 976300
1786721036.096336 1489617 1098453 3415 2101 0 1485001 0 976300
1786721037.098678 1489617 1098453 3415 2101 0 1485001 0 976300
1786721038.098040 1489617 1098453 3415 2101 0 1485001 0 976300
1786721039.096563 1489617 1098453 3415 2101 0 1485001 0 976300
1786721040.100112 1489617 1098453 3415 2101 0 1485001 0 976300
1786721041.095038 1489617 1098453 3415 2101 0 1485001 0 976300
1786721042.098951 1489617 1098453 3415 2101 0 1485001 0 976300
1786721043.096880 1489617 1098453 3415 2101 0 1485001 0 976300
1786721044.097479 1489617 1098453 3415 2101 0 1485001 0 976300
1786721045.100695 1489617 1098571 3415 2101 0 1485001 0 976300
1786721046.096404 1489617 1098571 3415 2101 0 1485001 0 976300
1786721047.098315 1489617 1098571 3415 2101 0 1485001 0 976300
1786721048.102254 1489617 1098571 3415 2101 0 1485001 0 976300
1786721049.096013 1489617 1098571 3415 2101 0 1485001 0 976300
1786721050.099004 1489617 1098571 3415 2101 0 1485001 0 976300
1786721051.096867 1489617 1098571 3415 2101 0 1485001 0 976300
1786721052.095141 1489617 1098571 3415 2101 0 1485001 0 976300
1786721053.094107 1489617 1098571 3415 2101 0 1485001 0 976300
1786721054.097631 1489617 1098571 3415 2101 0 1485001 0 976300
1786721055.095640 1489617 1098571 3415 2101 0 1485001 0 976300
1786721056.094930 1489617 1098571 3415 2101 0 1485001 0 976300
1786721057.096332 1489617 1098571 3415 2101 0 1485001 0 976300
1786721058.100868 1489617 1098571 3415 2101 0 1485001 0 976300
1786721059.098151 1489617 1098571 3415 2101 0 1485001 0 976300
1786721060.097988 1489617 1098571 3415 2101 0 1485001 0 976300
1786721061.101156 1489617 1098571 3415 2101 0 1485001 0 976300
1786721062.095306 1489617 1098571 3415 2101 0 1485001 0 976300
1786721063.098750 1489617 1098571 3415 2101 0 1485001 0 976300
1786721064.099265 1489617 1098571 3415 2101 0 1485001 0 976300
1786721065.100851 1489617 1098571 3415 2101 0 1485001 0 976300
1786721066.095980 1489617 1098571 3415 2101 0 1485001 0 976300
1786721067.097034 1489617 1098571 3415 2101 0 1485001 0 976300
1786721068.095498 1489617 1098571 3415 2101 0 1485001 0 976300
1786721069.102244 1489617 1098571 3415 2101 0 1485001 0 976300
1786721070.097081 1489617 1098571 3415 2101 0 1485001 0 976300
1786721071.099344 1489617 1098571 3415 2101 0 1485001 0 976300
1786721072.097757 1489617 1098571 3415 2101 0 1485001 0 976300
1786721073.095415 1489617 1098571 3415 2101 0 1485001 0 976300
1786721074.095115 1489617 1098571 3415 2101 0 1485001 0 976300
1786721075.095482 1489617 1098571 3415 2101 0 1485001 0 976300
1786721076.100856 1489617 1099067 3415 2101 0 1485001 0 976300
1786721077.099222 1489617 1099067 3415 2101 0 1485001 0 976300
1786721078.099119 1489617 1099067 3415 2101 0 1485001 0 976300
1786721079.099395 1489617 1099067 3415 2101 0 1485001 0 976300
1786721080.095811 1489617 1099067 3415 2101 0 1485001 0 976300
1786721081.098678 1489617 1099067 3415 2101 0 1485001 0 976300
1786721082.101432 1489617 1099067 3415 2101 0 1485001 0 976300
1786721083.099147 1489617 1099067 3415 2101 0 1485001 0 976300
1786721084.097485 1489617 1099067 3415 2101 0 1485001 0 976300
1786721085.096060 1489617 1099067 3415 2101 0 1485001 0 976300
1786721086.096126 1489617 1099547 3415 2101 0 1485001 0 976300
1786721087.097191 1489617 1099547 3415 2101 0 1485001 0 976300
1786721088.096074 1489617 1099547 3415 2101 0 1485001 0 976300
1786721089.096458 1489617 1099547 3415 2101 0 1485001 0 976300
1786721090.094241 1489617 1099547 3415 2101 0 1485001 0 976300
1786721091.096157 1489617 1099547 3415 2101 0 1485001 0 976300
1786721092.099830 1489617 1099547 3415 2101 0 1485001 0 976300
1786721093.099220 1489617 1099547 3415 2101 0 1485001 0 976300
1786721094.095160 1489617 1099547 3415 2101 0 1485001 0 976300
1786721095.099359 1489617 1099547 3415 2101 0 1485001 0 976300
1786721096.097220 1489617 1099547 3415 2101 0 1485001 0 976300
1786721097.101173 1489617 1099547 3415 2101 0 1485001 0 976300
1786721098.098167 1489617 1099547 3415 2101 0 1485001 0 976300
1786721099.098253 1489617 1099547 3415 2101 0 1485001 0 976300
1786721100.102245 1489617 1099547 3415 2101 0 1485001 0 976300
1786721101.095150 1489617 1099547 3415 2101 0 1485001 0 976300
1786721102.096597 1489617 1099547 3415 2101 0 1485001 0 976300
1786721103.095766 1489617 1099547 3415 2101 0 1485001 0 976300
1786721104.096328 1489617 1099547 3415 2101 0 1485001 0 976300
1786721105.097160 1489617 1099547 3415 2101 0 1485001 0 976300
1786721106.099137 1489617 1099547 3415 2101 0 1485001 0 976300
1786721107.096792 1489617 1100011 3415 2101 0 1485001 0 976300
1786721108.097635 1489617 1100011 3415 2101 0 1485001 0 976300
1786721109.098502 1489617 1100011 3415 2101 0 1485001 0 976300
1786721110.095262 1489617 1100011 3415 2101 0 1485001 0 976300
1786721111.099491 1489617 1100011 3415 2101 0 1485001 0 976300
1786721112.094257 1489617 1100011 3415 2101 0 1485001 0 976300
1786721113.097130 1489617 1100011 3415 2101 0 1485001 0 976300
1786721114.099991 1489617 1100011 3415 2101 0 1485001 0 976300
1786721115.095164 1489617 1100011 3415 2101 0 1485001 0 976300
1786721116.095238 1489617 1100011 3415 2101 0 1485001 0 976300
1786721117.097645 1489617 1100459 3415 2101 0 1485001 0 976300
1786721118.096450 1489617 1100459 3415 2101 0 1485001 0 976300
1786721119.100143 1489617 1100459 3415 2101 0 1485001 0 976300
1786721120.096438 1489617 1100459 3415 2101 0 1485001 0 976300
1786721121.096128 1489617 1100459 3415 2101 0 1485001 0 976300
1786721122.095013 1489617 1100459 3415 2101 0 1485001 0 976300
1786721123.094178 1489617 1100459 3415 2101 0 1485001 0 976300
1786721124.098859 1489617 1100459 3415 2101 0 1485001 0 976300
1786721125.095740 1489617 1100459 3415 2101 0 1485001 0 976300
1786721126.098609 1489617 1100459 3415 2101 0 1485001 0 976300
1786721127.097432 1489617 1100459 3415 2101 0 1485001 0 976300
1786721128.096034 1489617 1100459 3415 2101 0 1485001 0 976300
1786721129.098388 1489617 1100459 3415 2101 0 1485001 0 976300
1786721130.093130 1489617 1100459 3415 2101 0 1485001 0 976300
1786721131.094042 1489617 1100459 3415 2101 0 1485001 0 976300
1786721132.095960 1489617 1100459 3415 2101 0 1485001 0 976300
1786721133.099826 1489617 1100459 3415 2101 0 1485001 0 976300
1786721134.096627 1489617 1100459 3415 2101 0 1485001 0 976300
1786721135.101202 1489617 1100459 3415 2101 0 1485001 0 976300
1786721136.100026 1489617 1100459 3415 2101 0 1485001 0 976300
1786721137.100260 1489617 1100891 3415 2101 0 1485001 0 976300
1786721138.098740 1489617 1100891 3415 2101 0 1485001 0 976300
1786721139.100218 1489617 1100891 3415 2101 0 1485001 0 976300
1786721140.096756 1489617 1100891 3415 2101 0 1485001 0 976300
1786721141.099055 1489617 1100891 3415 2101 0 1485001 0 976300
1786721142.093866 1489617 1100891 3415 2101 0 1485001 0 976300
1786721143.099165 1489617 1100891 3415 2101 0 1485001 0 976300
1786721144.100121 1489617 1100891 3415 2101 0 1485001 0 976300
1786721145.103020 1489617 1100891 3415 2101 0 1485001 0 976300
1786721146.099832 1489617 1100891 3415 2101 0 1485001 0 976300
1786721147.098937 1489617 1100891 3415 2101 0 1485001 0 976300
1786721148.095768 1489617 1101307 3415 2101 0 1485001 0 976300
1786721149.097024 1489617 1101307 3415 2101 0 1485001 0 976300
1786721150.094223 1489617 1101307 3415 2101 0 1485001 0 976300
1786721151.097124 1489617 1101307 3415 2101 0 1485001 0 976300
1786721152.101806 1489617 1101307 3415 2101 0 1485001 0 976300
1786721153.100830 1489617 1101307 3415 2101 0 1485001 0 976300
1786721154.100612 1489617 1101307 3415 2101 0 1485001 0 976300
1786721155.095043 1489617 1101307 3415 2101 0 1485001 0 976300
1786721156.095001 1489617 1101307 3415 2101 0 1485001 0 976300
1786721157.097916 1489617 1101307 3415 2101 0 1485001 0 976300
1786721158.099006 1489617 1101307 3415 2101 0 1485001 0 976300
1786721159.094968 1489617 1101307 3415 2101 0 1485001 0 976300
1786721160.100542 1489617 1101307 3415 2101 0 1485001 0 976300
1786721161.096442 1489617 1101307 3415 2101 0 1485001 0 976300
1786721162.094982 1489617 1101307 3415 2101 0 1485001 0 976300
1786721163.099657 1489617 1101307 3415 2101 0 1485001 0 976300
1786721164.095419 1489617 1101307 3415 2101 0 1485001 0 976300
1786721165.094906 1489617 1101307 3415 2101 0 1485001 0 976300
1786721166.094106 1489617 1101307 3415 2101 0 1485001 0 976300
1786721167.097004 1489617 1101307 3415 2101 0 1485001 0 976300
1786721168.100771 1489617 1101707 3415 2101 0 1485001 0 976300
1786721169.094478 1489617 1101707 3415 2101 0 1485001 0 976300
1786721170.098269 1489617 1101707 3415 2101 0 1485001 0 976300
1786721171.098180 1489617 1101707 3415 2101 0 1485001 0 976300
1786721172.099101 1489617 1101707 3415 2101 0 1485001 0 976300
1786721173.093048 1489617 1101707 3415 2101 0 1485001 0 976300
1786721174.094104 1489617 1101707 3415 2101 0 1485001 0 976300
1786721175.094622 1489617 1101707 3415 2101 0 1485001 0 976300
1786721176.099952 1489617 1101707 3415 2101 0 1485001 0 976300
1786721177.094860 1489617 1101707 3415 2101 0 1485001 0 976300
1786721178.100758 1489617 1102091 3415 2101 0 1485001 0 976300
1786721179.097950 1489617 1102091 3415 2101 0 1485001 0 976300
1786721180.100081 1489617 1102091 3415 2101 0 1485001 0 976300
1786721181.099990 1489617 1102091 3415 2101 0 1485001 0 976300
1786721182.099005 1489617 1102091 3415 2101 0 1485001 0 976300
1786721183.098987 1489617 1102091 3415 2101 0 1485001 0 976300
1786721184.093910 1489617 1102091 3415 2101 0 1485001 0 976300
1786721185.092808 1489617 1102091 3415 2101 0 1485001 0 976300
1786721186.096860 1489617 1102091 3415 2101 0 1485001 0 976300
1786721187.097924 1489617 1102091 3415 2101 0 1485001 0 976300
1786721188.105705 1489617 1102091 3415 2101 0 1485001 0 976300
1786721189.097403 1489617 1102091 3415 2101 0 1485001 0 976300
1786721190.096206 1489617 1102091 3415 2101 0 1485001 0 976300
1786721191.095431 1489617 1102091 3415 2101 0 1485001 0 976300
1786721192.095114 1489617 1102091 3415 2101 0 1485001 0 976300
1786721193.096040 1489617 1102091 3415 2101 0 1485001 0 976300
1786721194.097910 1489617 1102091 3415 2101 0 1485001 0 976300
1786721195.098043 1489617 1102091 3415 2101 0 1485001 0 976300
1786721196.097522 1489617 1102091 3415 2101 0 1485001 0 976300
1786721197.098702 1489617 1102091 3415 2101 0 1485001 0 976300
1786721198.098066 1489617 1102091 3415 2101 0 1485001 0 976300
1786721199.102307 1489617 1102459 3415 2101 0 1485001 0 976300
1786721200.095276 1489617 1102459 3415 2101 0 1485001 0 976300
1786721201.093971 1489617 1102459 3415 2101 0 1485001 0 976300
1786721202.098339 1489617 1102459 3415 2101 0 1485001 0 976300
1786721203.095017 1489617 1102459 3415 2101 0 1485001 0 976300
1786721204.096212 1489617 1102459 3415 2101 0 1485001 0 976300
1786721205.098573 1489617 1102459 3415 2101 0 1485001 0 976300
1786721206.095975 1489617 1102459 3415 2101 0 1485001 0 976300
1786721207.100171 1489617 1102459 3415 2101 0 1485001 0 976300
1786721208.095070 1489617 1102459 3415 2101 0 1485001 0 976300
1786721209.100040 1489617 1102811 3415 2101 0 1485001 0 976300
1786721210.095132 1489617 1102811 3415 2101 0 1485001 0 976300
1786721211.097139 1489617 1102811 3415 2101 0 1485001 0 976300
1786721212.098116 1489617 1102811 3415 2101 0 1485001 0 976300
1786721213.097153 1489617 1102811 3415 2101 0 1485001 0 976300
1786721214.097909 1489617 1102811 3415 2101 0 1485001 0 976300
1786721215.097532 1489617 1102811 3415 2101 0 1485001 0 976300
1786721216.100074 1489617 1102811 3415 2101 0 1485001 0 976300
1786721217.100027 1489617 1102811 3415 2101 0 1485001 0 976300
1786721218.099167 1489617 1102811 3415 2101 0 1485001 0 976300
1786721219.099017 1489617 1102811 3415 2101 0 1485001 0 976300
1786721220.098382 1489617 1102811 3415 2101 0 1485001 0 976300
1786721221.098464 1489617 1102811 3415 2101 0 1485001 0 976300
1786721222.097230 1489617 1102811 3415 2101 0 1485001 0 976300
1786721223.099002 1489617 1102811 3415 2101 0 1485001 0 976300
1786721224.097547 1489617 1102811 3415 2101 0 1485001 0 976300
1786721225.101368 1489617 1102811 3415 2101 0 1485001 0 976300
1786721226.099079 1489617 1102811 3415 2101 0 1485001 0 976300
1786721227.095434 1489617 1102811 3415 2101 0 1485001 0 976300
1786721228.098029 1489617 1102811 3415 2101 0 1485001 0 976300
1786721229.099358 1489617 1103147 3415 2101 0 1485001 0 976300
1786721230.095068 1489617 1103147 3415 2101 0 1485001 0 976300
1786721231.102385 1489617 1103147 3415 2101 0 1485001 0 976300
1786721232.098683 1489617 1103147 3415 2101 0 1485001 0 976300
1786721233.102523 1489617 1103147 3415 2101 0 1485001 0 976300
1786721234.098367 1489617 1103147 3415 2101 0 1485001 0 976300
1786721235.099006 1489617 1103147 3415 2101 0 1485001 0 976300
1786721236.099697 1489617 1103147 3415 2101 0 1485001 0 976300
1786721237.098272 1489617 1103147 3415 2101 0 1485001 0 976300
1786721238.094263 1489617 1103147 3415 2101 0 1485001 0 976300
1786721239.095211 1489617 1103147 3415 2101 0 1485001 0 976300
1786721240.094977 1489617 1103467 3415 2101 0 1485001 0 976300
1786721241.094546 1489617 1103467 3415 2101 0 1485001 0 976300
1786721242.099704 1489617 1103467 3415 2101 0 1485001 0 976300
1786721243.094403 1489617 1103467 3415 2101 0 1485001 0 976300
1786721244.096248 1489617 1103467 3415 2101 0 1485001 0 976300
1786721245.102269 1489617 1103467 3415 2101 0 1485001 0 976300
1786721246.095014 1489617 1103467 3415 2101 0 1485001 0 976300
1786721247.096181 1489617 1103467 3415 2101 0 1485001 0 976300
1786721248.098194 1489617 1103467 3415 2101 0 1485001 0 976300
1786721249.097981 1489617 1103467 3415 2101 0 1485001 0 976300
1786721250.101723 1489617 1103467 3415 2101 0 1485001 0 976300
1786721251.095433 1489617 1103467 3415 2101 0 1485001 0 976300
1786721252.095476 1489617 1103467 3415 2101 0 1485001 0 976300
1786721253.099209 1489617 1103467 3415 2101 0 1485001 0 976300
1786721254.100053 1489617 1103467 3415 2101 0 1485001 0 976300
1786721255.095212 1489617 1103467 3415 2101 0 1485001 0 976300
1786721256.098137 1489617 1103467 3415 2101 0 1485001 0 976300
1786721257.097052 1489617 1103467 3415 2101 0 1485001 0 976300
1786721258.097079 1489617 1103467 3415 2101 0 1485001 0 976300
1786721259.099224 1489617 1103467 3415 2101 0 1485001 0 976300
1786721260.098234 1489617 1103771 3415 2101 0 1485001 0 976300
1786721261.096329 1489617 1103771 3415 2101 0 1485001 0 976300
1786721262.099752 1489617 1103771 3415 2101 0 1485001 0 976300
1786721263.099199 1489617 1103771 3415 2101 0 1485001 0 976300
1786721264.094179 1489617 1103771 3415 2101 0 1485001 0 976300
1786721265.101958 1489617 1103771 3415 2101 0 1485001 0 976300
1786721266.096008 1489617 1103771 3415 2101 0 1485001 0 976300
1786721267.096143 1489617 1103771 3415 2101 0 1485001 0 976300
1786721268.096265 1489617 1103771 3415 2101 0 1485001 0 976300
1786721269.095385 1489617 1103771 3415 2101 0 1485001 0 976300
1786721270.100114 1489617 1104059 3415 2101 0 1485001 0 976300
1786721271.099029 1489617 1104059 3415 2101 0 1485001 0 976300
1786721272.095025 1489617 1104059 3415 2101 0 1485001 0 976300
1786721273.093985 1489617 1104059 3415 2101 0 1485001 0 976300
1786721274.096272 1489617 1104059 3415 2101 0 1485001 0 976300
1786721275.099176 1489617 1104059 3415 2101 0 1485001 0 976300
1786721276.096914 1489617 1104059 3415 2101 0 1485001 0 976300
1786721277.098658 1489617 1104059 3415 2101 0 1485001 0 976300
1786721278.098387 1489617 1104059 3415 2101 0 1485001 0 976300
1786721279.098249 1489617 1104059 3415 2101 0 1485001 0 976300
1786721280.097033 1489617 1104059 3415 2101 0 1485001 0 976300
1786721281.097105 1489617 1104059 3415 2101 0 1485001 0 976300
1786721282.096302 1489617 1104059 3415 2101 0 1485001 0 976300
1786721283.097028 1489617 1104059 3415 2101 0 1485001 0 976300
1786721284.096377 1489617 1104059 3415 2101 0 1485001 0 976300
1786721285.097054 1489617 1104059 3415 2101 0 1485001 0 976300
1786721286.097713 1489617 1104059 3415 2101 0 1485001 0 976300
1786721287.098394 1489617 1104059 3415 2101 0 1485001 0 976300
1786721288.098212 1489617 1104059 3415 2101 0 1485001 0 976300
1786721289.096659 1489617 1104059 3415 2101 0 1485001 0 976300
1786721290.096247 1489617 1104059 3415 2101 0 1485001 0 976300
1786721291.096261 1489617 1104331 3415 2101 0 1485001 0 976300
1786721292.095246 1489617 1104331 3415 2101 0 1485001 0 976300
1786721293.098401 1489617 1104331 3415 2101 0 1485001 0 976300
1786721294.098962 1489617 1104331 3415 2101 0 1485001 0 976300
1786721295.099845 1489617 1104331 3415 2101 0 1485001 0 976300
1786721296.102640 1489617 1104331 3415 2101 0 1485001 0 976300
1786721297.099106 1489617 1104331 3415 2101 0 1485001 0 976300
1786721298.098370 1489617 1104331 3415 2101 0 1485001 0 976300
1786721299.096394 1489617 1104331 3415 2101 0 1485001 0 976300
1786721300.099423 1489617 1104331 3415 2101 0 1485001 0 976300
1786721301.101543 1489617 1104587 3415 2101 0 1485001 0 976300
1786721302.096297 1489617 1104587 3415 2101 0 1485001 0 976300
1786721303.101441 1489617 1104587 3415 2101 0 1485001 0 976300
1786721304.097568 1489617 1104587 3415 2101 0 1485001 0 976300
1786721305.100116 1489617 1104587 3415 2101 0 1485001 0 976300
1786721306.096740 1489617 1104587 3415 2101 0 1485001 0 976300
1786721307.095261 1489617 1104587 3415 2101 0 1485001 0 976300
1786721308.097430 1489617 1104587 3415 2101 0 1485001 0 976300
1786721309.095293 1489617 1104587 3415 2101 0 1485001 0 976300
1786721310.099222 1489617 1104587 3415 2101 0 1485001 0 976300
1786721311.097239 1489617 1104587 3415 2101 0 1485001 0 976300
1786721312.098808 1489617 1104587 3415 2101 0 1485001 0 976300
1786721313.102506 1489617 1104587 3415 2101 0 1485001 0 976300
1786721314.095391 1489617 1104587 3415 2101 0 1485001 0 976300
1786721315.093416 1489617 1104587 3415 2101 0 1485001 0 976300
1786721316.096395 1489617 1104587 3415 2101 0 1485001 0 976300
1786721317.098512 1489617 1104587 3415 2101 0 1485001 0 976300
1786721318.098313 1489617 1104587 3415 2101 0 1485001 0 976300
1786721319.097397 1489617 1104587 3415 2101 0 1485001 0 976300
1786721320.096147 1489617 1104587 3415 2101 0 1485001 0 976300
1786721321.096753 1489617 1104587 3415 2101 0 1485001 0 976300
1786721322.096525 1489617 1104827 3415 2101 0 1485001 0 976300
1786721323.095411 1489617 1104827 3415 2101 0 1485001 0 976300
1786721324.098048 1489617 1104827 3415 2101 0 1485001 0 976300
1786721325.097527 1489617 1104827 3415 2101 0 1485001 0 976300
1786721326.099342 1489617 1104827 3415 2101 0 1485001 0 976300
1786721327.097220 1489617 1104827 3415 2101 0 1485001 0 976300
1786721328.098298 1489617 1104827 3415 2101 0 1485001 0 976300
1786721329.098454 1489617 1104827 3415 2101 0 1485001 0 976300
1786721330.100637 1489617 1104827 3415 2101 0 1485001 0 976300
1786721331.095430 1489617 1104827 3415 2101 0 1485001 0 976300
1786721332.095297 1489617 1105051 3415 2101 0 1485001 0 976300
1786721333.096406 1489617 1105051 3415 2101 0 1485001 0 976300
1786721334.094374 1489617 1105051 3415 2101 0 1485001 0 976300
1786721335.101410 1489617 1105051 3415 2101 0 1485001 0 976300
1786721336.098024 1489617 1105051 3415 2101 0 1485001 0 976300
1786721337.098377 1489617 1105051 3415 2101 0 1485001 0 976300
1786721338.099165 1489617 1105051 3415 2101 0 1485001 0 976300
1786721339.100639 1489617 1105051 3415 2101 0 1485001 0 976300
1786721340.099493 1489617 1105051 3415 2101 0 1485001 0 976300
1786721341.095437 1489617 1105051 3415 2101 0 1485001 0 976300
1786721342.095590 1489617 1105051 3415 2101 0 1485001 0 976300
1786721343.096896 1489617 1105051 3415 2101 0 1485001 0 976300
1786721344.094297 1489617 1105051 3415 2101 0 1485001 0 976300
1786721345.097227 1489617 1105051 3415 2101 0 1485001 0 976300
1786721346.100322 1489617 1105051 3415 2101 0 1485001 0 976300
1786721347.095569 1489617 1105051 3415 2101 0 1485001 0 976300
1786721348.098760 1489617 1105051 3415 2101 0 1485001 0 976300
1786721349.098247 1489617 1105051 3415 2101 0 1485001 0 976300
1786721350.100987 1489617 1105051 3415 2101 0 1485001 0 976300
1786721351.102298 1489617 1105051 3415 2101 0 1485001 0 976300
1786721352.097292 1489617 1105259 3415 2101 0 1485001 0 976300
1786721353.096368 1489617 1105259 3415 2101 0 1485001 0 976300
1786721354.095331 1489617 1105259 3415 2101 0 1485001 0 976300
1786721355.095595 1489617 1105259 3415 2101 0 1485001 0 976300
1786721356.099410 1489617 1105259 3415 2101 0 1485001 0 976300
1786721357.098480 1489617 1105259 3415 2101 0 1485001 0 976300
1786721358.098342 1489617 1105259 3415 2101 0 1485001 0 976300
1786721359.095321 1489617 1105259 3415 2101 0 1485001 0 976300
1786721360.095460 1489617 1105259 3415 2101 0 1485001 0 976300
1786721361.099238 1489617 1105259 3415 2101 0 1485001 0 976300
1786721362.099423 1489617 1105259 3415 2101 0 1485001 0 976300
1786721363.099531 1489617 1105451 3415 2101 0 1485001 0 976300
1786721364.094365 1489617 1105451 3415 2101 0 1485001 0 976300
1786721365.097462 1489617 1105451 3415 2101 0 1485001 0 976300
1786721366.097223 1489617 1105451 3415 2101 0 1485001 0 976300
1786721367.102305 1489617 1105451 3415 2101 0 1485001 0 976300
1786721368.098035 1489617 1105451 3415 2101 0 1485001 0 976300
1786721369.096002 1489617 1105451 3415 2101 0 1485001 0 976300
1786721370.100748 1489617 1105451 3415 2101 0 1485001 0 976300
1786721371.099232 1489617 1105451 3415 2101 0 1485001 0 976300
1786721372.093956 1489617 1105451 3415 2101 0 1485001 0 976300
1786721373.096199 1489617 1105451 3415 2101 0 1485001 0 976300
1786721374.099608 1489617 1105451 3415 2101 0 1485001 0 976300
1786721375.100273 1489617 1105451 3415 2101 0 1485001 0 976300
1786721376.098753 1489617 1105451 3415 2101 0 1485001 0 976300
1786721377.098918 1489617 1105451 3415 2101 0 1485001 0 976300
1786721378.099970 1489617 1105451 3415 2101 0 1485001 0 976300
1786721379.097106 1489617 1105451 3415 2101 0 1485001 0 976300
1786721380.095803 1489617 1105451 3415 2101 0 1485001 0 976300
1786721381.095272 1489617 1105451 3415 2101 0 1485001 0 976300
1786721382.098735 1489617 1105451 3415 2101 0 1485001 0 976300
1786721383.096463 1489617 1105627 3415 2101 0 1485001 0 976300
1786721384.102312 1489617 1105627 3415 2101 0 1485001 0 976300
1786721385.097837 1489617 1105627 3415 2101 0 1485001 0 976300
1786721386.099316 1489617 1105627 3415 2101 0 1485001 0 976300
1786721387.098158 1489617 1105627 3415 2101 0 1485001 0 976300
1786721388.098117 1489617 1105627 3415 2101 0 1485001 0 976300
1786721389.096199 1489617 1105627 3415 2101 0 1485001 0 976300
1786721390.102129 1489617 1105627 3415 2101 0 1485001 0 976300
1786721391.101731 1489617 1105627 3415 2101 0 1485001 0 976300
1786721392.096352 1489617 1105627 3415 2101 0 1485001 0 976300
1786721393.098053 1489617 1105787 3415 2101 0 1485001 0 976300
1786721394.096948 1489617 1105787 3415 2101 0 1485001 0 976300
1786721395.097807 1489617 1105787 3415 2101 0 1485001 0 976300
1786721396.094818 1489617 1105787 3415 2101 0 1485001 0 976300
1786721397.098121 1489617 1105787 3415 2101 0 1485001 0 976300
1786721398.098129 1489617 1105787 3415 2101 0 1485001 0 976300
1786721399.096945 1489617 1105787 3415 2101 0 1485001 0 976300
1786721400.094724 1489617 1105787 3415 2101 0 1485001 0 976300
1786721401.096479 1489617 1105787 3415 2101 0 1485001 0 976300
1786721402.096899 1489617 1105787 3415 2101 0 1485001 0 976300
1786721403.101330 1489617 1105787 3415 2101 0 1485001 0 976300
1786721404.096653 1489617 1105787 3415 2101 0 1485001 0 976300
1786721405.097730 1489617 1105787 3415 2101 0 1485001 0 976300
1786721406.095902 1489617 1105787 3415 2101 0 1485001 0 976300
1786721407.094850 1489617 1105787 3415 2101 0 1485001 0 976300
1786721408.096748 1489617 1105787 3415 2101 0 1485001 0 976300
1786721409.098499 1489617 1105787 3415 2101 0 1485001 0 976300
1786721410.096243 1489617 1105787 3415 2101 0 1485001 0 976300
1786721411.099253 1489617 1105787 3415 2101 0 1485001 0 976300
1786721412.098874 1489617 1105787 3415 2101 0 1485001 0 976300
1786721413.094662 1489617 1105787 3415 2101 0 1485001 0 976300
1786721414.095976 1489617 1105931 3415 2101 0 1485001 0 976300
1786721415.094889 1489617 1105931 3415 2101 0 1485001 0 976300
1786721416.098809 1489617 1105931 3415 2101 0 1485001 0 976300
1786721417.096759 1489617 1105931 3415 2101 0 1485001 0 976300
1786721418.094687 1489617 1105931 3415 2101 0 1485001 0 976300
1786721419.095497 1489617 1105931 3415 2101 0 1485001 0 976300
1786721420.095203 1489617 1105931 3415 2101 0 1485001 0 976300
1786721421.098697 1489617 1105931 3415 2101 0 1485001 0 976300
1786721422.096896 1489617 1105931 3415 2101 0 1485001 0 976300
1786721423.096899 1489617 1105931 3415 2101 0 1485001 0 976300
1786721424.095922 1489617 1106059 3415 2101 0 1485001 0 976300
1786721425.098138 1489617 1106059 3415 2101 0 1485001 0 976300
1786721426.095973 1489617 1106059 3415 2101 0 1485001 0 976300
1786721427.095136 1489617 1106059 3415 2101 0 1485001 0 976300
1786721428.096976 1489617 1106059 3415 2101 0 1485001 0 976300
1786721429.098931 1489617 1106059 3415 2101 0 1485001 0 976300
1786721430.098992 1489617 1106059 3415 2101 0 1485001 0 976300
1786721431.093996 1489617 1106059 3415 2101 0 1485001 0 976300
1786721432.096839 1489617 1106059 3415 2101 0 1485001 0 976300
