# start_epoch=1786123084.803331  page_size=4096  cachestat=ok  fields=size,resident,shared,text,lib,data,dt,pagecache
1786123085.807637 70924 46129 2754 1589 0 66943 0 64447
1786123086.808804 70924 46100 2754 1589 0 66943 0 86586
1786123087.810711 71820 46857 2754 1589 0 67839 0 117184
1786123088.813074 71820 38714 2818 1589 0 67839 0 157889
1786123089.816334 71820 30646 2818 1589 0 67839 0 203405
1786123090.818652 72844 41447 2818 1589 0 68863 0 238518
1786123091.819898 72844 35684 2818 1589 0 68863 0 269856
1786123092.822782 72844 43024 2818 1589 0 68863 0 307718
1786123093.824997 74124 34539 2818 1589 0 70143 0 342575
1786123094.827165 74124 44717 2818 1589 0 70143 0 376921
1786123095.829340 74124 39041 2818 1589 0 70143 0 411777
1786123096.831504 75660 43806 2818 1589 0 71679 0 446633
1786123097.825699 80397 34672 2834 1589 0 76415 0 454565
1786123098.825781 81165 35107 2834 1589 0 77183 0 454566
1786123099.825642 81165 35469 2834 1589 0 77183 0 454566
1786123100.825682 81165 35469 2834 1589 0 77183 0 454567
1786123101.825694 81165 35469 2834 1589 0 77183 0 454568
1786123102.825684 81165 34780 2834 1589 0 77183 0 454568
1786123103.825646 81165 35466 2834 1589 0 77183 0 454569
1786123104.825678 81165 35466 2834 1589 0 77183 0 454569
1786123105.825708 81165 35466 2834 1589 0 77183 0 447186
1786123106.825125 84365 27340 2834 1589 0 80383 0 444672
1786123107.825276 84365 27202 2834 1589 0 80383 0 448322
1786123108.825343 84365 27202 2834 1589 0 80383 0 448323
1786123109.825226 84365 27203 2834 1589 0 80383 0 448324
1786123110.825246 84365 27203 2834 1589 0 80383 0 448324
1786123111.825944 84365 27203 2834 1589 0 80383 0 448325
1786123112.824978 84365 27203 2834 1589 0 80383 0 448325
1786123113.825205 84365 27203 2834 1589 0 80383 0 448326
1786123114.824764 87437 20752 2834 1589 0 83455 0 442103
1786123115.823846 92558 46114 2850 1589 0 88575 0 423465
1786123116.825682 178062 145235 2850 1589 0 174079 0 423465
1786123117.823992 307598 245075 2850 1589 0 303615 0 423465
1786123118.823948 417166 345939 2850 1589 0 413183 0 423465
1786123119.823892 486286 447315 2850 1589 0 482303 0 423465
1786123120.823590 672654 548179 2850 1589 0 668671 0 423465
1786123121.823637 792462 649043 2850 1589 0 788479 0 423465
1786123122.823808 792462 748371 2850 1589 0 788479 0 423465
1786123123.823886 929678 849747 2850 1589 0 925695 0 423465
1786123124.823717 933775 851789 2850 1589 0 929791 0 423465
1786123125.823884 933775 851789 2850 1589 0 929791 0 423465
1786123126.823752 933775 851789 2850 1589 0 929791 0 423465
1786123127.823932 933775 851789 2850 1589 0 929791 0 423465
1786123128.823968 933775 851789 2850 1589 0 929791 0 423465
1786123129.823871 937872 851787 2850 1589 0 933887 0 423465
1786123130.823800 937872 851787 2850 1589 0 933887 0 423465
1786123131.823863 937872 851787 2850 1589 0 933887 0 423465
1786123132.823731 937872 851787 2850 1589 0 933887 0 423465
1786123133.823864 937872 851787 2850 1589 0 933887 0 423465
1786123134.823893 941969 851787 2850 1589 0 937983 0 423465
1786123135.823815 941969 851787 2850 1589 0 937983 0 423465
1786123136.823893 941969 851787 2850 1589 0 937983 0 423465
1786123137.823847 941969 851787 2850 1589 0 937983 0 423465
1786123138.823922 941969 851787 2850 1589 0 937983 0 423465
1786123139.823961 941969 851787 2850 1589 0 937983 0 423465
1786123140.823860 941969 851787 2850 1589 0 937983 0 423465
1786123141.823640 941969 851787 2850 1589 0 937983 0 423465
1786123142.823796 941969 851787 2850 1589 0 937983 0 423465
1786123143.823622 941969 851787 2850 1589 0 937983 0 423465
1786123144.823953 941969 851787 2850 1589 0 937983 0 423465
1786123145.823839 941969 851787 2850 1589 0 937983 0 423465
1786123146.823832 941969 851787 2850 1589 0 937983 0 423465
1786123147.823588 941969 851787 2850 1589 0 937983 0 423465
1786123148.823741 941969 851787 2850 1589 0 937983 0 423465
1786123149.823770 941969 851787 2850 1589 0 937983 0 423465
1786123150.823891 941969 851787 2850 1589 0 937983 0 423465
1786123151.823918 941969 851787 2850 1589 0 937983 0 423465
1786123152.823887 941969 851787 2850 1589 0 937983 0 423465
1786123153.823884 941969 851787 2850 1589 0 937983 0 423465
1786123154.823880 941969 851787 2850 1589 0 937983 0 423465
1786123155.823891 941969 851787 2850 1589 0 937983 0 423465
1786123156.823731 941969 851787 2850 1589 0 937983 0 423465
1786123157.823644 941969 851787 2850 1589 0 937983 0 423465
1786123158.823857 941969 851787 2850 1589 0 937983 0 423465
1786123159.823846 941969 851787 2850 1589 0 937983 0 423465
1786123160.824102 941969 851787 2850 1589 0 937983 0 423465
1786123161.823919 941969 851787 2850 1589 0 937983 0 423465
1786123162.823692 941969 851787 2850 1589 0 937983 0 423465
1786123163.823731 941969 851787 2850 1589 0 937983 0 423465
1786123164.823699 941969 851787 2850 1589 0 937983 0 423465
1786123165.823858 941969 851787 2850 1589 0 937983 0 423465
1786123166.823936 941969 851787 2850 1589 0 937983 0 423465
1786123167.823886 941969 851787 2850 1589 0 937983 0 423465
1786123168.824012 941969 851787 2850 1589 0 937983 0 423465
1786123169.823885 941969 851787 2850 1589 0 937983 0 423465
1786123170.823935 941969 851787 2850 1589 0 937983 0 423465
1786123171.823912 941969 851787 2850 1589 0 937983 0 423465
1786123172.823881 941969 851787 2850 1589 0 937983 0 423465
1786123173.823892 941969 851787 2850 1589 0 937983 0 423465
1786123174.823899 941969 851787 2850 1589 0 937983 0 423465
1786123175.823869 941969 851787 2850 1589 0 937983 0 423465
1786123176.823771 941969 851787 2850 1589 0 937983 0 423465
1786123177.823904 941969 851787 2850 1589 0 937983 0 423465
1786123178.823999 941969 851787 2850 1589 0 937983 0 423465
1786123179.823871 941969 851787 2850 1589 0 937983 0 423465
1786123180.823915 941969 851787 2850 1589 0 937983 0 423465
1786123181.823942 941969 851787 2850 1589 0 937983 0 423465
1786123182.823876 941969 851787 2850 1589 0 937983 0 423465
1786123183.823891 941969 851787 2850 1589 0 937983 0 423465
1786123184.823927 941969 851787 2850 1589 0 937983 0 423465
1786123185.823881 941969 851787 2850 1589 0 937983 0 423465
1786123186.823907 941969 851787 2850 1589 0 937983 0 423465
1786123187.823869 941969 851787 2850 1589 0 937983 0 423465
1786123188.823926 941969 851787 2850 1589 0 937983 0 423465
1786123189.823880 941969 851787 2850 1589 0 937983 0 423465
1786123190.823836 941969 851787 2850 1589 0 937983 0 423465
1786123191.823888 941969 851787 2850 1589 0 937983 0 423465
1786123192.823912 941969 851787 2850 1589 0 937983 0 423465
1786123193.823897 941969 851787 2850 1589 0 937983 0 423465
1786123194.823905 941969 851787 2850 1589 0 937983 0 423465
1786123195.823927 941969 851787 2850 1589 0 937983 0 423465
1786123196.823896 941969 851787 2850 1589 0 937983 0 423465
1786123197.823878 941969 851787 2850 1589 0 937983 0 423465
1786123198.823923 941969 851787 2850 1589 0 937983 0 423465
1786123199.823897 941969 851787 2850 1589 0 937983 0 423465
1786123200.823910 941969 851787 2850 1589 0 937983 0 423465
1786123201.823879 941969 851787 2850 1589 0 937983 0 423465
1786123202.823909 941969 851787 2850 1589 0 937983 0 423465
1786123203.823863 941969 851787 2850 1589 0 937983 0 423465
1786123204.823873 941969 851787 2850 1589 0 937983 0 423465
1786123205.823872 941969 851787 2850 1589 0 937983 0 423465
1786123206.823950 941969 851787 2850 1589 0 937983 0 423465
1786123207.823642 941969 851787 2850 1589 0 937983 0 423465
1786123208.823923 941969 851787 2850 1589 0 937983 0 423465
1786123209.823907 941969 851787 2850 1589 0 937983 0 423465
1786123210.823863 941969 851787 2850 1589 0 937983 0 423465
1786123211.823901 941969 851787 2850 1589 0 937983 0 423465
1786123212.823940 941969 851787 2850 1589 0 937983 0 423465
1786123213.823917 941969 851787 2850 1589 0 937983 0 423465
1786123214.823944 941969 851787 2850 1589 0 937983 0 423465
1786123215.823919 941969 851787 2850 1589 0 937983 0 423465
1786123216.823936 941969 851787 2850 1589 0 937983 0 423465
1786123217.823944 941969 851787 2850 1589 0 937983 0 423465
1786123218.823985 941969 851787 2850 1589 0 937983 0 423465
1786123219.823902 941969 851787 2850 1589 0 937983 0 423465
1786123220.823909 941969 851787 2850 1589 0 937983 0 423465
1786123221.823902 941969 851787 2850 1589 0 937983 0 423465
1786123222.823926 941969 851787 2850 1589 0 937983 0 423465
1786123223.823994 941969 851787 2850 1589 0 937983 0 423465
1786123224.823962 941969 851787 2850 1589 0 937983 0 423465
1786123225.823943 941969 851787 2850 1589 0 937983 0 423465
1786123226.824025 941969 851787 2850 1589 0 937983 0 423465
1786123227.823820 941969 851787 2850 1589 0 937983 0 423465
1786123228.824044 941969 851787 2850 1589 0 937983 0 423465
1786123229.823924 941969 851787 2850 1589 0 937983 0 423465
1786123230.823927 941969 851787 2850 1589 0 937983 0 423465
1786123231.823892 941969 851787 2850 1589 0 937983 0 423465
1786123232.824783 941969 851787 2850 1589 0 937983 0 423465
1786123233.823899 941969 851787 2850 1589 0 937983 0 423465
1786123234.823700 941969 851787 2850 1589 0 937983 0 423465
1786123235.823905 941969 851787 2850 1589 0 937983 0 423465
1786123236.823889 941969 851787 2850 1589 0 937983 0 423465
1786123237.823942 941969 851787 2850 1589 0 937983 0 423465
1786123238.823963 941969 851787 2850 1589 0 937983 0 423465
1786123239.823907 941969 851787 2850 1589 0 937983 0 423465
1786123240.823667 941969 851787 2850 1589 0 937983 0 423465
1786123241.823973 941969 851787 2850 1589 0 937983 0 423465
1786123242.823758 941969 851787 2850 1589 0 937983 0 423465
1786123243.823669 941969 851787 2850 1589 0 937983 0 423465
1786123244.823899 941969 851787 2850 1589 0 937983 0 423465
1786123245.823719 941969 851787 2850 1589 0 937983 0 423465
1786123246.823646 941969 851787 2850 1589 0 937983 0 423465
1786123247.823922 941969 851787 2850 1589 0 937983 0 423465
1786123248.823692 941969 851787 2850 1589 0 937983 0 423465
1786123249.823642 941969 851787 2850 1589 0 937983 0 423465
1786123250.823874 941969 851787 2850 1589 0 937983 0 423465
1786123251.823633 941969 851787 2850 1589 0 937983 0 423465
1786123252.823700 941969 851787 2850 1589 0 937983 0 423465
1786123253.823671 941969 851787 2850 1589 0 937983 0 423465
1786123254.823719 941969 851787 2850 1589 0 937983 0 423465
1786123255.823684 941969 851787 2850 1589 0 937983 0 423465
1786123256.823841 941969 851787 2850 1589 0 937983 0 423465
1786123257.823863 941969 851787 2850 1589 0 937983 0 423465
1786123258.823955 941969 851787 2850 1589 0 937983 0 423465
1786123259.823911 941969 851787 2850 1589 0 937983 0 423465
1786123260.823655 941969 851787 2850 1589 0 937983 0 423465
1786123261.823673 941969 851787 2850 1589 0 937983 0 423465
1786123262.823870 941969 851787 2850 1589 0 937983 0 423465
1786123263.823669 941969 851787 2850 1589 0 937983 0 423465
1786123264.823723 941969 851787 2850 1589 0 937983 0 423465
1786123265.823684 941969 851787 2850 1589 0 937983 0 423465
1786123266.823937 941969 851787 2850 1589 0 937983 0 423465
1786123267.823911 941969 851787 2850 1589 0 937983 0 423465
1786123268.823917 941969 851787 2850 1589 0 937983 0 423465
1786123269.823923 941969 851787 2850 1589 0 937983 0 423465
1786123270.823936 941969 851787 2850 1589 0 937983 0 423465
1786123271.823883 941969 851787 2850 1589 0 937983 0 423465
1786123272.823904 941969 851787 2850 1589 0 937983 0 423465
1786123273.823900 941969 851787 2850 1589 0 937983 0 423465
1786123274.823914 941969 851787 2850 1589 0 937983 0 423465
1786123275.823936 941969 851787 2850 1589 0 937983 0 423465
1786123276.823911 941969 851787 2850 1589 0 937983 0 423465
1786123277.823908 941969 851787 2850 1589 0 937983 0 423465
