# start_epoch=1786699842.441183  page_size=4096  cachestat=ok  fields=size,resident,shared,text,lib,data,dt,pagecache
1786699843.441448 262499 27602 7615 99 0 248506 0 1
1786699844.441412 262499 27602 7615 99 0 248506 0 1
1786699845.444760 2932332 69544 49440 99 0 258106 0 56953
1786699846.446495 2955804 77591 57503 99 0 258106 0 79327
1786699847.452349 2978669 78283 58218 99 0 258106 0 101020
1786699848.451263 3001278 74698 54629 99 0 258106 0 125076
1786699849.451237 3023867 95661 75608 99 0 258106 0 173311
1786699850.453936 3059389 114126 94045 99 0 258106 0 196124
1786699851.454060 3068497 93508 73489 99 0 258106 0 224534
1786699852.455987 3139867 144766 124747 99 0 258106 0 266895
1786699853.457520 3139867 180685 160661 99 0 258106 0 284253
1786699854.460081 3171985 147088 127066 99 0 258106 0 315847
1786699855.460670 3179914 155956 136148 99 0 258106 0 320176
1786699856.459499 3216607 206436 186625 99 0 258106 0 332443
1786699857.460139 3172030 109411 89650 99 0 258106 0 330507
1786699858.462660 3261250 207166 187399 99 0 258106 0 373285
1786699859.466813 3306319 236962 217195 99 0 258106 0 415080
1786699860.463213 3270239 191984 172200 99 0 258106 0 390188
1786699861.463359 3270239 203868 184082 99 0 258106 0 407710
1786699862.463822 3265268 114276 94526 99 0 258106 0 395098
1786699863.467203 3303304 172149 152398 99 0 258106 0 455442
1786699864.469035 3364545 237707 217954 99 0 258106 0 473112
1786699865.466999 3339363 178233 158461 99 0 258106 0 460237
1786699866.466874 3339363 206555 186776 99 0 258106 0 468738
1786699867.470749 3299980 85866 66128 99 0 258106 0 457884
1786699868.474555 3372585 168435 148696 99 0 258106 0 492326
1786699869.472096 3408039 209647 189907 99 0 258106 0 547454
1786699870.474100 3401098 177814 158095 99 0 258106 0 515752
1786699871.470201 3401098 203946 184218 99 0 258106 0 528878
1786699872.470347 3401098 213433 193702 99 0 258106 0 535767
1786699873.474629 3436672 168088 148362 99 0 258106 0 557297
1786699874.474678 3396965 137606 117970 99 0 258106 0 557852
1786699875.474257 3426984 208917 189292 99 0 258106 0 563666
1786699876.498248 3498473 220206 198979 99 0 276666 0 618226
1786699877.475881 3493587 221344 199226 99 0 281658 0 592498
1786699878.476350 3520336 279518 257420 99 0 281658 0 638408
1786699879.475657 3435633 146171 124798 99 0 281658 0 568042
1786699880.478437 3488868 208905 187531 99 0 281658 0 615468
1786699881.512247 3467234 170216 148140 99 0 281658 0 579337
1786699882.503182 3521628 249776 226665 99 0 282682 0 624009
1786699883.481062 3481779 193302 170208 99 0 282682 0 598242
1786699884.479386 3532196 247014 223927 99 0 282682 0 635972
1786699885.495105 3616440 283856 259224 99 0 284218 0 708942
1786699886.496736 3548230 239119 215956 99 0 284218 0 649138
1786699887.482095 3575442 285959 262816 99 0 284218 0 675333
1786699888.482790 4548679 122307 99213 99 0 284218 0 579405
1786699889.484772 3523221 205798 182774 99 0 284218 0 656393
1786699890.475761 3532753 176782 154605 99 0 284218 0 620206
1786699891.477365 3556889 230356 208179 99 0 284218 0 651125
1786699892.476548 3556889 268090 245913 99 0 284218 0 651683
1786699893.484347 3662460 269249 247669 99 0 284218 0 737968
1786699894.475999 3472461 152531 129853 99 0 284218 0 563974
1786699895.475504 3490155 280472 257792 99 0 284218 0 577480
1786699896.486281 3653854 306155 283072 99 0 284218 0 760200
1786699897.487884 3681774 372490 350419 99 0 285242 0 790577
1786699898.475043 3478276 180119 154656 99 0 286778 0 565934
1786699899.476514 3489257 238894 213370 99 0 286778 0 581211
1786699900.476509 3489257 306585 281009 99 0 286778 0 583187
1786699901.480817 3555137 378655 354543 99 0 286778 0 660607
1786699902.479039 3576587 459529 435416 99 0 286778 0 645262
1786699903.479272 3536860 284000 261067 99 0 286778 0 633544
1786699904.459620 3315100 58569 32195 99 0 289850 0 417497
1786699905.461076 3368609 101027 57779 99 0 343354 0 443788
1786699906.463152 3368609 91538 57811 99 0 343354 0 449778
1786699907.460869 3368609 128190 98611 99 0 343354 0 443595
1786699908.476925 3426780 180372 144977 99 0 345914 0 448029
1786699909.463628 3371169 144143 116323 99 0 345914 0 403740
1786699910.490888 3391766 168865 137159 99 0 345914 0 413105
1786699911.459168 3276761 64297 32011 99 0 345914 0 320714
1786699912.456624 3280601 102422 59307 99 0 349754 0 349385
1786699913.456988 3280601 101053 59307 99 0 349754 0 355410
1786699914.456355 3280601 131591 94427 99 0 349754 0 341579
1786699915.475682 3336212 172956 130873 99 0 349754 0 351992
1786699916.454667 3283161 143408 108539 99 0 352314 0 296925
1786699917.461105 3307140 174581 135811 99 0 352314 0 319953
1786699918.453641 3185741 53401 18543 99 0 352314 0 202951
1786699919.455535 3185741 99064 60831 99 0 352314 0 251970
1786699920.454052 3185741 98693 60831 99 0 352314 0 257859
1786699921.451334 3185741 114997 83183 99 0 352314 0 226817
1786699922.452542 3185741 150604 107855 99 0 352314 0 251972
1786699923.456502 3185741 143103 107855 99 0 352314 0 258140
1786699924.466027 3197518 156522 124520 99 0 352314 0 211041
1786699925.449814 3098184 68445 37642 99 0 352314 0 139372
1786699926.450963 3098184 105437 62250 99 0 352314 0 164419
1786699927.449064 3166602 111183 78868 99 0 352314 0 169685
1786699928.447641 3098184 105252 70378 99 0 352314 0 123347
1786699929.444436 3057410 70118 37299 99 0 356410 0 63940
1786699930.444448 3057410 98502 65683 99 0 356410 0 63940
1786699931.444384 3057410 104550 71731 99 0 356410 0 63940
1786699932.444625 3061507 104536 71731 99 0 360506 0 63940
1786699933.444637 3061507 104536 71731 99 0 360506 0 63940
1786699934.444451 3061507 104536 71731 99 0 360506 0 63940
1786699935.444547 3065604 104539 71731 99 0 364602 0 63940
1786699936.444431 3065604 104539 71731 99 0 364602 0 63940
1786699937.444541 3065604 104539 71731 99 0 364602 0 63940
1786699938.444474 3069701 104537 71731 99 0 368698 0 63940
1786699939.444343 3069701 104537 71731 99 0 368698 0 63940
1786699940.444414 3069701 104537 71731 99 0 368698 0 63940
1786699941.444579 3069701 104537 71731 99 0 368698 0 63940
1786699942.444626 3069701 104537 71731 99 0 368698 0 63940
1786699943.444523 3069701 104537 71731 99 0 368698 0 63940
1786699944.444476 3069701 104537 71731 99 0 368698 0 63940
1786699945.444359 3069701 104537 71731 99 0 368698 0 63940
1786699946.444491 3069701 104537 71731 99 0 368698 0 63940
1786699947.444460 3069701 104537 71731 99 0 368698 0 63940
1786699948.444469 3069701 104537 71731 99 0 368698 0 63940
1786699949.444482 3069701 104537 71731 99 0 368698 0 63940
1786699950.444674 3069701 104537 71731 99 0 368698 0 63940
1786699951.444519 3069701 104537 71731 99 0 368698 0 63940
1786699952.444606 3069701 104537 71731 99 0 368698 0 63940
1786699953.444620 3069701 104537 71731 99 0 368698 0 63940
1786699954.444373 3069701 104537 71731 99 0 368698 0 63940
1786699955.444641 3069701 104537 71731 99 0 368698 0 63940
1786699956.444488 3069701 104533 71731 99 0 368698 0 63940
1786699957.444452 3069701 104533 71731 99 0 368698 0 63940
1786699958.444389 3069701 104533 71731 99 0 368698 0 63940
1786699959.444485 3069701 104533 71731 99 0 368698 0 63940
1786699960.444479 3069701 104533 71731 99 0 368698 0 63940
1786699961.444368 3069701 104533 71731 99 0 368698 0 63940
1786699962.444601 3069701 104533 71731 99 0 368698 0 63940
1786699963.445096 3069701 104533 71731 99 0 368698 0 63940
1786699964.445116 3069701 104533 71731 99 0 368698 0 63940
1786699965.444411 3069701 104533 71731 99 0 368698 0 63940
1786699966.444487 3069701 104533 71731 99 0 368698 0 63940
1786699967.444587 3069701 104533 71731 99 0 368698 0 63940
1786699968.444572 3069701 104533 71731 99 0 368698 0 63940
1786699969.444620 3069701 104526 71731 99 0 368698 0 63940
1786699970.444549 3069701 104526 71731 99 0 368698 0 63940
