# start_epoch=1789226291.227866  page_size=4096  cachestat=ok  fields=size,resident,shared,text,lib,data,dt,pagecache
1789226292.229114 447080 29852 3089 2138 0 442444 0 19056
1789226293.229620 452847 31160 3256 2138 0 448204 0 31326
1789226294.230124 453615 35016 3256 2138 0 448972 0 43594
1789226295.231470 453615 31827 3256 2138 0 448972 0 55863
1789226296.237185 454262 30824 3364 2138 0 449612 0 86171
1789226297.233513 454262 33924 3364 2138 0 449612 0 98442
1789226298.233164 454262 33889 3365 2138 0 449612 0 91806
1789226299.233782 454262 34401 3365 2138 0 449612 0 104077
1789226300.237509 454262 37993 3365 2138 0 449612 0 131316
1789226301.243147 455030 35111 3365 2138 0 450380 0 144322
1789226302.236730 455030 34391 3365 2138 0 450380 0 146642
1789226303.237509 455030 35025 3365 2138 0 450380 0 158912
1789226304.237218 455030 36069 3365 2138 0 450380 0 164564
1789226305.237629 455030 35557 3365 2138 0 450380 0 171713
1789226306.239821 455030 33908 3365 2138 0 450380 0 199188
1789226307.240576 455926 38532 3365 2138 0 451276 0 211460
1789226308.241287 455926 37500 3365 2138 0 451276 0 223729
1789226309.241969 462070 34281 3365 2138 0 457420 0 235999
1789226310.242540 463094 35572 3365 2138 0 458444 0 245477
1789226311.243255 463094 37379 3365 2138 0 458444 0 257748
1789226312.243932 463094 37756 3365 2138 0 458444 0 270019
1789226313.243176 463094 40111 3365 2138 0 458444 0 262433
1789226314.245269 463094 36000 3365 2138 0 458444 0 292384
1789226315.245969 463094 32021 3365 2138 0 458444 0 304656
1789226316.247599 463094 41805 3365 2138 0 458444 0 316926
1789226317.247110 463094 39890 3365 2138 0 458444 0 344166
1789226318.246459 463094 36781 3365 2138 0 458444 0 332245
1789226319.250166 463094 36656 3365 2138 0 458444 0 380668
1789226320.247575 463094 39619 3365 2138 0 458444 0 331632
1789226321.247285 463094 37278 3365 2138 0 458444 0 334760
1789226322.248898 463094 40074 3365 2138 0 458444 0 372691
1789226323.248770 463094 37861 3365 2138 0 458444 0 384963
1789226324.249549 463094 41937 3365 2138 0 458444 0 397233
1789226325.251240 463094 37278 3365 2138 0 458444 0 409504
1789226326.249843 463094 36326 3365 2138 0 458444 0 399381
1789226327.251720 463094 40947 3365 2138 0 458444 0 427644
1789226328.253176 463094 39661 3365 2138 0 458444 0 453667
1789226329.254098 463094 38173 3365 2138 0 458444 0 463122
1789226330.254993 463990 37137 3365 2138 0 459340 0 474112
1789226331.255636 463990 36284 3365 2138 0 459340 0 485358
1789226332.253850 463990 33414 3365 2138 0 459340 0 475767
1789226333.254357 463990 36076 3365 2138 0 459340 0 488037
1789226334.253442 463990 36831 3365 2138 0 459340 0 476336
1789226335.254208 463990 36560 3365 2138 0 459340 0 488607
1789226336.253667 463990 37219 3365 2138 0 459340 0 478930
1789226337.257255 463990 38400 3365 2138 0 459340 0 527245
1789226338.258263 463990 37666 3365 2138 0 459340 0 539515
1789226339.259715 465270 42513 3365 2138 0 460620 0 551784
1789226340.259464 465270 40501 3365 2138 0 460620 0 566973
1789226341.261777 465270 38346 3365 2138 0 460620 0 584892
1789226342.259417 465270 41956 3365 2138 0 460620 0 576324
1789226343.260176 465270 39929 3365 2138 0 460620 0 588595
1789226344.260786 465270 42922 3365 2138 0 460620 0 600866
1789226345.259739 465270 37013 3365 2138 0 460620 0 584297
1789226346.260408 465270 43236 3365 2138 0 460620 0 594726
1789226347.262403 465270 41660 3365 2138 0 460620 0 620577
1789226348.263846 465270 40508 3365 2138 0 460620 0 645379
1789226349.266531 465270 39754 3365 2138 0 460620 0 652652
1789226350.262253 465270 39282 3365 2138 0 460620 0 644729
1789226351.263211 465270 33057 3365 2138 0 460620 0 656999
1789226352.264164 465270 37838 3365 2138 0 460620 0 669271
1789226353.264247 465270 37564 3365 2138 0 460620 0 681542
1789226354.265561 465270 36809 3365 2138 0 460620 0 693812
1789226355.266033 465270 36937 3365 2138 0 460620 0 706081
1789226356.268359 465270 41984 3365 2138 0 460620 0 734962
1789226357.268582 465270 40932 3365 2138 0 460620 0 745591
1789226358.268854 466806 38422 3365 2138 0 462156 0 716004
1789226359.265669 466806 39973 3365 2138 0 462156 0 707436
1789226360.266505 466806 38183 3365 2138 0 462156 0 716217
1789226361.266854 466806 38183 3365 2138 0 462156 0 724987
1789226362.267343 466806 38424 3365 2138 0 462156 0 737256
1789226363.268298 467830 40057 3365 2138 0 463180 0 749527
1789226364.270654 467830 43629 3365 2138 0 463180 0 775325
1789226365.270979 467830 42344 3365 2138 0 463180 0 789293
1789226366.278581 467830 39838 3365 2138 0 463180 0 807440
1789226367.274883 467830 41117 3365 2138 0 463180 0 795799
1789226368.275654 467830 40987 3365 2138 0 463180 0 808069
1789226369.276365 467830 40865 3365 2138 0 463180 0 820339
1789226370.273631 467830 40881 3365 2138 0 463180 0 802475
1789226371.277152 467830 40923 3365 2138 0 463180 0 832612
1789226372.277147 467830 41007 3365 2138 0 463180 0 832613
1789226373.271574 467830 40446 3365 2138 0 463180 0 832613
1789226374.275375 467830 41134 3365 2138 0 463180 0 857038
1789226375.266665 467830 38662 3365 2138 0 463180 0 844884
1789226376.273070 467830 39721 3365 2138 0 463180 0 781420
1789226377.275355 467830 43538 3365 2138 0 463180 0 825409
1789226378.274083 467830 45407 3365 2138 0 463180 0 830122
1789226379.276546 467830 37730 3365 2138 0 463180 0 833321
1789226380.276909 467830 45202 3365 2138 0 463180 0 826801
1789226381.277382 467830 40671 3365 2138 0 463180 0 834498
1789226382.274291 467830 41790 3365 2138 0 463180 0 801969
1789226383.278581 467830 39235 3365 2138 0 463180 0 854468
1789226384.279222 467830 43225 3365 2138 0 463180 0 862852
1789226385.280865 467830 40650 3365 2138 0 463180 0 889249
1789226386.281304 467830 41454 3365 2138 0 463180 0 901518
1789226387.277578 467830 44798 3365 2138 0 463180 0 913788
1789226388.280799 467830 43933 3365 2138 0 463180 0 941541
1789226389.279997 467830 43589 3365 2138 0 463180 0 954580
1789226390.279854 467830 42301 3365 2138 0 463180 0 930820
1789226391.281656 467830 42074 3365 2138 0 463180 0 975320
1789226392.284401 467830 41404 3365 2138 0 463180 0 985505
1789226393.273487 469622 43500 3365 2138 0 464972 0 975146
1789226394.273597 469622 43500 3365 2138 0 464972 0 975147
1789226395.273067 469622 44240 3365 2138 0 464972 0 975147
1789226396.286079 469622 45397 3365 2138 0 464972 0 947387
1789226397.287384 469622 42296 3365 2138 0 464972 0 1013254
1789226398.284955 469622 42479 3365 2138 0 464972 0 973669
1789226399.279559 469622 42124 3365 2138 0 464972 0 958744
1789226400.279954 469622 44953 3365 2138 0 464972 0 971014
1789226401.280442 469622 42314 3365 2138 0 464972 0 978249
1789226402.282204 469622 46529 3365 2138 0 464972 0 1003505
1789226403.282559 469622 44254 3365 2138 0 464972 0 1015776
1789226404.283698 469622 46234 3365 2138 0 464972 0 1028045
1789226405.286187 469622 46234 3365 2138 0 464972 0 1056821
1789226406.287007 469622 47016 3365 2138 0 464972 0 1066274
1789226407.291455 469622 46498 3365 2138 0 464972 0 1073931
1789226408.290902 469622 42143 3365 2138 0 464972 0 1064858
1789226409.283193 469622 44298 3365 2138 0 464972 0 1077128
1789226410.278207 469622 44298 3365 2138 0 464972 0 1077129
1789226411.278363 469622 44298 3365 2138 0 464972 0 1077129
1789226412.276547 469622 44979 3365 2138 0 464972 0 1042620
1789226413.277974 469622 36359 3365 2138 0 464972 0 1089399
1789226414.289853 471670 37923 3365 2138 0 467020 0 1044285
1789226415.290679 471670 41525 3365 2138 0 467020 0 1056555
1789226416.290708 471670 41197 3365 2138 0 467020 0 1061726
1789226417.294353 471670 46043 3365 2138 0 467020 0 1113246
1789226418.294339 471670 43191 3365 2138 0 467020 0 1115854
1789226419.295938 471670 42603 3365 2138 0 467020 0 1090883
1789226420.293334 471670 41390 3365 2138 0 467020 0 1097820
1789226421.293349 471670 40090 3365 2138 0 467020 0 1101423
1789226422.294001 471670 41697 3365 2138 0 467020 0 1113694
1789226423.294594 471670 41813 3365 2138 0 467020 0 1125965
1789226424.295514 471670 42474 3365 2138 0 467020 0 1138236
1789226425.296199 471670 44626 3365 2138 0 467020 0 1150506
1789226426.297108 471670 45189 3365 2138 0 467020 0 1162777
1789226427.282730 471670 44261 3365 2138 0 467020 0 1175046
1789226428.286683 471670 44533 3365 2138 0 467020 0 1175047
1789226429.284047 471670 44233 3365 2138 0 467020 0 1175048
1789226430.282676 471670 44233 3365 2138 0 467020 0 1175049
1789226431.293695 471670 44549 3365 2138 0 467020 0 1185127
1789226432.282086 471670 39382 3365 2138 0 467020 0 1187321
1789226433.290906 471670 40310 3365 2138 0 467020 0 1137240
1789226434.292308 471670 46743 3365 2138 0 467020 0 1149510
1789226435.301384 471670 46886 3365 2138 0 467020 0 1172371
1789226436.297816 471670 46143 3365 2138 0 467020 0 1177568
1789226437.296875 471670 43926 3365 2138 0 467020 0 1178885
1789226438.298006 471670 42427 3365 2138 0 467020 0 1178664
1789226439.297276 471670 42300 3365 2138 0 467020 0 1170608
1789226440.297337 471670 42837 3365 2138 0 467020 0 1170547
1789226441.298770 471670 41102 3365 2138 0 467020 0 1196456
1789226442.299474 471670 45380 3365 2138 0 467020 0 1208728
1789226443.296087 471670 43581 3365 2138 0 467020 0 1220998
1789226444.297100 471670 43675 3365 2138 0 467020 0 1233270
1789226445.297672 471670 34461 3365 2138 0 467020 0 1245540
1789226446.298293 471670 42386 3365 2138 0 467020 0 1257367
1789226447.306377 471670 46439 3365 2138 0 467020 0 1287352
1789226448.292642 471670 43435 3365 2138 0 467020 0 1244287
1789226449.287004 471670 43435 3365 2138 0 467020 0 1247698
1789226450.287566 471670 43435 3365 2138 0 467020 0 1256939
1789226451.287034 471670 42814 3365 2138 0 467020 0 1270080
1789226452.283424 471670 39706 3365 2138 0 467020 0 1270081
1789226453.283557 471670 39711 3365 2138 0 467020 0 1270082
1789226454.295391 475767 37210 3365 2138 0 471116 0 1212392
1789226455.280612 475767 37028 3365 2138 0 471116 0 1203597
1789226456.280638 475767 37028 3365 2138 0 471116 0 1203598
1789226457.280233 475767 37023 3365 2138 0 471116 0 1194795
1789226458.279928 475767 37031 3365 2138 0 471116 0 1188089
1789226459.279506 475767 36968 3365 2138 0 471116 0 1176812
1789226460.281581 475767 37058 3365 2138 0 471116 0 1171176
1789226461.279088 475767 36519 3365 2138 0 471116 0 1165431
1789226462.278796 475767 37093 3365 2138 0 471116 0 1159695
1789226463.278585 475767 37127 3365 2138 0 471116 0 1153626
1789226464.278213 475767 37129 3365 2138 0 471116 0 1144483
1789226465.277961 475767 36766 3365 2138 0 471116 0 1139002
1789226466.278026 475767 36796 3365 2138 0 471116 0 1135343
1789226467.277492 475767 37387 3365 2138 0 471116 0 1128609
1789226468.277279 475767 37395 3365 2138 0 471116 0 1122178
1789226469.276352 475767 37395 3365 2138 0 471116 0 1097729
1789226470.276936 475767 37203 3365 2138 0 471116 0 1111808
1789226471.277302 475767 37132 3365 2138 0 471116 0 1111809
1789226472.277316 475767 37030 3365 2138 0 471116 0 1120824
1789226473.277094 475767 37127 3365 2138 0 471116 0 1120825
1789226474.277316 475767 37045 3365 2138 0 471116 0 1120826
1789226475.277029 475767 37023 3365 2138 0 471116 0 1120827
1789226476.277124 475767 37023 3365 2138 0 471116 0 1120828
1789226477.275884 475767 37453 3365 2138 0 471116 0 1094718
1789226478.274902 475767 37538 3365 2138 0 471116 0 1072981
1789226479.275839 475767 37538 3365 2138 0 471116 0 1088463
1789226480.278176 475767 37603 3365 2138 0 471116 0 1135412
1789226481.277860 475767 37619 3365 2138 0 471116 0 1135413
1789226482.277643 475767 37425 3365 2138 0 471116 0 1135414
1789226483.277694 475767 37425 3365 2138 0 471116 0 1135415
1789226484.277747 475767 37506 3365 2138 0 471116 0 1135416
1789226485.277662 475767 37326 3365 2138 0 471116 0 1135417
1789226486.277733 475767 37407 3365 2138 0 471116 0 1135418
1789226487.277879 475767 37407 3365 2138 0 471116 0 1135419
1789226488.277883 475767 37835 3365 2138 0 471116 0 1135419
1789226489.277725 475767 37986 3365 2138 0 471116 0 1135420
1789226490.278657 475767 37915 3365 2138 0 471116 0 1135421
1789226491.273665 475767 39189 3365 2138 0 471116 0 1041270
1789226492.273690 475767 39189 3365 2138 0 471116 0 1041271
1789226493.273665 475767 39189 3365 2138 0 471116 0 1041272
1789226494.273693 475767 39189 3365 2138 0 471116 0 1041273
1789226495.273594 475767 39189 3365 2138 0 471116 0 1041274
1789226496.273773 475767 39189 3365 2138 0 471116 0 1041274
1789226497.273896 475767 38380 3365 2138 0 471116 0 1041275
1789226498.273808 475767 38891 3365 2138 0 471116 0 1041276
1789226499.273977 475767 38891 3365 2138 0 471116 0 1041277
1789226500.273442 475767 37727 3365 2138 0 471116 0 1030302
1789226501.273682 478327 38242 3365 2138 0 473676 0 1041280
1789226502.272378 478327 39091 3365 2138 0 473676 0 1013645
1789226503.272338 478327 39092 3365 2138 0 473676 0 1013646
1789226504.272318 478327 39092 3365 2138 0 473676 0 1013647
1789226505.272518 478327 38750 3365 2138 0 473676 0 1013648
1789226506.272460 478327 38669 3365 2138 0 473676 0 1013649
1789226507.272462 478327 38669 3365 2138 0 473676 0 1013650
1789226508.270784 522879 88373 3404 2138 0 518220 0 976445
1789226509.270738 629375 184417 3404 2138 0 624716 0 976445
1789226510.270757 705663 280380 3404 2138 0 701004 0 976445
1789226511.270914 817279 375218 3404 2138 0 812620 0 976445
1789226512.270660 886399 471511 3404 2138 0 881740 0 976445
1789226513.270823 972415 566116 3404 2138 0 967756 0 976445
1789226514.270882 1070719 661579 3404 2138 0 1066060 0 976445
1789226515.270563 1190527 755349 3404 2138 0 1185868 0 976445
1789226516.270781 1327743 851539 3404 2138 0 1323084 0 976445
1789226517.270790 1491583 945528 3404 2138 0 1486924 0 976445
1789226518.270445 1491583 1039712 3404 2138 0 1486924 0 976445
1789226519.270638 1502848 1090676 3404 2138 0 1498188 0 976445
1789226520.270684 1502848 1090676 3404 2138 0 1498188 0 976445
1789226521.270728 1502848 1090676 3404 2138 0 1498188 0 976445
1789226522.270910 1502848 1090676 3404 2138 0 1498188 0 976445
1789226523.270809 1502848 1090676 3404 2138 0 1498188 0 976445
1789226524.270834 1502848 1090676 3404 2138 0 1498188 0 976445
1789226525.270784 1502848 1090676 3404 2138 0 1498188 0 976445
1789226526.270863 1502848 1090676 3404 2138 0 1498188 0 976445
1789226527.271133 1506945 1090663 3404 2138 0 1502284 0 976445
1789226528.270913 1506945 1090663 3404 2138 0 1502284 0 976445
1789226529.270798 1506945 1091015 3404 2138 0 1502284 0 976445
1789226530.270895 1506945 1091015 3404 2138 0 1502284 0 976445
1789226531.271193 1506945 1091015 3404 2138 0 1502284 0 976445
1789226532.271267 1506945 1091015 3404 2138 0 1502284 0 976445
1789226533.270965 1506945 1091015 3404 2138 0 1502284 0 976445
1789226534.271173 1506945 1091015 3404 2138 0 1502284 0 976445
1789226535.274595 1511035 1091008 3397 2138 0 1506380 0 976445
1789226536.271081 1511035 1091008 3397 2138 0 1506380 0 976445
1789226537.270880 1511035 1091008 3397 2138 0 1506380 0 976445
1789226538.271005 1511035 1091008 3397 2138 0 1506380 0 976445
1789226539.270927 1511035 1091008 3397 2138 0 1506380 0 976445
1789226540.271503 1511035 1091008 3397 2138 0 1506380 0 976445
1789226541.271143 1511035 1091008 3397 2138 0 1506380 0 976445
1789226542.271188 1511035 1091008 3397 2138 0 1506380 0 976445
1789226543.270913 1511035 1091008 3397 2138 0 1506380 0 976445
1789226544.270939 1511035 1091008 3397 2138 0 1506380 0 976445
1789226545.270874 1511035 1091008 3397 2138 0 1506380 0 976445
1789226546.271297 1511035 1091008 3397 2138 0 1506380 0 976445
1789226547.270862 1511035 1091008 3397 2138 0 1506380 0 976445
1789226548.271073 1511035 1091008 3397 2138 0 1506380 0 976445
1789226549.271237 1511035 1091344 3397 2138 0 1506380 0 976445
1789226550.270977 1511035 1091344 3397 2138 0 1506380 0 976445
1789226551.270967 1511035 1091344 3397 2138 0 1506380 0 976445
1789226552.271187 1511035 1091344 3397 2138 0 1506380 0 976445
1789226553.271065 1511035 1091344 3397 2138 0 1506380 0 976445
1789226554.271118 1511035 1091344 3397 2138 0 1506380 0 976445
1789226555.271347 1511035 1091344 3397 2138 0 1506380 0 976445
1789226556.270867 1511035 1091344 3397 2138 0 1506380 0 976445
1789226557.271356 1511035 1091344 3397 2138 0 1506380 0 976445
1789226558.271098 1511035 1091344 3397 2138 0 1506380 0 976445
1789226559.271989 1511035 1091664 3397 2138 0 1506380 0 976445
1789226560.271222 1511035 1091664 3397 2138 0 1506380 0 976445
1789226561.271043 1511035 1091664 3397 2138 0 1506380 0 976445
1789226562.270935 1511035 1091664 3397 2138 0 1506380 0 976445
1789226563.271111 1511035 1091664 3397 2138 0 1506380 0 976445
1789226564.270896 1511035 1091664 3397 2138 0 1506380 0 976445
1789226565.271156 1511035 1091664 3397 2138 0 1506380 0 976445
1789226566.270882 1511035 1091664 3397 2138 0 1506380 0 976445
1789226567.270937 1511035 1091664 3397 2138 0 1506380 0 976445
1789226568.270881 1511035 1091664 3397 2138 0 1506380 0 976445
1789226569.270988 1511035 1091664 3397 2138 0 1506380 0 976445
1789226570.270703 1511035 1091664 3397 2138 0 1506380 0 976445
1789226571.270679 1511035 1091664 3397 2138 0 1506380 0 976445
1789226572.272205 1511035 1091664 3397 2138 0 1506380 0 976445
1789226573.270844 1511035 1091664 3397 2138 0 1506380 0 976445
1789226574.270830 1511035 1091664 3397 2138 0 1506380 0 976445
1789226575.271028 1511035 1091664 3397 2138 0 1506380 0 976445
1789226576.271025 1511035 1091664 3397 2138 0 1506380 0 976445
1789226577.270940 1511035 1091664 3397 2138 0 1506380 0 976445
1789226578.270936 1511035 1091664 3397 2138 0 1506380 0 976445
1789226579.271032 1511035 1091664 3397 2138 0 1506380 0 976445
1789226580.270831 1511035 1091968 3397 2138 0 1506380 0 976445
1789226581.270901 1511035 1091968 3397 2138 0 1506380 0 976445
1789226582.270893 1511035 1091968 3397 2138 0 1506380 0 976445
1789226583.271046 1511035 1091968 3397 2138 0 1506380 0 976445
1789226584.270896 1511035 1091968 3397 2138 0 1506380 0 976445
1789226585.270850 1511035 1091968 3397 2138 0 1506380 0 976445
1789226586.270874 1511035 1091968 3397 2138 0 1506380 0 976445
1789226587.270844 1511035 1091968 3397 2138 0 1506380 0 976445
1789226588.270852 1511035 1091968 3397 2138 0 1506380 0 976445
1789226589.270778 1511035 1091968 3397 2138 0 1506380 0 976445
1789226590.270881 1511035 1092256 3397 2138 0 1506380 0 976445
1789226591.270940 1511035 1092256 3397 2138 0 1506380 0 976445
1789226592.270861 1511035 1092256 3397 2138 0 1506380 0 976445
1789226593.270992 1511035 1092256 3397 2138 0 1506380 0 976445
1789226594.270964 1511035 1092256 3397 2138 0 1506380 0 976445
1789226595.270980 1511035 1092256 3397 2138 0 1506380 0 976445
1789226596.271027 1511035 1092256 3397 2138 0 1506380 0 976445
1789226597.270852 1511035 1092256 3397 2138 0 1506380 0 976445
1789226598.270851 1511035 1092256 3397 2138 0 1506380 0 976445
1789226599.270715 1511035 1092256 3397 2138 0 1506380 0 976445
1789226600.270819 1511035 1092256 3397 2138 0 1506380 0 976445
1789226601.270878 1511035 1092256 3397 2138 0 1506380 0 976445
1789226602.271017 1511035 1092256 3397 2138 0 1506380 0 976445
1789226603.270920 1511035 1092256 3397 2138 0 1506380 0 976445
1789226604.271159 1511035 1092256 3397 2138 0 1506380 0 976445
1789226605.271189 1511035 1092256 3397 2138 0 1506380 0 976445
1789226606.270813 1511035 1092256 3397 2138 0 1506380 0 976445
1789226607.270834 1511035 1092256 3397 2138 0 1506380 0 976445
1789226608.270873 1511035 1092256 3397 2138 0 1506380 0 976445
1789226609.270696 1511035 1092256 3397 2138 0 1506380 0 976445
1789226610.271654 1511035 1092528 3397 2138 0 1506380 0 976445
1789226611.271099 1511035 1092528 3397 2138 0 1506380 0 976445
1789226612.270922 1511035 1092528 3397 2138 0 1506380 0 976445
1789226613.271037 1511035 1092528 3397 2138 0 1506380 0 976445
1789226614.270739 1511035 1092528 3397 2138 0 1506380 0 976445
1789226615.270862 1511035 1092528 3397 2138 0 1506380 0 976445
1789226616.270867 1511035 1092528 3397 2138 0 1506380 0 976445
1789226617.271018 1511035 1092528 3397 2138 0 1506380 0 976445
1789226618.271044 1511035 1092528 3397 2138 0 1506380 0 976445
1789226619.271083 1511035 1092528 3397 2138 0 1506380 0 976445
1789226620.270968 1511035 1092528 3397 2138 0 1506380 0 976445
1789226621.270984 1511035 1092784 3397 2138 0 1506380 0 976445
1789226622.270900 1511035 1092784 3397 2138 0 1506380 0 976445
1789226623.271069 1511035 1092784 3397 2138 0 1506380 0 976445
1789226624.270887 1511035 1092784 3397 2138 0 1506380 0 976445
1789226625.271716 1511035 1092784 3397 2138 0 1506380 0 976445
1789226626.270686 1511035 1092784 3397 2138 0 1506380 0 976445
1789226627.271003 1511035 1092784 3397 2138 0 1506380 0 976445
1789226628.270903 1511035 1092784 3397 2138 0 1506380 0 976445
1789226629.271056 1511035 1092784 3397 2138 0 1506380 0 976445
1789226630.270915 1511035 1092784 3397 2138 0 1506380 0 976445
1789226631.270823 1511035 1092784 3397 2138 0 1506380 0 976445
1789226632.270844 1511035 1092784 3397 2138 0 1506380 0 976445
1789226633.270949 1511035 1092784 3397 2138 0 1506380 0 976445
1789226634.270765 1511035 1092784 3397 2138 0 1506380 0 976445
1789226635.270816 1511035 1092784 3397 2138 0 1506380 0 976445
1789226636.271087 1511035 1092784 3397 2138 0 1506380 0 976445
1789226637.271032 1511035 1092784 3397 2138 0 1506380 0 976445
1789226638.270822 1511035 1092784 3397 2138 0 1506380 0 976445
1789226639.270917 1511035 1092784 3397 2138 0 1506380 0 976445
1789226640.270952 1511035 1092784 3397 2138 0 1506380 0 976445
1789226641.270914 1511035 1093024 3397 2138 0 1506380 0 976445
1789226642.270839 1511035 1093024 3397 2138 0 1506380 0 976445
1789226643.270780 1511035 1093024 3397 2138 0 1506380 0 976445
1789226644.270775 1511035 1093024 3397 2138 0 1506380 0 976445
1789226645.271521 1511035 1093024 3397 2138 0 1506380 0 976445
1789226646.271025 1511035 1093024 3397 2138 0 1506380 0 976445
1789226647.270906 1511035 1093024 3397 2138 0 1506380 0 976445
1789226648.270991 1511035 1093024 3397 2138 0 1506380 0 976445
1789226649.271457 1511035 1093024 3397 2138 0 1506380 0 976445
1789226650.271029 1511035 1093024 3397 2138 0 1506380 0 976445
1789226651.270980 1511035 1093248 3397 2138 0 1506380 0 976445
1789226652.270941 1511035 1093248 3397 2138 0 1506380 0 976445
1789226653.271176 1511035 1093248 3397 2138 0 1506380 0 976445
1789226654.271138 1511035 1093248 3397 2138 0 1506380 0 976445
1789226655.271019 1511035 1093248 3397 2138 0 1506380 0 976445
1789226656.271044 1511035 1093248 3397 2138 0 1506380 0 976445
1789226657.270966 1511035 1093248 3397 2138 0 1506380 0 976445
1789226658.270995 1511035 1093248 3397 2138 0 1506380 0 976445
1789226659.270962 1511035 1093248 3397 2138 0 1506380 0 976445
1789226660.270983 1511035 1093248 3397 2138 0 1506380 0 976445
1789226661.270773 1511035 1093248 3397 2138 0 1506380 0 976445
1789226662.271152 1511035 1093248 3397 2138 0 1506380 0 976445
1789226663.271140 1511035 1093248 3397 2138 0 1506380 0 976445
1789226664.270987 1511035 1093248 3397 2138 0 1506380 0 976445
1789226665.270965 1511035 1093248 3397 2138 0 1506380 0 976445
1789226666.270964 1511035 1093248 3397 2138 0 1506380 0 976445
1789226667.270990 1511035 1093248 3397 2138 0 1506380 0 976445
1789226668.271046 1511035 1093248 3397 2138 0 1506380 0 976445
1789226669.271046 1511035 1093248 3397 2138 0 1506380 0 976445
1789226670.270954 1511035 1093248 3397 2138 0 1506380 0 976445
1789226671.271184 1511035 1093248 3397 2138 0 1506380 0 976445
1789226672.271256 1511035 1093456 3397 2138 0 1506380 0 976445
1789226673.271024 1511035 1093456 3397 2138 0 1506380 0 976445
1789226674.271117 1511035 1093456 3397 2138 0 1506380 0 976445
1789226675.270920 1511035 1093456 3397 2138 0 1506380 0 976445
1789226676.271050 1511035 1093456 3397 2138 0 1506380 0 976445
1789226677.270991 1511035 1093456 3397 2138 0 1506380 0 976445
1789226678.270994 1511035 1093456 3397 2138 0 1506380 0 976445
1789226679.270920 1511035 1093456 3397 2138 0 1506380 0 976445
1789226680.271076 1511035 1093456 3397 2138 0 1506380 0 976445
1789226681.271034 1511035 1093456 3397 2138 0 1506380 0 976445
1789226682.271132 1511035 1093648 3397 2138 0 1506380 0 976445
1789226683.271024 1511035 1093648 3397 2138 0 1506380 0 976445
1789226684.271065 1511035 1093648 3397 2138 0 1506380 0 976445
1789226685.270971 1511035 1093648 3397 2138 0 1506380 0 976445
1789226686.270971 1511035 1093648 3397 2138 0 1506380 0 976445
1789226687.271055 1511035 1093648 3397 2138 0 1506380 0 976445
1789226688.271090 1511035 1093648 3397 2138 0 1506380 0 976445
1789226689.271021 1511035 1093648 3397 2138 0 1506380 0 976445
1789226690.271122 1511035 1093648 3397 2138 0 1506380 0 976445
1789226691.271076 1511035 1093648 3397 2138 0 1506380 0 976445
1789226692.271109 1511035 1093648 3397 2138 0 1506380 0 976445
1789226693.272978 1511035 1093648 3397 2138 0 1506380 0 976445
1789226694.271223 1511035 1093648 3397 2138 0 1506380 0 976445
1789226695.270899 1511035 1093648 3397 2138 0 1506380 0 976445
1789226696.271068 1511035 1093648 3397 2138 0 1506380 0 976445
1789226697.271004 1511035 1093648 3397 2138 0 1506380 0 976445
1789226698.270958 1511035 1093648 3397 2138 0 1506380 0 976445
1789226699.271042 1511035 1093648 3397 2138 0 1506380 0 976445
1789226700.270842 1511035 1093648 3397 2138 0 1506380 0 976445
1789226701.270826 1511035 1093648 3397 2138 0 1506380 0 976445
1789226702.270925 1511035 1093648 3397 2138 0 1506380 0 976445
1789226703.271070 1511035 1093824 3397 2138 0 1506380 0 976445
1789226704.270966 1511035 1093824 3397 2138 0 1506380 0 976445
1789226705.271132 1511035 1093824 3397 2138 0 1506380 0 976445
1789226706.271022 1511035 1093824 3397 2138 0 1506380 0 976445
1789226707.271007 1511035 1093824 3397 2138 0 1506380 0 976445
1789226708.270891 1511035 1093824 3397 2138 0 1506380 0 976445
1789226709.270828 1511035 1093824 3397 2138 0 1506380 0 976445
1789226710.270962 1511035 1093824 3397 2138 0 1506380 0 976445
1789226711.270858 1511035 1093824 3397 2138 0 1506380 0 976445
1789226712.270921 1511035 1093824 3397 2138 0 1506380 0 976445
1789226713.271039 1511035 1093984 3397 2138 0 1506380 0 976445
1789226714.270964 1511035 1093984 3397 2138 0 1506380 0 976445
1789226715.270966 1511035 1093984 3397 2138 0 1506380 0 976445
1789226716.270987 1511035 1093984 3397 2138 0 1506380 0 976445
1789226717.271061 1511035 1093984 3397 2138 0 1506380 0 976445
1789226718.270960 1511035 1093984 3397 2138 0 1506380 0 976445
1789226719.271081 1511035 1093984 3397 2138 0 1506380 0 976445
1789226720.271398 1511035 1093984 3397 2138 0 1506380 0 976445
1789226721.271020 1511035 1093984 3397 2138 0 1506380 0 976445
1789226722.271178 1511035 1093984 3397 2138 0 1506380 0 976445
1789226723.270971 1511035 1093984 3397 2138 0 1506380 0 976445
1789226724.270984 1511035 1093984 3397 2138 0 1506380 0 976445
1789226725.270792 1511035 1093984 3397 2138 0 1506380 0 976445
1789226726.271847 1511035 1093984 3397 2138 0 1506380 0 976445
1789226727.270886 1511035 1093984 3397 2138 0 1506380 0 976445
1789226728.270859 1511035 1093984 3397 2138 0 1506380 0 976445
1789226729.270889 1511035 1093984 3397 2138 0 1506380 0 976445
1789226730.271152 1511035 1093984 3397 2138 0 1506380 0 976445
1789226731.271132 1511035 1093984 3397 2138 0 1506380 0 976445
1789226732.271978 1511035 1093984 3397 2138 0 1506380 0 976445
1789226733.270862 1511035 1094128 3397 2138 0 1506380 0 976445
1789226734.270993 1511035 1094128 3397 2138 0 1506380 0 976445
1789226735.270904 1511035 1094128 3397 2138 0 1506380 0 976445
1789226736.270937 1511035 1094128 3397 2138 0 1506380 0 976445
1789226737.275963 1511035 1094128 3397 2138 0 1506380 0 976445
1789226738.272401 1511035 1094128 3397 2138 0 1506380 0 976445
1789226739.271287 1511035 1094128 3397 2138 0 1506380 0 976445
1789226740.271150 1511035 1094128 3397 2138 0 1506380 0 976445
1789226741.271070 1511035 1094128 3397 2138 0 1506380 0 976445
1789226742.270994 1511035 1094128 3397 2138 0 1506380 0 976445
1789226743.271021 1511035 1094128 3397 2138 0 1506380 0 976445
1789226744.271712 1511035 1094256 3397 2138 0 1506380 0 976445
1789226745.271085 1511035 1094256 3397 2138 0 1506380 0 976445
1789226746.271020 1511035 1094256 3397 2138 0 1506380 0 976445
1789226747.271102 1511035 1094256 3397 2138 0 1506380 0 976445
1789226748.271092 1511035 1094256 3397 2138 0 1506380 0 976445
1789226749.271096 1511035 1094256 3397 2138 0 1506380 0 976445
1789226750.271000 1511035 1094256 3397 2138 0 1506380 0 976445
1789226751.271108 1511035 1094256 3397 2138 0 1506380 0 976445
1789226752.270954 1511035 1094256 3397 2138 0 1506380 0 976445
1789226753.270883 1511035 1094256 3397 2138 0 1506380 0 976445
1789226754.270912 1511035 1094256 3397 2138 0 1506380 0 976445
1789226755.271074 1511035 1094256 3397 2138 0 1506380 0 976445
1789226756.271124 1511035 1094256 3397 2138 0 1506380 0 976445
1789226757.271216 1511035 1094256 3397 2138 0 1506380 0 976445
1789226758.271073 1511035 1094256 3397 2138 0 1506380 0 976445
1789226759.270982 1511035 1094256 3397 2138 0 1506380 0 976445
1789226760.271038 1511035 1094256 3397 2138 0 1506380 0 976445
1789226761.270914 1511035 1094256 3397 2138 0 1506380 0 976445
1789226762.270973 1511035 1094256 3397 2138 0 1506380 0 976445
1789226763.270882 1511035 1094256 3397 2138 0 1506380 0 976445
1789226764.275241 1511035 1094370 3397 2138 0 1506380 0 976445
1789226765.271221 1511035 1094370 3397 2138 0 1506380 0 976445
1789226766.271065 1511035 1094370 3397 2138 0 1506380 0 976445
1789226767.270978 1511035 1094370 3397 2138 0 1506380 0 976445
1789226768.270981 1511035 1094370 3397 2138 0 1506380 0 976445
1789226769.270966 1511035 1094370 3397 2138 0 1506380 0 976445
1789226770.271022 1511035 1094370 3397 2138 0 1506380 0 976445
1789226771.270975 1511035 1094370 3397 2138 0 1506380 0 976445
1789226772.271160 1511035 1094370 3397 2138 0 1506380 0 976445
1789226773.271217 1511035 1094370 3397 2138 0 1506380 0 976445
1789226774.271087 1511035 1094481 3397 2138 0 1506380 0 976445
1789226775.271075 1511035 1094481 3397 2138 0 1506380 0 976445
1789226776.270946 1511035 1094481 3397 2138 0 1506380 0 976445
1789226777.270979 1511035 1094481 3397 2138 0 1506380 0 976445
1789226778.270926 1511035 1094481 3397 2138 0 1506380 0 976445
1789226779.270896 1511035 1094481 3397 2138 0 1506380 0 976445
1789226780.270978 1511035 1094481 3397 2138 0 1506380 0 976445
1789226781.271127 1511035 1094481 3397 2138 0 1506380 0 976445
1789226782.271144 1511035 1094481 3397 2138 0 1506380 0 976445
1789226783.271143 1511035 1094481 3397 2138 0 1506380 0 976445
1789226784.271034 1511035 1094481 3397 2138 0 1506380 0 976445
1789226785.271042 1511035 1094481 3397 2138 0 1506380 0 976445
1789226786.271029 1511035 1094481 3397 2138 0 1506380 0 976445
1789226787.271065 1511035 1094481 3397 2138 0 1506380 0 976445
1789226788.270859 1511035 1094481 3397 2138 0 1506380 0 976445
1789226789.270955 1511035 1094481 3397 2138 0 1506380 0 976445
1789226790.270971 1511035 1094481 3397 2138 0 1506380 0 976445
1789226791.271089 1511035 1094481 3397 2138 0 1506380 0 976445
1789226792.271210 1511035 1094481 3397 2138 0 1506380 0 976445
1789226793.270930 1511035 1094481 3397 2138 0 1506380 0 976445
1789226794.270740 1511035 1094481 3397 2138 0 1506380 0 976445
1789226795.270891 1511035 1094596 3397 2138 0 1506380 0 976445
1789226796.270992 1511035 1094596 3397 2138 0 1506380 0 976445
1789226797.270938 1511035 1094596 3397 2138 0 1506380 0 976445
1789226798.271147 1511035 1094596 3397 2138 0 1506380 0 976445
1789226799.271160 1511035 1094596 3397 2138 0 1506380 0 976445
1789226800.271101 1511035 1094596 3397 2138 0 1506380 0 976445
1789226801.271071 1511035 1094596 3397 2138 0 1506380 0 976445
1789226802.270996 1511035 1094596 3397 2138 0 1506380 0 976445
1789226803.271258 1511035 1094596 3397 2138 0 1506380 0 976445
1789226804.271028 1511035 1094596 3397 2138 0 1506380 0 976445
1789226805.270930 1511035 1094710 3397 2138 0 1506380 0 976445
1789226806.271026 1511035 1094710 3397 2138 0 1506380 0 976445
1789226807.271056 1511035 1094710 3397 2138 0 1506380 0 976445
1789226808.271155 1511035 1094710 3397 2138 0 1506380 0 976445
1789226809.270992 1511035 1094710 3397 2138 0 1506380 0 976445
1789226810.270939 1511035 1094710 3397 2138 0 1506380 0 976445
1789226811.271003 1511035 1094710 3397 2138 0 1506380 0 976445
1789226812.271102 1511035 1094710 3397 2138 0 1506380 0 976445
1789226813.270978 1511035 1094710 3397 2138 0 1506380 0 976445
1789226814.271029 1511035 1094710 3397 2138 0 1506380 0 976445
1789226815.271024 1511035 1094710 3397 2138 0 1506380 0 976445
1789226816.271060 1511035 1094710 3397 2138 0 1506380 0 976445
1789226817.270998 1511035 1094710 3397 2138 0 1506380 0 976445
1789226818.270959 1511035 1094710 3397 2138 0 1506380 0 976445
1789226819.271089 1511035 1094710 3397 2138 0 1506380 0 976445
1789226820.271122 1511035 1094710 3397 2138 0 1506380 0 976445
1789226821.271045 1511035 1094710 3397 2138 0 1506380 0 976445
1789226822.270980 1511035 1094710 3397 2138 0 1506380 0 976445
1789226823.271097 1511035 1094710 3397 2138 0 1506380 0 976445
1789226824.271065 1511035 1094710 3397 2138 0 1506380 0 976445
1789226825.272753 1511035 1094710 3397 2138 0 1506380 0 976445
1789226826.271016 1511035 1094824 3397 2138 0 1506380 0 976445
1789226827.270944 1511035 1094824 3397 2138 0 1506380 0 976445
