# start_epoch=1789226828.634068  page_size=4096  cachestat=ok  fields=size,resident,shared,text,lib,data,dt,pagecache
1789226829.638734 459766 46339 3305 2138 0 455116 0 76759
1789226830.640716 468342 50348 3306 2138 0 463692 0 107293
1789226831.643676 468342 46814 3306 2138 0 463692 0 155700
1789226832.644835 469238 47528 3306 2138 0 464588 0 176269
1789226833.646486 469238 44455 3359 2138 0 464588 0 193827
1789226834.643899 469238 50647 3359 2138 0 464588 0 214696
1789226835.648198 469238 40578 3359 2138 0 464588 0 234993
1789226836.649141 469238 32382 3359 2138 0 464588 0 251330
1789226837.654449 470134 45223 3359 2138 0 465484 0 302704
1789226838.653782 470134 51175 3359 2138 0 465484 0 331460
1789226839.655788 470134 42414 3359 2138 0 465484 0 363030
1789226840.656670 471158 33451 3359 2138 0 466508 0 378626
1789226841.659624 471158 47049 3359 2138 0 466508 0 431564
1789226842.659764 471158 52668 3359 2138 0 466508 0 436459
1789226843.663796 471158 46075 3359 2138 0 466508 0 498363
1789226844.663959 471158 31130 3359 2138 0 466508 0 500408
1789226845.666281 471158 46816 3359 2138 0 466508 0 538003
1789226846.667083 472438 51115 3359 2138 0 467788 0 554341
1789226847.670441 472438 51987 3359 2138 0 467788 0 572086
1789226848.669560 472438 41118 3359 2138 0 467788 0 588692
1789226849.669949 472438 48670 3359 2138 0 467788 0 596921
1789226850.671658 472438 52398 3359 2138 0 467788 0 624082
1789226851.672980 472438 48250 3359 2138 0 467788 0 649403
1789226852.674166 473974 52801 3359 2138 0 469324 0 666986
1789226853.675316 473974 42529 3359 2138 0 469324 0 684057
1789226854.674673 473974 55609 3359 2138 0 469324 0 670579
1789226855.677482 473974 52784 3359 2138 0 469324 0 719240
1789226856.677661 473974 53344 3359 2138 0 469324 0 736748
1789226857.681830 473974 52732 3359 2138 0 469324 0 767822
1789226858.681557 473974 54264 3359 2138 0 469324 0 782333
1789226859.683315 473974 54073 3359 2138 0 469324 0 812697
1789226860.684349 475766 50336 3359 2138 0 471116 0 829786
1789226861.684523 476790 54605 3359 2138 0 472140 0 835100
1789226862.685527 476790 44405 3359 2138 0 472140 0 853193
1789226863.686792 476790 54750 3359 2138 0 472140 0 870520
1789226864.688572 476790 55761 3359 2138 0 472140 0 900902
1789226865.689636 476790 51626 3359 2138 0 472140 0 918997
1789226866.689975 476790 55621 3359 2138 0 472140 0 923286
1789226867.690820 476790 45405 3359 2138 0 472140 0 940869
1789226868.691932 478838 56273 3359 2138 0 474188 0 958709
1789226869.693389 478838 55860 3359 2138 0 474188 0 971562
1789226870.680146 482935 42505 3359 2138 0 478284 0 952989
1789226871.676767 482935 42649 3359 2138 0 478284 0 952989
1789226872.676712 482935 42649 3359 2138 0 478284 0 952990
1789226873.676774 482935 42649 3359 2138 0 478284 0 952991
1789226874.676725 482935 42649 3359 2138 0 478284 0 952991
1789226875.672795 482935 43260 3359 2138 0 478284 0 864385
1789226876.672768 485495 43885 3359 2138 0 480844 0 864385
1789226877.672856 485495 44064 3359 2138 0 480844 0 864385
1789226878.672706 485495 44065 3359 2138 0 480844 0 864386
1789226879.672594 485495 44065 3359 2138 0 480844 0 861338
1789226880.672800 485495 44065 3359 2138 0 480844 0 864387
1789226881.672696 485495 44065 3359 2138 0 480844 0 864388
1789226882.672695 485495 43714 3359 2138 0 480844 0 864388
1789226883.672809 485495 43890 3359 2138 0 480844 0 864389
1789226884.672716 485495 44244 3359 2138 0 480844 0 864390
1789226885.671857 485495 44938 3359 2138 0 480844 0 846351
1789226886.672605 485495 43111 3359 2138 0 480844 0 864377
1789226887.672542 485495 43469 3359 2138 0 480844 0 864378
1789226888.672653 485495 43469 3359 2138 0 480844 0 864378
1789226889.672673 485495 43469 3359 2138 0 480844 0 864379
1789226890.672408 485495 43469 3359 2138 0 480844 0 858472
1789226891.672524 485495 43469 3359 2138 0 480844 0 864380
1789226892.672539 485495 43471 3359 2138 0 480844 0 864381
1789226893.672491 485495 43471 3359 2138 0 480844 0 864381
1789226894.672476 485495 43471 3359 2138 0 480844 0 864381
1789226895.672621 485495 42854 3359 2138 0 480844 0 864382
1789226896.672357 485495 42486 3359 2138 0 480844 0 864370
1789226897.672539 485495 42555 3359 2138 0 480844 0 864371
1789226898.672482 485495 42555 3359 2138 0 480844 0 864372
1789226899.672465 485495 42555 3359 2138 0 480844 0 864372
1789226900.672537 485495 42556 3359 2138 0 480844 0 864373
1789226901.672302 485495 42556 3359 2138 0 480844 0 864373
1789226902.672472 485495 42075 3359 2138 0 480844 0 864374
1789226903.672497 485495 41920 3359 2138 0 480844 0 864374
1789226904.672388 485495 42293 3359 2138 0 480844 0 864375
1789226905.672492 485495 42187 3359 2138 0 480844 0 864375
1789226906.672380 485495 42537 3359 2138 0 480844 0 864368
1789226907.672446 485495 42678 3359 2138 0 480844 0 864368
1789226908.672312 485495 42807 3359 2138 0 480844 0 864369
1789226909.672366 485495 42807 3359 2138 0 480844 0 864369
1789226910.672339 485495 42807 3359 2138 0 480844 0 864370
1789226911.672320 485495 42807 3359 2138 0 480844 0 864370
1789226912.672185 485495 42403 3359 2138 0 480844 0 864371
1789226913.671506 537215 109942 3398 2138 0 532556 0 846339
1789226914.671861 629375 193148 3398 2138 0 624716 0 846339
1789226915.671722 705663 277249 3398 2138 0 701004 0 846339
1789226916.671524 817279 358675 3398 2138 0 812620 0 846339
1789226917.671483 886399 439511 3398 2138 0 881740 0 846339
1789226918.671286 968319 521724 3398 2138 0 963660 0 846339
1789226919.671435 1070719 602005 3398 2138 0 1066060 0 846339
1789226920.671546 1190527 684246 3398 2138 0 1185868 0 846339
1789226921.671368 1190527 768134 3398 2138 0 1185868 0 846339
1789226922.671391 1327743 852424 3398 2138 0 1323084 0 846339
1789226923.671531 1491583 936598 3398 2138 0 1486924 0 846339
1789226924.671455 1491583 1020117 3398 2138 0 1486924 0 846339
1789226925.671738 1498751 1103517 3398 2138 0 1494092 0 846339
1789226926.671560 1697919 1187300 3398 2138 0 1693260 0 846339
1789226927.671930 1697919 1270463 3398 2138 0 1693260 0 846339
1789226928.671511 1935487 1353493 3398 2138 0 1930828 0 846339
1789226929.671452 1935487 1435925 3398 2138 0 1930828 0 846339
1789226930.671425 1935487 1520405 3398 2138 0 1930828 0 846339
1789226931.671639 2207871 1591545 3559 2138 0 2203212 0 846339
1789226932.671777 2207871 1663849 3559 2138 0 2203212 0 846339
1789226933.671421 2211968 1699238 3559 2138 0 2207308 0 846339
1789226934.671479 2211968 1699238 3559 2138 0 2207308 0 846339
1789226935.671485 2211968 1699238 3559 2138 0 2207308 0 846339
1789226936.671705 2211968 1699238 3559 2138 0 2207308 0 846339
1789226937.671376 2211968 1699238 3559 2138 0 2207308 0 846339
1789226938.671455 2211968 1699238 3559 2138 0 2207308 0 846339
1789226939.671340 2211968 1699238 3559 2138 0 2207308 0 846339
1789226940.671583 2211968 1699238 3559 2138 0 2207308 0 846339
1789226941.671529 2211968 1699238 3559 2138 0 2207308 0 846339
1789226942.671589 2211968 1699238 3559 2138 0 2207308 0 846339
1789226943.671378 2211968 1699238 3559 2138 0 2207308 0 846339
1789226944.671340 2211968 1699238 3559 2138 0 2207308 0 846339
1789226945.671406 2211968 1699238 3559 2138 0 2207308 0 846339
1789226946.671347 2216065 1699243 3559 2138 0 2211404 0 846339
1789226947.671299 2216065 1699243 3559 2138 0 2211404 0 846339
1789226948.671273 2216065 1699653 3559 2138 0 2211404 0 846339
1789226949.671306 2216065 1699653 3559 2138 0 2211404 0 846339
1789226950.671547 2216065 1699653 3559 2138 0 2211404 0 846339
1789226951.671413 2216065 1699653 3559 2138 0 2211404 0 846339
1789226952.671504 2216065 1699653 3559 2138 0 2211404 0 846339
1789226953.671348 2216065 1699653 3559 2138 0 2211404 0 846339
1789226954.671464 2216065 1699653 3559 2138 0 2211404 0 846339
1789226955.671551 2216065 1699653 3559 2138 0 2211404 0 846339
1789226956.671312 2216065 1699653 3559 2138 0 2211404 0 846339
1789226957.671556 2216065 1699653 3559 2138 0 2211404 0 846339
1789226958.671425 2216065 1700074 3559 2138 0 2211404 0 846339
1789226959.671553 2220155 1700062 3552 2138 0 2215500 0 846339
1789226960.671483 2220155 1700062 3552 2138 0 2215500 0 846339
1789226961.671455 2220155 1700062 3552 2138 0 2215500 0 846339
1789226962.671393 2220155 1700062 3552 2138 0 2215500 0 846339
1789226963.671373 2220155 1700062 3552 2138 0 2215500 0 846339
1789226964.671422 2220155 1700062 3552 2138 0 2215500 0 846339
1789226965.671315 2220155 1700062 3552 2138 0 2215500 0 846339
1789226966.671507 2220155 1700062 3552 2138 0 2215500 0 846339
1789226967.671548 2220155 1700062 3552 2138 0 2215500 0 846339
1789226968.671485 2220155 1700062 3552 2138 0 2215500 0 846339
1789226969.671413 2220155 1700062 3552 2138 0 2215500 0 846339
1789226970.671412 2220155 1700062 3552 2138 0 2215500 0 846339
1789226971.671372 2220155 1700062 3552 2138 0 2215500 0 846339
1789226972.671377 2220155 1700062 3552 2138 0 2215500 0 846339
1789226973.671416 2220155 1700062 3552 2138 0 2215500 0 846339
1789226974.671347 2220155 1700062 3552 2138 0 2215500 0 846339
1789226975.671586 2220155 1700062 3552 2138 0 2215500 0 846339
1789226976.671522 2220155 1700062 3552 2138 0 2215500 0 846339
1789226977.671730 2220155 1700062 3552 2138 0 2215500 0 846339
1789226978.671452 2220155 1700062 3552 2138 0 2215500 0 846339
1789226979.671435 2220155 1700558 3552 2138 0 2215500 0 846339
1789226980.671431 2220155 1700558 3552 2138 0 2215500 0 846339
1789226981.671405 2220155 1700558 3552 2138 0 2215500 0 846339
1789226982.671389 2220155 1700558 3552 2138 0 2215500 0 846339
1789226983.671537 2220155 1700558 3552 2138 0 2215500 0 846339
1789226984.671704 2220155 1700558 3552 2138 0 2215500 0 846339
1789226985.671562 2220155 1700558 3552 2138 0 2215500 0 846339
1789226986.671574 2220155 1700558 3552 2138 0 2215500 0 846339
1789226987.671558 2220155 1700558 3552 2138 0 2215500 0 846339
1789226988.671704 2220155 1700558 3552 2138 0 2215500 0 846339
1789226989.671504 2220155 1701038 3552 2138 0 2215500 0 846339
1789226990.671426 2220155 1701038 3552 2138 0 2215500 0 846339
1789226991.671426 2220155 1701038 3552 2138 0 2215500 0 846339
1789226992.671547 2220155 1701038 3552 2138 0 2215500 0 846339
1789226993.671553 2220155 1701038 3552 2138 0 2215500 0 846339
1789226994.671555 2220155 1701038 3552 2138 0 2215500 0 846339
1789226995.671572 2220155 1701038 3552 2138 0 2215500 0 846339
1789226996.671637 2220155 1701038 3552 2138 0 2215500 0 846339
1789226997.671541 2220155 1701038 3552 2138 0 2215500 0 846339
1789226998.671484 2220155 1701038 3552 2138 0 2215500 0 846339
1789226999.671467 2220155 1701038 3552 2138 0 2215500 0 846339
1789227000.671729 2220155 1701038 3552 2138 0 2215500 0 846339
1789227001.671501 2220155 1701038 3552 2138 0 2215500 0 846339
1789227002.672066 2220155 1701038 3552 2138 0 2215500 0 846339
1789227003.671503 2220155 1701038 3552 2138 0 2215500 0 846339
1789227004.671460 2220155 1701038 3552 2138 0 2215500 0 846339
1789227005.671561 2220155 1701038 3552 2138 0 2215500 0 846339
1789227006.671426 2220155 1701038 3552 2138 0 2215500 0 846339
1789227007.671486 2220155 1701038 3552 2138 0 2215500 0 846339
1789227008.671343 2220155 1701038 3552 2138 0 2215500 0 846339
1789227009.671611 2220155 1701502 3552 2138 0 2215500 0 846339
1789227010.671583 2220155 1701502 3552 2138 0 2215500 0 846339
1789227011.671482 2220155 1701502 3552 2138 0 2215500 0 846339
1789227012.671485 2220155 1701502 3552 2138 0 2215500 0 846339
1789227013.671548 2220155 1701502 3552 2138 0 2215500 0 846339
1789227014.671433 2220155 1701502 3552 2138 0 2215500 0 846339
1789227015.671484 2220155 1701502 3552 2138 0 2215500 0 846339
1789227016.671400 2220155 1701502 3552 2138 0 2215500 0 846339
1789227017.671434 2220155 1701502 3552 2138 0 2215500 0 846339
1789227018.671488 2220155 1701502 3552 2138 0 2215500 0 846339
1789227019.671801 2220155 1701502 3552 2138 0 2215500 0 846339
1789227020.671486 2220155 1701950 3552 2138 0 2215500 0 846339
1789227021.671625 2220155 1701950 3552 2138 0 2215500 0 846339
1789227022.671530 2220155 1701950 3552 2138 0 2215500 0 846339
1789227023.671680 2220155 1701950 3552 2138 0 2215500 0 846339
1789227024.671391 2220155 1701950 3552 2138 0 2215500 0 846339
1789227025.671455 2220155 1701950 3552 2138 0 2215500 0 846339
1789227026.671521 2220155 1701950 3552 2138 0 2215500 0 846339
1789227027.671487 2220155 1701950 3552 2138 0 2215500 0 846339
1789227028.671462 2220155 1701950 3552 2138 0 2215500 0 846339
1789227029.671633 2220155 1701950 3552 2138 0 2215500 0 846339
1789227030.671446 2220155 1702414 3552 2138 0 2215500 0 846339
1789227031.671392 2220155 1702414 3552 2138 0 2215500 0 846339
1789227032.671416 2220155 1702414 3552 2138 0 2215500 0 846339
1789227033.671391 2220155 1702414 3552 2138 0 2215500 0 846339
1789227034.671411 2220155 1702414 3552 2138 0 2215500 0 846339
1789227035.671790 2220155 1702414 3552 2138 0 2215500 0 846339
1789227036.671553 2220155 1702414 3552 2138 0 2215500 0 846339
1789227037.671459 2220155 1702414 3552 2138 0 2215500 0 846339
1789227038.671427 2220155 1702414 3552 2138 0 2215500 0 846339
1789227039.671592 2220155 1702414 3552 2138 0 2215500 0 846339
1789227040.671529 2220155 1703322 3552 2138 0 2215500 0 846339
1789227041.671471 2220155 1703322 3552 2138 0 2215500 0 846339
1789227042.671436 2220155 1703322 3552 2138 0 2215500 0 846339
1789227043.671388 2220155 1703322 3552 2138 0 2215500 0 846339
1789227044.671576 2220155 1703322 3552 2138 0 2215500 0 846339
1789227045.671592 2220155 1703322 3552 2138 0 2215500 0 846339
1789227046.671458 2220155 1703322 3552 2138 0 2215500 0 846339
1789227047.671461 2220155 1703322 3552 2138 0 2215500 0 846339
1789227048.671423 2220155 1703322 3552 2138 0 2215500 0 846339
1789227049.671561 2220155 1703322 3552 2138 0 2215500 0 846339
1789227050.671412 2220155 1703738 3552 2138 0 2215500 0 846339
1789227051.671449 2220155 1703738 3552 2138 0 2215500 0 846339
1789227052.671665 2220155 1703738 3552 2138 0 2215500 0 846339
1789227053.671509 2220155 1703738 3552 2138 0 2215500 0 846339
1789227054.671509 2220155 1703738 3552 2138 0 2215500 0 846339
1789227055.671577 2220155 1703738 3552 2138 0 2215500 0 846339
1789227056.671446 2220155 1703738 3552 2138 0 2215500 0 846339
1789227057.671452 2220155 1703738 3552 2138 0 2215500 0 846339
1789227058.671531 2220155 1703738 3552 2138 0 2215500 0 846339
1789227059.671342 2220155 1703738 3552 2138 0 2215500 0 846339
1789227060.671312 2220155 1703738 3552 2138 0 2215500 0 846339
1789227061.671319 2220155 1703738 3552 2138 0 2215500 0 846339
1789227062.671575 2220155 1703738 3552 2138 0 2215500 0 846339
1789227063.671297 2220155 1703738 3552 2138 0 2215500 0 846339
1789227064.671430 2220155 1703738 3552 2138 0 2215500 0 846339
1789227065.671422 2220155 1703738 3552 2138 0 2215500 0 846339
1789227066.671401 2220155 1703738 3552 2138 0 2215500 0 846339
1789227067.671348 2220155 1703738 3552 2138 0 2215500 0 846339
1789227068.671342 2220155 1703738 3552 2138 0 2215500 0 846339
1789227069.671393 2220155 1703738 3552 2138 0 2215500 0 846339
1789227070.671498 2220155 1703738 3552 2138 0 2215500 0 846339
1789227071.673992 2220155 1704644 3552 2138 0 2215500 0 846339
1789227072.671454 2220155 1704644 3552 2138 0 2215500 0 846339
1789227073.671260 2220155 1704644 3552 2138 0 2215500 0 846339
1789227074.671415 2220155 1704644 3552 2138 0 2215500 0 846339
1789227075.671372 2220155 1704644 3552 2138 0 2215500 0 846339
1789227076.671455 2220155 1704644 3552 2138 0 2215500 0 846339
1789227077.671365 2220155 1704644 3552 2138 0 2215500 0 846339
1789227078.671302 2220155 1704644 3552 2138 0 2215500 0 846339
1789227079.671592 2220155 1704644 3552 2138 0 2215500 0 846339
1789227080.671457 2220155 1704644 3552 2138 0 2215500 0 846339
1789227081.671444 2220155 1705028 3552 2138 0 2215500 0 846339
1789227082.671434 2220155 1705028 3552 2138 0 2215500 0 846339
1789227083.671382 2220155 1705028 3552 2138 0 2215500 0 846339
1789227084.671388 2220155 1705028 3552 2138 0 2215500 0 846339
1789227085.671378 2220155 1705028 3552 2138 0 2215500 0 846339
1789227086.671355 2220155 1705028 3552 2138 0 2215500 0 846339
1789227087.671490 2220155 1705028 3552 2138 0 2215500 0 846339
1789227088.671472 2220155 1705028 3552 2138 0 2215500 0 846339
1789227089.671491 2220155 1705028 3552 2138 0 2215500 0 846339
1789227090.671476 2220155 1705028 3552 2138 0 2215500 0 846339
1789227091.671460 2220155 1705028 3552 2138 0 2215500 0 846339
1789227092.671394 2220155 1705028 3552 2138 0 2215500 0 846339
1789227093.671389 2220155 1705028 3552 2138 0 2215500 0 846339
1789227094.671411 2220155 1705028 3552 2138 0 2215500 0 846339
1789227095.671319 2220155 1705028 3552 2138 0 2215500 0 846339
1789227096.671413 2220155 1705028 3552 2138 0 2215500 0 846339
1789227097.671482 2220155 1705028 3552 2138 0 2215500 0 846339
1789227098.671420 2220155 1705028 3552 2138 0 2215500 0 846339
1789227099.671417 2220155 1705028 3552 2138 0 2215500 0 846339
1789227100.671418 2220155 1705028 3552 2138 0 2215500 0 846339
1789227101.671401 2220155 1705028 3552 2138 0 2215500 0 846339
1789227102.671379 2220155 1705396 3552 2138 0 2215500 0 846339
1789227103.671380 2220155 1705396 3552 2138 0 2215500 0 846339
1789227104.671646 2220155 1705396 3552 2138 0 2215500 0 846339
1789227105.671579 2220155 1705396 3552 2138 0 2215500 0 846339
1789227106.671329 2220155 1705396 3552 2138 0 2215500 0 846339
1789227107.671395 2220155 1705396 3552 2138 0 2215500 0 846339
1789227108.671505 2220155 1705396 3552 2138 0 2215500 0 846339
1789227109.671505 2220155 1705396 3552 2138 0 2215500 0 846339
1789227110.671417 2220155 1705396 3552 2138 0 2215500 0 846339
1789227111.671372 2220155 1705396 3552 2138 0 2215500 0 846339
1789227112.671303 2220155 1705748 3552 2138 0 2215500 0 846339
1789227113.671534 2220155 1705748 3552 2138 0 2215500 0 846339
1789227114.671438 2220155 1705748 3552 2138 0 2215500 0 846339
1789227115.671234 2220155 1705748 3552 2138 0 2215500 0 846339
1789227116.671378 2220155 1705748 3552 2138 0 2215500 0 846339
1789227117.671441 2220155 1705748 3552 2138 0 2215500 0 846339
1789227118.671476 2220155 1705748 3552 2138 0 2215500 0 846339
1789227119.671371 2220155 1705748 3552 2138 0 2215500 0 846339
1789227120.671375 2220155 1705748 3552 2138 0 2215500 0 846339
1789227121.671312 2220155 1705748 3552 2138 0 2215500 0 846339
1789227122.671486 2220155 1705748 3552 2138 0 2215500 0 846339
1789227123.671588 2220155 1705748 3552 2138 0 2215500 0 846339
1789227124.671434 2220155 1705748 3552 2138 0 2215500 0 846339
1789227125.671547 2220155 1705748 3552 2138 0 2215500 0 846339
1789227126.671407 2220155 1705748 3552 2138 0 2215500 0 846339
1789227127.671375 2220155 1705748 3552 2138 0 2215500 0 846339
1789227128.671333 2220155 1705748 3552 2138 0 2215500 0 846339
1789227129.671386 2220155 1705748 3552 2138 0 2215500 0 846339
1789227130.671575 2220155 1705748 3552 2138 0 2215500 0 846339
1789227131.671398 2220155 1705748 3552 2138 0 2215500 0 846339
1789227132.671495 2220155 1706084 3552 2138 0 2215500 0 846339
1789227133.671479 2220155 1706084 3552 2138 0 2215500 0 846339
1789227134.671494 2220155 1706084 3552 2138 0 2215500 0 846339
1789227135.671622 2220155 1706084 3552 2138 0 2215500 0 846339
1789227136.671377 2220155 1706084 3552 2138 0 2215500 0 846339
1789227137.678753 2220155 1706084 3552 2138 0 2215500 0 846339
1789227138.671338 2220155 1706084 3552 2138 0 2215500 0 846339
1789227139.671707 2220155 1706084 3552 2138 0 2215500 0 846339
1789227140.671584 2220155 1706084 3552 2138 0 2215500 0 846339
1789227141.671626 2220155 1706084 3552 2138 0 2215500 0 846339
1789227142.671444 2220155 1706084 3552 2138 0 2215500 0 846339
1789227143.671435 2220155 1706404 3552 2138 0 2215500 0 846339
1789227144.671475 2220155 1706404 3552 2138 0 2215500 0 846339
1789227145.671435 2220155 1706404 3552 2138 0 2215500 0 846339
1789227146.671370 2220155 1706404 3552 2138 0 2215500 0 846339
1789227147.671296 2220155 1706404 3552 2138 0 2215500 0 846339
1789227148.671559 2220155 1706404 3552 2138 0 2215500 0 846339
1789227149.671484 2220155 1706404 3552 2138 0 2215500 0 846339
1789227150.671430 2220155 1706404 3552 2138 0 2215500 0 846339
1789227151.671571 2220155 1706404 3552 2138 0 2215500 0 846339
1789227152.671418 2220155 1706404 3552 2138 0 2215500 0 846339
1789227153.671387 2220155 1706404 3552 2138 0 2215500 0 846339
1789227154.671384 2220155 1706404 3552 2138 0 2215500 0 846339
1789227155.675911 2220155 1706404 3552 2138 0 2215500 0 846339
1789227156.671554 2220155 1706404 3552 2138 0 2215500 0 846339
1789227157.671261 2220155 1706404 3552 2138 0 2215500 0 846339
1789227158.671507 2220155 1706404 3552 2138 0 2215500 0 846339
1789227159.672026 2220155 1706404 3552 2138 0 2215500 0 846339
1789227160.671455 2220155 1706404 3552 2138 0 2215500 0 846339
1789227161.671642 2220155 1706404 3552 2138 0 2215500 0 846339
1789227162.671449 2220155 1706404 3552 2138 0 2215500 0 846339
1789227163.671424 2220155 1706708 3552 2138 0 2215500 0 846339
1789227164.671470 2220155 1706708 3552 2138 0 2215500 0 846339
1789227165.671529 2220155 1706708 3552 2138 0 2215500 0 846339
1789227166.671528 2220155 1706708 3552 2138 0 2215500 0 846339
1789227167.671536 2220155 1706708 3552 2138 0 2215500 0 846339
1789227168.671441 2220155 1706708 3552 2138 0 2215500 0 846339
1789227169.671950 2220155 1706708 3552 2138 0 2215500 0 846339
1789227170.671490 2220155 1706708 3552 2138 0 2215500 0 846339
1789227171.671472 2220155 1706708 3552 2138 0 2215500 0 846339
1789227172.671488 2220155 1706708 3552 2138 0 2215500 0 846339
1789227173.671435 2220155 1706996 3552 2138 0 2215500 0 846339
1789227174.671627 2220155 1706996 3552 2138 0 2215500 0 846339
1789227175.671721 2220155 1706996 3552 2138 0 2215500 0 846339
1789227176.671640 2220155 1706996 3552 2138 0 2215500 0 846339
1789227177.671602 2220155 1706996 3552 2138 0 2215500 0 846339
1789227178.671664 2220155 1706996 3552 2138 0 2215500 0 846339
1789227179.671461 2220155 1706996 3552 2138 0 2215500 0 846339
1789227180.671446 2220155 1706996 3552 2138 0 2215500 0 846339
1789227181.671443 2220155 1706996 3552 2138 0 2215500 0 846339
1789227182.671738 2220155 1706996 3552 2138 0 2215500 0 846339
1789227183.671728 2220155 1706996 3552 2138 0 2215500 0 846339
1789227184.671488 2220155 1706996 3552 2138 0 2215500 0 846339
1789227185.671456 2220155 1706996 3552 2138 0 2215500 0 846339
1789227186.671541 2220155 1706996 3552 2138 0 2215500 0 846339
1789227187.671409 2220155 1706996 3552 2138 0 2215500 0 846339
1789227188.671429 2220155 1706996 3552 2138 0 2215500 0 846339
1789227189.671424 2220155 1706996 3552 2138 0 2215500 0 846339
1789227190.671310 2220155 1706996 3552 2138 0 2215500 0 846339
1789227191.671533 2220155 1706996 3552 2138 0 2215500 0 846339
1789227192.671476 2220155 1706996 3552 2138 0 2215500 0 846339
1789227193.671453 2220155 1706996 3552 2138 0 2215500 0 846339
1789227194.671435 2220155 1707268 3552 2138 0 2215500 0 846339
1789227195.671438 2220155 1707268 3552 2138 0 2215500 0 846339
1789227196.671534 2220155 1707268 3552 2138 0 2215500 0 846339
1789227197.671413 2220155 1707268 3552 2138 0 2215500 0 846339
1789227198.671482 2220155 1707268 3552 2138 0 2215500 0 846339
1789227199.671491 2220155 1707268 3552 2138 0 2215500 0 846339
1789227200.671542 2220155 1707268 3552 2138 0 2215500 0 846339
1789227201.671540 2220155 1707268 3552 2138 0 2215500 0 846339
1789227202.671505 2220155 1707268 3552 2138 0 2215500 0 846339
1789227203.671488 2220155 1707268 3552 2138 0 2215500 0 846339
1789227204.671463 2220155 1707524 3552 2138 0 2215500 0 846339
1789227205.671537 2220155 1707524 3552 2138 0 2215500 0 846339
1789227206.671526 2220155 1707524 3552 2138 0 2215500 0 846339
1789227207.671463 2220155 1707524 3552 2138 0 2215500 0 846339
1789227208.671476 2220155 1707524 3552 2138 0 2215500 0 846339
1789227209.671600 2220155 1707524 3552 2138 0 2215500 0 846339
1789227210.672049 2220155 1707524 3552 2138 0 2215500 0 846339
1789227211.672304 2220155 1707524 3552 2138 0 2215500 0 846339
1789227212.671520 2220155 1707524 3552 2138 0 2215500 0 846339
1789227213.671488 2220155 1707524 3552 2138 0 2215500 0 846339
1789227214.671717 2220155 1707524 3552 2138 0 2215500 0 846339
1789227215.671509 2220155 1707524 3552 2138 0 2215500 0 846339
1789227216.671516 2220155 1707524 3552 2138 0 2215500 0 846339
1789227217.671462 2220155 1707524 3552 2138 0 2215500 0 846339
1789227218.671569 2220155 1707524 3552 2138 0 2215500 0 846339
1789227219.671554 2220155 1707524 3552 2138 0 2215500 0 846339
1789227220.671588 2220155 1707524 3552 2138 0 2215500 0 846339
1789227221.671529 2220155 1707524 3552 2138 0 2215500 0 846339
1789227222.671502 2220155 1707524 3552 2138 0 2215500 0 846339
1789227223.671456 2220155 1707524 3552 2138 0 2215500 0 846339
1789227224.671415 2220155 1707764 3552 2138 0 2215500 0 846339
1789227225.671438 2220155 1707764 3552 2138 0 2215500 0 846339
1789227226.671625 2220155 1707764 3552 2138 0 2215500 0 846339
1789227227.671395 2220155 1707764 3552 2138 0 2215500 0 846339
1789227228.671502 2220155 1707764 3552 2138 0 2215500 0 846339
1789227229.671583 2220155 1707764 3552 2138 0 2215500 0 846339
1789227230.671457 2220155 1707764 3552 2138 0 2215500 0 846339
1789227231.671524 2220155 1707764 3552 2138 0 2215500 0 846339
1789227232.671456 2220155 1707764 3552 2138 0 2215500 0 846339
1789227233.671396 2220155 1707764 3552 2138 0 2215500 0 846339
1789227234.671315 2220155 1707764 3552 2138 0 2215500 0 846339
1789227235.671534 2220155 1707988 3552 2138 0 2215500 0 846339
1789227236.671389 2220155 1707988 3552 2138 0 2215500 0 846339
1789227237.671320 2220155 1707988 3552 2138 0 2215500 0 846339
