# start_epoch=1786191827.908106  page_size=4096  cachestat=ok  fields=size,resident,shared,text,lib,data,dt,pagecache
1786191828.912138 72460 43489 2754 1589 0 68479 0 62912
1786191829.914042 72460 37132 2754 1589 0 68479 0 95143
1786191830.915983 73356 42037 2754 1589 0 69375 0 127630
1786191831.917888 73356 47697 2818 1589 0 69375 0 160393
1786191832.919843 73356 39986 2818 1589 0 69375 0 192635
1786191833.921793 74380 40280 2818 1589 0 70399 0 225445
1786191834.919188 74380 48711 2818 1589 0 70399 0 240231
1786191835.925665 74380 44384 2818 1589 0 70399 0 291051
1786191836.927620 75660 43089 2818 1589 0 71679 0 323350
1786191837.929473 75660 38022 2818 1589 0 71679 0 355649
1786191838.931625 75660 45883 2818 1589 0 71679 0 388190
1786191839.933456 75660 42081 2818 1589 0 71679 0 420232
1786191840.935333 77196 38136 2818 1589 0 73215 0 452787
1786191841.937282 77196 47851 2818 1589 0 73215 0 485569
1786191842.938943 77196 45267 2818 1589 0 73215 0 517625
1786191843.940857 77196 39665 2818 1589 0 73215 0 549669
1786191844.942896 77196 48452 2818 1589 0 73215 0 582209
1786191845.944749 78988 43926 2818 1589 0 75007 0 614508
1786191846.946978 78988 39564 2818 1589 0 75007 0 646551
1786191847.948735 78988 48218 2818 1589 0 75007 0 678835
1786191848.950754 78988 47173 2818 1589 0 75007 0 710879
1786191849.945562 78988 53331 2818 1589 0 75007 0 736162
1786191850.954792 78988 46295 2818 1589 0 75007 0 774950
1786191851.956445 81036 45472 2818 1589 0 77055 0 806994
1786191852.953028 81036 53217 2818 1589 0 77055 0 821524
1786191853.960074 81036 44952 2818 1589 0 77055 0 871578
1786191854.951482 81036 47977 2818 1589 0 77055 0 885854
1786191855.948599 86541 38710 2834 1589 0 82559 0 890350
1786191856.948893 86541 38858 2834 1589 0 82559 0 890350
1786191857.948737 86541 38858 2834 1589 0 82559 0 890351
1786191858.948504 86541 38858 2834 1589 0 82559 0 890352
1786191859.948502 86541 38353 2834 1589 0 82559 0 890352
1786191860.948394 86541 38702 2834 1589 0 82559 0 890353
1786191861.948470 86541 38849 2834 1589 0 82559 0 890353
1786191862.948563 86541 38849 2834 1589 0 82559 0 890354
1786191863.948634 86541 38865 2834 1589 0 82559 0 888808
1786191864.948370 89741 40298 2834 1589 0 85759 0 884106
1786191865.948191 89741 40299 2834 1589 0 85759 0 884107
1786191866.948215 89741 40299 2834 1589 0 85759 0 884107
1786191867.947962 89741 40299 2834 1589 0 85759 0 884108
1786191868.948216 89741 40379 2834 1589 0 85759 0 884108
1786191869.948206 89741 40487 2834 1589 0 85759 0 884109
1786191870.948155 89741 40487 2834 1589 0 85759 0 884110
1786191871.948036 89741 40487 2834 1589 0 85759 0 884110
1786191872.948215 89741 40232 2834 1589 0 85759 0 880267
1786191873.947867 91277 37145 2834 1589 0 87295 0 877888
1786191874.947921 91277 37284 2834 1589 0 87295 0 877888
1786191875.947808 91277 36894 2834 1589 0 87295 0 877889
1786191876.947763 91277 37204 2834 1589 0 87295 0 877890
1786191877.947787 91277 37204 2834 1589 0 87295 0 877890
1786191878.947803 93069 37351 2834 1589 0 89087 0 877891
1786191879.947717 93069 37351 2834 1589 0 89087 0 877891
1786191880.947839 93069 37351 2834 1589 0 89087 0 877892
1786191881.957465 93069 37713 2834 1589 0 89087 0 1005860
1786191882.947635 95117 39377 2834 1589 0 91135 0 871668
1786191883.947436 95117 39889 2834 1589 0 91135 0 871669
1786191884.947591 95117 39907 2834 1589 0 91135 0 871670
1786191885.947373 95117 39581 2834 1589 0 91135 0 871670
1786191886.947480 95117 39583 2834 1589 0 91135 0 871670
1786191887.947413 95117 39577 2834 1589 0 91135 0 871671
1786191888.947432 95117 39577 2834 1589 0 91135 0 871672
1786191889.947419 95117 39577 2834 1589 0 91135 0 871672
1786191890.950449 95117 40268 2834 1589 0 91135 0 937369
1786191891.947049 97677 38288 2834 1589 0 93695 0 865449
1786191892.946408 101774 40577 2850 1589 0 97791 0 846194
1786191893.946308 188302 147874 2850 1589 0 184319 0 846194
1786191894.946179 317838 257442 2850 1589 0 313855 0 846194
1786191895.945994 427406 367010 2850 1589 0 423423 0 846194
1786191896.946168 580494 478114 2850 1589 0 576511 0 846194
1786191897.946209 682894 587682 2850 1589 0 678911 0 846194
1786191898.946047 802702 697250 2850 1589 0 798719 0 846194
1786191899.946061 933774 806306 2850 1589 0 929791 0 846194
1786191900.946197 1103758 917410 2850 1589 0 1099775 0 846194
1786191901.946185 1103758 1026978 2850 1589 0 1099775 0 846194
1786191902.946064 1307534 1136546 2850 1589 0 1303551 0 846194
1786191903.946116 1307534 1244066 2850 1589 0 1303551 0 846194
1786191904.946266 1547662 1355170 2850 1589 0 1543679 0 846194
1786191905.946277 1547662 1455077 2850 1589 0 1543679 0 846194
1786191906.946274 1809806 1546439 3018 1589 0 1805823 0 846194
1786191907.946141 1820046 1638068 3018 1589 0 1816063 0 846194
1786191908.946082 1824143 1690993 3018 1589 0 1820159 0 846194
1786191909.946354 1824143 1690993 3018 1589 0 1820159 0 846194
1786191910.946214 1824143 1690993 3018 1589 0 1820159 0 846194
1786191911.946277 1824143 1690993 3018 1589 0 1820159 0 846194
1786191912.946148 1824143 1690993 3018 1589 0 1820159 0 846194
1786191913.946179 1824143 1690993 3018 1589 0 1820159 0 846194
1786191914.946133 1824143 1690993 3018 1589 0 1820159 0 846194
1786191915.946094 1824143 1690993 3018 1589 0 1820159 0 846194
1786191916.946198 1824143 1690993 3018 1589 0 1820159 0 846194
1786191917.946076 1828240 1690998 3018 1589 0 1824255 0 846194
1786191918.946228 1828240 1690998 3018 1589 0 1824255 0 846194
1786191919.946196 1828240 1690998 3018 1589 0 1824255 0 846194
1786191920.946152 1828240 1690998 3018 1589 0 1824255 0 846194
1786191921.946153 1828240 1690998 3018 1589 0 1824255 0 846194
1786191922.946263 1828240 1690998 3018 1589 0 1824255 0 846194
1786191923.946209 1828240 1690998 3018 1589 0 1824255 0 846194
1786191924.946351 1828240 1690998 3018 1589 0 1824255 0 846194
1786191925.946100 1828240 1690998 3018 1589 0 1824255 0 846194
1786191926.946164 1828240 1690998 3018 1589 0 1824255 0 846194
1786191927.946343 1832337 1690998 3018 1589 0 1828351 0 846194
1786191928.946147 1832337 1690998 3018 1589 0 1828351 0 846194
1786191929.946257 1832337 1690998 3018 1589 0 1828351 0 846194
1786191930.946287 1832337 1690998 3018 1589 0 1828351 0 846194
1786191931.946111 1832337 1690998 3018 1589 0 1828351 0 846194
1786191932.946198 1832337 1690998 3018 1589 0 1828351 0 846194
1786191933.946186 1832337 1690998 3018 1589 0 1828351 0 846194
1786191934.946074 1832337 1690998 3018 1589 0 1828351 0 846194
1786191935.946199 1832337 1690998 3018 1589 0 1828351 0 846194
1786191936.946297 1832337 1690998 3018 1589 0 1828351 0 846194
1786191937.946178 1832337 1690998 3018 1589 0 1828351 0 846194
1786191938.946630 1832337 1690998 3018 1589 0 1828351 0 846194
1786191939.946270 1832337 1690998 3018 1589 0 1828351 0 846194
1786191940.946086 1832337 1690998 3018 1589 0 1828351 0 846194
1786191941.946316 1832337 1690998 3018 1589 0 1828351 0 846194
1786191942.946146 1832337 1690998 3018 1589 0 1828351 0 846194
1786191943.946105 1832337 1690998 3018 1589 0 1828351 0 846194
1786191944.946028 1832337 1690998 3018 1589 0 1828351 0 846194
1786191945.946022 1832337 1691109 3018 1589 0 1828351 0 846194
1786191946.946168 1832337 1691109 3018 1589 0 1828351 0 846194
1786191947.946200 1832337 1691109 3018 1589 0 1828351 0 846194
1786191948.946023 1832337 1691109 3018 1589 0 1828351 0 846194
1786191949.946021 1832337 1691109 3018 1589 0 1828351 0 846194
1786191950.946228 1832337 1691109 3018 1589 0 1828351 0 846194
1786191951.946006 1832337 1691109 3018 1589 0 1828351 0 846194
1786191952.946381 1832337 1691109 3018 1589 0 1828351 0 846194
1786191953.946090 1832337 1691109 3018 1589 0 1828351 0 846194
1786191954.946108 1832337 1691109 3018 1589 0 1828351 0 846194
1786191955.946184 1832337 1691109 3018 1589 0 1828351 0 846194
1786191956.946206 1832337 1691558 3018 1589 0 1828351 0 846194
1786191957.946102 1832337 1691558 3018 1589 0 1828351 0 846194
1786191958.946252 1832337 1691558 3018 1589 0 1828351 0 846194
1786191959.946090 1832337 1691558 3018 1589 0 1828351 0 846194
1786191960.946221 1832337 1691558 3018 1589 0 1828351 0 846194
1786191961.946048 1832337 1691558 3018 1589 0 1828351 0 846194
1786191962.946224 1832337 1691558 3018 1589 0 1828351 0 846194
1786191963.946058 1832337 1691558 3018 1589 0 1828351 0 846194
1786191964.946202 1832337 1691558 3018 1589 0 1828351 0 846194
1786191965.946171 1832337 1691558 3018 1589 0 1828351 0 846194
1786191966.946284 1832337 1691558 3018 1589 0 1828351 0 846194
1786191967.946154 1832337 1691558 3018 1589 0 1828351 0 846194
1786191968.946210 1832337 1691558 3018 1589 0 1828351 0 846194
1786191969.946060 1832337 1691558 3018 1589 0 1828351 0 846194
1786191970.946057 1832337 1691558 3018 1589 0 1828351 0 846194
1786191971.945913 1832337 1691558 3018 1589 0 1828351 0 846194
1786191972.946172 1832337 1691558 3018 1589 0 1828351 0 846194
1786191973.948094 1832337 1691558 3018 1589 0 1828351 0 846194
1786191974.946283 1832337 1691558 3018 1589 0 1828351 0 846194
1786191975.946186 1832337 1691558 3018 1589 0 1828351 0 846194
1786191976.946216 1832337 1691558 3018 1589 0 1828351 0 846194
1786191977.946146 1832337 1691558 3018 1589 0 1828351 0 846194
1786191978.946152 1832337 1691558 3018 1589 0 1828351 0 846194
1786191979.946097 1832337 1691558 3018 1589 0 1828351 0 846194
1786191980.945883 1832337 1691558 3018 1589 0 1828351 0 846194
1786191981.946090 1832337 1691558 3018 1589 0 1828351 0 846194
1786191982.946201 1832337 1691558 3018 1589 0 1828351 0 846194
1786191983.946248 1832337 1691558 3018 1589 0 1828351 0 846194
1786191984.946092 1832337 1691558 3018 1589 0 1828351 0 846194
1786191985.946225 1832337 1691558 3018 1589 0 1828351 0 846194
1786191986.946115 1832337 1691558 3018 1589 0 1828351 0 846194
1786191987.946228 1832337 1691558 3018 1589 0 1828351 0 846194
1786191988.946026 1832337 1691558 3018 1589 0 1828351 0 846194
1786191989.946195 1832337 1691558 3018 1589 0 1828351 0 846194
1786191990.946044 1832337 1691558 3018 1589 0 1828351 0 846194
1786191991.946336 1832337 1691558 3018 1589 0 1828351 0 846194
1786191992.946149 1832337 1691558 3018 1589 0 1828351 0 846194
1786191993.946325 1832337 1691558 3018 1589 0 1828351 0 846194
1786191994.946081 1832337 1691558 3018 1589 0 1828351 0 846194
1786191995.946311 1832337 1691558 3018 1589 0 1828351 0 846194
1786191996.946206 1832337 1691558 3018 1589 0 1828351 0 846194
1786191997.946199 1832337 1691558 3018 1589 0 1828351 0 846194
1786191998.946032 1832337 1691558 3018 1589 0 1828351 0 846194
1786191999.946099 1832337 1691558 3018 1589 0 1828351 0 846194
1786192000.946134 1832337 1691558 3018 1589 0 1828351 0 846194
1786192001.946344 1832337 1691558 3018 1589 0 1828351 0 846194
1786192002.952198 1832337 1691558 3018 1589 0 1828351 0 846194
1786192003.946173 1832337 1691558 3018 1589 0 1828351 0 846194
1786192004.945986 1832337 1691558 3018 1589 0 1828351 0 846194
1786192005.946233 1832337 1691558 3018 1589 0 1828351 0 846194
1786192006.945913 1832337 1691558 3018 1589 0 1828351 0 846194
1786192007.946041 1832337 1691558 3018 1589 0 1828351 0 846194
1786192008.945987 1832337 1691558 3018 1589 0 1828351 0 846194
1786192009.946244 1832337 1691558 3018 1589 0 1828351 0 846194
1786192010.946140 1832337 1691558 3018 1589 0 1828351 0 846194
1786192011.946138 1832337 1691558 3018 1589 0 1828351 0 846194
1786192012.946284 1832337 1691558 3018 1589 0 1828351 0 846194
1786192013.946083 1832337 1691558 3018 1589 0 1828351 0 846194
1786192014.946057 1832337 1691558 3018 1589 0 1828351 0 846194
1786192015.946045 1832337 1691558 3018 1589 0 1828351 0 846194
1786192016.946119 1832337 1691558 3018 1589 0 1828351 0 846194
1786192017.946457 1832337 1691558 3018 1589 0 1828351 0 846194
1786192018.946188 1832337 1691558 3018 1589 0 1828351 0 846194
1786192019.945973 1832337 1691558 3018 1589 0 1828351 0 846194
1786192020.946178 1832337 1691558 3018 1589 0 1828351 0 846194
1786192021.946127 1832337 1691558 3018 1589 0 1828351 0 846194
1786192022.946265 1832337 1691558 3018 1589 0 1828351 0 846194
1786192023.946041 1832337 1691558 3018 1589 0 1828351 0 846194
1786192024.946221 1832337 1691558 3018 1589 0 1828351 0 846194
1786192025.946047 1832337 1691558 3018 1589 0 1828351 0 846194
1786192026.946118 1832337 1691558 3018 1589 0 1828351 0 846194
1786192027.946037 1832337 1691558 3018 1589 0 1828351 0 846194
1786192028.946213 1832337 1691558 3018 1589 0 1828351 0 846194
1786192029.946079 1832337 1691558 3018 1589 0 1828351 0 846194
1786192030.946115 1832337 1691558 3018 1589 0 1828351 0 846194
1786192031.946106 1832337 1691558 3018 1589 0 1828351 0 846194
1786192032.946149 1832337 1691558 3018 1589 0 1828351 0 846194
1786192033.946128 1832337 1691558 3018 1589 0 1828351 0 846194
1786192034.946071 1832337 1691558 3018 1589 0 1828351 0 846194
1786192035.945982 1832337 1691558 3018 1589 0 1828351 0 846194
1786192036.946036 1832337 1691558 3018 1589 0 1828351 0 846194
1786192037.945921 1832337 1691558 3018 1589 0 1828351 0 846194
1786192038.946201 1832337 1691558 3018 1589 0 1828351 0 846194
1786192039.946135 1832337 1691558 3018 1589 0 1828351 0 846194
1786192040.946103 1832337 1691558 3018 1589 0 1828351 0 846194
1786192041.946084 1832337 1691558 3018 1589 0 1828351 0 846194
1786192042.946162 1832337 1691558 3018 1589 0 1828351 0 846194
1786192043.946003 1832337 1691558 3018 1589 0 1828351 0 846194
1786192044.946104 1832337 1691558 3018 1589 0 1828351 0 846194
1786192045.946009 1832337 1691558 3018 1589 0 1828351 0 846194
1786192046.946154 1832337 1691558 3018 1589 0 1828351 0 846194
1786192047.946086 1832337 1691558 3018 1589 0 1828351 0 846194
1786192048.946220 1832337 1691558 3018 1589 0 1828351 0 846194
1786192049.946092 1832337 1691558 3018 1589 0 1828351 0 846194
1786192050.946193 1832337 1691558 3018 1589 0 1828351 0 846194
1786192051.946053 1832337 1691558 3018 1589 0 1828351 0 846194
1786192052.945996 1832337 1691558 3018 1589 0 1828351 0 846194
1786192053.946186 1832337 1691558 3018 1589 0 1828351 0 846194
1786192054.945957 1832337 1691558 3018 1589 0 1828351 0 846194
1786192055.946096 1832337 1691558 3018 1589 0 1828351 0 846194
1786192056.946180 1832337 1691558 3018 1589 0 1828351 0 846194
1786192057.946107 1832337 1691558 3018 1589 0 1828351 0 846194
1786192058.946112 1832337 1691558 3018 1589 0 1828351 0 846194
1786192059.945967 1832337 1691558 3018 1589 0 1828351 0 846194
1786192060.946049 1832337 1691558 3018 1589 0 1828351 0 846194
1786192061.946151 1832337 1691558 3018 1589 0 1828351 0 846194
1786192062.945863 1832337 1691558 3018 1589 0 1828351 0 846194
1786192063.945913 1832337 1691558 3018 1589 0 1828351 0 846194
1786192064.945977 1832337 1691558 3018 1589 0 1828351 0 846194
1786192065.945887 1832337 1691558 3018 1589 0 1828351 0 846194
1786192066.945972 1832337 1691558 3018 1589 0 1828351 0 846194
1786192067.945909 1832337 1691558 3018 1589 0 1828351 0 846194
1786192068.946161 1832337 1691558 3018 1589 0 1828351 0 846194
1786192069.946041 1832337 1691558 3018 1589 0 1828351 0 846194
1786192070.946094 1832337 1691558 3018 1589 0 1828351 0 846194
1786192071.946005 1832337 1691558 3018 1589 0 1828351 0 846194
1786192072.946176 1832337 1691558 3018 1589 0 1828351 0 846194
1786192073.946006 1832337 1691558 3018 1589 0 1828351 0 846194
1786192074.946191 1832337 1691558 3018 1589 0 1828351 0 846194
1786192075.945955 1832337 1691558 3018 1589 0 1828351 0 846194
1786192076.946102 1832337 1691558 3018 1589 0 1828351 0 846194
1786192077.946127 1832337 1691558 3018 1589 0 1828351 0 846194
1786192078.946046 1832337 1691558 3018 1589 0 1828351 0 846194
1786192079.946184 1832337 1691558 3018 1589 0 1828351 0 846194
1786192080.946005 1832337 1691558 3018 1589 0 1828351 0 846194
1786192081.946042 1832337 1691558 3018 1589 0 1828351 0 846194
1786192082.945983 1832337 1691558 3018 1589 0 1828351 0 846194
1786192083.945954 1832337 1691558 3018 1589 0 1828351 0 846194
1786192084.946215 1832337 1691558 3018 1589 0 1828351 0 846194
1786192085.946193 1832337 1691558 3018 1589 0 1828351 0 846194
1786192086.946276 1832337 1691558 3018 1589 0 1828351 0 846194
1786192087.946147 1832337 1691558 3018 1589 0 1828351 0 846194
1786192088.946172 1832337 1691558 3018 1589 0 1828351 0 846194
1786192089.945940 1832337 1691558 3018 1589 0 1828351 0 846194
1786192090.946231 1832337 1691558 3018 1589 0 1828351 0 846194
1786192091.946001 1832337 1691558 3018 1589 0 1828351 0 846194
1786192092.946004 1832337 1691558 3018 1589 0 1828351 0 846194
1786192093.946099 1832337 1691558 3018 1589 0 1828351 0 846194
1786192094.946184 1832337 1691558 3018 1589 0 1828351 0 846194
1786192095.946154 1832337 1691558 3018 1589 0 1828351 0 846194
1786192096.946273 1832337 1691558 3018 1589 0 1828351 0 846194
1786192097.946118 1832337 1691558 3018 1589 0 1828351 0 846194
1786192098.946176 1832337 1691558 3018 1589 0 1828351 0 846194
1786192099.945921 1832337 1691558 3018 1589 0 1828351 0 846194
1786192100.946208 1832337 1691558 3018 1589 0 1828351 0 846194
1786192101.946149 1832337 1691558 3018 1589 0 1828351 0 846194
1786192102.946196 1832337 1691558 3018 1589 0 1828351 0 846194
1786192103.946284 1832337 1691558 3018 1589 0 1828351 0 846194
1786192104.946168 1832337 1691558 3018 1589 0 1828351 0 846194
1786192105.946117 1832337 1691558 3018 1589 0 1828351 0 846194
1786192106.946205 1832337 1691558 3018 1589 0 1828351 0 846194
1786192107.946051 1832337 1691558 3018 1589 0 1828351 0 846194
1786192108.946201 1832337 1691558 3018 1589 0 1828351 0 846194
1786192109.946018 1832337 1691558 3018 1589 0 1828351 0 846194
1786192110.946155 1832337 1691558 3018 1589 0 1828351 0 846194
1786192111.946219 1832337 1691558 3018 1589 0 1828351 0 846194
1786192112.946169 1832337 1691558 3018 1589 0 1828351 0 846194
1786192113.946227 1832337 1691558 3018 1589 0 1828351 0 846194
1786192114.946159 1832337 1691558 3018 1589 0 1828351 0 846194
1786192115.946129 1832337 1691558 3018 1589 0 1828351 0 846194
1786192116.946072 1832337 1691558 3018 1589 0 1828351 0 846194
1786192117.946137 1832337 1691558 3018 1589 0 1828351 0 846194
1786192118.946068 1832337 1691558 3018 1589 0 1828351 0 846194
1786192119.946053 1832337 1691558 3018 1589 0 1828351 0 846194
1786192120.946098 1832337 1691558 3018 1589 0 1828351 0 846194
1786192121.946258 1832337 1691558 3018 1589 0 1828351 0 846194
1786192122.946152 1832337 1691558 3018 1589 0 1828351 0 846194
1786192123.946108 1832337 1691558 3018 1589 0 1828351 0 846194
1786192124.946262 1832337 1691558 3018 1589 0 1828351 0 846194
1786192125.946114 1832337 1691558 3018 1589 0 1828351 0 846194
1786192126.946073 1832337 1691558 3018 1589 0 1828351 0 846194
1786192127.946182 1832337 1691558 3018 1589 0 1828351 0 846194
1786192128.945875 1832337 1691558 3018 1589 0 1828351 0 846194
1786192129.946072 1832337 1691558 3018 1589 0 1828351 0 846194
1786192130.946102 1832337 1691558 3018 1589 0 1828351 0 846194
1786192131.946269 1832337 1691558 3018 1589 0 1828351 0 846194
1786192132.954028 1832337 1691558 3018 1589 0 1828351 0 846194
1786192133.946088 1832337 1691558 3018 1589 0 1828351 0 846194
1786192134.946058 1832337 1691558 3018 1589 0 1828351 0 846194
1786192135.946166 1832337 1691558 3018 1589 0 1828351 0 846194
1786192136.945939 1832337 1691558 3018 1589 0 1828351 0 846194
1786192137.946115 1832337 1691558 3018 1589 0 1828351 0 846194
1786192138.945961 1832337 1691558 3018 1589 0 1828351 0 846194
1786192139.946259 1832337 1691558 3018 1589 0 1828351 0 846194
1786192140.946166 1832337 1691558 3018 1589 0 1828351 0 846194
1786192141.946128 1832337 1691558 3018 1589 0 1828351 0 846194
1786192142.946129 1832337 1691558 3018 1589 0 1828351 0 846194
1786192143.946040 1832337 1691558 3018 1589 0 1828351 0 846194
1786192144.946197 1832337 1691558 3018 1589 0 1828351 0 846194
1786192145.945977 1832337 1691558 3018 1589 0 1828351 0 846194
1786192146.946012 1832337 1691558 3018 1589 0 1828351 0 846194
1786192147.946011 1832337 1691558 3018 1589 0 1828351 0 846194
1786192148.946132 1832337 1691558 3018 1589 0 1828351 0 846194
1786192149.946293 1832337 1691558 3018 1589 0 1828351 0 846194
1786192150.946180 1832337 1691558 3018 1589 0 1828351 0 846194
1786192151.946180 1832337 1691558 3018 1589 0 1828351 0 846194
1786192152.946110 1832337 1691558 3018 1589 0 1828351 0 846194
1786192153.946031 1832337 1691558 3018 1589 0 1828351 0 846194
1786192154.946134 1832337 1691558 3018 1589 0 1828351 0 846194
1786192155.946031 1832337 1691558 3018 1589 0 1828351 0 846194
1786192156.946121 1832337 1691558 3018 1589 0 1828351 0 846194
1786192157.946165 1832337 1691558 3018 1589 0 1828351 0 846194
1786192158.946260 1832337 1691558 3018 1589 0 1828351 0 846194
1786192159.946082 1832337 1691558 3018 1589 0 1828351 0 846194
1786192160.946133 1832337 1691558 3018 1589 0 1828351 0 846194
1786192161.946045 1832337 1691558 3018 1589 0 1828351 0 846194
1786192162.946045 1832337 1691558 3018 1589 0 1828351 0 846194
1786192163.946049 1832337 1691558 3018 1589 0 1828351 0 846194
1786192164.946150 1832337 1691558 3018 1589 0 1828351 0 846194
1786192165.946022 1832337 1691558 3018 1589 0 1828351 0 846194
1786192166.945941 1832337 1691558 3018 1589 0 1828351 0 846194
1786192167.946343 1832337 1691558 3018 1589 0 1828351 0 846194
1786192168.946156 1832337 1691558 3018 1589 0 1828351 0 846194
1786192169.946232 1832337 1691558 3018 1589 0 1828351 0 846194
1786192170.946098 1832337 1691558 3018 1589 0 1828351 0 846194
1786192171.946116 1832337 1691558 3018 1589 0 1828351 0 846194
1786192172.946032 1832337 1691558 3018 1589 0 1828351 0 846194
1786192173.946144 1832337 1691558 3018 1589 0 1828351 0 846194
1786192174.945945 1832337 1691558 3018 1589 0 1828351 0 846194
1786192175.945989 1832337 1691558 3018 1589 0 1828351 0 846194
1786192176.946108 1832337 1691558 3018 1589 0 1828351 0 846194
1786192177.946116 1832337 1691558 3018 1589 0 1828351 0 846194
1786192178.952894 1832337 1691558 3018 1589 0 1828351 0 846194
1786192179.946019 1832337 1691558 3018 1589 0 1828351 0 846194
1786192180.946040 1832337 1691558 3018 1589 0 1828351 0 846194
1786192181.946238 1832337 1691558 3018 1589 0 1828351 0 846194
1786192182.946062 1832337 1691558 3018 1589 0 1828351 0 846194
1786192183.945994 1832337 1691558 3018 1589 0 1828351 0 846194
1786192184.946127 1832337 1691558 3018 1589 0 1828351 0 846194
1786192185.946105 1832337 1691558 3018 1589 0 1828351 0 846194
1786192186.946264 1832337 1691558 3018 1589 0 1828351 0 846194
1786192187.946039 1832337 1691558 3018 1589 0 1828351 0 846194
1786192188.946196 1832337 1691558 3018 1589 0 1828351 0 846194
1786192189.946024 1832337 1691558 3018 1589 0 1828351 0 846194
1786192190.946059 1832337 1691558 3018 1589 0 1828351 0 846194
1786192191.946040 1832337 1691558 3018 1589 0 1828351 0 846194
1786192192.945987 1832337 1691558 3018 1589 0 1828351 0 846194
1786192193.946011 1832337 1691558 3018 1589 0 1828351 0 846194
1786192194.946198 1832337 1691558 3018 1589 0 1828351 0 846194
1786192195.946106 1832337 1691558 3018 1589 0 1828351 0 846194
1786192196.946168 1832337 1691558 3018 1589 0 1828351 0 846194
1786192197.946053 1832337 1691558 3018 1589 0 1828351 0 846194
1786192198.946008 1832337 1691558 3018 1589 0 1828351 0 846194
1786192199.946054 1832337 1691558 3018 1589 0 1828351 0 846194
1786192200.945967 1832337 1691558 3018 1589 0 1828351 0 846194
1786192201.945949 1832337 1691558 3018 1589 0 1828351 0 846194
1786192202.946114 1832337 1691558 3018 1589 0 1828351 0 846194
1786192203.946131 1832337 1691558 3018 1589 0 1828351 0 846194
1786192204.946129 1832337 1691558 3018 1589 0 1828351 0 846194
1786192205.945862 1832337 1691558 3018 1589 0 1828351 0 846194
1786192206.945921 1832337 1691558 3018 1589 0 1828351 0 846194
1786192207.946046 1832337 1691558 3018 1589 0 1828351 0 846194
1786192208.946150 1832337 1691558 3018 1589 0 1828351 0 846194
1786192209.946080 1832337 1691558 3018 1589 0 1828351 0 846194
1786192210.946118 1832337 1691558 3018 1589 0 1828351 0 846194
1786192211.946140 1832337 1691558 3018 1589 0 1828351 0 846194
1786192212.946126 1832337 1691558 3018 1589 0 1828351 0 846194
