# start_epoch=1786191334.184443  page_size=4096  cachestat=ok  fields=size,resident,shared,text,lib,data,dt,pagecache
1786191335.187439 51724 32570 2719 1589 0 47743 0 43474
1786191336.187148 57612 33255 2752 1589 0 53631 0 43555
1786191337.187847 57612 31199 2752 1589 0 53631 0 55805
1786191338.189757 58252 30666 2832 1589 0 54271 0 86096
1786191339.188211 59020 30584 2832 1589 0 55039 0 79522
1786191340.191408 59020 33783 2832 1589 0 55039 0 115682
1786191341.192524 59020 36234 2832 1589 0 55039 0 134296
1786191342.200284 65164 40548 2832 1589 0 61183 0 146545
1786191343.203946 65164 37847 2832 1589 0 61183 0 175317
1786191344.204375 65164 34733 2832 1589 0 61183 0 182194
1786191345.196868 65164 34975 2832 1589 0 61183 0 172677
1786191346.211672 65164 36714 2832 1589 0 61183 0 222251
1786191347.208326 65164 34528 2832 1589 0 61183 0 234248
1786191348.214282 66060 35369 2832 1589 0 62079 0 247008
1786191349.201952 66060 37893 2832 1589 0 62079 0 300009
1786191350.214770 66060 35365 2832 1589 0 62079 0 270063
1786191351.217865 66060 34823 2832 1589 0 62079 0 282315
1786191352.214513 66060 34810 2832 1589 0 62079 0 293286
1786191353.199094 66060 35733 2832 1589 0 62079 0 263368
1786191354.202034 66060 38331 2832 1589 0 62079 0 297481
1786191355.209916 67084 37236 2832 1589 0 63103 0 330572
1786191356.202771 67084 39426 2832 1589 0 63103 0 329566
1786191357.204563 67084 42577 2832 1589 0 63103 0 355940
1786191358.204194 67084 38073 2832 1589 0 63103 0 354440
1786191359.203660 67084 36808 2832 1589 0 63103 0 345349
1786191360.207661 67084 41447 2832 1589 0 63103 0 393163
1786191361.208438 67084 38994 2832 1589 0 63103 0 408229
1786191362.208628 67084 44228 2832 1589 0 63103 0 423807
1786191363.209116 67980 41610 2832 1589 0 63999 0 440151
1786191364.209026 67980 43607 2832 1589 0 63999 0 435369
1786191365.209523 67980 43136 2832 1589 0 63999 0 447619
1786191366.210500 67980 39403 2832 1589 0 63999 0 449887
1786191367.212006 67980 43515 2832 1589 0 63999 0 471502
1786191368.213131 67980 40008 2832 1589 0 63999 0 502876
1786191369.213336 67980 42918 2832 1589 0 63999 0 518912
1786191370.213215 67980 43120 2832 1589 0 63999 0 513363
1786191371.213484 67980 39373 2832 1589 0 63999 0 525612
1786191372.215042 69260 44213 2832 1589 0 65279 0 537864
1786191373.218049 69260 42092 2832 1589 0 65279 0 572233
1786191374.217914 69260 43552 2832 1589 0 65279 0 587556
1786191375.218441 69260 43999 2832 1589 0 65279 0 603528
1786191376.216402 69260 44423 2832 1589 0 65279 0 568909
1786191377.216543 69260 44512 2832 1589 0 65279 0 579432
1786191378.220301 69260 42039 2832 1589 0 65279 0 610730
1786191379.221536 69260 45157 2832 1589 0 65279 0 643414
1786191380.221880 69260 41454 2832 1589 0 65279 0 658993
1786191381.221461 70796 45117 2832 1589 0 66815 0 657025
1786191382.221493 70796 41611 2832 1589 0 66815 0 669277
1786191383.222061 71820 42518 2832 1589 0 67839 0 681528
1786191384.217124 71820 42681 2832 1589 0 67839 0 693781
1786191385.217431 71820 42681 2832 1589 0 67839 0 693782
1786191386.217514 71820 42681 2832 1589 0 67839 0 713341
1786191387.217161 71820 31908 2832 1589 0 67839 0 706034
1786191388.217237 71820 32280 2832 1589 0 67839 0 706034
1786191389.221418 71820 33458 2832 1589 0 67839 0 663087
1786191390.222166 71820 40931 2832 1589 0 67839 0 675339
1786191391.222754 71820 36819 2832 1589 0 67839 0 685563
1786191392.221810 71820 41578 2832 1589 0 67839 0 681206
1786191393.223798 71820 37082 2832 1589 0 67839 0 702918
1786191394.225231 71820 42452 2832 1589 0 67839 0 729903
1786191395.227305 71820 42964 2832 1589 0 67839 0 760176
1786191396.227650 71820 44074 2832 1589 0 67839 0 770670
1786191397.226830 71820 36313 2832 1589 0 67839 0 766656
1786191398.225199 71820 44892 2832 1589 0 67839 0 750456
1786191399.228009 71820 36206 2832 1589 0 67839 0 791154
1786191400.232642 71820 42970 2832 1589 0 67839 0 822964
1786191401.222808 71820 36287 2832 1589 0 67839 0 815658
1786191402.223031 71820 36373 2832 1589 0 67839 0 815658
1786191403.222856 71820 36373 2832 1589 0 67839 0 815659
1786191404.224259 71820 34327 2832 1589 0 67839 0 792680
1786191405.231253 71820 34294 2832 1589 0 67839 0 783896
1786191406.232242 71820 34966 2832 1589 0 67839 0 804973
1786191407.231981 71820 33947 2832 1589 0 67839 0 803675
1786191408.232558 71820 40728 2832 1589 0 67839 0 812394
1786191409.232986 71820 34819 2832 1589 0 67839 0 820748
1786191410.233759 71820 42411 2832 1589 0 67839 0 832999
1786191411.234715 71820 36259 2832 1589 0 67839 0 845250
1786191412.235453 71820 34082 2832 1589 0 67839 0 857501
1786191413.236212 71820 35226 2832 1589 0 67839 0 877354
1786191414.238288 71820 42799 2832 1589 0 67839 0 910700
1786191415.239204 71820 36521 2832 1589 0 67839 0 922949
1786191416.225278 71820 43449 2832 1589 0 67839 0 914106
1786191417.227131 71820 32891 2832 1589 0 67839 0 914106
1786191418.227199 71820 32506 2832 1589 0 67839 0 914107
1786191419.227414 71820 35071 2832 1589 0 67839 0 914108
1786191420.226870 71820 28275 2832 1589 0 67839 0 926359
1786191421.227043 71820 28196 2832 1589 0 67839 0 926360
1786191422.233285 71820 28848 2832 1589 0 67839 0 881394
1786191423.234429 73612 43777 2832 1589 0 69631 0 895161
1786191424.235989 73612 47138 2832 1589 0 69631 0 914611
1786191425.234998 73612 38346 2832 1589 0 69631 0 909772
1786191426.236874 73612 44046 2832 1589 0 69631 0 917451
1786191427.240360 73612 41026 2832 1589 0 69631 0 952585
1786191428.238901 73612 44684 2832 1589 0 69631 0 963429
1786191429.239247 73612 46121 2832 1589 0 69631 0 979005
1786191430.239530 73612 38720 2832 1589 0 69631 0 984579
1786191431.239466 73612 40553 2832 1589 0 69631 0 996829
1786191432.245039 73612 39357 2832 1589 0 69631 0 1028639
1786191433.245455 73612 42706 2832 1589 0 69631 0 1043717
1786191434.243343 73612 40310 2832 1589 0 69631 0 1026669
1786191435.245658 73612 43924 2832 1589 0 69631 0 1072043
1786191436.233897 73612 42671 2832 1589 0 69631 0 1058081
1786191437.233818 73612 42671 2832 1589 0 69631 0 1058081
1786191438.233860 73612 42672 2832 1589 0 69631 0 1058082
1786191439.233505 73612 34016 2832 1589 0 69631 0 1065975
1786191440.251576 73612 34595 2832 1589 0 69631 0 1150671
1786191441.249954 73612 41857 2832 1589 0 69631 0 1072210
1786191442.247255 73612 42639 2832 1589 0 69631 0 1057844
1786191443.246993 73612 41307 2832 1589 0 69631 0 1065262
1786191444.247569 73612 44899 2832 1589 0 69631 0 1073469
1786191445.247807 73612 42323 2832 1589 0 69631 0 1077905
1786191446.249475 73612 44260 2832 1589 0 69631 0 1104632
1786191447.250255 73612 42266 2832 1589 0 69631 0 1117139
1786191448.251086 73612 44313 2832 1589 0 69631 0 1129135
1786191449.251788 73612 42105 2832 1589 0 69631 0 1140875
1786191450.252447 73612 44068 2832 1589 0 69631 0 1152359
1786191451.250276 73612 44483 2832 1589 0 69631 0 1143003
1786191452.254065 73612 40881 2832 1589 0 69631 0 1177630
1786191453.245800 73612 41266 2832 1589 0 69631 0 1152763
1786191454.238651 73612 41463 2832 1589 0 69631 0 1163415
1786191455.238577 73612 41421 2832 1589 0 69631 0 1163416
1786191456.238581 73612 41422 2832 1589 0 69631 0 1163417
1786191457.248982 73612 41617 2832 1589 0 69631 0 1144081
1786191458.252488 73612 41469 2832 1589 0 69631 0 1185489
1786191459.249779 73612 43890 2832 1589 0 69631 0 1155325
1786191460.251970 73612 45579 2832 1589 0 69631 0 1195711
1786191461.249240 73612 40427 2832 1589 0 69631 0 1157151
1786191462.249221 73612 45605 2832 1589 0 69631 0 1164733
1786191463.248806 73612 41353 2832 1589 0 69631 0 1172336
1786191464.249847 73612 46258 2832 1589 0 69631 0 1179925
1786191465.255860 73612 41139 2832 1589 0 69631 0 1227066
1786191466.255925 75660 45571 2832 1589 0 71679 0 1242465
1786191467.255805 75660 45350 2832 1589 0 71679 0 1258043
1786191468.248288 75660 47928 2832 1589 0 71679 0 1272565
1786191469.243523 75660 44091 2832 1589 0 71679 0 1254544
1786191470.258400 75660 38548 2832 1589 0 71679 0 1254545
1786191471.245972 75660 34952 2832 1589 0 71679 0 1266635
1786191472.240630 75660 35029 2832 1589 0 71679 0 1254628
1786191473.240306 75660 35029 2832 1589 0 71679 0 1238494
1786191474.257253 75660 34939 2832 1589 0 71679 0 1266017
1786191475.244896 75660 34939 2832 1589 0 71679 0 1266799
1786191476.248714 75660 35240 2832 1589 0 71679 0 1266799
1786191477.247380 75660 34968 2832 1589 0 71679 0 1266801
1786191478.257962 75660 42191 2832 1589 0 71679 0 1235188
1786191479.257963 75660 46068 2832 1589 0 71679 0 1240173
1786191480.256757 75660 37546 2832 1589 0 71679 0 1231738
1786191481.242798 79757 37418 2832 1589 0 75775 0 1229968
1786191482.239364 79757 37424 2832 1589 0 75775 0 1229969
1786191483.239522 79757 37424 2832 1589 0 75775 0 1229970
1786191484.239288 79757 37424 2832 1589 0 75775 0 1229971
1786191485.238710 79757 37424 2832 1589 0 75775 0 1217529
1786191486.239360 79757 36725 2832 1589 0 75775 0 1229973
1786191487.239318 79757 36845 2832 1589 0 75775 0 1229974
1786191488.239362 79757 36845 2832 1589 0 75775 0 1229975
1786191489.239397 79757 37011 2832 1589 0 75775 0 1229976
1786191490.239735 79757 36452 2832 1589 0 75775 0 1229976
1786191491.239537 79757 36849 2832 1589 0 75775 0 1229977
1786191492.238926 79757 36866 2832 1589 0 75775 0 1215593
1786191493.237434 79757 38422 2832 1589 0 75775 0 1185144
1786191494.239426 79757 38417 2832 1589 0 75775 0 1230561
1786191495.239457 82317 38925 2832 1589 0 78335 0 1230562
1786191496.239462 82317 38925 2832 1589 0 78335 0 1230562
1786191497.239428 82317 38925 2832 1589 0 78335 0 1230562
1786191498.239576 82317 38925 2832 1589 0 78335 0 1230563
1786191499.238689 82317 38925 2832 1589 0 78335 0 1212950
1786191500.239718 82317 38925 2832 1589 0 78335 0 1230564
1786191501.239514 82317 38927 2832 1589 0 78335 0 1230564
1786191502.239786 82317 38927 2832 1589 0 78335 0 1230565
1786191503.239368 82317 37362 2832 1589 0 78335 0 1230565
1786191504.234004 82317 36882 2832 1589 0 78335 0 1110008
1786191505.233848 82317 36979 2832 1589 0 78335 0 1098165
1786191506.235064 82317 37213 2832 1589 0 78335 0 1132265
1786191507.234920 82317 37213 2832 1589 0 78335 0 1132266
1786191508.235039 82317 37200 2832 1589 0 78335 0 1132267
1786191509.235282 82317 37200 2832 1589 0 78335 0 1132268
1786191510.234997 82317 36996 2832 1589 0 78335 0 1132268
1786191511.235021 82317 36996 2832 1589 0 78335 0 1132269
1786191512.234892 82317 36964 2832 1589 0 78335 0 1128755
1786191513.234985 82317 36964 2832 1589 0 78335 0 1132271
1786191514.234982 82317 36969 2832 1589 0 78335 0 1132272
1786191515.235074 82317 36969 2832 1589 0 78335 0 1132273
1786191516.235133 82317 36968 2832 1589 0 78335 0 1132274
1786191517.230913 82317 38044 2832 1589 0 78335 0 1038521
1786191518.230962 82317 38044 2832 1589 0 78335 0 1038522
1786191519.230812 82317 37461 2832 1589 0 78335 0 1038523
1786191520.229643 82317 37717 2832 1589 0 78335 0 1012784
1786191521.229623 82317 37521 2832 1589 0 78335 0 1012785
1786191522.229595 82317 37521 2832 1589 0 78335 0 1012786
1786191523.232947 82317 36721 2832 1589 0 78335 0 1012787
1786191524.229579 82317 36721 2832 1589 0 78335 0 1012747
1786191525.231431 82317 36721 2832 1589 0 78335 0 1012789
1786191526.229608 82317 36721 2832 1589 0 78335 0 1012790
1786191527.229786 82317 36264 2832 1589 0 78335 0 1012790
1786191528.229639 82317 36270 2832 1589 0 78335 0 1012792
1786191529.229600 82317 36270 2832 1589 0 78335 0 1012793
1786191530.229573 82317 36219 2832 1589 0 78335 0 1012793
1786191531.229827 82317 36219 2832 1589 0 78335 0 1012794
1786191532.229490 82317 36219 2832 1589 0 78335 0 1012795
1786191533.230672 82317 36219 2832 1589 0 78335 0 1012796
1786191534.228198 142734 104717 2848 1589 0 138751 0 976346
1786191535.228051 270222 231181 2848 1589 0 266239 0 976346
1786191536.228370 420750 358669 2848 1589 0 416767 0 976346
1786191537.228189 571790 484621 2848 1589 0 567807 0 976346
1786191538.228305 676238 607501 2848 1589 0 672255 0 976346
1786191539.228161 796046 733965 2848 1589 0 792063 0 976346
1786191540.228357 933262 860429 2848 1589 0 929279 0 976346
1786191541.228167 1097102 983821 2848 1589 0 1093119 0 976346
1786191542.228090 1304975 1072383 2848 1589 0 1300991 0 976346
1786191543.229760 1304975 1072383 2848 1589 0 1300991 0 976346
1786191544.228092 1304975 1072383 2848 1589 0 1300991 0 976346
1786191545.228209 1304975 1072383 2848 1589 0 1300991 0 976346
1786191546.228226 1304975 1072383 2848 1589 0 1300991 0 976346
1786191547.228143 1304975 1072383 2848 1589 0 1300991 0 976346
1786191548.227966 1309072 1072379 2848 1589 0 1305087 0 976346
1786191549.228218 1309072 1072379 2848 1589 0 1305087 0 976346
1786191550.228104 1309072 1072379 2848 1589 0 1305087 0 976346
1786191551.228092 1309072 1072379 2848 1589 0 1305087 0 976346
1786191552.228045 1309072 1072379 2848 1589 0 1305087 0 976346
1786191553.229333 1309072 1072379 2848 1589 0 1305087 0 976346
1786191554.228316 1313169 1072380 2848 1589 0 1309183 0 976346
1786191555.228288 1313169 1072380 2848 1589 0 1309183 0 976346
1786191556.228240 1313169 1072380 2848 1589 0 1309183 0 976346
1786191557.228160 1313169 1072380 2848 1589 0 1309183 0 976346
1786191558.228187 1313169 1072380 2848 1589 0 1309183 0 976346
1786191559.228118 1313169 1072380 2848 1589 0 1309183 0 976346
1786191560.228046 1313169 1072380 2848 1589 0 1309183 0 976346
1786191561.228084 1313169 1072380 2848 1589 0 1309183 0 976346
1786191562.227970 1313169 1072380 2848 1589 0 1309183 0 976346
1786191563.233235 1313169 1072380 2848 1589 0 1309183 0 976346
1786191564.228112 1313169 1072380 2848 1589 0 1309183 0 976346
1786191565.228011 1313169 1072380 2848 1589 0 1309183 0 976346
1786191566.228103 1313169 1072380 2848 1589 0 1309183 0 976346
1786191567.228205 1313169 1072380 2848 1589 0 1309183 0 976346
1786191568.228213 1313169 1072380 2848 1589 0 1309183 0 976346
1786191569.228151 1313169 1072380 2848 1589 0 1309183 0 976346
1786191570.230712 1313169 1072380 2848 1589 0 1309183 0 976346
1786191571.228049 1313169 1072380 2848 1589 0 1309183 0 976346
1786191572.228198 1313169 1072380 2848 1589 0 1309183 0 976346
1786191573.229859 1313169 1072380 2848 1589 0 1309183 0 976346
1786191574.231662 1313169 1072380 2848 1589 0 1309183 0 976346
1786191575.231510 1313169 1072380 2848 1589 0 1309183 0 976346
1786191576.233922 1313169 1072380 2848 1589 0 1309183 0 976346
1786191577.231098 1313169 1072380 2848 1589 0 1309183 0 976346
1786191578.230133 1313169 1072380 2848 1589 0 1309183 0 976346
1786191579.235668 1313169 1072380 2848 1589 0 1309183 0 976346
1786191580.228287 1313169 1072380 2848 1589 0 1309183 0 976346
1786191581.230629 1313169 1072380 2848 1589 0 1309183 0 976346
1786191582.231573 1313169 1072380 2848 1589 0 1309183 0 976346
1786191583.228175 1313169 1072380 2848 1589 0 1309183 0 976346
1786191584.228168 1313169 1072380 2848 1589 0 1309183 0 976346
1786191585.228097 1313169 1072380 2848 1589 0 1309183 0 976346
1786191586.228068 1313169 1072380 2848 1589 0 1309183 0 976346
1786191587.228004 1313169 1072380 2848 1589 0 1309183 0 976346
1786191588.228058 1313169 1072380 2848 1589 0 1309183 0 976346
1786191589.228038 1313169 1072380 2848 1589 0 1309183 0 976346
1786191590.227956 1313169 1072380 2848 1589 0 1309183 0 976346
1786191591.228064 1313169 1072380 2848 1589 0 1309183 0 976346
1786191592.228133 1313169 1072380 2848 1589 0 1309183 0 976346
1786191593.228093 1313169 1072380 2848 1589 0 1309183 0 976346
1786191594.229466 1313169 1072380 2848 1589 0 1309183 0 976346
1786191595.228056 1313169 1072380 2848 1589 0 1309183 0 976346
1786191596.228101 1313169 1072380 2848 1589 0 1309183 0 976346
1786191597.228105 1313169 1072380 2848 1589 0 1309183 0 976346
1786191598.228067 1313169 1072380 2848 1589 0 1309183 0 976346
1786191599.227999 1313169 1072380 2848 1589 0 1309183 0 976346
1786191600.228158 1313169 1072380 2848 1589 0 1309183 0 976346
1786191601.228217 1313169 1072380 2848 1589 0 1309183 0 976346
1786191602.228101 1313169 1072380 2848 1589 0 1309183 0 976346
1786191603.228266 1313169 1072380 2848 1589 0 1309183 0 976346
1786191604.228080 1313169 1072380 2848 1589 0 1309183 0 976346
1786191605.228108 1313169 1072380 2848 1589 0 1309183 0 976346
1786191606.228107 1313169 1072380 2848 1589 0 1309183 0 976346
1786191607.228051 1313169 1072380 2848 1589 0 1309183 0 976346
1786191608.227988 1313169 1072380 2848 1589 0 1309183 0 976346
1786191609.228112 1313169 1072380 2848 1589 0 1309183 0 976346
1786191610.228215 1313169 1072380 2848 1589 0 1309183 0 976346
1786191611.228193 1313169 1072380 2848 1589 0 1309183 0 976346
1786191612.228036 1313169 1072380 2848 1589 0 1309183 0 976346
1786191613.228078 1313169 1072380 2848 1589 0 1309183 0 976346
1786191614.228072 1313169 1072380 2848 1589 0 1309183 0 976346
1786191615.228022 1313169 1072380 2848 1589 0 1309183 0 976346
1786191616.228072 1313169 1072380 2848 1589 0 1309183 0 976346
1786191617.228007 1313169 1072380 2848 1589 0 1309183 0 976346
1786191618.228222 1313169 1072394 2848 1589 0 1309183 0 976346
1786191619.228275 1313169 1072394 2848 1589 0 1309183 0 976346
1786191620.228148 1313169 1072394 2848 1589 0 1309183 0 976346
1786191621.228147 1313169 1072394 2848 1589 0 1309183 0 976346
1786191622.228039 1313169 1072394 2848 1589 0 1309183 0 976346
1786191623.228113 1313169 1072394 2848 1589 0 1309183 0 976346
1786191624.229165 1313169 1072394 2848 1589 0 1309183 0 976346
1786191625.227934 1313169 1072394 2848 1589 0 1309183 0 976346
1786191626.227937 1313169 1072394 2848 1589 0 1309183 0 976346
1786191627.228138 1313169 1072394 2848 1589 0 1309183 0 976346
1786191628.227974 1313169 1072394 2848 1589 0 1309183 0 976346
1786191629.228185 1313169 1072394 2848 1589 0 1309183 0 976346
1786191630.228158 1313169 1072394 2848 1589 0 1309183 0 976346
1786191631.228093 1313169 1072394 2848 1589 0 1309183 0 976346
1786191632.228107 1313169 1072394 2848 1589 0 1309183 0 976346
1786191633.228098 1313169 1072394 2848 1589 0 1309183 0 976346
1786191634.230067 1313169 1072394 2848 1589 0 1309183 0 976346
1786191635.228213 1313169 1072394 2848 1589 0 1309183 0 976346
1786191636.228225 1313169 1072394 2848 1589 0 1309183 0 976346
1786191637.228259 1313169 1072394 2848 1589 0 1309183 0 976346
1786191638.228246 1313169 1072394 2848 1589 0 1309183 0 976346
1786191639.228189 1313169 1072394 2848 1589 0 1309183 0 976346
1786191640.228154 1313169 1072394 2848 1589 0 1309183 0 976346
1786191641.228158 1313169 1072394 2848 1589 0 1309183 0 976346
1786191642.228140 1313169 1072394 2848 1589 0 1309183 0 976346
1786191643.228029 1313169 1072394 2848 1589 0 1309183 0 976346
1786191644.228173 1313169 1072394 2848 1589 0 1309183 0 976346
1786191645.228222 1313169 1072394 2848 1589 0 1309183 0 976346
1786191646.228332 1313169 1072394 2848 1589 0 1309183 0 976346
1786191647.228230 1313169 1072394 2848 1589 0 1309183 0 976346
1786191648.228243 1313169 1072394 2848 1589 0 1309183 0 976346
1786191649.228182 1313169 1072394 2848 1589 0 1309183 0 976346
1786191650.228197 1313169 1072394 2848 1589 0 1309183 0 976346
1786191651.228178 1313169 1072394 2848 1589 0 1309183 0 976346
1786191652.228134 1313169 1072394 2848 1589 0 1309183 0 976346
1786191653.227987 1313169 1072394 2848 1589 0 1309183 0 976346
1786191654.228061 1313169 1072394 2848 1589 0 1309183 0 976346
1786191655.228033 1313169 1072394 2848 1589 0 1309183 0 976346
1786191656.228202 1313169 1072394 2848 1589 0 1309183 0 976346
1786191657.230458 1313169 1072394 2848 1589 0 1309183 0 976346
1786191658.228194 1313169 1072394 2848 1589 0 1309183 0 976346
1786191659.228155 1313169 1072394 2848 1589 0 1309183 0 976346
1786191660.228189 1313169 1072394 2848 1589 0 1309183 0 976346
1786191661.228267 1313169 1072394 2848 1589 0 1309183 0 976346
1786191662.228246 1313169 1072394 2848 1589 0 1309183 0 976346
1786191663.228027 1313169 1072394 2848 1589 0 1309183 0 976346
1786191664.228338 1313169 1072394 2848 1589 0 1309183 0 976346
1786191665.228256 1313169 1072394 2848 1589 0 1309183 0 976346
1786191666.228232 1313169 1072394 2848 1589 0 1309183 0 976346
1786191667.228300 1313169 1072394 2848 1589 0 1309183 0 976346
1786191668.228312 1313169 1072394 2848 1589 0 1309183 0 976346
1786191669.228139 1313169 1072394 2848 1589 0 1309183 0 976346
1786191670.228267 1313169 1072394 2848 1589 0 1309183 0 976346
1786191671.228096 1313169 1072394 2848 1589 0 1309183 0 976346
1786191672.228154 1313169 1072394 2848 1589 0 1309183 0 976346
1786191673.228169 1313169 1072394 2848 1589 0 1309183 0 976346
1786191674.228235 1313169 1072394 2848 1589 0 1309183 0 976346
1786191675.228272 1313169 1072394 2848 1589 0 1309183 0 976346
1786191676.228267 1313169 1072394 2848 1589 0 1309183 0 976346
1786191677.228178 1313169 1072394 2848 1589 0 1309183 0 976346
1786191678.228148 1313169 1072394 2848 1589 0 1309183 0 976346
1786191679.228199 1313169 1072394 2848 1589 0 1309183 0 976346
1786191680.228094 1313169 1072394 2848 1589 0 1309183 0 976346
1786191681.228134 1313169 1072394 2848 1589 0 1309183 0 976346
1786191682.228373 1313169 1072394 2848 1589 0 1309183 0 976346
1786191683.228236 1313169 1072394 2848 1589 0 1309183 0 976346
1786191684.228152 1313169 1072394 2848 1589 0 1309183 0 976346
1786191685.228280 1313169 1072394 2848 1589 0 1309183 0 976346
1786191686.228092 1313169 1072394 2848 1589 0 1309183 0 976346
1786191687.228235 1313169 1072394 2848 1589 0 1309183 0 976346
1786191688.228155 1313169 1072394 2848 1589 0 1309183 0 976346
1786191689.228197 1313169 1072394 2848 1589 0 1309183 0 976346
1786191690.228022 1313169 1072394 2848 1589 0 1309183 0 976346
1786191691.228268 1313169 1072394 2848 1589 0 1309183 0 976346
1786191692.228262 1313169 1072394 2848 1589 0 1309183 0 976346
1786191693.228163 1313169 1072394 2848 1589 0 1309183 0 976346
1786191694.228089 1313169 1072394 2848 1589 0 1309183 0 976346
1786191695.228168 1313169 1072394 2848 1589 0 1309183 0 976346
1786191696.228098 1313169 1072394 2848 1589 0 1309183 0 976346
1786191697.228086 1313169 1072394 2848 1589 0 1309183 0 976346
1786191698.228082 1313169 1072394 2848 1589 0 1309183 0 976346
1786191699.228037 1313169 1072394 2848 1589 0 1309183 0 976346
1786191700.228239 1313169 1072394 2848 1589 0 1309183 0 976346
1786191701.228189 1313169 1072394 2848 1589 0 1309183 0 976346
1786191702.228232 1313169 1072394 2848 1589 0 1309183 0 976346
1786191703.228154 1313169 1072394 2848 1589 0 1309183 0 976346
1786191704.228187 1313169 1072394 2848 1589 0 1309183 0 976346
1786191705.228193 1313169 1072394 2848 1589 0 1309183 0 976346
1786191706.228905 1313169 1072394 2848 1589 0 1309183 0 976346
1786191707.228092 1313169 1072394 2848 1589 0 1309183 0 976346
1786191708.228254 1313169 1072394 2848 1589 0 1309183 0 976346
1786191709.228232 1313169 1072394 2848 1589 0 1309183 0 976346
1786191710.228305 1313169 1072394 2848 1589 0 1309183 0 976346
1786191711.228192 1313169 1072394 2848 1589 0 1309183 0 976346
1786191712.228206 1313169 1072394 2848 1589 0 1309183 0 976346
1786191713.228215 1313169 1072394 2848 1589 0 1309183 0 976346
1786191714.228199 1313169 1072394 2848 1589 0 1309183 0 976346
1786191715.228118 1313169 1072394 2848 1589 0 1309183 0 976346
1786191716.228085 1313169 1072394 2848 1589 0 1309183 0 976346
1786191717.228029 1313169 1072394 2848 1589 0 1309183 0 976346
1786191718.228296 1313169 1072394 2848 1589 0 1309183 0 976346
1786191719.228239 1313169 1072394 2848 1589 0 1309183 0 976346
1786191720.228151 1313169 1072394 2848 1589 0 1309183 0 976346
1786191721.228116 1313169 1072394 2848 1589 0 1309183 0 976346
1786191722.228139 1313169 1072394 2848 1589 0 1309183 0 976346
1786191723.228168 1313169 1072394 2848 1589 0 1309183 0 976346
1786191724.228067 1313169 1072394 2848 1589 0 1309183 0 976346
1786191725.228080 1313169 1072394 2848 1589 0 1309183 0 976346
1786191726.228155 1313169 1072394 2848 1589 0 1309183 0 976346
1786191727.228231 1313169 1072394 2848 1589 0 1309183 0 976346
1786191728.228263 1313169 1072394 2848 1589 0 1309183 0 976346
1786191729.227951 1313169 1072394 2848 1589 0 1309183 0 976346
1786191730.228350 1313169 1072394 2848 1589 0 1309183 0 976346
1786191731.228134 1313169 1072394 2848 1589 0 1309183 0 976346
1786191732.228272 1313169 1072394 2848 1589 0 1309183 0 976346
1786191733.228118 1313169 1072394 2848 1589 0 1309183 0 976346
1786191734.228267 1313169 1072394 2848 1589 0 1309183 0 976346
1786191735.228025 1313169 1072394 2848 1589 0 1309183 0 976346
1786191736.228178 1313169 1072394 2848 1589 0 1309183 0 976346
1786191737.228197 1313169 1072394 2848 1589 0 1309183 0 976346
1786191738.228303 1313169 1072394 2848 1589 0 1309183 0 976346
1786191739.228151 1313169 1072394 2848 1589 0 1309183 0 976346
1786191740.228191 1313169 1072394 2848 1589 0 1309183 0 976346
1786191741.228111 1313169 1072394 2848 1589 0 1309183 0 976346
1786191742.228106 1313169 1072394 2848 1589 0 1309183 0 976346
1786191743.228119 1313169 1072394 2848 1589 0 1309183 0 976346
1786191744.227963 1313169 1072394 2848 1589 0 1309183 0 976346
1786191745.228133 1313169 1072394 2848 1589 0 1309183 0 976346
1786191746.228369 1313169 1072394 2848 1589 0 1309183 0 976346
1786191747.228192 1313169 1072394 2848 1589 0 1309183 0 976346
1786191748.228166 1313169 1072394 2848 1589 0 1309183 0 976346
1786191749.228140 1313169 1072394 2848 1589 0 1309183 0 976346
1786191750.228174 1313169 1072394 2848 1589 0 1309183 0 976346
1786191751.228089 1313169 1072394 2848 1589 0 1309183 0 976346
1786191752.228174 1313169 1072394 2848 1589 0 1309183 0 976346
1786191753.228049 1313169 1072394 2848 1589 0 1309183 0 976346
1786191754.228085 1313169 1072394 2848 1589 0 1309183 0 976346
1786191755.228282 1313169 1072394 2848 1589 0 1309183 0 976346
1786191756.228192 1313169 1072394 2848 1589 0 1309183 0 976346
1786191757.228121 1313169 1072394 2848 1589 0 1309183 0 976346
1786191758.228198 1313169 1072394 2848 1589 0 1309183 0 976346
1786191759.228147 1313169 1072394 2848 1589 0 1309183 0 976346
1786191760.228188 1313169 1072394 2848 1589 0 1309183 0 976346
1786191761.227967 1313169 1072394 2848 1589 0 1309183 0 976346
1786191762.228056 1313169 1072394 2848 1589 0 1309183 0 976346
1786191763.228031 1313169 1072394 2848 1589 0 1309183 0 976346
1786191764.228241 1313169 1072394 2848 1589 0 1309183 0 976346
1786191765.228215 1313169 1072394 2848 1589 0 1309183 0 976346
1786191766.228284 1313169 1072394 2848 1589 0 1309183 0 976346
1786191767.228159 1313169 1072394 2848 1589 0 1309183 0 976346
1786191768.228134 1313169 1072394 2848 1589 0 1309183 0 976346
1786191769.228174 1313169 1072394 2848 1589 0 1309183 0 976346
1786191770.228174 1313169 1072394 2848 1589 0 1309183 0 976346
1786191771.228135 1313169 1072394 2848 1589 0 1309183 0 976346
1786191772.228113 1313169 1072394 2848 1589 0 1309183 0 976346
1786191773.228281 1313169 1072394 2848 1589 0 1309183 0 976346
1786191774.228090 1313169 1072394 2848 1589 0 1309183 0 976346
1786191775.228247 1313169 1072394 2848 1589 0 1309183 0 976346
1786191776.228138 1313169 1072394 2848 1589 0 1309183 0 976346
1786191777.228190 1313169 1072394 2848 1589 0 1309183 0 976346
1786191778.228145 1313169 1072394 2848 1589 0 1309183 0 976346
1786191779.228133 1313169 1072394 2848 1589 0 1309183 0 976346
1786191780.228128 1313169 1072394 2848 1589 0 1309183 0 976346
1786191781.228023 1313169 1072394 2848 1589 0 1309183 0 976346
1786191782.228022 1313169 1072394 2848 1589 0 1309183 0 976346
1786191783.228235 1313169 1072394 2848 1589 0 1309183 0 976346
1786191784.228167 1313169 1072394 2848 1589 0 1309183 0 976346
1786191785.228145 1313169 1072394 2848 1589 0 1309183 0 976346
1786191786.228232 1313169 1072394 2848 1589 0 1309183 0 976346
1786191787.228210 1313169 1072394 2848 1589 0 1309183 0 976346
1786191788.228179 1313169 1072394 2848 1589 0 1309183 0 976346
1786191789.227924 1313169 1072394 2848 1589 0 1309183 0 976346
1786191790.228182 1313169 1072394 2848 1589 0 1309183 0 976346
1786191791.228052 1313169 1072394 2848 1589 0 1309183 0 976346
1786191792.228209 1313169 1072394 2848 1589 0 1309183 0 976346
1786191793.228319 1313169 1072394 2848 1589 0 1309183 0 976346
1786191794.228129 1313169 1072394 2848 1589 0 1309183 0 976346
1786191795.228277 1313169 1072394 2848 1589 0 1309183 0 976346
1786191796.228206 1313169 1072394 2848 1589 0 1309183 0 976346
1786191797.228124 1313169 1072394 2848 1589 0 1309183 0 976346
1786191798.228139 1313169 1072394 2848 1589 0 1309183 0 976346
1786191799.228086 1313169 1072394 2848 1589 0 1309183 0 976346
1786191800.228201 1313169 1072394 2848 1589 0 1309183 0 976346
1786191801.228276 1313169 1072394 2848 1589 0 1309183 0 976346
1786191802.227943 1313169 1072394 2848 1589 0 1309183 0 976346
1786191803.228226 1313169 1072394 2848 1589 0 1309183 0 976346
1786191804.228272 1313169 1072394 2848 1589 0 1309183 0 976346
1786191805.228131 1313169 1072394 2848 1589 0 1309183 0 976346
1786191806.228102 1313169 1072394 2848 1589 0 1309183 0 976346
1786191807.228263 1313169 1072394 2848 1589 0 1309183 0 976346
1786191808.228078 1313169 1072394 2848 1589 0 1309183 0 976346
1786191809.228008 1313169 1072394 2848 1589 0 1309183 0 976346
1786191810.228138 1313169 1072394 2848 1589 0 1309183 0 976346
1786191811.228188 1313169 1072394 2848 1589 0 1309183 0 976346
1786191812.228125 1313169 1072394 2848 1589 0 1309183 0 976346
1786191813.228464 1313169 1072394 2848 1589 0 1309183 0 976346
1786191814.228137 1313169 1072394 2848 1589 0 1309183 0 976346
1786191815.228153 1313169 1072394 2848 1589 0 1309183 0 976346
1786191816.228040 1313169 1072394 2848 1589 0 1309183 0 976346
1786191817.228112 1313169 1072394 2848 1589 0 1309183 0 976346
1786191818.228009 1313169 1072394 2848 1589 0 1309183 0 976346
1786191819.228249 1313169 1072394 2848 1589 0 1309183 0 976346
1786191820.228224 1313169 1072394 2848 1589 0 1309183 0 976346
1786191821.228184 1313169 1072394 2848 1589 0 1309183 0 976346
1786191822.228149 1313169 1072394 2848 1589 0 1309183 0 976346
1786191823.228189 1313169 1072394 2848 1589 0 1309183 0 976346
1786191824.228235 1313169 1072394 2848 1589 0 1309183 0 976346
1786191825.228358 1313169 1072394 2848 1589 0 1309183 0 976346
1786191826.228195 1313169 1072394 2848 1589 0 1309183 0 976346
1786191827.228063 1313169 1072394 2848 1589 0 1309183 0 976346
