# start_epoch=1789365044.373487  page_size=4096  cachestat=ok  fields=size,resident,shared,text,lib,data,dt,pagecache
1789365045.373770 262578 28470 8483 99 0 248506 0 1
1789365046.373682 262578 28470 8483 99 0 248506 0 1
1789365047.376262 2105139 49586 29782 99 0 254010 0 53479
1789365048.378190 2105139 67333 47528 99 0 254010 0 99192
1789365049.380139 2105139 85210 65405 99 0 254010 0 144242
1789365050.386083 3042680 196203 176370 99 0 258106 0 200994
1789365051.387620 3042680 214091 194258 99 0 258106 0 253854
1789365052.385958 2988891 84479 64675 99 0 258106 0 235155
1789365053.389541 3135981 231300 211481 99 0 258106 0 279082
1789365054.391212 3135981 265554 245734 99 0 258106 0 309806
1789365055.392460 3135981 298065 278244 99 0 258106 0 336851
1789365056.388130 3076853 83710 63965 99 0 258106 0 321281
1789365057.393853 3223992 188261 168514 99 0 258106 0 371651
1789365058.394912 3223992 200706 180955 99 0 258106 0 391988
1789365059.397019 3169265 79837 60116 99 0 258106 0 392255
1789365060.404214 3314757 208155 188434 99 0 258106 0 432915
1789365061.404336 3352044 273939 254218 99 0 258106 0 516203
1789365062.404686 3336991 257378 237657 99 0 258106 0 527088
1789365063.403515 3306845 217514 197819 99 0 258106 0 526058
1789365064.403400 3306845 228537 208839 99 0 258106 0 549644
1789365065.406166 3400113 199735 180307 99 0 258106 0 551880
1789365066.408539 3397724 225167 205739 99 0 258106 0 589847
1789365067.413205 3436926 308652 289224 99 0 258106 0 668358
1789365068.416817 3475555 354777 335349 99 0 258106 0 726904
1789365069.418124 3580441 435620 416192 99 0 258106 0 745537
1789365070.412638 3533224 355376 335928 99 0 258106 0 725464
1789365071.414747 3533224 366009 346557 99 0 258106 0 754679
1789365072.440261 4700345 419307 399855 99 0 258106 0 713994
1789365073.420294 3680363 498959 479101 99 0 258106 0 844060
1789365074.422640 3680363 517360 497568 99 0 258106 0 891672
1789365075.420534 3597410 286664 266935 99 0 258106 0 845856
1789365076.423537 3733268 403900 384171 99 0 258106 0 896980
1789365077.428188 3776295 452581 432852 99 0 258106 0 972996
1789365078.427376 3724195 450121 430392 99 0 258106 0 975937
1789365079.431001 3867591 557139 537446 99 0 258106 0 1025984
1789365080.433801 3868174 551801 532108 99 0 258106 0 1081418
1789365081.436390 3873906 594593 574900 99 0 258106 0 1122507
1789365082.432609 3977702 631114 611402 99 0 258106 0 1095182
1789365083.434030 3977702 636905 617155 99 0 258106 0 1106955
1789365084.433557 3977702 642515 622762 99 0 258106 0 1110732
1789365085.434840 3977702 647302 627546 99 0 258106 0 1114716
1789365086.433675 3977702 656297 636541 99 0 258106 0 1119716
1789365087.435962 3977702 666451 646695 99 0 258106 0 1134633
1789365088.436297 3977702 676788 657031 99 0 258106 0 1141462
1789365089.426422 3977702 680442 660724 99 0 258106 0 1140075
1789365090.425441 3722618 82468 62805 99 0 258106 0 921794
1789365091.428735 3732568 111123 91460 99 0 258106 0 976936
1789365092.431673 3880780 230049 210476 99 0 258106 0 1030316
1789365093.432227 3862868 241584 221564 99 0 258106 0 1050132
1789365094.438236 3862111 279275 259255 99 0 258106 0 1105585
1789365095.438217 4003631 400978 381027 99 0 258106 0 1148819
1789365096.439914 3997329 402352 382401 99 0 258106 0 1188248
1789365097.449234 3993468 427433 407555 99 0 258106 0 1236768
1789365098.442906 4105186 522651 502759 99 0 258106 0 1246112
1789365099.446137 4105186 566244 546349 99 0 258106 0 1294167
1789365100.452236 4105186 597189 577292 99 0 258106 0 1343494
1789365101.451520 4252301 715879 695976 99 0 258106 0 1374821
1789365102.451543 4252301 749408 729505 99 0 258106 0 1376819
1789365103.448395 4252301 772149 752245 99 0 258106 0 1380653
1789365104.450572 4120362 370789 350865 99 0 258106 0 1305969
1789365105.447532 4143271 420088 400164 99 0 258106 0 1336348
1789365106.453931 4126772 436311 416387 99 0 258106 0 1391359
1789365107.453462 4266185 531485 511687 99 0 258106 0 1421955
1789365108.455630 4264669 584029 564229 99 0 258106 0 1470748
1789365109.457869 4276529 607608 587808 99 0 258106 0 1517493
1789365110.463551 4399080 679680 659880 99 0 258106 0 1521490
1789365111.456422 4391496 687339 667469 99 0 258106 0 1481272
1789365112.453629 4347879 656765 636892 99 0 258106 0 1481952
1789365113.455190 4347879 659658 639782 99 0 258106 0 1484886
1789365114.457715 4347879 674647 654770 99 0 258106 0 1501821
1789365115.457866 4347879 690584 670706 99 0 258106 0 1510793
1789365116.456558 4347879 705689 685811 99 0 258106 0 1511055
1789365117.456816 4347879 716814 696936 99 0 258106 0 1517201
1789365118.455973 4347879 731710 711831 99 0 258106 0 1525594
1789365119.457297 4347879 741244 721365 99 0 258106 0 1530677
1789365120.476173 4758351 736537 716759 99 0 258106 0 1781064
1789365121.451116 4089290 112457 92699 99 0 258106 0 1307201
1789365122.450656 4181775 189220 169601 99 0 258106 0 1300688
1789365123.449911 4167876 202310 182679 99 0 258106 0 1283383
1789365124.446965 4121008 194045 174413 99 0 258106 0 1237859
1789365125.447554 4129284 198853 179221 99 0 258106 0 1245054
1789365126.445741 4104521 213943 194319 99 0 258106 0 1216438
1789365127.444461 4098510 230391 210763 99 0 258106 0 1207698
1789365128.443846 4081041 224695 205065 99 0 258106 0 1194104
1789365129.443210 4063960 238700 219068 99 0 258106 0 1176460
1789365130.441928 4037299 192399 172767 99 0 258106 0 1151218
1789365131.434514 4002988 140620 120964 99 0 262202 0 1119572
1789365132.436740 3962645 60779 41120 99 0 262202 0 1077556
1789365133.436558 3962645 220303 200672 99 0 262202 0 1070684
1789365134.446296 4101106 387272 367636 99 0 262202 0 1220750
1789365135.453683 4320159 401174 381534 99 0 262202 0 1352075
1789365136.443806 4071697 322940 303300 99 0 262202 0 1184626
1789365137.450714 4193378 491886 472245 99 0 262202 0 1311032
1789365138.449806 4193378 656906 637265 99 0 262202 0 1298094
1789365139.421711 3967713 106134 86504 99 0 262202 0 1073855
1789365140.420178 3928221 69828 43594 99 0 271930 0 1055521
1789365141.437114 4053345 123937 88513 99 0 341434 0 1076698
1789365142.418846 3997734 103732 75565 99 0 341434 0 1024374
1789365143.429294 3997734 160523 119585 99 0 341434 0 1062473
1789365144.420913 4046227 157396 129366 99 0 341434 0 1019220
1789365145.420446 3901630 105920 72862 99 0 344506 0 975658
1789365146.416940 3908030 115355 72862 99 0 350906 0 981536
1789365147.416320 3908030 151694 113697 99 0 350906 0 962685
1789365148.457392 3951283 202168 159863 99 0 350906 0 968567
1789365149.413882 3808908 77833 41155 99 0 350906 0 851271
1789365150.463913 3864519 123181 82122 99 0 350906 0 877612
1789365151.410875 3808908 107835 74518 99 0 350906 0 820929
1789365152.412016 3808908 164112 122887 99 0 350906 0 864183
1789365153.412715 3808908 164738 122887 99 0 350906 0 870058
1789365154.411411 3709881 113163 74427 99 0 350906 0 784750
1789365155.408295 3709881 116549 76156 99 0 350906 0 783398
1789365156.407174 3709881 140562 106430 99 0 350906 0 753785
1789365157.426918 3753134 192082 151286 99 0 350906 0 768738
1789365158.402541 3610758 66218 33047 99 0 350906 0 641561
1789365159.404061 3610758 121043 77804 99 0 350906 0 678398
1789365160.407344 3679126 121339 89917 99 0 350906 0 683614
1789365161.406048 3610758 162595 122613 99 0 350906 0 662862
1789365162.403300 3610758 162536 122613 99 0 350906 0 668681
1789365163.400106 3515089 114103 76406 99 0 350906 0 588208
1789365164.399737 3515089 119534 79388 99 0 350906 0 588522
1789365165.399087 3515089 147562 112511 99 0 350906 0 561417
1789365166.411931 3557262 194170 153799 99 0 350906 0 573018
1789365167.397579 3417163 68410 36284 99 0 350906 0 447284
1789365168.395273 3417163 126128 81024 99 0 350906 0 484811
1789365169.395655 3417163 124651 81024 99 0 350906 0 490854
1789365170.395227 3417163 170776 129393 99 0 350906 0 472454
1789365171.394857 3417163 172381 129393 99 0 350906 0 478145
1789365172.393003 3318010 109427 70524 99 0 350906 0 381591
1789365173.400026 3376693 162185 122750 99 0 353978 0 389958
1789365174.389468 3321082 136245 102213 99 0 353978 0 350402
1789365175.416897 3359866 181815 144354 99 0 353978 0 371510
1789365176.387489 3227014 68596 36265 99 0 353978 0 250881
1789365177.386939 3227014 129526 84219 99 0 353978 0 291598
1789365178.387140 3227014 125839 84219 99 0 353978 0 297596
1789365179.386343 3227014 174501 132596 99 0 353978 0 279241
1789365180.386836 3227014 174550 132596 99 0 353978 0 284901
1789365181.381369 3127793 96407 56728 99 0 353978 0 166343
1789365182.381521 3127793 92856 56728 99 0 353978 0 172278
1789365183.378805 3104669 74357 44115 99 0 358074 0 109551
1789365184.378659 3104669 98117 67875 99 0 358074 0 109551
1789365185.378970 3104669 123397 93155 99 0 358074 0 109551
1789365186.378808 3104669 148229 117987 99 0 358074 0 109551
1789365187.378920 3104669 148229 117987 99 0 358074 0 109551
1789365188.378665 3104669 148229 117987 99 0 358074 0 109551
1789365189.380307 3108766 148106 117987 99 0 362170 0 109551
1789365190.380296 3108766 148106 117987 99 0 362170 0 109551
1789365191.380316 3108766 148106 117987 99 0 362170 0 109551
1789365192.380263 3108766 148106 117987 99 0 362170 0 109551
1789365193.380291 3108766 148106 117987 99 0 362170 0 109551
1789365194.380299 3112863 148105 117987 99 0 366266 0 109551
1789365195.380305 3112863 148106 117987 99 0 366266 0 109551
1789365196.380500 3112863 148106 117987 99 0 366266 0 109551
1789365197.380319 3112863 148106 117987 99 0 366266 0 109551
1789365198.380315 3112863 148106 117987 99 0 366266 0 109551
1789365199.380318 3112863 148106 117987 99 0 366266 0 109551
1789365200.379834 3116960 148112 117987 99 0 370362 0 109551
1789365201.379775 3116960 148112 117987 99 0 370362 0 109551
1789365202.379835 3116960 148112 117987 99 0 370362 0 109551
1789365203.379811 3116960 148112 117987 99 0 370362 0 109551
1789365204.379826 3116960 148112 117987 99 0 370362 0 109551
1789365205.379838 3116960 148112 117987 99 0 370362 0 109551
1789365206.379783 3116960 148112 117987 99 0 370362 0 109551
1789365207.379813 3116960 148112 117987 99 0 370362 0 109551
1789365208.379837 3116960 148112 117987 99 0 370362 0 109551
1789365209.379780 3116960 148112 117987 99 0 370362 0 109551
1789365210.379789 3116960 148112 117987 99 0 370362 0 109551
1789365211.379813 3116960 148112 117987 99 0 370362 0 109551
1789365212.379813 3116960 148112 117987 99 0 370362 0 109551
1789365213.378923 3116960 148112 117987 99 0 370362 0 109551
1789365214.378897 3116960 148112 117987 99 0 370362 0 109551
1789365215.378968 3116960 148112 117987 99 0 370362 0 109551
1789365216.378755 3116960 148112 117987 99 0 370362 0 109551
1789365217.378749 3116960 148112 117987 99 0 370362 0 109551
1789365218.378744 3116960 148112 117987 99 0 370362 0 109551
1789365219.378748 3116960 148112 117987 99 0 370362 0 109551
1789365220.378894 3116960 148112 117987 99 0 370362 0 109551
1789365221.378877 3116960 148112 117987 99 0 370362 0 109551
1789365222.378713 3116960 148112 117987 99 0 370362 0 109551
1789365223.378831 3116960 148112 117987 99 0 370362 0 109551
1789365224.378801 3116960 148112 117987 99 0 370362 0 109551
1789365225.378617 3116960 148112 117987 99 0 370362 0 109551
1789365226.378731 3116960 148112 117987 99 0 370362 0 109551
1789365227.378754 3116960 148112 117987 99 0 370362 0 109551
1789365228.378740 3116960 148112 117987 99 0 370362 0 109551
1789365229.378880 3116960 148112 117987 99 0 370362 0 109551
1789365230.378813 3116960 148112 117987 99 0 370362 0 109551
1789365231.378854 3116960 148112 117987 99 0 370362 0 109551
1789365232.378877 3116960 148112 117987 99 0 370362 0 109551
1789365233.378678 3116960 148112 117987 99 0 370362 0 109551
1789365234.378837 3116960 148112 117987 99 0 370362 0 109551
1789365235.378708 3116960 148112 117987 99 0 370362 0 109551
1789365236.378808 3116960 148112 117987 99 0 370362 0 109551
1789365237.378655 3116960 148112 117987 99 0 370362 0 109551
1789365238.378702 3116960 148112 117987 99 0 370362 0 109551
1789365239.378688 3116960 148112 117987 99 0 370362 0 109551
1789365240.378621 3116960 148112 117987 99 0 370362 0 109551
1789365241.378849 3116960 148112 117987 99 0 370362 0 109551
1789365242.378710 3116960 148112 117987 99 0 370362 0 109551
1789365243.378715 3116960 148112 117987 99 0 370362 0 109551
1789365244.378690 3116960 148112 117987 99 0 370362 0 109551
1789365245.378734 3116960 148112 117987 99 0 370362 0 109551
1789365246.378876 3116960 148112 117987 99 0 370362 0 109551
1789365247.378638 3116960 148112 117987 99 0 370362 0 109551
1789365248.378677 3116960 148112 117987 99 0 370362 0 109551
1789365249.378720 3116960 148112 117987 99 0 370362 0 109551
1789365250.378626 3116960 148112 117987 99 0 370362 0 109551
1789365251.378633 3116960 148112 117987 99 0 370362 0 109551
1789365252.378657 3116960 148112 117987 99 0 370362 0 109551
1789365253.378741 3116960 148112 117987 99 0 370362 0 109551
1789365254.378699 3116960 148112 117987 99 0 370362 0 109551
1789365255.378659 3116960 148112 117987 99 0 370362 0 109551
1789365256.378866 3116960 148112 117987 99 0 370362 0 109551
1789365257.378644 3116960 148112 117987 99 0 370362 0 109551
1789365258.378820 3116960 148112 117987 99 0 370362 0 109551
1789365259.378626 3116960 148112 117987 99 0 370362 0 109551
1789365260.378634 3116960 148106 117987 99 0 370362 0 109551
