# start_epoch=1789365276.926627  page_size=4096  cachestat=ok  fields=size,resident,shared,text,lib,data,dt,pagecache
1789365277.926905 262578 27897 7909 99 0 248506 0 1
1789365278.926833 262578 27897 7909 99 0 248506 0 1
1789365279.932293 2105139 77757 57473 99 0 254010 0 123266
1789365280.943092 3130304 194126 167118 99 0 287802 0 277719
1789365281.983354 3143444 162516 136357 99 0 287802 0 266290
1789365282.944257 3149518 173898 142198 99 0 293946 0 300066
1789365283.952218 3296387 259568 227870 99 0 293946 0 431087
1789365284.953812 3221185 190750 161118 99 0 293946 0 461640
1789365285.962432 3368054 273193 243743 99 0 293946 0 606844
1789365286.962200 3453151 213532 183681 99 0 294586 0 595914
1789365287.969500 3589240 293652 262733 99 0 297018 0 729758
1789365288.971169 3736109 369177 337142 99 0 297018 0 829094
1789365289.979170 3683968 314861 283681 99 0 297018 0 859982
1789365290.967434 3807355 361462 330289 99 0 297018 0 901993
1789365291.979432 3731714 281002 247025 99 0 297018 0 893239
1789365292.983963 3878597 355724 324442 99 0 297018 0 967098
1789365293.987469 3802960 293048 261071 99 0 297018 0 996487
1789365294.971752 3952686 354441 323598 99 0 300090 0 1032790
1789365295.987413 3877048 273476 240164 99 0 300090 0 1023974
1789365296.990251 3877048 335504 305363 99 0 300090 0 1073394
1789365297.989961 3948278 252633 221792 99 0 300090 0 1067910
1789365298.994626 3949892 330190 298808 99 0 300090 0 1119277
1789365299.995365 4019507 260310 228235 99 0 300090 0 1148484
1789365300.998833 4019507 337874 307901 99 0 300090 0 1245504
1789365302.005726 4090646 273927 240754 99 0 300090 0 1233223
1789365303.000892 4090646 335761 305756 99 0 300090 0 1256795
1789365304.002796 4180821 294713 262626 99 0 300090 0 1325084
1789365304.992713 4308746 354577 323186 99 0 300090 0 1398623
1789365306.007078 4233109 261178 231411 99 0 300090 0 1379415
1789365307.010630 4496160 425807 397473 99 0 300090 0 1446471
1789365308.008606 4304452 237646 207698 99 0 300090 0 1407242
1789365309.009616 5476727 324084 292238 99 0 301882 0 1439368
1789365310.000421 4453113 363460 331614 99 0 301882 0 1538490
1789365311.016770 4402074 290344 253353 99 0 305978 0 1521568
1789365311.992689 4423516 318623 286833 99 0 305978 0 1493290
1789365312.987161 4326436 199098 168583 99 0 305978 0 1383347
1789365313.987803 4326436 237421 206903 99 0 305978 0 1395202
1789365314.987874 4326436 276222 245703 99 0 305978 0 1404681
1789365315.988326 4326436 317386 284807 99 0 305978 0 1414422
1789365316.989247 4326436 350620 320089 99 0 305978 0 1431981
1789365317.985933 4189127 90010 59479 99 0 305978 0 1268232
1789365318.980464 4164302 94922 64336 99 0 305978 0 1231584
1789365319.981322 4164302 132681 102094 99 0 305978 0 1249045
1789365320.981469 4164302 164428 133841 99 0 305978 0 1250443
1789365321.980367 4164302 190361 159774 99 0 305978 0 1226465
1789365322.981062 4164302 227592 197380 99 0 305978 0 1243812
1789365323.982026 4164302 263213 232988 99 0 305978 0 1264832
1789365324.980526 4222393 335568 305323 99 0 305978 0 1220904
1789365325.981091 4164302 322737 292483 99 0 305978 0 1238331
1789365326.981646 4164302 362602 330273 99 0 305978 0 1250453
1789365327.982778 4189128 405975 375694 99 0 305978 0 1275280
1789365328.980651 4164302 418095 387799 99 0 305978 0 1233102
1789365329.981241 4164302 457928 425584 99 0 305978 0 1246079
1789365330.981509 4164298 61989 31859 99 0 305978 0 1250889
1789365331.981634 4189124 107297 79214 99 0 305978 0 1250460
1789365332.980459 4164298 119682 91598 99 0 305978 0 1231057
1789365333.981632 4164298 160434 130302 99 0 305978 0 1249904
1789365334.982378 4189123 203525 176423 99 0 305978 0 1250464
1789365335.980869 4164298 215810 188879 99 0 305978 0 1228534
1789365336.981497 4164298 257394 227297 99 0 305978 0 1246981
1789365337.982824 4164298 285702 257641 99 0 305978 0 1273375
1789365338.980588 4164298 313773 285711 99 0 305978 0 1225359
1789365339.981297 4164298 352533 323882 99 0 305978 0 1243487
1789365340.982941 4164298 385478 356826 99 0 305978 0 1265698
1789365341.980333 4164298 411764 383112 99 0 305978 0 1222963
1789365342.981253 4164298 450338 421679 99 0 305978 0 1241681
1789365343.987537 4375202 229818 201159 99 0 305978 0 1382191
1789365344.983898 4164292 65288 38968 99 0 305978 0 1228404
1789365345.981619 4164292 104996 77558 99 0 305978 0 1247216
1789365346.983797 4164292 136155 108714 99 0 305978 0 1274938
1789365347.980987 4164292 165023 137564 99 0 305978 0 1227859
1789365348.981328 4164292 203632 176081 99 0 305978 0 1246379
1789365349.982554 4164292 235767 207894 99 0 305978 0 1272391
1789365350.980761 4164288 43522 15630 99 0 305978 0 1231393
1789365352.023509 4232497 86850 51771 99 0 344890 0 1254172
1789365352.984726 4203204 88679 57728 99 0 344890 0 1250238
1789365353.981933 4203204 95118 59152 99 0 344890 0 1256152
1789365354.981703 4203204 119950 83948 99 0 344890 0 1250239
1789365355.981227 4203204 118941 87281 99 0 344890 0 1227645
1789365357.068237 4232497 158188 122142 99 0 344890 0 1253638
1789365357.986602 4203204 161864 128387 99 0 344890 0 1249681
1789365358.985074 4203204 167290 133555 99 0 344890 0 1256124
1789365359.981875 4203204 192593 158350 99 0 344890 0 1250243
1789365360.980190 4203204 187425 158350 99 0 344890 0 1220950
1789365362.011896 4232497 230018 194559 99 0 344890 0 1252878
1789365362.981823 4203204 235592 202473 99 0 344890 0 1249283
1789365363.981986 4203204 243337 207961 99 0 344890 0 1256126
1789365364.983403 4203204 268330 232761 99 0 344890 0 1250247
1789365365.980657 4206276 266940 234706 99 0 347962 0 1225751
1789365367.058602 4235569 307440 270687 99 0 347962 0 1253552
1789365367.984566 4206276 312113 277924 99 0 347962 0 1250493
1789365368.981903 4206276 318764 282356 99 0 347962 0 1256152
1789365369.982468 4206276 345123 307151 99 0 347962 0 1250251
1789365370.980593 4209860 343323 311267 99 0 351546 0 1228683
1789365372.031615 4239153 383471 347568 99 0 351546 0 1253994
1789365372.984978 4209860 388042 354576 99 0 351546 0 1253597
1789365373.981525 4209860 392883 356752 99 0 351546 0 1256177
1789365374.981564 4209860 419338 381558 99 0 351546 0 1250255
1789365375.983922 4209860 419821 388005 99 0 351546 0 1231617
1789365377.018673 4239153 458937 423090 99 0 351546 0 1254042
1789365377.981378 4209860 459012 427485 99 0 351546 0 1245916
1789365378.984750 4209860 463149 427485 99 0 351546 0 1252062
1789365379.970551 3893621 80854 40995 99 0 355386 0 930183
1789365380.968252 3934959 88578 50970 99 0 357946 0 935695
1789365381.987026 3928546 116250 73238 99 0 361018 0 932026
1789365382.967428 3899253 117632 81538 99 0 361018 0 924794
1789365383.978073 3928546 161817 119823 99 0 361018 0 936046
1789365384.970810 3899253 157908 115396 99 0 361018 0 930187
1789365385.966306 3899253 154436 115396 99 0 361018 0 900894
1789365387.025653 3928546 193012 151607 99 0 361018 0 933298
1789365387.967737 3899253 197712 159561 99 0 361018 0 929704
1789365388.967725 3899253 206768 165001 99 0 361018 0 936082
1789365389.967690 3899253 233142 189809 99 0 361018 0 930191
1789365390.970041 3899253 229167 193650 99 0 361018 0 908551
1789365391.993124 3928546 270587 229727 99 0 361018 0 933626
1789365392.967747 3899253 275589 236684 99 0 361018 0 933404
1789365393.968058 3899253 280238 239404 99 0 361018 0 936110
1789365394.967744 3899253 306607 264207 99 0 361018 0 930195
1789365395.970032 3899253 305793 269675 99 0 361018 0 910715
1789365396.994338 3928546 347779 305848 99 0 361018 0 934032
1789365397.967813 3899253 350872 311450 99 0 361018 0 933880
1789365398.967808 3899253 356545 313802 99 0 361018 0 936124
1789365399.967663 3899253 387519 338595 99 0 361018 0 930199
1789365400.966742 3902837 384867 346367 99 0 364602 0 914011
1789365402.025803 3932130 424270 382956 99 0 364602 0 934982
1789365402.970802 3902837 426254 388196 99 0 364602 0 930201
1789365403.968990 3902837 428562 388196 99 0 364602 0 936158
1789365404.980829 3902837 461645 413004 99 0 364602 0 930203
1789365405.967264 3902837 458736 421982 99 0 364602 0 915661
1789365406.985387 3932130 499852 458859 99 0 364602 0 934776
1789365407.953160 3578732 67502 33447 99 0 364602 0 591004
1789365408.988450 3608025 106902 69348 99 0 364602 0 610352
1789365409.953677 3578732 107969 72597 99 0 364602 0 606104
1789365410.953936 3578732 110616 72597 99 0 364602 0 612067
1789365411.968431 3608025 140123 100384 99 0 364602 0 606617
1789365412.953259 3578732 142693 108899 99 0 364602 0 592403
1789365413.969362 3608025 183645 146215 99 0 364602 0 610816
1789365414.956880 3578732 183371 146995 99 0 364602 0 606107
1789365415.954070 3578732 184001 146995 99 0 364602 0 612082
1789365416.986245 3608025 213038 176018 99 0 364602 0 606865
1789365417.953140 3578732 215233 183792 99 0 364602 0 593105
1789365418.998403 3608025 254451 220125 99 0 364602 0 610736
1789365419.953656 3578732 252141 221389 99 0 364602 0 606111
1789365420.955975 3578732 257225 221389 99 0 364602 0 612079
1789365421.962686 3608025 284557 248919 99 0 364602 0 606569
1789365422.953122 3578732 288534 257258 99 0 364602 0 591829
1789365423.971466 3608025 330387 294535 99 0 364602 0 610742
1789365424.954149 3578732 327889 295796 99 0 364602 0 606115
1789365425.955079 3578732 331639 295796 99 0 364602 0 612064
1789365426.964180 3608025 357414 321588 99 0 364602 0 606253
1789365427.953127 3578732 362036 330547 99 0 364602 0 590331
1789365428.995352 3608025 403076 367680 99 0 364602 0 610476
1789365429.956833 3578732 402826 370184 99 0 364602 0 606119
1789365430.953854 3578732 405061 370184 99 0 364602 0 612077
1789365431.999359 3608025 433132 397235 99 0 364602 0 606481
1789365432.952997 3578732 434449 402947 99 0 364602 0 586262
1789365433.939769 3293730 64725 35237 99 0 368698 0 287733
1789365434.939858 3293730 119746 90258 99 0 368698 0 287733
1789365435.939875 3293730 175424 145936 99 0 368698 0 287733
1789365436.939881 3293730 229848 200360 99 0 368698 0 287733
1789365437.939825 3293730 284530 255042 99 0 368698 0 287733
1789365438.941925 3297827 325157 295818 99 0 372794 0 287733
1789365439.939894 3297827 325157 295818 99 0 372794 0 287733
1789365440.940223 3297827 325157 295818 99 0 372794 0 287733
1789365441.939931 3297827 325157 295818 99 0 372794 0 287733
1789365442.939975 3297827 325157 295818 99 0 372794 0 287733
1789365443.939834 3301924 325152 295818 99 0 376890 0 287733
1789365444.940109 3301924 325152 295818 99 0 376890 0 287733
1789365445.939856 3301924 325152 295818 99 0 376890 0 287733
1789365446.939703 3301924 325152 295818 99 0 376890 0 287733
1789365447.939896 3301924 325152 295818 99 0 376890 0 287733
1789365448.939866 3306021 325157 295818 99 0 380986 0 287733
1789365449.940014 3306021 325157 295818 99 0 380986 0 287733
1789365450.939970 3306021 325157 295818 99 0 380986 0 287733
1789365451.939749 3306021 325157 295818 99 0 380986 0 287733
1789365452.939756 3306021 325157 295818 99 0 380986 0 287733
1789365453.939891 3306021 325157 295818 99 0 380986 0 287733
1789365454.939854 3306021 325157 295818 99 0 380986 0 287733
1789365455.939871 3306021 325157 295818 99 0 380986 0 287733
1789365456.939859 3306021 325157 295818 99 0 380986 0 287733
1789365457.939844 3306021 325157 295818 99 0 380986 0 287733
1789365458.939980 3306021 325157 295818 99 0 380986 0 287733
1789365459.939973 3306021 325157 295818 99 0 380986 0 287733
1789365460.939947 3306021 325157 295818 99 0 380986 0 287733
1789365461.939882 3306021 325157 295818 99 0 380986 0 287733
1789365462.939862 3306021 325157 295818 99 0 380986 0 287733
1789365463.939872 3306021 325157 295818 99 0 380986 0 287733
1789365464.939861 3306021 325157 295818 99 0 380986 0 287733
1789365465.940021 3306021 325157 295818 99 0 380986 0 287733
1789365466.939992 3306021 325157 295818 99 0 380986 0 287733
1789365467.939980 3306021 325157 295818 99 0 380986 0 287733
1789365468.939966 3306021 325157 295818 99 0 380986 0 287733
1789365469.939983 3306021 325157 295818 99 0 380986 0 287733
1789365470.939940 3306021 325157 295818 99 0 380986 0 287733
1789365471.939859 3306021 325157 295818 99 0 380986 0 287733
1789365472.939870 3306021 325157 295818 99 0 380986 0 287733
1789365473.939857 3306021 325157 295818 99 0 380986 0 287733
1789365474.940017 3306021 325157 295818 99 0 380986 0 287733
1789365475.940013 3306021 325157 295818 99 0 380986 0 287733
1789365476.939990 3306021 325157 295818 99 0 380986 0 287733
1789365477.939975 3306021 325157 295818 99 0 380986 0 287733
1789365478.939986 3306021 325157 295818 99 0 380986 0 287733
1789365479.939901 3306021 325157 295818 99 0 380986 0 287733
1789365480.939858 3306021 325157 295818 99 0 380986 0 287733
1789365481.939864 3306021 325157 295818 99 0 380986 0 287733
1789365482.939796 3306021 325157 295818 99 0 380986 0 287733
1789365483.940055 3306021 325157 295818 99 0 380986 0 287733
1789365484.939960 3306021 325157 295818 99 0 380986 0 287733
1789365485.939999 3306021 325157 295818 99 0 380986 0 287733
1789365486.939706 3306021 325157 295818 99 0 380986 0 287733
1789365487.939938 3306021 325157 295818 99 0 380986 0 287733
1789365488.939945 3306021 325157 295818 99 0 380986 0 287733
1789365489.939927 3306021 325157 295818 99 0 380986 0 287733
1789365490.939722 3306021 325157 295818 99 0 380986 0 287733
1789365491.939802 3306021 325157 295818 99 0 380986 0 287733
1789365492.939961 3306021 325157 295818 99 0 380986 0 287733
1789365493.940000 3306021 325157 295818 99 0 380986 0 287733
1789365494.939722 3306021 325157 295818 99 0 380986 0 287733
1789365495.939906 3306021 325157 295818 99 0 380986 0 287733
1789365496.939887 3306021 325157 295818 99 0 380986 0 287733
1789365497.939883 3306021 325157 295818 99 0 380986 0 287733
1789365498.939787 3306021 325157 295818 99 0 380986 0 287733
1789365499.939820 3306021 325157 295818 99 0 380986 0 287733
1789365500.939751 3306021 325157 295818 99 0 380986 0 287733
1789365501.939977 3306021 325157 295818 99 0 380986 0 287733
1789365502.940042 3306021 325157 295818 99 0 380986 0 287733
1789365503.939954 3306021 325157 295818 99 0 380986 0 287733
1789365504.939750 3306021 325157 295818 99 0 380986 0 287733
1789365505.939920 3306021 325157 295818 99 0 380986 0 287733
1789365506.939725 3306021 325157 295818 99 0 380986 0 287733
1789365507.939859 3306021 325157 295818 99 0 380986 0 287733
1789365508.939862 3306021 325157 295818 99 0 380986 0 287733
1789365509.939773 3306021 325157 295818 99 0 380986 0 287733
1789365510.939982 3306021 325157 295818 99 0 380986 0 287733
1789365511.939970 3306021 325157 295818 99 0 380986 0 287733
1789365512.939942 3306021 325157 295818 99 0 380986 0 287733
1789365513.939927 3306021 325157 295818 99 0 380986 0 287733
1789365514.939733 3306021 325152 295818 99 0 380986 0 287733
